 -1.0
 -0.16700160995878D+01  0.39559639817109D-01 -0.12331353802392D+01 -0.17011207666168D-03 -0.35164276549316D-03 -0.23842086312014D-03
 -0.20484598101785D+01  0.19220476666182D+01  0.64478130915531D+00  0.11061782804789D-03 -0.14010193468401D-03 -0.36993440729318D-04
 -0.19215716533156D+00  0.23947506874172D+01  0.25148988372824D+01 -0.12762136824311D-03  0.20363275967577D-04 -0.17275650449305D-03
  0.15111149126022D+01  0.30447943058268D+00  0.29009518507177D+01  0.16442275267688D-03  0.85011057227733D-04  0.41646489617188D-04
  0.20910655285254D+01 -0.13981557226338D+01  0.95893655286940D+00  0.74275259015406D-04  0.32359374989432D-03 -0.47248231354550D-03
  0.43694831487370D+00 -0.16131364913773D+01 -0.10714469467586D+01  0.80078031441838D-04 -0.76544062381812D-04 -0.47443196735365D-03
 -0.43543995178051D+00  0.42516405736291D+01  0.44713447852796D+01  0.43540281357224D-03 -0.13908982142676D-03  0.30231721560024D-03
  0.58173814943155D+00  0.39568455474164D+01  0.68125945884114D+01 -0.55688925642761D-03  0.31411345033491D-03 -0.16941743238511D-04
  0.21451100363887D+01  0.16948053503871D+01  0.70616786245871D+01  0.23532414855295D-03 -0.15060611422281D-04  0.82428768110841D-04
  0.28143910777106D+01  0.19595144742740D+00  0.51039997055086D+01 -0.25598466413957D-03  0.20839669908718D-03  0.58636776037651D-04
 -0.18107029637313D+01  0.66674159546980D+01  0.41935113685844D+01  0.57241852574734D-04  0.26039716928900D-03 -0.83452404753562D-04
 -0.22113412907885D+01  0.80101158092737D+01  0.65698705708897D+01 -0.14639059085222D-03 -0.78911368069304D-04  0.27605619592999D-04
 -0.10701715115043D+01  0.76029263171383D+01  0.88464409388140D+01  0.26659443511309D-03  0.31588781171321D-04 -0.14960170394686D-04
  0.44273126102847D+00  0.56048721729026D+01  0.88019531171554D+01 -0.59659585281302D-03  0.27386516733675D-03  0.59306017724869D-04
  0.16912524989532D+01  0.50213573311363D+01  0.11036204142093D+02 -0.15243366179884D-03 -0.12860572426140D-03  0.12238324740198D-03
  0.31984547128587D+01  0.28486422452704D+01  0.11345391382529D+02  0.17055025282294D-03 -0.31429415265129D-03  0.65419429559688D-04
  0.33724002322935D+01  0.11955013790246D+01  0.93120043938668D+01  0.15309164596824D-03 -0.27296091795913D-04 -0.37782501277922D-04
 -0.24758801739629D+01  0.78480964066935D+01  0.18511961019134D+01  0.17874289637821D-03 -0.21130141546530D-03  0.53315262314015D-03
 -0.40416013244812D+01  0.98579307588454D+01  0.18936877025443D+01  0.26315562185143D-03  0.60779924539744D-03  0.18372064300129D-03
 -0.44263394295811D+01  0.11214074223431D+02  0.41269846962458D+01  0.16076425964770D-03 -0.41241593306218D-04  0.55671876401327D-04
 -0.35152016808209D+01  0.10272398179293D+02  0.64395522178887D+01 -0.20175710731373D-03 -0.36746168149185D-04  0.14868249683466D-03
 -0.14986483818423D+01  0.68271845893206D+01 -0.47622319370204D+00  0.19422906820859D-03  0.20340075242904D-03  0.20277067075242D-04
 -0.44128695249547D+01  0.30637193770920D+01  0.81905643458648D+00  0.31847819878461D-03 -0.94939084917491D-04 -0.22860053274940D-03
  0.40338334558009D+00 -0.40260307622099D+01 -0.24856756511912D+01 -0.16444581291158D-03 -0.24188594739703D-03  0.14044024220220D-03
 -0.60774144943253D+01  0.13591867814034D+02  0.41372163609801D+01 -0.13205503431657D-03 -0.11989902443170D-03  0.98895216262881D-04
  0.34811655902829D+01 -0.28324853487554D+01  0.17168196544347D+01  0.14062903529598D-03  0.78842980535539D-04 -0.89707047664149D-03
 -0.32884677582611D+01 -0.76738673439029D-01 -0.25185220782148D+01 -0.31059041439622D-03 -0.15694701202902D-03  0.67814114349393D-03
  0.46313915827692D+01 -0.37084461891531D+00  0.97706949316288D+01 -0.39705090269498D-03  0.32491325688619D-03  0.14479601564784D-03
  0.14662712232511D+01  0.64136755058249D+01  0.12470351024978D+02 -0.72209531348850D-04  0.83195837936581D-03 -0.33268335665721D-03
 -0.40546342689376D+01  0.11025266438057D+02  0.82038675677457D+01  0.18104889000306D-03 -0.27927833541367D-03 -0.26457469121242D-04
 -0.48646533829431D+01  0.10683638155444D+02  0.20770219353202D+00 -0.53978768975717D-04  0.73232645986078D-03 -0.32828980389147D-03
 -0.13159145646812D+01 -0.47124496373985D+01 -0.38408254254427D+01 -0.12899272091439D-03 -0.21298474893814D-03  0.69664073638468D-04
  0.27048728272125D+01 -0.52974933004853D+01 -0.22870812124576D+01  0.54091931586057D-03 -0.15378932878043D-03 -0.88486207104245D-04
  0.22412260230481D+01 -0.77357206764620D+01 -0.31618333301463D+01 -0.23534408279528D-03  0.22105494579968D-03  0.15556321345119D-03
  0.46359832655880D+01  0.23789358645222D+01  0.13673369678507D+02 -0.11302035268628D-03 -0.15684234821350D-03 -0.32421752425120D-03
  0.64092357989244D+01  0.91989056940850D+00  0.13359091642049D+02 -0.10154887633260D-03 -0.23804745576853D-04  0.61897752034878D-04
  0.38831854805850D+01  0.39835709128560D+01  0.15687492616012D+02 -0.12830585448827D-03 -0.68151632542376D-04  0.21367449315700D-03
  0.54092545390378D+01  0.33354650859756D+01  0.17737155963524D+02 -0.53271564399721D-04 -0.76037441480671D-04  0.99769503012368D-04
 -0.60067961103632D+01  0.15111259315032D+02  0.58689889498899D+01 -0.29108659040324D-03 -0.80653795902550D-04 -0.13226024919121D-03
 -0.77870691198976D+01  0.13547632972670D+02  0.22770833580673D+01 -0.21572531448966D-03 -0.49228351787990D-05  0.59520479723201D-04
 -0.93886203424797D+01  0.15761328343491D+02  0.26169069321415D+01 -0.60044418183864D-04  0.74240035545919D-04  0.23874210402187D-04
 -0.19145136624366D+01  0.86862225791134D+01 -0.23659148658407D+01  0.23594890711137D-03 -0.63759621128712D-04 -0.29219985995012D-03
 -0.62832244717101D+01  0.26102528682902D+01 -0.11595527720817D+01  0.10258573930002D-03 -0.54806186080784D-03 -0.31695088518446D-03
 -0.10849937378499D+02  0.15196672668394D+02  0.38910884969123D+01  0.38615994132417D-03 -0.14793790334855D-03  0.15337231182556D-03
 -0.98171207119978D+01  0.16309061214690D+02  0.67192335101098D+00 -0.95123915281474D-05 -0.26713260775181D-03 -0.61019979000069D-03
 -0.83128259568409D+01  0.17259426429750D+02  0.34522248110310D+01  0.11978499518895D-02  0.30465970549371D-03 -0.41833863577927D-03
  0.42597800948687D+01  0.22478932597765D+01  0.19212137979163D+02  0.89871630127945D-04 -0.32283151913713D-03  0.44068652561796D-03
  0.63308580853947D+01  0.49381979995351D+01  0.18610788596846D+02  0.35606912457829D-03 -0.13336264147584D-03  0.81811738903817D-03
  0.67853387104724D+01  0.19672400433776D+01  0.17075776257731D+02  0.32472757905516D-03  0.44609521287870D-03 -0.88955348667616D-04
 -0.68872230317787D+01  0.66210235794739D+00 -0.11857223790691D+01  0.13424098969571D-03  0.31978346863387D-03 -0.96455359622151D-04
 -0.54104585717502D+01  0.31581274978268D+01 -0.29489860594408D+01 -0.44195386659163D-03 -0.18981893098485D-03 -0.84031859608006D-03
 -0.79553817846417D+01  0.36843380078437D+01 -0.92658763010922D+00  0.32168479928944D-03  0.13101897386232D-03  0.36973183588753D-03
 -0.11582874493816D+01  0.79406990648897D+01 -0.41515336430307D+01  0.31744499496639D-03  0.13976771015825D-03  0.39544295603085D-03
 -0.89715208873873D+00  0.10333170382058D+02 -0.19499367803712D+01 -0.69108142096241D-05  0.68376146431294D-03 -0.29349182254258D-03
 -0.39082297086001D+01  0.88551964384345D+01 -0.27139722761656D+01  0.58924093556305D-03 -0.41080567303370D-03  0.13551579039399D-03
  0.14797621127090D+01 -0.76463034131139D+01 -0.50352603038516D+01 -0.25739597125004D-03  0.10828244506062D-03 -0.11432622135434D-03
  0.83633446085800D+00 -0.84175356064890D+01 -0.19300385992519D+01  0.38416781327245D-03  0.20121123315796D-05 -0.58838567601193D-03
  0.38374365703508D+01 -0.90168853883275D+01 -0.37457729187479D+01 -0.19917635518999D-03  0.14839384793820D-03 -0.44418683787332D-03
 -0.21089766983289D+01 -0.87590413213109D+01  0.43415210791108D+01 -0.18620522749295D-03 -0.16731523074536D-03  0.10029921303859D-03
 -0.15816852793398D+01 -0.68771285721133D+01  0.61015289196573D+01 -0.37290252806728D-03 -0.18183574938783D-03  0.51439741822464D-06
 -0.30214323979550D+01 -0.45504354539325D+01  0.58231299746854D+01  0.83394133092111D-04 -0.11733298518159D-03  0.19272830310225D-03
 -0.43528016453651D+01 -0.41031720354651D+01  0.36216948005556D+01  0.26098888314078D-03 -0.14560060059850D-03  0.62209590749878D-04
 -0.46221398320784D+01 -0.59452530364790D+01  0.17478272902308D+01  0.78790048273464D-04  0.49934007669276D-04  0.11694632322112D-03
 -0.35702957621896D+01 -0.83937768159078D+01  0.22156422709441D+01 -0.82759401190073D-04 -0.99271814924640D-05  0.37832704776234D-03
 -0.30747237558622D+01 -0.28304699276156D+01  0.80604093533821D+01 -0.43530657935060D-04 -0.66012905168258D-04  0.20452234037975D-03
 -0.42263284253581D+01 -0.57554916216297D+00  0.75099236579775D+01  0.11345140542674D-04 -0.14799054917017D-03 -0.13152173356274D-03
 -0.57282458716408D+01 -0.41264275375711D+00  0.52816131450733D+01 -0.19060021305841D-03  0.29749243972478D-03 -0.18185328043333D-03
 -0.55360338259565D+01 -0.18877827109216D+01  0.31868271350484D+01 -0.11472492531811D-03  0.30503667097142D-03 -0.26780696533511D-03
 -0.23526447633711D+01 -0.33664232042681D+01  0.10668296824523D+02 -0.14004685760657D-03 -0.22228890966463D-03  0.21597731564645D-03
 -0.20532128379857D+01 -0.11011232493389D+01  0.12130726140355D+02  0.57435680833414D-03 -0.50127598866004D-04 -0.13476314556552D-03
 -0.29837893174367D+01  0.12092927007573D+01  0.11448415115671D+02 -0.30640716082498D-03 -0.13320218479681D-03 -0.19578184997665D-03
 -0.42964903678228D+01  0.14155203084124D+01  0.93192847625749D+01 -0.21860460060083D-03  0.36938911593362D-03 -0.97726638641914D-04
 -0.57151548623270D+01  0.34334740365420D+01  0.87527109481712D+01  0.60754895820027D-04  0.11432164236799D-03 -0.31156585893958D-03
 -0.73544620119877D+01  0.35252074529904D+01  0.67507382993132D+01 -0.35908947512719D-03  0.21579761103105D-04  0.93447492276685D-04
 -0.74621383501462D+01  0.16273614044308D+01  0.49510185869737D+01 -0.19641253752849D-03  0.26016968486597D-03  0.65471128406735D-04
 -0.26945482860962D+01 -0.57159149140222D+01  0.11791089710047D+02 -0.32286245289152D-03 -0.10132420952934D-03 -0.35636269157916D-03
 -0.20761939049255D+01 -0.58729940858373D+01  0.14367337518494D+02  0.45367738203063D-05 -0.44507390020606D-03 -0.68457396833522D-05
 -0.90241147632147D+00 -0.37460970498695D+01  0.15578817301905D+02  0.33903498019576D-03  0.59496388769777D-04  0.12695492364655D-03
 -0.76271646716785D+00 -0.14037226898553D+01  0.14493772307417D+02 -0.13079311258659D-03 -0.91426131103885D-04  0.11882784694989D-03
 -0.39637358673057D+01 -0.76841145724668D+01  0.10596074518781D+02  0.15867634249007D-03  0.26620328603647D-03  0.22484235573929D-03
  0.45504219317629D+00 -0.68433000072948D+01  0.78339658161143D+01  0.15038681865386D-03  0.29523995514898D-03  0.14913517353975D-03
 -0.38327487683673D+01 -0.10633753333655D+02  0.47258030466885D+00 -0.27159516858444D-03  0.27588100192263D-03  0.38641476871875D-03
 -0.10420013406841D+00 -0.42477737648526D+01  0.18121935733076D+02  0.39430394380637D-03 -0.20355009513340D-04  0.29825952723385D-03
 -0.61254238252390D+01 -0.55767396375749D+01  0.30151001694904D+00 -0.71442054436362D-03 -0.30425540004838D-04 -0.54422081624562D-03
 -0.10963660606789D+01 -0.10590588465114D+02  0.45125797770703D+01 -0.23201501464751D-03 -0.60711645965278D-03 -0.46445585782110D-03
 -0.87952148419811D+01  0.16542715397027D+01  0.32937665429637D+01  0.81222634279465D-03  0.25286496861589D-03  0.94661432328984D-04
 -0.57411618190767D+01  0.50158407301406D+01  0.10102619253323D+02  0.10007217082145D-03  0.35792728952534D-03 -0.10127182887193D-02
 -0.31236614462395D+00  0.17028827387964D+00  0.15827685713178D+02 -0.21449947290017D-03  0.43178956299791D-03  0.20766689024533D-03
 -0.25466750684556D+01 -0.76273832674537D+01  0.15332019973353D+02  0.40541816087095D-03  0.72656778743096D-04 -0.98230563972148D-04
 -0.23746879271575D+01 -0.12474660398403D+02  0.65240684349496D+00 -0.18101206472638D-03  0.34142601295561D-04  0.32038429253572D-03
 -0.59378105632781D+01 -0.10519329572539D+02 -0.10244882554120D+01 -0.10750995276184D-04 -0.38088344454832D-03 -0.23352840487648D-03
 -0.60706863374501D+01 -0.12822245096671D+02 -0.22955854591705D+01 -0.44320595845066D-04 -0.35543785253850D-04  0.13184846109252D-03
 -0.88444580827367D+01  0.59345074003308D+01  0.63153176686128D+01 -0.32414400174037D-03  0.11083787639414D-03 -0.21912963125955D-04
 -0.10663751944906D+02  0.59292470494143D+01  0.48352194054117D+01 -0.12246075814428D-03  0.77679616753043D-04  0.26955873029863D-03
 -0.80965301893163D+01  0.79188118935192D+01  0.78620517941811D+01  0.87855829684056D-05 -0.40863348947675D-03 -0.21408892389126D-03
 -0.97018869669332D+01  0.98542863162495D+01  0.72607134013248D+01  0.13302171129978D-03 -0.29065085587178D-03  0.52369058731722D-03
 -0.92029202356726D+00 -0.61252534191090D+01  0.19213105285401D+02 -0.15410160205074D-03 -0.15993369304410D-03 -0.15983893041172D-04
  0.14434676700011D+01 -0.25367672852919D+01  0.19183723532713D+02  0.13135511217242D-03 -0.20974388503066D-03  0.71951968025470D-04
  0.24709163467832D+01 -0.31421804519922D+01  0.21512937189764D+02  0.38911777163324D-03  0.17427409537477D-04 -0.57281570469940D-05
 -0.32674878731916D+01 -0.10262715886846D+02  0.11281180883917D+02 -0.98974849522880D-04 -0.27391557100457D-03  0.48859443348631D-05
  0.26651901901890D+01 -0.55463684947236D+01  0.71295860813497D+01 -0.15435111988151D-03  0.10029522286597D-03 -0.14700160840112D-03
  0.30028552296280D+01 -0.12965910350501D+01  0.22408213080626D+02 -0.25710716955517D-03  0.51072900487541D-03  0.91905051629826D-04
  0.42576756116355D+01 -0.42045264446305D+01  0.21267389221069D+02  0.74361864811055D-03  0.14708722209036D-03 -0.13558296874405D-03
  0.11241922252477D+01 -0.41846321107043D+01  0.22809039254538D+02 -0.38171276989351D-03 -0.25348585973490D-03 -0.21870211844002D-04
 -0.94635008169532D+01  0.11320675712960D+02  0.86881395696137D+01 -0.56325869824732D-04  0.88916422814498D-04  0.34986382054817D-03
 -0.11568930839739D+02  0.92047020141560D+01  0.73513165500806D+01  0.19043400127608D-03  0.56498157106142D-04 -0.12421300386384D-03
 -0.93295506482561D+01  0.10270848537426D+02  0.52019772465185D+01 -0.23443743542053D-03 -0.35875324839317D-03 -0.61102034613830D-03
  0.36589272765571D+01 -0.62107036920300D+01  0.54491749108864D+01 -0.61481804303053D-03  0.48934534605760D-03 -0.83334702882470D-04
  0.37270341881079D+01 -0.63405177395508D+01  0.87500679521044D+01  0.16434121234513D-03  0.59814374160095D-04  0.23678807977823D-05
  0.19509996184561D+01 -0.35751771737681D+01  0.70192116031107D+01  0.42954691979199D-03  0.51608234717523D-03  0.15363122184805D-03
 -0.42168127411584D+01 -0.11562115874292D+02  0.10036890306086D+02 -0.47098481010813D-03  0.32203015013386D-03 -0.48856983539797D-03
 -0.39968405352469D+01 -0.10540577157974D+02  0.13154984971556D+02  0.63489169270954D-03  0.11322694655649D-03  0.93188881252342D-04
 -0.11709865845651D+01 -0.10513879965030D+02  0.11304392134001D+02  0.29084014439365D-03  0.76100324501437D-03  0.26901177777031D-03
 -0.65087768035947D+01 -0.14358274381201D+02 -0.80817884662754D+00 -0.53495395487073D-03 -0.22863591841226D-03  0.34715766357909D-03
 -0.42029728700404D+01 -0.13287024757448D+02 -0.32374412693977D+01  0.69817611653998D-03  0.78393985363535D-03 -0.34994903558981D-03
 -0.74405001464590D+01 -0.12882441341793D+02 -0.38987624003164D+01  0.61843200380814D-03  0.24947298682123D-03 -0.35764886121013D-03
