$coord
       -1.68353336091358       -0.64613918768744       -1.95922599285491      C
       -2.24924900206607        1.04468700814508        0.04712940140974      C
       -0.43087467686437        1.20577991173339        2.01201793381894      C
        1.75051468032061       -0.36592663353490        2.12350939253613      C
        2.14594486975087       -2.12496982598878        0.07319919693215      C
        0.43410464227913       -2.17610690864252       -1.91746259989519      C
       -0.61237422079374        3.05803434641576        3.96077246938874      C
        0.85555225397425        2.65699488279303        6.15078928405913      C
        2.52362991133291        0.47345048134354        6.30231411791988      C
        3.14571061473957       -0.73648022698783        4.22409886858858      N
       -1.97403267718758        5.53014496005420        3.77114559881797      C
       -2.76521997337693        6.61157460502712        6.10949648537580      C
       -1.68509062982439        5.85353517608212        8.35099071020625      N
        0.08499409786676        3.96554007298635        8.26292274560111      C
        1.36096007643464        3.28971357006207       10.49577541939675      C
        3.17980626533645        1.38774856997302       10.83198308863124      C
        3.69203401124578       -0.07054030918411        8.69249623212101      C
       -2.19303619704508        7.06638448819172        1.42786653147215      C
       -3.42885071009527        9.39573495590838        1.58231686095912      C
       -4.37378156477605       10.20955194739871        3.89205688952539      C
       -4.30956868597397        8.74596038224418        6.01956677552289      C
       -0.99989160322161        6.38622566116749       -0.74397676080411      O
       -4.68829846467488        2.13308645006440        0.66642189624004      O
        0.95669244682435       -3.86480219128276       -4.24752584807694      C
       -5.97695280944984       12.49007023409181        3.69011762363387      C
        3.79831798151977       -3.16427706863269        0.20843599781638      H
       -2.93780397313380       -0.79310981377571       -3.61455058457823      H
        5.15130843239972       -1.55371758805422        8.71164530116015      H
        1.14462386361341        4.46583806518372       12.09954554162275      H
       -5.26176267265590        9.57191530579205        7.69229343340103      H
       -3.87589950257315       10.53070674449593       -0.00634598806850      H
       -0.83478716399562       -4.18538881993247       -5.71728765843082      O
        3.07526884498608       -5.41090391228575       -4.15677451750096      O
        2.73087587887218       -7.62314362759197       -5.40439560282743      C
        4.55053946019505        0.72012520771420       13.33804538124113      C
        6.10410302414930       -0.95572267460860       13.26483112088184      O
        3.88364109555850        1.88456301643967       15.51433751727256      O
        5.67149176948364        1.35964650670674       17.33452179141740      C
       -6.04157221192135       13.93914730234742        5.48969832033083      O
       -7.13155616834468       12.92387441501595        1.48958701642923      O
       -8.24898536416266       15.27092793184139        1.45732984460576      C
       -1.45368136609570        7.99760930323283       -2.87102677488298      C
       -6.63951303669696        2.42230201847231       -1.17016866424797      C
       -8.99687568368667       15.61238556266997       -0.38112471425601      H
       -6.83908231104690       16.57721186780293        2.03741754811727      H
      -10.03339643952334       15.30454249225405        2.63405701701258      H
        7.30745731787401        2.58053228924325       17.00132068109528      H
        6.20262189350217       -0.67765783361344       17.32065467436895      H
        5.04275584198893        1.78564389466051       19.20232272847324      H
       -8.26951439640544        1.77445766397578       -0.25307066373601      H
       -6.16350656483578        1.30797391779476       -2.88368001217911      H
       -6.59294687953421        4.53142630853077       -1.44682416253061      H
        0.00248780553610        8.04054316671315       -4.29047562377243      H
       -1.30399383650269       10.11933414797849       -2.47436826063288      H
       -3.27575604362905        7.63684298035631       -3.60241712201539      H
        1.74603674038709       -6.95184812741532       -7.23748423306628      H
        1.65344283567063       -8.86848974837171       -4.21394496583015      H
        4.67283975066184       -8.44291172553923       -5.38696114518040      H
       -1.11611467136635       -6.84548783802802        4.38392049049441      C
       -1.19770324649323       -5.13233903163086        6.31926189853553      C
       -3.62216555541294       -3.68588345125759        6.77090447657138      C
       -5.20011343602277       -3.44472882314581        4.66220885509856      C
       -4.75780498248802       -4.98229876922907        2.57970565330494      C
       -3.04193026408372       -7.05666665966098        2.50094676896289      C
       -3.98791401830274       -2.14193307635916        8.86234777708964      C
       -5.56528923774319       -0.03469851139213        8.65375962080678      C
       -7.05851998312791        0.16196972105229        6.38776818523287      C
       -7.13557571221574       -1.63474148894034        4.56155676801523      N
       -3.01815836151121       -2.52144592793078       11.43433874333064      C
       -3.23818280407866       -0.69038381510728       13.25469071248115      C
       -4.35546099633905        1.58593084046320       12.78728587429649      N
       -5.59293286278922        2.03661967479241       10.59529285235084      C
       -7.02815587321098        4.19765175997494       10.30068561040684      C
       -8.12609839716558        4.56404893402525        7.90855557453593      C
       -8.23381454602371        2.59552113597870        6.09062242151946      C
       -2.19442025203843       -5.02216596699996       12.11513980524004      C
       -1.26648328569640       -5.31377183402643       14.62999178450328      C
       -1.04072264428489       -3.38123461925327       16.30354930565695      C
       -2.28663254944809       -1.19182444059343       15.64426095839449      C
       -2.62154809622391       -7.18983848197991       10.48135119997830      O
        0.75807317305910       -4.79225124773975        8.08698842672881      O
       -3.40323032036715       -9.13612418636401        0.70359077737040      C
        0.14743490496200       -3.83437996047634       18.84720981181389      C
       -6.14179873813223       -4.90656228697740        0.97524289756709      H
        0.41801613738440       -8.16401498847469        4.28078754257640      H
       -9.24368136143325        2.93475101463519        4.41275531009693      H
       -6.81775121407501        5.77183894937354       11.57709736316264      H
       -2.45424097084815        0.30139708651509       17.06200615763141      H
       -0.51850625467760       -7.07227624196531       15.25735497873703      H
       -2.31262292968061      -11.15287709469155        0.90015152198079      O
       -4.91371069243723       -8.66114242114504       -1.23565504293039      O
       -5.34912158075765      -10.97393207545837       -2.34795237142321      C
       -9.63392632675634        7.06807575718159        7.50469300719134      C
      -10.96019991793106        7.76267249997252        5.73068218940330      O
       -9.55009096795766        8.71240078641804        9.62945604092609      O
      -10.12091287299749       11.08435824137559        8.93513802287639      C
        1.21712576181724       -5.84619547935728       19.40430064113708      O
        0.05080255409041       -1.82071429907535       20.42380927084294      O
        1.52168219554839       -2.34631139581273       22.45627397741539      C
       -1.01771011364224       -9.20292223018704       10.89941215285419      C
        3.15457616293412       -5.83124854067138        7.17303684913833      C
        1.18416839214603       -1.34800638199189       24.20692323858036      H
        3.40409141233931       -1.89758498848955       21.82219227191509      H
        1.49665698190950       -4.41593121033682       23.01019682270417      H
      -11.90370490713128       11.12935845609535        7.83156574777196      H
       -8.55029183351821       12.03809256103080        7.83269650980109      H
      -10.28659617401750       11.95896693225267       10.90495722821075      H
        3.55075573185461       -7.60653804807769        8.22167777786968      H
        4.72996284804356       -4.65896910733573        7.69496629020284      H
        3.30039925197750       -6.13934871665623        5.21377626338712      H
       -0.49889595344049       -9.65543586522543        8.94465301188054      H
       -2.19164570621978      -10.76076815246094       11.73871056134056      H
        0.62124407124488       -8.49561112342834       11.86386737406341      H
       -3.49403790803345      -11.75249198324115       -2.62802644270530      H
       -6.30062556579837      -10.66422220841500       -4.16112434517519      H
       -6.50638964014212      -12.44066380209438       -1.44123832423810      H
$end
