$coord
       -3.36870923847069       -0.13284513064211       -2.16548268758258      C
       -3.81939842708827        1.33322012333349       -0.06940808371469      C
       -1.56298681061018        1.59122236136694        1.63069616066492      C
        0.23837657149506       -0.44063446285203        1.50346612060398      C
        0.58550122197191       -1.69027755442447       -0.74935584788473      C
       -1.24110152230995       -1.63814669076559       -2.50313971027891      C
       -1.23828649708038        3.30441721963180        3.63822073149115      C
        0.49614035838260        2.77432038589954        5.63669984549334      C
        1.98112391032257        0.45994547882702        5.49784144672973      C
        1.92690382130487       -1.01438092038430        3.27149397773700      N
       -2.49273522742070        5.84111954061746        3.85351847530593      C
       -2.62708735810660        6.92075377537339        6.29182379100718      C
       -1.54937308980316        5.89061411281022        8.53460229390492      N
        0.00629407736746        3.93975112073406        8.13729624440474      C
        1.31268469361909        3.14465039842031       10.23486311806467      C
        2.84151528651634        1.06220909562474       10.15414228562445      C
        3.26447034840778       -0.15686008112684        7.74524293955071      C
       -3.19794604525774        7.45065073003082        1.62526503631028      C
       -4.44219805802003        9.68678181150349        2.02721913066959      C
       -4.78607726258222       10.54204054330337        4.36174842541515      C
       -4.06584720445371        9.21788017361233        6.39142115761131      C
       -2.51364040985148        6.70207275022790       -0.75772802501499      O
       -6.01863238732599        2.72030838734160        0.64051614788092      O
       -1.30139050602832       -3.54806631547337       -4.69952414751171      C
       -5.79473233093891       13.25002570443223        4.64526768959004      C
        1.96794061153965       -3.19762672083843       -0.86796031218827      H
       -4.81816651570106       -0.21387501620524       -3.54875842026392      H
        4.17545281100857       -2.01087613447193        7.95611781158637      H
        1.20001730450463        4.09261358048284       11.94357009753513      H
       -4.75888298772939        9.92986313816262        8.30546512416839      H
       -4.94892052631676       10.97893768774322        0.54649878874668      H
        0.20346827767404       -5.29222286955702       -4.74635163651699      O
       -3.21627554115831       -3.12364877224817       -6.51309571053795      O
       -3.20872329347267       -5.14109269939395       -8.25444709327238      C
        4.26028136033855        0.16083314195128       12.44553279392791      C
        5.77982413826203       -1.59198873549628       12.44637611998177      O
        3.67448017115901        1.43186022288609       14.60898137453028      O
        4.52486612423420        0.19867723551622       16.72166014315130      C
       -6.33282150133585       14.07473824028685        6.71618927200472      O
       -6.00093176709463       14.67859755218555        2.42435473406389      O
       -5.79726982726258       17.22122639886177        2.87472540061763      C
       -3.45216772515362        7.96620586641091       -2.88714387788566      C
       -7.86262672000232        2.77866871125688       -1.38896972291978      C
       -4.90062899239167       17.49276240468694        4.65911886885800      H
       -7.64575260793564       17.85754748151095        2.56138503465100      H
       -4.66178736197363       18.26926270881230        1.47730551511656      H
        3.00473642671895        0.43364919154336       18.10032435988435      H
        6.15283117509741        1.14769633845468       17.68014677342132      H
        4.88757344247723       -1.81867012667262       16.40565793921965      H
       -9.25372703047586        4.12702687430444       -0.73569725449060      H
       -8.82331722729372        0.99467154991688       -1.62501002641809      H
       -6.97256978225435        3.49046056822432       -3.19145332907967      H
       -3.02341232046311        6.84950026441278       -4.60609611863300      H
       -3.06439550671452       10.04028372981437       -3.10085169617692      H
       -5.57023599672114        7.87051976654975       -2.71250953667975      H
       -1.00451201115235       -5.33521534091743       -8.74752951642820      H
       -4.25108451569456       -4.71974823477212      -10.00998151373657      H
       -3.91010774372732       -6.77101286651168       -7.33153804117647      H
        1.12406760146230       -6.79280059292481        5.27589278740832      C
        0.14122633748463       -5.83431999060093        7.53311821275073      C
       -2.28270920016230       -4.66803109116801        7.31105527540204      C
       -3.72138023710182       -4.70365648150479        4.99547975190324      C
       -2.91094220440451       -6.23450545699456        2.94623841089258      C
       -0.56997365805034       -7.17461466028483        3.17567719069827      C
       -3.37131139511956       -3.10540782126537        9.29392581961310      C
       -4.98945746575921       -1.07743950404028        8.68488284039909      C
       -5.98839715281808       -1.17836354279261        6.18299224259702      C
       -5.67732215345682       -3.16236842146617        4.41406585595314      N
       -2.82773138347941       -3.16334299614463       11.94106737448137      C
       -3.38202407458744       -0.97348206560512       13.61506453579994      C
       -4.43387195186985        1.29328808755357       12.83071640950556      N
       -5.27960572715781        1.06310032806688       10.38627942443883      C
       -6.40873607809734        3.21526885899137        9.33592868460208      C
       -7.31918517586067        3.31337711260180        6.89297803824985      C
       -7.07838074437017        1.09115547945756        5.46001808130058      C
       -1.99848259239658       -5.32896837782137       13.14761224739189      C
       -1.10206022024838       -5.18052864194154       15.57442168349421      C
       -0.99132730767526       -2.83493879981049       16.89577603878168      C
       -2.16414429222656       -0.80211661496607       15.82587816962352      C
       -2.24935403881557       -7.57813306816923       11.76593900312566      O
        1.74266073846897       -5.40920279075365        9.55353379678020      O
        0.49478364805603       -8.36270976935359        0.88635169765451      C
        0.06800304963401       -2.48398223148543       19.43709303783199      C
       -3.68312838213041       -6.00366135382845        1.05276856752127      H
        2.93173728186048       -7.69058096759504        5.20074698345572      H
       -7.79491915909062        1.17415078589753        3.56576888321283      H
       -6.35123723167455        4.94902755483627       10.39669685734033      H
       -2.20813192870815        0.87275848897932       16.93507631659581      H
       -0.40685190978522       -6.76059359013204       16.63688174679982      H
        2.75144682906933       -9.04182397212560        0.86241943991241      O
       -1.11541096442330       -8.81288786169056       -1.02466377067024      O
       -0.00835001822571      -10.21143063901240       -3.12037391445986      C
       -9.07050273766960        5.31486654923314        6.19449633104917      C
      -10.16815551838096        5.22227941845457        4.31686732443093      O
       -9.34002843586594        7.51723332232936        7.86037227417842      O
      -10.84480907000197        9.56509863794958        6.86309191933678      C
        1.33853187887378       -4.09010850368866       20.40145853510888      O
       -0.24409844679725       -0.21451584601929       20.54905952704940      O
        0.88485783440671        0.16972464059904       23.07356183203390      C
       -1.77838189742363       -9.90020001991611       13.26798262363409      C
        3.25887731162408       -7.40679485010106       10.15294962198898      C
        2.97912977421543        0.35639680492625       22.83604801010941      H
        0.61242930628879       -1.63992739114386       23.92268700589281      H
        0.26470436775882        1.97746994022956       24.05669567348021      H
      -12.23317923777108        8.65001349045157        5.77150697484270      H
       -9.69224117647969       10.60658589395100        5.44522473346917      H
      -11.43624481422078       10.86364106883833        8.23751481548912      H
        1.98441677323211       -9.02352933243371       10.60360437739530      H
        4.30592290263522       -6.81612115881677       11.76989135398851      H
        4.48382201492317       -7.67476863497688        8.55888637331456      H
        0.07898236094714       -9.69947350202149       14.17471679688336      H
       -1.96884136719003      -11.50926605756044       11.95541932934958      H
       -3.27087338595750      -10.10862406396071       14.79785153967927      H
        1.10421817569918       -8.70971215433496       -4.19612510907990      H
       -1.36386918004617      -11.09613428215169       -4.32035987022032      H
        1.34981896914456      -11.64301881612502       -2.33236314222857      H
$end
