$coord
       -2.79984659181207       -0.08664205350986       -0.90289409097760      C
       -2.97864163352027        1.89673243026262        0.71619407895736      C
       -0.97870987081494        2.30086654932025        2.49408074110304      C
        1.04472575565268        0.51585967694089        2.80750228897004      C
        1.20740142910357       -1.38250359647787        0.94227623917384      C
       -0.57251873154286       -1.56461928881090       -1.00467289324285      C
       -1.38378155641266        4.19814049082436        4.39335107760630      C
       -0.43210519095746        3.56774526530929        6.63745504547601      C
        1.50768792169488        1.66903703706396        6.92428614325400      C
        2.48634432050534        0.31111524682360        4.98672129714628      N
       -2.31166480919054        6.74053148020213        4.11439877936642      C
       -2.87462567379444        8.16858129456015        6.45943555685783      C
       -2.36684389752331        7.25705148656296        8.74827087951300      N
       -0.78724987037752        5.35771305333953        8.74568820423242      C
        0.09090814279362        4.51302583900473       11.05423553942352      C
        1.58451868169363        2.45722665564748       11.34475978460272      C
        2.37208528266392        1.04114629825704        9.38124672862249      C
       -2.29013907818892        8.03693046549168        1.79227364980928      C
       -3.31456596616547       10.48440508125646        1.85504217186280      C
       -4.33425259324011       11.52094805436326        4.03411539077738      C
       -4.06136110110973       10.44328273252080        6.33762226965128      C
       -1.16297500734484        7.03547786080805       -0.35824602713577      O
       -5.30275887267141        3.36638849445446        0.96701390987051      O
       -0.35144181284997       -3.73214146143656       -2.96633878012394      C
       -5.70520992288563       13.96443228416351        3.85389824761219      C
        2.92557079358432       -2.42036826595676        0.93822429453803      H
       -4.26845542928511       -0.36810599290057       -2.17061859359129      H
        3.87825453367964       -0.35274356090501        9.58713844104419      H
       -0.52426001005224        5.67075917961961       12.54400232469094      H
       -4.34305128068429       11.50510084675603        8.05168002696596      H
       -3.27187530797139       11.62635759411300        0.18077614661266      H
       -1.73914648731548       -3.36971036700649       -4.70794441957228      O
        1.02280419837300       -5.86122473467635       -2.72252592254460      O
        0.68051197331215       -7.10848152345776       -4.99504355751059      C
        2.86068031255900        2.09075138858523       13.79492043096316      C
        4.43681129115395        0.47578076081134       14.10538423081614      O
        1.84890369279740        3.48854458435579       15.71288358076014      O
        3.05776609160211        3.09620719162851       18.04202872095297      C
       -6.79378413129900       14.85130194465242        5.71160398742315      O
       -5.73624836452823       14.95015507237518        1.45764459685611      O
       -6.62497555770287       17.42819820697320        1.59023154870340      C
       -0.46228693365290        8.64172110056687       -2.35114805493655      C
       -6.54995357100049        4.22728504822496       -1.28042063489989      C
       -5.70928784520575       18.57387645471225        0.14372896444883      H
       -5.85835632057610       18.33553804856577        3.23845515902344      H
       -8.70611455886622       17.81437986965677        1.70765673915177      H
        4.30457661355547        1.54151616753636       17.69254548638888      H
        1.57131180989401        2.70412544264700       19.37302770601229      H
        4.22401530944686        4.69491891174077       18.55134603593441      H
       -7.77773055837016        2.72036484044162       -2.10832451297961      H
       -5.09982030230470        5.01517855316404       -2.50634603675353      H
       -7.99756849036803        5.58442136985949       -0.45702642890204      H
       -0.21445782380141        7.64233289482285       -4.05359853726829      H
        1.36853250279262        9.35625439204768       -1.90825254830413      H
       -1.83431843097864       10.13160696424879       -2.79412885442134      H
        0.66084260818865       -9.16694659893384       -4.35108466340552      H
        2.41936108034986       -6.72894016915717       -6.02203924991339      H
       -1.18643457506249       -6.65036812245709       -5.84213302094112      H
       -0.89259168211613       -8.41940686589565        4.19215410681884      C
       -0.68118747021169       -6.40541469577228        5.86998786383915      C
       -2.83931829192578       -4.88155922723622        6.29326816175192      C
       -4.50100501205674       -4.54428453740960        4.10349640378107      C
       -4.47608127036013       -6.51947417166523        2.33212686048134      C
       -2.97729232742974       -8.59039408500021        2.68237570898360      C
       -3.04056755896153       -3.21909709287868        8.35314954699175      C
       -4.55289145893471       -1.04388090738847        7.90089833445081      C
       -6.01716688059385       -0.78917775886878        5.57211399943439      C
       -6.07858807530437       -2.69415411638479        3.63795868750664      N
       -1.94005054233957       -3.44243423364632       10.81739162221174      C
       -2.59488707148995       -1.69326909142697       12.72660448064993      C
       -4.05899125020642        0.32121467229185       12.26109611627392      N
       -4.94623585163017        0.68254678809496        9.85937293069747      C
       -6.25550908669327        2.90069618942876        9.27354725311320      C
       -7.41526507782095        3.31105024944929        7.01160140312875      C
       -7.30058612012228        1.40985437249949        5.22126252891653      C
       -1.08585616265681       -5.94952250244826       11.64765035848252      C
        0.28541239321299       -5.86469580543718       13.89341981060878      C
        0.01402102210786       -3.89856784694720       15.62630219420631      C
       -1.54793412140643       -1.86021991816457       15.14083638762315      C
       -2.09075996337711       -8.05317465829149       10.67429157006216      O
        1.46641276015693       -5.59661715744271        6.96280626114904      O
       -3.30163792047370      -10.82564333343725        1.03074708581793      C
        1.43596611471150       -4.30445380678727       17.97783021586751      C
       -5.87558026974655       -6.34986273376282        0.82650457010232      H
        0.30987616916356      -10.22717661995162        4.04432099573298      H
       -8.16531529149554        1.58700365578334        3.44927592943013      H
       -6.12526641505576        4.24414001072506       10.58096842359011      H
       -2.44054318185095       -0.84646911561180       16.55476202300381      H
        0.99918521187200       -7.50251684060930       14.87029379704108      H
       -1.68649147882676      -12.41379527153920        1.06281167938438      O
       -5.53143958393253      -11.11985779362999       -0.28782659730271      O
       -5.87037825395745      -13.66095646299989       -0.65197574921252      C
       -8.63871489038626        5.80466289884197        6.36176358209624      C
       -9.11156232789376        6.19777747558653        4.10494527978814      O
       -8.98152227666531        7.57565888308474        8.14699892019294      O
      -10.02986823849432        9.81176635507352        7.23655265449760      C
        1.98966734795572       -6.39305471562319       18.77066585085997      O
        1.79906351613005       -2.03918391112966       19.34245102392504      O
        3.57558283057305       -2.12592503407300       21.21023306605257      C
       -1.33517121875491      -10.41022667530179       11.71033191365296      C
        3.69930545755684       -6.84309661166988        6.30104961146104      C
        3.11508587382086       -0.60463457247697       22.54076856450430      H
        5.26054634972926       -1.57636392078619       20.35602585045141      H
        3.80010601294199       -3.92164640918207       22.11207323573206      H
       -9.72071727918664       11.20972169630754        8.74627207136790      H
      -12.02370899056626        9.53560920282633        6.72698799943860      H
       -8.99740210648778       10.18050059517336        5.49801006299000      H
        4.69998760000382       -6.00864441812402        4.69385039207031      H
        2.94234624310878       -8.78643284513294        6.06099256989282      H
        4.93065967406482       -6.65811321199683        7.97596983539415      H
       -1.82868420431795      -11.92757410693383       10.46284129861460      H
       -2.11491064084886      -10.86299217464287       13.56752121871110      H
        0.76374786048812      -10.31233243580947       11.86286488507936      H
       -6.69146427250650      -13.97239887009004       -2.49577499879681      H
       -7.01093836397688      -14.51651937562434        0.66706274009262      H
       -4.15407235538075      -14.72381474338106       -0.80515090841842      H
$end
