$coord
       -2.12536328706276       -0.94608271905496       -2.92424980860796      C
       -2.50727617154245        0.67435577275603       -0.81469491445169      C
       -0.70075507670612        0.87141734264657        1.21187740157493      C
        1.28754248409508       -0.94273805299663        1.27759049999963      C
        1.66134213998002       -2.43555027668644       -0.84682296141049      C
        0.14005968586472       -2.30138999346029       -2.93979771841948      C
       -0.58784534764388        2.87656967414148        3.02768657787638      C
        0.84164158027191        2.49241336015950        5.09613326715902      C
        2.32804334499969        0.18249577769613        5.29756521771487      C
        2.60834991150212       -1.45281076800208        3.31876652969231      N
       -2.29779945476403        5.17067056974416        2.87982529536567      C
       -3.20610439473661        5.94652360275786        5.24234093647572      C
       -2.08137896933866        5.02813151852397        7.48265153738853      N
        0.21416811502547        3.85093608550305        7.36544810434881      C
        1.65553968104556        3.36556708999044        9.48737136999948      C
        3.52619855159467        1.50240323713292        9.46441560969586      C
        3.60238154142045       -0.23170843391386        7.45360975189006      C
       -2.35800019587894        6.78638695327610        0.65782827462747      C
       -3.65490998573171        9.09905077977885        0.82835486542771      C
       -4.90278491463698        9.70681940805029        3.18803796135027      C
       -4.57555683874927        8.16802399183204        5.22898017816232      C
       -1.00224319762256        6.06203152648714       -1.47869646066482      O
       -4.62331444465801        2.02769868597875       -0.57502001280137      O
        0.99588359911897       -3.79231372901909       -5.10961901398875      C
       -6.47208247604135       12.10394245420050        3.25289726972085      C
        3.08252975402614       -3.82932685571476       -0.79303735069471      H
       -3.18923052210045       -0.89911884109944       -4.64360080390881      H
        4.61478658102398       -1.97452818442196        7.45162065729014      H
        1.12316599152573        4.14238845191613       11.30467270435940      H
       -5.65577474491952        8.62345599820364        6.91928419566375      H
       -4.01792686051250       10.15856172904341       -0.87340897361437      H
       -0.19704455263842       -3.80916506063720       -7.00773179798967      O
        3.07875696669031       -5.16643271779153       -4.69401193581687      O
        4.23310591606501       -5.83662781921760       -6.93597343339864      C
        4.89203151993368        0.31019839652003       11.73257053048277      C
        5.75043966394497       -1.80471033770792       11.56389043729044      O
        4.55845769899790        1.71784168320810       13.87918092399066      O
        4.52703950116907        0.22362308733050       16.15545457493282      C
       -7.33878054090608       12.88274707195253        5.20590872555519      O
       -7.06727214105763       13.17663015475664        0.91725919923285      O
       -8.59757728450947       15.10472877848766        1.36480883619321      C
       -1.89338912048524        7.01001814746457       -3.67828455843461      C
       -6.58685328606926        1.42542888910583       -2.37963622481432      C
       -9.20801218589399       15.82108342683071       -0.50854788750156      H
       -7.85386808037318       16.73123307089320        2.44057097097754      H
      -10.24290840681032       14.47355554379710        2.49467492230642      H
        5.92626338600964        0.87071773415347       17.45700836445987      H
        4.81368599165341       -1.83474101014436       15.53991733015869      H
        2.62691822357782        0.29507246105937       16.90504181533696      H
       -8.12845543862232        2.85856620085440       -2.55329461417790      H
       -7.46650574370291       -0.31377035129360       -1.97377451704462      H
       -5.81177280775203        1.60150721200401       -4.39825495981398      H
       -3.91441500256087        6.93596578603103       -3.87343593714157      H
       -1.14508821092323        5.83617451103107       -5.25885689749602      H
       -1.31062294684831        8.90074971096516       -4.03182892990924      H
        5.27661312066220       -4.34839882003466       -7.65353332942105      H
        2.74873302671713       -6.29144801647422       -8.31477707400870      H
        5.36814969714376       -7.60719310812427       -6.71578077222533      H
       -0.38333005122400       -6.27420901267202        5.39244337913975      C
       -0.97472077392878       -5.06474847920432        7.65535180012640      C
       -3.25552836781185       -3.59816155020867        7.89922024373175      C
       -4.81425138760433       -3.21420736619371        5.72465600043818      C
       -4.30789279476683       -4.62411732289363        3.48983191814535      C
       -2.09545830435143       -6.00507248733629        3.37119774552668      C
       -3.78116942235320       -2.06620306801100       10.03079545236737      C
       -5.11669947643788        0.26493301676411        9.61275422728788      C
       -6.27906426404676        0.59256268506083        7.23345883015449      C
       -6.12945036553159       -1.11093046089172        5.39035939424292      N
       -3.35110683087510       -2.78651107148368       12.69002586920997      C
       -3.36182946148621       -0.73637928781528       14.45369882595604      C
       -4.80327638515909        1.22173955570040       14.23244692077942      N
       -5.80458727021191        1.62437115209726       11.84494816560069      C
       -7.43548046235054        3.70335317610604       11.47783068941477      C
       -8.39766993736241        4.14032174158253        9.06524031170399      C
       -7.93537810716877        2.59427905028985        6.99735878397255      C
       -2.59962874145485       -5.22750578861405       13.57181680272109      C
       -1.04488584510766       -5.36588609674228       15.59937657282208      C
       -0.69118237637469       -3.31641888486669       17.22591749625846      C
       -2.06122005159224       -1.20978804031165       16.72992004374481      C
       -3.44853684385675       -7.51677747914939       12.51123166337423      O
        0.72386398836270       -4.79424146328247        9.60124748559443      O
       -1.50699151321391       -7.39272350412619        1.07392176887926      C
        1.00881101950893       -3.27634320430927       19.38788472966409      C
       -5.57435300878034       -4.47370989868480        1.82981586781912      H
        1.32846366205154       -7.54112305696576        5.18204471388301      H
       -9.08850880544403        2.85208198045956        5.40558552697210      H
       -8.17343711014830        4.71031107528789       12.99845665137368      H
       -1.68536879561215        0.16435925534558       18.15351072170630      H
       -0.10764343271229       -7.03381903603850       16.06238418499815      H
        0.60703862336313       -8.35988037533963        0.88451579244806      O
       -3.31754552278152       -7.46853844900624       -0.84555131701742      O
       -2.24462932926874       -8.18359866272118       -3.12326434109390      C
       -9.88034379820483        6.49206088622691        8.90618689131407      C
      -11.11039614675965        6.86296370031632        7.08410649793623      O
       -9.78526098027198        8.04650363930739       10.89446123548838      O
      -11.39551022374915       10.26599157404920       10.18767170841567      C
        2.49714837266974       -5.00517375993090       19.53921429834364      O
        0.80081353865925       -1.19630028823315       20.99725269345413      O
        2.35649911380580       -1.83537975092014       22.97291929909292      C
       -5.99463113941139       -7.55998777182065       11.56188378537958      C
        2.55891525674793       -6.92768240940758        9.76198402338960      C
        1.10978227258685       -3.10420344570346       24.02723378452362      H
        2.79432013581743       -0.12345724156758       24.01247439076673      H
        4.15511841206921       -2.70775025456986       22.44688266648352      H
      -10.54366158238117       11.11259894534411        8.54860109181837      H
      -11.54801043582086       11.79000951027120       11.45214096026701      H
      -13.26738925050925        9.50410855626446        9.95385572936578      H
        1.39915849438917       -8.63428706244400        9.98721458155898      H
        3.53856380778227       -6.54312347418513       11.58411595924889      H
        3.94059235232845       -7.01956861890623        8.11526819665572      H
       -7.28417581238659       -6.51923773527370       12.66408092543581      H
       -6.99451252573681       -9.51657987607028       11.41271066762605      H
       -5.75871265526013       -6.55946900669265        9.80241935687081      H
       -0.16484032695802       -8.11413784790135       -2.99882664688432      H
       -2.73051108619160       -6.89928756381916       -4.66571048437447      H
       -3.04110917647805      -10.10760881035094       -3.32307594807909      H
$end
