$coord
       -3.18810739560619        0.26074336856586       -2.18136297462911      C
       -3.28341067523792        2.08401858561606       -0.24134614029209      C
       -1.29618235458490        2.16711791595661        1.60127714139157      C
        0.30917357561245        0.17482456224036        1.79915019457117      C
        0.40767911820394       -1.60343247019186       -0.21691642875229      C
       -1.17924578619492       -1.42150582096842       -2.27292161177277      C
       -1.22868476572218        4.14593360651322        3.56243004977504      C
        0.05956665499863        3.37702328601895        5.85212483028361      C
        1.89014159752508        1.36527288524736        5.85313041553328      C
        1.96981771352863       -0.03550714817492        3.72630329386201      N
       -2.36494867528139        6.56555711348808        3.60225847945665      C
       -3.27282733550383        7.64803631340095        5.88952865819377      C
       -2.25011420888147        6.92521704791371        8.10514991769769      N
       -0.42298987137537        4.95157415210973        8.01592857086515      C
        0.65734652172798        4.08729235953745       10.30974852502258      C
        2.07251504958835        1.81469791014540       10.46445161822545      C
        2.80645387328918        0.61065715134258        8.14318627848360      C
       -2.77141077147171        7.86703709638881        1.23428953740376      C
       -4.33299122291826        9.95096665349308        1.27254366840100      C
       -5.22792818273076       11.13782936745510        3.51216542199481      C
       -4.68990382237123        9.95522521083983        5.76505152987491      C
       -1.50532590139843        7.19338776999927       -1.00791796073530      O
       -5.29815131404202        3.66737592632466        0.03630776153335      O
       -0.98818426629176       -3.25864786905911       -4.49701553370070      C
       -6.29754129309605       13.72168460013951        3.55421347750411      C
        1.65667301023884       -3.09973635019825       -0.20235711671371      H
       -4.31145873860227        0.18166578961299       -3.73607289692070      H
        3.93785778649791       -1.06289423614832        8.43813064518936      H
        0.40852944062254        5.10899119853663       11.99108187830283      H
       -5.47849644006491       10.63240728159558        7.59376990514362      H
       -5.02086815291180       10.65589245472682       -0.50196272784750      H
        0.98301935415315       -4.04872461722506       -5.34072451164440      O
       -3.40695140934437       -3.90948809555592       -5.35503729818820      O
       -3.14300368050808       -6.22809417665220       -6.65070597672902      C
        2.83870061245955        0.93684672218114       12.94020141547080      C
        3.76713308571649       -1.14149527761428       13.00542609090243      O
        2.42616698226870        2.57607841606784       14.87680649282411      O
        3.71410006878145        1.98427368360328       17.22313980361765      C
       -7.35098032590592       14.38155560643865        5.46211035188156      O
       -6.04980323957845       14.88396404349639        1.39269659217608      O
       -7.63864714542460       17.05590036042145        1.02813337266741      C
        1.20742585921007        6.85259417869021       -0.72693405861151      C
       -6.66418214268622        4.14302641470308       -2.23675000435867      C
       -6.60306378116139       18.64367541591450        0.32040739630163      H
       -8.61587482368838       17.61245258877956        2.72214721771985      H
       -9.13327711633555       16.54756456309243       -0.32944858030498      H
        2.41504100950548        1.01107777431592       18.46873261611225      H
        4.31955849463122        3.70205355070230       18.10585080613183      H
        5.37831935701035        0.85414882248096       16.66846486614478      H
       -7.93083398364961        5.54495024558816       -1.55834695050715      H
       -7.75631084210683        2.40657681799559       -2.76380990581814      H
       -5.60012595892926        4.94142256407716       -3.68924541878902      H
        1.59960591853843        7.59465429958588        1.17375929738742      H
        2.11815496538882        7.98610284885746       -2.12393871742883      H
        1.62027715642197        4.87803606849141       -1.03817965589158      H
       -2.89055689390265       -7.88980619272171       -5.39295897062769      H
       -1.64865869005661       -6.08173910427568       -8.09853044298107      H
       -4.96718946939955       -6.61185017156423       -7.50044389155537      H
        0.45615174756632       -7.18933711752675        4.71647836852261      C
        0.03515971198186       -5.77602665917275        6.82280294643346      C
       -2.26091273383609       -4.46106519846390        6.91913983385467      C
       -3.78259767829722       -4.18337621302703        4.67742339273980      C
       -3.32648441355542       -5.67035206551652        2.56161746512468      C
       -1.20322811111350       -7.19691119803559        2.55789877448428      C
       -3.16663098508273       -3.12219350179724        9.14020695028242      C
       -4.69186474734840       -0.88339350140816        8.70998153645595      C
       -5.61543973632294       -0.50018253708119        6.34902939729023      C
       -5.30707513010771       -2.26175674028648        4.46832080638150      N
       -2.57434825340127       -3.62737048156032       11.74888894995317      C
       -2.62415176600251       -1.57655611327040       13.51425833474488      C
       -3.86261793045334        0.59083708927390       12.98839158203474      N
       -5.08401548775581        0.79562970112445       10.75060010965230      C
       -6.64856602721058        2.88874988315619       10.20557356232405      C
       -7.49670518614782        3.31314698210331        7.85587042067808      C
       -6.99987124720507        1.63224632486929        5.93125381160805      C
       -1.46668957299178       -5.90178524390111       12.74345752724287      C
       -0.48902585691665       -6.02546347926182       15.22134861652592      C
       -0.46945181884399       -3.83057020021042       16.76932769918542      C
       -1.51596743993876       -1.60857056707568       15.99522712066458      C
       -1.65906017559485       -8.03058081644407       11.18878173227037      O
        2.10036694023914       -5.28212318278044        8.56115361031941      O
       -0.67450368837111       -9.07436699972924        0.56704393282537      C
        1.00426730926500       -3.95383539463581       19.20495689998641      C
       -4.73958127108963       -5.54383670764838        1.10484901707406      H
        2.19296759483807       -8.39933030582564        4.67260043180880      H
       -7.77606459612166        1.76919873147766        4.05110208637505      H
       -6.60812980501807        4.49966776194384       11.37965692304972      H
       -1.58842886240951       -0.08104497208414       17.41425877649500      H
        0.52069624862390       -7.58921427139681       15.97290713885203      H
        1.22870944891309       -9.20382251837792       -0.79971492005340      O
       -2.83154262741017      -10.65794545619186        0.26901614584752      O
       -2.52139064070750      -12.77822867714896       -1.27959674644781      C
       -9.03070757372098        5.55617577029130        7.37067501177212      C
       -9.91629553045858        5.74033759521882        5.24469470421154      O
       -9.58495892829495        7.30391125913431        9.16664699157356      O
      -10.83532258344670        9.16571574311249        7.88225336207376      C
        2.13046272411988       -5.79934974106479       20.01343704518519      O
        0.55152438142099       -1.82679550581850       20.82574959494525      O
        1.57206020258082       -1.87942678003207       23.27034148980710      C
       -0.53787879742882      -10.28732247357351       12.00766491748703      C
        3.79022454945407       -7.30850507308128        8.63246306863777      C
        3.31142287826209       -2.96358710440136       23.42122743174879      H
        0.08169425005878       -2.59072427802460       24.63892815260837      H
        1.91312885031691        0.13027116805393       23.69458529553279      H
       -9.76866966419347        9.87873925284246        6.39864952411582      H
      -11.25473599703900       10.87186757232208        9.07248586570359      H
      -12.62044381154686        8.56826481430657        7.08103855259767      H
        4.56362599588459       -7.53251200200874       10.48084829748460      H
        5.18232680040228       -7.59050109685305        7.07513554162603      H
        2.50218856954897       -8.85227878769816        8.42194734642890      H
        1.41747825720166      -10.17151327678474       12.32180361494859      H
       -0.77316820986217      -11.96350541408751       10.72031373849953      H
       -1.39265266513734      -10.85193430758809       13.71449124302873      H
       -1.75102832715998      -12.15825296050691       -3.19891295134917      H
       -4.34850852513517      -13.98063061197349       -1.51859388677640      H
       -1.30065513767260      -14.14881435900222       -0.35938430352076      H
$end
