   -0.02671634
    0.13002120
    0.01391880
    0.09524180
   -0.02417899
   -0.00606554
    0.03571549
    0.00394173
    0.09753124
   -0.27067533
    0.01423489
    0.09237341
   -0.25766329
    0.09186465
   -0.02080377
   -0.00448564
   -0.02673205
    0.13356852
   -0.02936222
   -0.00871824
   -0.01955255
   -0.35352516
   -0.36031708
    0.37715819
    0.39141532
    0.10892873
    0.10352154
    0.12276173
    0.12566788
    0.14081407
    0.08681100
   -0.49505875
   -0.39049500
    0.02787339
    0.39366056
   -0.49049842
   -0.40067549
    0.03342185
   -0.52534510
   -0.38496507
    0.03668584
    0.01457694
    0.02374021
    0.10402443
    0.07136186
    0.07949289
    0.08776685
    0.11690651
    0.15107073
    0.07857225
    0.09178094
    0.08182181
    0.07084658
    0.08081611
    0.06738108
    0.11480408
    0.08895480
    0.11478414
   -0.02796084
    0.13579195
    0.01343515
    0.09883873
   -0.02646530
   -0.00139450
    0.03497775
    0.00082742
    0.10061588
   -0.27845402
    0.01492213
    0.09530126
   -0.27815783
    0.09390825
   -0.01879010
   -0.00648883
   -0.02765377
    0.12787548
   -0.03041334
   -0.00033439
   -0.01909702
   -0.35100491
   -0.34896456
    0.39507056
    0.38549910
    0.11567885
    0.11507672
    0.14547342
    0.12152546
    0.12488313
    0.08979631
   -0.51575017
   -0.39398586
    0.02911601
    0.38077144
   -0.49514170
   -0.38500308
    0.03057491
   -0.50759608
   -0.38741364
    0.02346443
    0.04602819
    0.01512493
    0.07781013
    0.09614578
    0.10087524
    0.11235793
    0.14168691
    0.10217607
    0.08120140
    0.07218497
    0.08485138
    0.07324100
    0.06568665
    0.06831755
    0.08556241
    0.09215550
    0.11123957
