$coord
       -2.85405213143761        0.37254236688953       -1.13628315783035      C
       -3.33509114789886        2.06359767883449        0.76750932647177      C
       -1.35773950788832        2.55770834724445        2.59943012562963      C
        0.58396734252144        0.69343365673257        2.71887990484880      C
        0.76838728442200       -1.20804167616574        0.81136566961537      C
       -0.80879254720128       -1.10792238685875       -1.28921012718211      C
       -1.54122807682597        4.33932201473809        4.60275857695161      C
       -0.17980862628917        3.90925013769920        6.88994009650923      C
        1.72183805585290        2.02366417201434        6.79271458370807      C
        2.10128020226589        0.44724727588815        4.73221997736629      N
       -2.75280946888200        6.69753361490597        4.39675341664516      C
       -3.22464967493971        8.09759126102541        6.71209250376115      C
       -2.28414587778070        7.49976549605130        9.02042705193545      N
       -0.73220609919953        5.44692841662739        9.07071916626043      C
        0.78151786728437        4.94492037755739       11.19536016440844      C
        2.62556359901085        3.17019787964621       11.03753072479132      C
        3.13010879636244        1.62935749219057        8.97840266897531      C
       -3.25425787978056        8.00589246916598        1.99087881923473      C
       -4.41111744907072       10.43175399427630        1.97088793617261      C
       -4.94312692997097       11.66260935798434        4.15109663690462      C
       -4.42742364807944       10.48037768521619        6.44632939387019      C
       -2.49181047602922        7.25812958566003       -0.43119102666909      O
       -5.49677912702092        3.38656881098505        1.35747898008134      O
       -0.35330072590006       -3.10963553573773       -3.30924673590293      C
       -6.11408352692295       14.10504736086907        3.77799564790170      C
        2.01752501779367       -2.68516848881533        0.79371708102058      H
       -3.89289220314654        0.12441696062168       -2.79602668652631      H
        4.69133978349747        0.34495959313614        9.21312761968111      H
        0.60789535556101        6.22560894891406       12.79634430397778      H
       -4.39861872710142       11.29153163884950        8.29965683625107      H
       -4.84511981292603       11.31493228259920        0.21752566516607      H
        0.43618933260159       -2.18903699242377       -5.22863592656858      O
       -1.23688725734583       -5.38424428965104       -2.66565718771377      O
       -0.60387353069314       -7.25897204890793       -4.36415071347438      C
        4.13567664130087        2.81719396007558       13.29085980128083      C
        5.44201084778415        0.80396277781304       13.43653859284763      O
        3.87501113631856        4.46357966309392       15.26041187686521      O
        5.32453921866216        3.87955117799396       17.34006477288077      C
       -7.91208630794809       14.70001455344593        5.04976752765267      O
       -5.37419917191271       15.61126764563883        1.61399034870175      O
       -6.66954301198646       17.83253547494333        1.48613042281857      C
       -0.63669556962582        8.75537795185060       -1.60522362782567      C
       -7.24782869286096        3.57277882596841       -0.52376516752373      C
       -8.58127616497739       17.54107991757111        0.96793822938951      H
       -5.65612630993912       19.07682821774336        0.22810693508386      H
       -6.63298446094715       18.96152872999299        3.23346854931857      H
        4.68358611008690        4.95751821164958       18.99914550716778      H
        7.37081052481928        4.31557297329227       16.96298390452195      H
        4.92734752392262        2.02073845911936       17.95253600945975      H
       -6.78102284757147        4.96866375256751       -2.08865864606404      H
       -9.14068546869780        4.29131333757330        0.36089169874349      H
       -7.48279571158270        1.52603085562279       -1.69005049420174      H
       -1.70083781428657       10.15515682802546       -2.53349531625515      H
        0.26500583735394        7.40495459773991       -2.88737862020227      H
        0.36385133585187        9.72800707195058        0.09199586819446      H
       -2.24794893404497       -8.46742902592534       -4.52804711509359      H
        0.86948411573416       -8.65779531296363       -3.88234011873675      H
       -0.04665986044223       -6.25790662148361       -6.12790049821096      H
       -0.45327507220741       -8.61637820557758        4.49621619005599      C
       -0.60902512954469       -6.86579951094126        6.39172716858178      C
       -2.89117534798438       -5.40189565482959        6.47702552219107      C
       -4.49543429917293       -5.29317021379745        4.33798927744249      C
       -4.36916186581816       -7.28489398299888        2.71378579440044      C
       -2.34307376085592       -8.95924966569179        2.73580876657848      C
       -3.55354700912131       -3.72826860026921        8.66870018811663      C
       -5.18043876758036       -1.62971658178395        8.08247049232758      C
       -6.43003691259744       -1.63457008354748        5.79261903340069      C
       -6.32306028624128       -3.61280697826673        4.07216122433173      N
       -2.54068938082615       -3.83446259929476       11.17762298592824      C
       -2.51951945959187       -1.55858987508038       12.50391645191728      C
       -3.60420941334171        0.61337929438630       11.70489765935912      N
       -4.86386528149452        0.68683159451019        9.46338198320140      C
       -6.24451738308287        2.85614006956387        8.72626583784683      C
       -7.91779595991671        2.70309011316616        6.61946100076368      C
       -7.81595671460289        0.55244203042191        5.18696185317213      C
       -1.79635426838564       -6.06497352222937       12.36567438809228      C
       -0.22390895548469       -5.86849271990716       14.53627146204468      C
       -0.01352219563586       -3.60693283106579       15.91618118099589      C
       -1.26781980507966       -1.53228709061900       14.82974461527856      C
       -2.60390371089294       -8.38854351034111       11.25873603960111      O
        1.37726413103159       -6.56500422828872        8.07496651001764      O
       -2.17445479733150      -11.00092116190649        0.70038571690370      C
        1.82510939073459       -3.43452945653358       17.96008976893541      C
       -5.78861414686662       -7.20069216143110        1.11931645473912      H
        1.21962187943366       -9.79825730727768        4.48499282177499      H
       -8.89508419712594        0.55496323323465        3.45321558884611      H
       -6.03652552708272        4.46027748097322        9.83100957108909      H
       -0.67479901755191        0.31671495803519       15.50689057717728      H
        0.73358601957943       -7.53324992719342       15.06365155344118      H
       -0.19990693189654      -11.59581159799111       -0.28704731944740      O
       -4.54032103716048      -12.10501093567893        0.10944814492201      O
       -4.13288938782512      -14.03650467354091       -1.65006376417111      C
       -9.06591784224727        5.00421149574478        5.76709354058450      C
      -10.05881627054908        5.13809305800312        3.69895374323174      O
       -8.91527761526392        6.92142554205773        7.40534366630435      O
      -10.19208700601698        9.21465801497222        6.45984258317617      C
        2.15315393459839       -1.36649531578396       18.90334329542488      O
        2.93677467600415       -5.67533387533647       18.52394091208400      O
        4.89532903121425       -5.49705436347368       20.35166912267902      C
       -2.70873733844470      -10.47739298056518       12.90648700927516      C
        2.27424165803195       -4.07035787110870        8.17825174739484      C
        6.36372339988116       -6.86579533246318       19.93417286917201      H
        4.39643058690256       -6.28499057794200       22.17982965868788      H
        5.56048081828350       -3.55253820591261       20.10041794158938      H
      -10.11780464423451        9.55396664702772        4.46793814695579      H
       -9.28554998283804       10.70273318238089        7.34488045596774      H
      -12.17674200638842        9.47401602475582        7.14093485086840      H
        4.10899984883169       -3.81770284209254        7.29110670043810      H
        1.92162561691260       -3.35890554031824       10.06168403528106      H
        1.00499058735715       -2.92765120723985        6.86181003004268      H
       -3.91127769445584      -10.07950585505723       14.40014443973857      H
       -0.72687288268059      -10.91354675743878       13.52401672628550      H
       -3.34526478839044      -12.19267523768379       11.91166341102480      H
       -3.71686856603281      -13.32143086694010       -3.56536292353786      H
       -5.92035100364303      -14.92531770079775       -1.59339045965767      H
       -2.86672253476407      -15.49244654301966       -0.74738508303324      H
$end
