$coord
       -2.15558452528815       -1.13637936173363       -1.01677082559112      C
       -2.53678800557609        0.67566613309336        0.61866881488770      C
       -0.46111226353636        1.58205345072128        2.24891645503215      C
        1.73583499578745        0.09216992789598        2.34567769432928      C
        2.13936638296049       -1.65276066053127        0.63628715659773      C
        0.32112044210912       -2.14889384154775       -1.16591339742324      C
       -0.63766120689215        3.80644134063470        3.95044168585935      C
        0.96257512944035        3.75294892945610        5.97743008937309      C
        2.83565989132265        1.64340152994323        6.14000533198992      C
        3.27782896075678        0.04792009666162        4.25673298168061      N
       -2.21254428434159        6.02074409638250        3.71925770017846      C
       -2.40199692949893        7.56279952414918        5.99450282981241      C
       -0.89866321923208        7.38248126143170        8.00995490630706      N
        0.67410468544462        5.47309575299013        8.10966017240470      C
        2.09832230073079        5.01400627651090       10.28940969771828      C
        3.75147173548606        2.91685183912239       10.54515569451491      C
        4.15124579046193        1.39144373785516        8.44631931624853      C
       -3.12082719965723        6.97942203595651        1.34266384706395      C
       -4.99498472647838        8.94775573071816        1.49025533606764      C
       -5.53673831282412       10.14764708196941        3.72557761953119      C
       -4.10567164870004        9.72769330226551        5.88030286479421      C
       -2.22058744045049        6.00422341549770       -0.84303715760215      O
       -4.76737748616530        2.15758706663680        1.03273920605748      O
        0.91765631766047       -4.06373263602102       -3.17480170675512      C
       -6.85804611912127       12.52356587742327        3.61964391936105      C
        3.67026855199574       -3.06907730545699        0.83723130536119      H
       -3.65813752489253       -1.49589341326334       -2.44412545570261      H
        5.14084085843974       -0.29441038478274        9.04107924720977      H
        2.03419491411192        6.32579588460802       11.80102905657742      H
       -4.08921224227935       10.92547000697094        7.53328298066158      H
       -5.69567864700717        9.66383561120164       -0.26965352812328      H
       -0.51577348936825       -4.15428679301092       -4.97266535838988      O
        3.03729394250822       -5.66285638754369       -2.82985584167376      O
        2.81115558716599       -7.50480793653781       -4.88022669251398      C
        4.57253842936613        2.24862728969998       12.99935037638229      C
        5.92961200679441        0.40955382193463       13.17660130354120      O
        3.67234885413398        3.69536011854759       14.97290372917856      O
        5.13238871258001        3.17646923547237       17.18309504083221      C
       -7.26267967061808       13.66486178426798        5.57789724320687      O
       -7.26979874016612       13.41012449205212        1.18189828478355      O
       -8.50293663700473       15.69844526883591        0.94286572085254      C
       -3.08398450059316        7.03579281542503       -3.06069748583874      C
       -6.97666732127925        1.19986697940179       -0.18211707690229      C
       -8.19524601638095       16.88218496625887        2.56510729764013      H
      -10.44335128969855       15.56457139597616        0.80678761021689      H
       -7.79167191025689       16.92671635046608       -0.59265793449176      H
        4.33058636103258        1.68396364866396       18.44476799885279      H
        5.68577700972901        4.90890355451785       18.30664069146028      H
        6.97464327579108        2.48577420606473       16.51572802486653      H
       -7.39219899811265        2.03724912591666       -2.29006534212465      H
       -8.54181340478445        2.23265318705577        0.96800429034660      H
       -7.32846912145653       -0.89605966624134        0.04149529495631      H
       -5.01533616346787        6.82888345540943       -3.41701030212711      H
       -2.06118510399333        6.16628021759757       -4.50256739296635      H
       -2.93641510645350        9.08984467660254       -3.29810409211228      H
        4.38973881355066       -6.97316828404508       -5.99950451161160      H
        1.11179143494989       -7.08611830322690       -6.02654083431356      H
        3.07503628342118       -9.45333652132279       -4.39851803083518      H
       -1.35829152003703       -7.85549767374030        4.10097945808362      C
       -1.37588816158546       -6.39646763027797        6.30018660871419      C
       -3.36631625114933       -4.54377082787679        6.77220758804000      C
       -4.98766756982006       -4.07214225097206        4.68153203751502      C
       -4.86525528244116       -5.69249751055708        2.62861902503162      C
       -3.04737211291307       -7.50777996967103        2.17223940448303      C
       -3.53614836529820       -2.82220014836105        8.96481992331356      C
       -4.95859658380642       -0.68973605761379        8.53821077370643      C
       -6.74218504195870       -0.59168345543822        6.60809844548744      C
       -6.85645148866223       -2.28116965983099        4.79360907979598      N
       -2.60172524414534       -3.11333825497850       11.46788553126527      C
       -2.07100642238252       -0.85097511276034       12.86447633711870      C
       -3.41949452251003        1.36646072934406       12.51831881510750      N
       -4.95379490999968        1.27548148839861       10.48519295492031      C
       -6.57119264681435        3.33626515057842       10.02926668696403      C
       -8.20257107604458        3.56254197565033        8.04594133385360      C
       -8.42950385303779        1.50331722645594        6.47963951649897      C
       -2.13364351197607       -5.48259654391079       12.68667694976577      C
       -1.24943268246744       -5.52944179339576       15.21940467791209      C
       -0.22025479041581       -3.31375000243222       16.33077171423959      C
       -0.87445369144846       -1.05189263669634       15.13857588018047      C
       -2.93480930911969       -7.66257213845925       11.47527674922186      O
        0.82724090874814       -6.57977314387689        7.97486523978390      O
       -2.96947002493620       -8.74592579250615       -0.29361721112561      C
        1.36927346204529       -3.22693919713228       18.67187980180540      C
       -6.03299011722842       -5.00697606479353        1.07421561448131      H
        0.31085687285663       -9.08050894339515        3.75474756290482      H
       -9.75596923752265        1.35594508016116        4.97455874234195      H
       -6.52423864606339        4.76735470430888       11.53580197709513      H
       -0.30503179345873        0.75206614801317       16.09146941303068      H
       -1.00676859188652       -7.27621997292733       16.15256552452184      H
       -1.35527819370008      -10.37633139380503       -0.84632678266491      O
       -5.03632268806272       -8.20120328721380       -1.64928270902677      O
       -4.84457514338814       -8.92906573500890       -4.24223796001591      C
      -10.05896150313657        5.69860637946255        7.91385304857179      C
      -11.81731489954960        5.40833535313970        6.38168560130092      O
       -9.56593623862726        7.93014867942306        9.12843763017645      O
      -10.92285932840606       10.01180962398685        8.40341457995373      C
        2.10189667429110       -1.10802120619920       19.42298258041510      O
        2.00114034588238       -5.52182494945943       19.67691914559584      O
        3.82799411545646       -5.20068777433638       21.60015179377091      C
       -2.62943849845318      -10.08833832351828       12.67747935392178      C
        2.46198994488981       -4.47090858558235        7.82839836059483      C
        4.76966935589759       -3.33105447538573       21.43618113376758      H
        5.27061950581116       -6.84383002548063       21.69204241798819      H
        2.75893643880732       -5.12951986581406       23.38464447077197      H
      -12.50876673792512       10.33760443788697        9.63117848137120      H
      -11.84942411944646        9.70347703921858        6.56639754757991      H
       -9.69318811286514       11.67178433963512        8.63836482505230      H
        4.23337702503181       -5.09248944057199        8.60102348292420      H
        1.68087011901766       -2.81689243885885        8.82048676777429      H
        2.70936849086366       -3.88209340777078        5.80203285782546      H
       -3.73945171657063      -10.13582565677604       14.40081171189718      H
       -0.70445587270859      -10.11431745362932       13.12702888279358      H
       -3.13445027706628      -11.59706355746649       11.48936439829994      H
       -4.29099568859148      -10.95985022111769       -4.12122970179440      H
       -3.36895873086669       -7.85974130340205       -5.07510628692103      H
       -6.51519424773159       -8.72169450459085       -5.44362875479679      H
$end
