$coord
        1.95751521035491        0.50758895051520        2.64800074157621      C
        0.12124755975269        1.63495567876521        4.05374286261845      C
        0.72886589042336        2.42736878437537        6.75741713262264      C
        2.56601584416719        0.91404493550376        8.01293752319322      C
        4.20673654178171       -0.55129144903059        6.43373697709528      C
        4.01278117694266       -0.49752434838991        3.86736744484459      C
       -0.76694400161710        3.88501840671272        8.52249548029704      C
       -0.52046264259483        3.41348615168873       11.15649251212374      C
        1.63077794731925        2.05942856516315       12.06281872717809      C
        2.99293292046703        0.57219779202890       10.57790317081990      N
       -2.24348681552097        6.00049651580284        7.84184123150768      C
       -3.87604273206153        7.01673768682176        9.62928063039615      C
       -3.63783117083613        6.56453450829723       12.13179779922333      N
       -1.93307828110725        4.97320707041936       12.99002741819011      C
       -1.16701309313539        5.07207597752933       15.55249922741404      C
        0.85269749856275        3.76005726256959       16.44624882927674      C
        2.22165023397573        2.30409125510289       14.70081708153864      C
       -1.91468844994626        7.27906845872677        5.47544040171365      C
       -3.53989385345912        9.24026325152034        4.85138479592321      C
       -5.31015497270373       10.08968380688587        6.47818628220244      C
       -5.46644036556893        9.16185977638004        8.93121679784260      C
       -0.06951015321054        7.01148487370486        3.60591800018105      O
       -2.05604369794564        2.48207754807782        3.12134816934152      O
        5.83257165248746       -2.05508298529162        2.52627209953962      C
       -6.88121390666485       12.10819911081597        5.45395324567024      C
        5.73107373283592       -1.64892638043111        7.41151213902498      H
        1.56466933106152       -0.13241342156823        0.71257671790565      H
        3.66740969117499        0.91224500180330       15.45801453712732      H
       -2.48448973890274        5.90001722199300       16.93899420842202      H
       -6.61784263485933        9.77999519086979       10.55739492881293      H
       -3.46472159196700       10.33913326845169        3.13624963771934      H
        7.58907573323873       -3.19794275539503        3.61686884988966      O
        5.47312878021635       -2.15037308099247       -0.05287526864381      O
        6.98982589528869       -3.93357047109485       -1.19118681962765      C
        1.55745018519520        3.39711026550142       19.13575645207199      C
        3.47632203925656        2.13933280621020       19.48171527518151      O
        0.09139051038122        4.64199578560925       20.82779985902788      O
        1.58016053876356        4.56858957385657       23.05558366415528      C
       -8.93669007120201       12.54770335839899        6.36741017020391      O
       -5.65611071997122       13.64716557351059        3.74575114472444      O
       -6.45223677148953       16.26621991132799        3.75486570650227      C
        0.55936050057206        9.28524759937177        2.14093053793634      C
       -3.13487721869024        1.98584201096906        0.58066251591287      C
       -4.77687292502540       17.61854139432601        3.55532046095911      H
       -7.68907001089796       16.58668972147678        5.37569529081923      H
       -7.59494551973871       16.66499733964566        1.98005165740618      H
        3.23191418728037        5.70336558482721       22.78280837624697      H
        1.77986987267821        2.69947469872865       23.77631339332236      H
        0.63054376728528        5.48264380005484       24.44759913209544      H
       -5.17014268364635        2.63988570909656        0.43396107205600      H
       -2.82154921755540        0.01771582610662        0.05275599066259      H
       -1.91109766195315        3.23549334830878       -0.53941613283803      H
       -0.97591334048818        9.10130485529659        0.58968653307854      H
        2.20416069161569        9.06614148147023        1.04067965887543      H
        0.37364158084661       11.10336459702072        3.07371421840944      H
        7.02539834295141       -3.87323564424464       -3.18788982227783      H
        6.50782313882299       -5.99877421210047       -0.81503319319763      H
        8.89183703139888       -3.49386041571333       -0.50682439968389      H
       -2.64584108018114       -7.05381577691481       -0.97476791995192      C
       -2.19305208368245       -5.75224877508966        1.09004744220139      C
       -4.30346654082385       -4.57826284539285        2.35434007519842      C
       -6.68872183830956       -4.16476778660819        0.88878218047704      C
       -7.10017141692855       -5.58551497117246       -1.31433597633961      C
       -5.09147841070427       -7.03702072661418       -2.14406992582621      C
       -4.12038027013482       -3.37657495428477        4.66809512321934      C
       -5.79416565373330       -1.32024194096428        5.05424951852403      C
       -8.01121770867662       -0.96297360180414        3.52674896748315      C
       -8.38058965933667       -2.32357944858750        1.32854028332739      N
       -2.61878715087886       -4.27836536154085        6.70442197067717      C
       -2.46332791020256       -2.69381885464239        8.88245396013512      C
       -3.85976962611616       -0.41387866035348        9.07994783998848      N
       -5.45164128089615        0.30893734874903        7.30346621638842      C
       -6.89506246845986        2.49083101741079        7.62997233057822      C
       -9.00644610404190        2.85896339758503        6.08144441868459      C
       -9.50854346784081        1.21042177453481        4.16776133619234      C
       -1.86160161624986       -6.74770175642933        7.06390565585320      C
        0.03328984091250       -7.28377264558662        8.73827971438720      C
        0.46404201237897       -5.57670364986881       10.68150587046200      C
       -0.98029898112398       -3.50889053333058       10.93362625103452      C
       -3.09987872688204       -8.53121976608730        5.51961113382035      O
        0.18471911833764       -5.64540304919751        2.12806668204272      O
       -5.34929501704181       -8.45689981751080       -4.51198163442943      C
        2.31505057843987       -6.18018908298101       12.64142583356802      C
       -8.91859697970973       -5.66145276359176       -2.34817982809891      H
       -1.35349724564857       -8.46390944523181       -1.71220966314469      H
      -10.89350395049471        1.77648151129854        2.85197822673161      H
       -6.88452529062181        3.72936933480944        9.21690312649343      H
       -0.79042899139131       -2.18296020488231       12.52023951942118      H
        0.95586511854033       -9.13040454955868        8.28856181783464      H
       -3.87992517788573      -10.04161447286439       -5.14846544971517      O
       -7.17034380017977       -7.62995953271727       -6.09615546344961      O
       -6.68404161653392       -8.87500464887987       -8.48230777239620      C
      -10.50207992899041        5.14388301845825        6.21786259033190      C
      -11.65842587968387        5.93935425479509        4.44013983026928      O
      -10.58695838331712        6.24355965776132        8.64211063057331      O
      -11.85129915655606        8.47518480347414        8.72121714248228      C
        1.76348618226736       -5.73161642684196       14.82984598590867      O
        4.55673121108723       -7.21424134473312       11.64591737787847      O
        6.30978379495371       -6.38450876557083       13.29604062703033      C
       -5.76550699636400       -9.40669264745980        6.18337105194478      C
        1.64269151036633       -7.94571755678886        2.08860791548796      C
        5.91131239988241       -4.29562232478063       13.84194989736706      H
        8.34674696771561       -6.60214172108599       12.66465979177667      H
        6.22764246133250       -7.65959131028920       14.89637478247467      H
      -12.22611929996755        9.24879144045861        6.77776488851611      H
      -10.70786747020237        9.89702389824938        9.65422599640917      H
      -13.53731031252937        8.11584125233648        9.93082024711458      H
        3.00558681894690       -7.57527660021832        3.55833715410975      H
        2.55689943887190       -8.21166547008609        0.26731195618628      H
        0.49805961392586       -9.53762384404368        2.52000678493303      H
       -6.15352706029393      -11.11503949828636        5.30927601142931      H
       -6.78833444454951       -7.69088340241064        6.01971746726528      H
       -5.62360237146634      -10.02015699495008        8.22386247323946      H
       -7.89335796390254       -7.82200221851487       -9.87406550731643      H
       -7.26545439540638      -10.88369933404003       -8.71883521755723      H
       -4.77738246214852       -8.85840520889104       -8.96433142805894      H
$end
