$coord
        3.70050606743155       -0.36808605671066        3.95672497734075      C
        1.87829108240648        1.22660246016090        5.06937738356280      C
        2.45272365031989        2.37665054405222        7.39324543345996      C
        4.34756256335771        1.21735817820476        8.89020524628200      C
        6.25299822591472       -0.06348633802155        7.63057748341529      C
        5.96494149445799       -0.93491517770004        5.25327220989177      C
        0.74246514501080        4.03373808570284        8.31091753575050      C
        0.67449639363404        3.97565489906306       11.05105672002645      C
        2.52009876002661        2.57862076617858       12.44730185766432      C
        4.71664707861634        1.63639692431692       11.37683828197601      N
       -1.00555882991207        5.61254919978552        7.30383921997047      C
       -3.37363273915288        6.22054257577650        8.72000889010958      C
       -3.56220237417006        5.86367990053262       11.29837626809259      N
       -1.38701437283627        5.04402380542916       12.41679030249634      C
       -1.44466290971856        4.70199210771305       14.99523868990154      C
        0.50880085716497        3.48017615383701       16.30375710390217      C
        2.38279149383286        2.26726073465822       15.01986447729452      C
       -0.74288820515034        6.93186714733034        4.88483989628743      C
       -2.76496966358350        8.12954566766749        3.55076049774507      C
       -5.01200667551129        8.44008551431377        4.83350954646994      C
       -5.21754584963753        7.62671494514722        7.42011465915636      C
        1.49593079613311        6.83931748803083        3.65050405250480      O
       -0.30970789619153        1.85116640105505        3.71474225975703      O
        8.11796186265767       -2.06005126200735        3.87487147944282      C
       -7.34479657817481        9.74374173711361        4.07098015106362      C
        7.70477677399810       -0.43700700502380        8.97610318757494      H
        3.45488524278174       -1.42177404334675        2.22762735696140      H
        3.81401251466180        1.44429798440683       16.11791056891184      H
       -3.18352745683159        5.27164684467005       15.77769817325050      H
       -7.14022940813926        7.75026370907901        8.34591273323117      H
       -2.61949535732180        8.75365735608021        1.69465260617212      H
       10.05659705162146       -2.48193249076917        5.10027157751220      O
        7.96157165286883       -2.63581054490954        1.41634184043333      O
       10.48359570191240       -3.33245898159143        0.62045454080729      C
        0.74978468608090        3.80045287479418       19.29387137946437      C
        2.01908262822669        2.23026992778701       20.33200117375947      O
       -0.32747599354506        5.76759833175789       20.51198439587451      O
        0.13348935673374        5.58987035405557       23.13325991311405      C
       -9.15827681191310        9.58652827557121        5.44642326719989      O
       -7.27989547851621       10.97959029603294        1.82405126193156      O
       -9.41008541818472       12.23892258811215        1.63650351515565      C
        2.18255885956640        8.54909449252609        1.51704273558332      C
       -1.00096922773916        0.01160326059011        1.86019942549040      C
       -9.73394173423525       12.77113631697934        3.67361587117205      H
      -10.82551541874920       11.05115929090298        0.78505655694840      H
       -9.10254915653883       14.01234668256321        0.47590188113269      H
        1.95637937583365        4.88584395206378       23.34855355743128      H
       -1.22959119666314        4.49078665169590       23.97681375430746      H
       -0.01594467026336        7.48515219630378       23.54218749606924      H
       -3.01012449592883        0.39127746890005        1.40433489489888      H
       -0.98847998133121       -1.89668475270968        2.89005334498377      H
        0.17240433795195        0.13465925599562        0.31200348923674      H
        2.91676996105814        7.38941820760105       -0.13578313533444      H
        3.86714039768018        9.59876701546952        1.79992593819324      H
        0.56405876951673        9.78603160864018        0.62539229664280      H
       10.73577701417501       -1.98939797340108       -0.93231290644790      H
       10.63037781508374       -5.15274692856524       -0.33744091338150      H
       11.91119174298966       -2.64785379223793        1.91340069306255      H
       -3.98123713145620       -5.91178296586693       -1.43258183576039      C
       -3.53450241234224       -5.24755032916752        1.09151801808826      C
       -5.62410314526376       -4.38444483893029        2.54872889092841      C
       -8.00986939812055       -3.70689161756840        1.15190696287070      C
       -8.24645636804752       -4.72455606768785       -1.19750642949668      C
       -6.34273131325678       -5.86422990446117       -2.49760747294897      C
       -5.29255186481418       -3.25021946998707        5.07586704369629      C
       -6.87949928684044       -1.25210834114472        5.62293013732031      C
       -8.96522935271486       -0.68778157415068        3.94966346072616      C
       -9.67222542177992       -1.88529029024650        1.76081529416757      N
       -3.24496141875154       -3.86098545180103        6.81144978288168      C
       -2.65959938099249       -2.07757759811798        8.70607266634215      C
       -3.90188514163389        0.11349230737668        8.92974626255180      N
       -6.06318796200422        0.37713057901202        7.43018732245060      C
       -7.71081332184993        2.45277472814071        7.99305686637329      C
       -9.98175542199137        2.89093997292631        6.91684391927088      C
      -10.68576448332121        1.39714384153127        4.72485071946083      C
       -1.85114086887542       -6.31319671290988        6.82323960029998      C
        0.24832939315241       -6.75022396569443        8.33353280468483      C
        0.97273150051601       -4.68809345814728        9.92847657556045      C
       -0.55975308386926       -2.52181021672537       10.18403515959587      C
       -2.64071226057596       -8.60915561623599        5.68491979784986      O
       -1.02421822597321       -5.25493424182104        1.91293354821070      O
       -6.87106350315604       -6.51957076479394       -5.18976213229744      C
        3.23242741220000       -4.96293140902718       11.45981138883221      C
      -10.02617955037573       -4.46203207496435       -2.05966610316697      H
       -2.62840633354927       -6.79544058201717       -2.60022028484922      H
      -12.25279182564323        1.94566284886520        3.69785327459617      H
       -7.25813925108218        3.56042469630719        9.60970041234022      H
        0.15501216582999       -0.77734322493269       11.21867846136580      H
        1.19193179503690       -8.41813021069878        8.42992571788069      H
       -5.47625847944956       -8.08735959137709       -6.30328336634702      O
       -8.95698628739762       -5.60878408419168       -6.18864627815732      O
       -9.90626764727933       -7.04935479898819       -8.19355618544649      C
      -11.86731608086530        4.93054644472331        7.74882531251012      C
      -13.54726797929196        5.45227231290014        6.30006548876480      O
      -11.56416753635442        6.23883695586354        9.95312960330104      O
      -13.02879893558663        8.48715675191873        9.87258215276665      C
        3.63145200699669       -3.67373588270594       13.26194766184880      O
        4.55352424415930       -7.12272674067694       10.95851392723782      O
        6.59825994832518       -7.62461336853146       12.65251212546987      C
       -5.34629783478873       -8.92832992705595        6.12285640559985      C
        0.75058589690547       -7.12335375695486        0.94447886242916      C
        8.29743122786039       -8.09507423380587       11.76292479120587      H
        6.13508531379703       -9.24972284209286       13.72524505119447      H
        7.15285195428776       -6.05660063440238       13.84258733586145      H
      -14.92964471179674        8.03610468400571        9.28620834034271      H
      -12.06619439333851        9.90962118696664        8.65496422181504      H
      -12.79954468081964        9.43571060755678       11.49883745242874      H
       -0.08706540115192       -8.66723670789320       -0.13030556107141      H
        1.71742525315365       -7.86308881262609        2.71433947066229      H
        1.93827227006581       -5.97515546984785       -0.19199104361205      H
       -5.89425414747656      -10.57056821670972        4.92606194068941      H
       -6.33385387330552       -7.29068917085112        5.39126243996281      H
       -6.01199415473986       -9.30162718592169        7.96801915693147      H
      -11.89748272523204       -7.05269183468900       -8.67373056777389      H
       -9.35121783320249       -9.02649335216347       -8.07399490295161      H
       -8.57059609813318       -6.17175860816228       -9.79546411900179      H
$end
