 -1.0
 -0.54115868793692D+01 -0.10443947934621D+01 -0.90881291785911D+00  0.16105319702595D-03  0.25683265733721D-04  0.39785691784228D-04
 -0.38082051616245D+01 -0.29068648431751D+01  0.13927377357231D+00  0.12066048062744D-03 -0.13337424376663D-04 -0.10138067613995D-03
 -0.22294404920816D+01 -0.21726544735771D+01  0.23952800856093D+01 -0.39569914265104D-03  0.12611822245645D-03  0.27662967003146D-04
 -0.18813980718686D+01  0.73343397736041D+00  0.26509208795126D+01  0.44023622875662D-03  0.56282420490843D-03 -0.28724117093646D-03
 -0.34131618669357D+01  0.23582904479268D+01  0.12995749138393D+01 -0.56207013871559D-05 -0.88860103120224D-04 -0.88073337957942D-04
 -0.53028961399903D+01  0.15269358772433D+01 -0.89407120284094D-01  0.62126218982888D-03 -0.29986521435140D-03  0.80514781235522D-03
 -0.86299729427595D+00 -0.37170906093426D+01  0.42280142048810D+01 -0.17315909476447D-03 -0.11676276923846D-03  0.34469896566143D-03
  0.13589782104974D+01 -0.23487724236223D+01  0.51734076273584D+01 -0.87830107205079D-05  0.27120476343360D-03 -0.13926066827122D-03
  0.16350212065784D+01  0.19397261601169D+00  0.52525445546054D+01 -0.16891305016873D-03 -0.76090360712864D-03 -0.10763933383732D-03
  0.79512347530669D-01  0.17871929290409D+01  0.39045969348502D+01 -0.14873446061089D-03 -0.97688663420188D-04  0.27920795931346D-03
 -0.10836552574051D+01 -0.64758885596558D+01  0.44937108676968D+01 -0.38085320213254D-05 -0.39965435501779D-03 -0.99698918197595D-04
  0.10756868860069D+01 -0.76983343865485D+01  0.54405910209192D+01  0.57806013986047D-03 -0.14946852783854D-03 -0.87602129764064D-04
  0.30142489911751D+01 -0.65282798768663D+01  0.64096698081350D+01  0.24147542075426D-03 -0.21418882270630D-03 -0.22268678907208D-03
  0.31733673520111D+01 -0.39152849695870D+01  0.63712856814126D+01  0.28117222497882D-03  0.36221864841204D-03  0.89470767328889D-04
  0.51616432061717D+01 -0.27408056051188D+01  0.75380651715466D+01  0.19941711085430D-03 -0.19083990154103D-03 -0.72954046092857D-04
  0.55184124935179D+01 -0.13065029881464D+00  0.77361035217940D+01 -0.23293666972947D-03 -0.13939440042901D-03 -0.31533798591715D-03
  0.37887102482361D+01  0.15120803997666D+01  0.65154595657006D+01  0.17740994952877D-03  0.29628069991433D-03 -0.61117990053500D-05
 -0.32712578330891D+01 -0.77833974284622D+01  0.35485046857187D+01 -0.64033517365598D-03  0.18484280059375D-03 -0.45590337039468D-03
 -0.28887454395826D+01 -0.10386850964456D+02  0.37635155011159D+01 -0.14406513948974D-03 -0.32566368233521D-03 -0.49190800771216D-03
 -0.83869243589381D+00 -0.11676471546499D+02  0.47810202212739D+01  0.93836751842014D-05  0.80519239493780D-04  0.23733070626967D-03
  0.12183985658451D+01 -0.10333000790342D+02  0.55746282118610D+01  0.22878990597355D-03 -0.38640451538923D-04  0.15205686281312D-03
 -0.55061225050030D+01 -0.67656973515621D+01  0.26496719931138D+01  0.33236713899161D-03  0.10135951091081D-03  0.64782569326319D-05
 -0.34885928002051D+01 -0.52959317341624D+01 -0.82162598990963D+00 -0.26643053452493D-03 -0.24891994539813D-03  0.87601682522505D-04
 -0.73887004185139D+01  0.32680100711885D+01 -0.83147204434176D+00  0.29080674662211D-03 -0.25856681959951D-03 -0.28217799669773D-03
 -0.28047332200663D+00 -0.14353688843388D+02  0.47569024042459D+01  0.21636831942070D-03  0.44774596543948D-03 -0.13766993019606D-03
 -0.34176557089269D+01  0.43541758602050D+01  0.19163408230503D+01  0.67123754082042D-03  0.54211621248125D-03 -0.93628055876427D-03
 -0.65152154726143D+01 -0.13456246463323D+01 -0.25919247560475D+01  0.38381245302159D-03  0.29507870052937D-03 -0.31634984804600D-03
  0.44380621343917D+01  0.32302340466281D+01  0.58370028028748D+01 -0.82109770068330D-04  0.29889407455495D-03 -0.46660917228909D-04
  0.66918889004459D+01 -0.36172303152598D+01  0.81961180171467D+01  0.85111063671756D-04 -0.19039834997791D-03  0.67471525104097D-03
  0.26540989859676D+01 -0.11316409722879D+02  0.64491391671700D+01 -0.99961428589155D-03  0.31086130651414D-03  0.46461952586451D-03
 -0.42148521499312D+01 -0.11657014376544D+02  0.28051681888784D+01  0.80762584159107D-03 -0.24877130797799D-03  0.13154438901023D-03
 -0.74578174810419D+01  0.52350375717991D+01  0.45844673246334D+00 -0.11901710353165D-03 -0.26362812021759D-04  0.50019266719770D-05
 -0.92467133275089D+01  0.24966374978214D+01 -0.23408311744858D+01 -0.36571833199266D-03 -0.37281727597573D-03  0.55916679896546D-05
 -0.11287337734867D+02  0.40543440289288D+01 -0.24889175357659D+01 -0.19755457175582D-03  0.56648187638894D-04 -0.36257660094446D-04
  0.79731525289715D+01  0.90585436869596D+00  0.87109017888692D+01 -0.23543270733872D-03 -0.26791951792846D-03 -0.34555699925671D-03
  0.99606120089052D+01 -0.27088181814276D+00  0.88260306695721D+01  0.21418770960772D-03  0.12591902809460D-05  0.30591962756086D-03
  0.77204187436522D+01  0.31115216209507D+01  0.99088732807181D+01 -0.15354209881160D-03  0.34759846417869D-04  0.18924294740467D-03
  0.95520846977350D+01  0.33046506352670D+01  0.11629319258359D+02 -0.22479367391917D-03  0.46952394546248D-03 -0.31772748310324D-03
  0.17624559683295D+01 -0.15267741366755D+02  0.51369838804944D+01 -0.21481826985971D-03  0.16120504231979D-03  0.26792862835882D-03
 -0.23978625182911D+01 -0.15912499894556D+02  0.43680511543284D+01  0.90265830571906D-04 -0.34397167800262D-04  0.40789947960407D-03
 -0.19843193159081D+01 -0.18307791271319D+02  0.54360657200608D+01 -0.88033293557818D-04  0.11393170994905D-03 -0.42845929779674D-03
 -0.78033888857764D+01 -0.74432336598887D+01  0.38411787437238D+01  0.22703755152903D-03 -0.23071338184615D-03  0.41812935782601D-03
 -0.53045798800875D+01 -0.60894571941380D+01 -0.26827981962859D+01 -0.24302040322832D-03 -0.36518602307495D-03  0.40889919189437D-03
 -0.25288821812417D+01 -0.18263199171461D+02  0.73819759807525D+01 -0.31960384446131D-03  0.12105976660082D-02 -0.44210768083675D-03
  0.59099062009115D-01 -0.18601475649360D+02  0.52624388947357D+01  0.51025164912482D-03 -0.73470540286136D-03 -0.72465079923690D-03
 -0.31412146140612D+01 -0.19695045656414D+02  0.43087153124607D+01  0.25890984332325D-03 -0.44969289534411D-03 -0.43080071131899D-03
  0.89361730108820D+01  0.51236740091000D+01  0.12509845549632D+02  0.92736219087423D-03  0.16768609836222D-02  0.81636009886393D-03
  0.11554899858212D+02  0.32846356673451D+01  0.10608475717247D+02  0.26927245888118D-03  0.41172222498059D-03  0.59406838510241D-03
  0.92364175509081D+01  0.17144006876235D+01  0.12958129170669D+02 -0.41844924060050D-03  0.55158333963540D-03 -0.20907792300923D-04
 -0.74007959033866D+01 -0.59587405373029D+01 -0.20750276424344D+01 -0.11423632309966D-02  0.12142537843280D-03  0.84526695295527D-04
 -0.44850677798273D+01 -0.79032346996483D+01 -0.31770240849224D+01  0.36741316570807D-03 -0.20448486975499D-03 -0.11479464543390D-03
 -0.49939496195532D+01 -0.47097904008061D+01 -0.41746706104650D+01  0.74479893927359D-03  0.36471492136105D-03  0.36026666462908D-03
 -0.79504482184717D+01 -0.77061481433204D+01  0.58800535353086D+01 -0.65921158598201D-03 -0.83309326240860D-03  0.13407372917707D-05
 -0.86036479478492D+01 -0.92587388927222D+01  0.33560236311567D+01  0.14230031384708D-03 -0.42929739617891D-03 -0.38167742684207D-04
 -0.88881701321372D+01 -0.57170817840945D+01  0.33698114831512D+01 -0.46306955313462D-03 -0.70641918655988D-03 -0.65315267369742D-04
 -0.10812635807390D+02  0.60855018712829D+01 -0.26753269963842D+01 -0.22779999499234D-03  0.88184058014402D-03  0.18682814893635D-03
 -0.12111711163329D+02  0.34753826694265D+01 -0.66081418465212D+00  0.36527518850207D-03  0.82314985866147D-03 -0.19405399263896D-03
 -0.12770020347743D+02  0.39345861609308D+01 -0.39105411190261D+01 -0.64262505483822D-03 -0.12802208051733D-03  0.24551401667222D-03
 -0.36268514918522D+01  0.11663752972106D+02  0.78326534982436D+01 -0.89704328078747D-05  0.41909147687553D-03  0.28947893013982D-03
 -0.41006665944413D+01  0.90432997022006D+01  0.76005431297929D+01  0.12750700115730D-03 -0.89980965938683D-04 -0.51539787775122D-04
 -0.28603677152213D+01  0.72898692947967D+01  0.94164149045745D+01 -0.40278426342776D-04 -0.21463181372858D-03  0.58786796269762D-03
 -0.42714234536428D+00  0.81931218069374D+01  0.10322672299278D+02  0.35550962715489D-03 -0.37739768841029D-03  0.12474865269105D-03
  0.32051241678125D+00  0.10825831776094D+02  0.10209473128323D+02  0.40168896964831D-03  0.23965523801685D-03 -0.28308365639852D-03
 -0.13702887423080D+01  0.12422730434753D+02  0.90831225685672D+01 -0.31974913147101D-03  0.20058195673140D-03 -0.44266801931145D-03
 -0.33697398554446D+01  0.46466803598973D+01  0.97305828073483D+01 -0.18807838449144D-03  0.12995929321854D-03 -0.62754517417327D-03
 -0.13699240139130D+01  0.32293637206638D+01  0.10750667720615D+02  0.13921401737820D-03  0.39092383884418D-03  0.28062734977738D-03
  0.11011979337282D+01  0.42796712307405D+01  0.11376592693869D+02  0.44540906496083D-04 -0.12116073103126D-03 -0.16331098514022D-03
  0.16920426909995D+01  0.66560005849123D+01  0.10899357415933D+02  0.20422718478083D-03  0.72373246442719D-03 -0.41922811931234D-05
 -0.57999731246230D+01  0.33168463726663D+01  0.89412140706987D+01 -0.56007680015008D-03 -0.31488953366358D-03 -0.29474407039092D-03
 -0.54967025044535D+01  0.64574286804339D+00  0.84657534739899D+01 -0.18088951254707D-03  0.11787352874715D-03  0.15516257767869D-03
 -0.36435054362312D+01 -0.72008220584310D+00  0.95935210504755D+01 -0.26610891853222D-03 -0.37131422406983D-03 -0.55631826178851D-03
 -0.16329950032259D+01  0.48425968223836D+00  0.10610079059031D+02 -0.45425723545911D-03 -0.46315591804457D-06  0.79713271462045D-04
  0.46129160147707D+00 -0.10414133551302D+01  0.11059800654845D+02 -0.23992744326071D-03  0.11704740276993D-03 -0.16869450829465D-05
  0.25655896227296D+01  0.15710858749905D-01  0.12314534817123D+02  0.18819820467223D-03 -0.24875055170632D-03 -0.10580145508485D-03
  0.29026559328835D+01  0.25368088331876D+01  0.12413945751056D+02 -0.32958697709804D-03 -0.54737622351158D-03 -0.60197660445478D-04
 -0.83010325471290D+01  0.45507136771086D+01  0.88298749026207D+01 -0.31554827244436D-03  0.23361721028163D-03  0.10486932296466D-03
 -0.10238002147087D+02  0.31893456568331D+01  0.76630992025011D+01 -0.20125079535864D-03  0.14926252197679D-03  0.37752642995738D-03
 -0.97006630394734D+01  0.73657323519091D+00  0.66621206881122D+01 -0.88330814865408D-04  0.24645714391735D-03  0.22382937479464D-04
 -0.75960322500795D+01 -0.63730779678585D+00  0.73505962758814D+01 -0.25891717444977D-03  0.15207223559179D-03 -0.35706688056136D-03
 -0.85279333413572D+01  0.67451640938384D+01  0.10078401371573D+02  0.22553556697948D-04  0.24425368523987D-03  0.21669163696930D-03
 -0.56641821528246D+01  0.83661983112088D+01  0.55831015057493D+01  0.25379886670714D-03  0.41053755907810D-03  0.10093141728351D-03
 -0.59097552065853D+00  0.15069464675855D+02  0.90079925028048D+01  0.31602918355503D-03  0.34605043066547D-03 -0.10245973005721D-03
 -0.11585735607191D+02 -0.69031988067610D+00  0.53923142615809D+01  0.51124015688317D-03  0.34203215481711D-03 -0.25889681567042D-04
  0.17837730959988D+01  0.11625460267942D+02  0.11358999214479D+02 -0.12922333412890D-02 -0.21471609518239D-03  0.14309367734699D-03
 -0.42450499888439D+01  0.13364590537512D+02  0.66325003621889D+01  0.14309937806676D-03  0.62962668524720D-03 -0.23738473450706D-04
  0.46964435350730D+01  0.31770436527206D+01  0.13178531635590D+02 -0.29459732585374D-03  0.54464889350581D-03  0.42474286766305D-03
  0.78113754980063D+00 -0.31496320786866D+01  0.10818844659793D+02  0.35896706136706D-03 -0.22615814951208D-03  0.81175079423393D-03
 -0.77791005353000D+01 -0.24954408174617D+01  0.68700601882521D+01 -0.19405167801447D-03  0.55374562282334D-03 -0.10900788094876D-04
 -0.12104609740815D+02  0.38255817613669D+01  0.76201643133149D+01 -0.28849256885891D-03 -0.21838180776669D-04 -0.13290898441111D-03
 -0.21014369491787D+01  0.16832959388881D+02  0.87570134306753D+01 -0.98829903306240D-04  0.99764900481204D-04  0.10693065699221D-03
  0.19716124295372D+01  0.15489839074749D+02  0.95800474482795D+01  0.11064773967170D-03 -0.27338083758986D-03  0.52059727505752D-03
  0.26194075305840D+01  0.17872935639003D+02  0.87481497212287D+01 -0.30033632436696D-03 -0.40360514945819D-03 -0.28352121996759D-03
  0.47230895323010D+01 -0.18296965010490D+01  0.12831224174064D+02 -0.57941640898031D-04 -0.15853804452601D-03 -0.32402148540840D-03
  0.66174937393135D+01 -0.10313333560385D+01  0.13834183284848D+02  0.24008809499436D-03 -0.19915865731040D-03 -0.19262059711306D-04
  0.41391737854237D+01 -0.42229627842141D+01  0.12297839752237D+02 -0.31583142221243D-03  0.11281611539116D-03 -0.22475573472138D-05
  0.62702272151847D+01 -0.57047905019862D+01  0.13093480706803D+02  0.92614414843240D-04 -0.22562730270033D-03 -0.13118455927912D-03
 -0.13373545917173D+02  0.57890225579771D+00  0.45674223129185D+01 -0.61344940635753D-04 -0.21088214962454D-03  0.51687891297732D-03
 -0.11391433970284D+02 -0.31846377859582D+01  0.49503563149482D+01 -0.33615812436299D-05 -0.22609876074806D-03 -0.32702676676402D-03
 -0.13686993462409D+02 -0.42073871979697D+01  0.35757569217008D+01 -0.40967037157146D-03  0.45573734815488D-03 -0.42807926291151D-03
 -0.10291834602609D+02  0.86305962045125D+01  0.93414271461797D+01 -0.11906554705059D-03 -0.22693524694352D-03 -0.22784777983757D-03
 -0.59574262889230D+01  0.10412079465222D+02  0.38546676600868D+01 -0.18555916004666D-03 -0.17214595774736D-04  0.29545470046494D-04
 -0.14824891245449D+02 -0.29197134570084D+01  0.25707664330151D+01  0.15764960386602D-03 -0.10838966167954D-02  0.56944057801438D-04
 -0.15254506342567D+02 -0.50083705925342D+01  0.46472051995393D+01 -0.37959212401911D-03  0.31103177650357D-04  0.47479934670506D-05
 -0.12767829853367D+02 -0.54444967327559D+01  0.20958680419799D+01  0.21864273257997D-03 -0.49008883984408D-03  0.22420854070128D-04
  0.79555076578039D+01 -0.54741823497860D+01  0.11842427839197D+02  0.96694686058465D-03  0.10362904182929D-03  0.64855678463734D-03
  0.57402903558497D+01 -0.78348444277286D+01  0.13614094429711D+02  0.60199085585208D-03 -0.33875174266418D-03 -0.22736702225377D-03
  0.71277793604407D+01 -0.48092411309989D+01  0.14681595376760D+02  0.19370401347779D-03  0.49902006466401D-03 -0.26108525203977D-03
 -0.41343705303630D+01  0.11015788521115D+02  0.30645703493967D+01  0.31570743229920D-03 -0.79629518312518D-03  0.86186374168098D-03
 -0.74151549846992D+01  0.11694515867085D+02  0.46948668447195D+01  0.49402835221840D-06  0.64568573834337D-04  0.88514667855469D-03
 -0.70754188320215D+01  0.97374933205937D+01  0.21346518176946D+01  0.23988668224777D-03 -0.12603365996218D-03 -0.39840125923870D-03
 -0.97939597509010D+01  0.91635401410421D+01  0.73947966465860D+01  0.71099940608233D-03  0.49027968251717D-03  0.43869469246020D-03
 -0.98664258349578D+01  0.10119650503023D+02  0.10835695109710D+02  0.10835352801294D-02  0.48246859805009D-03 -0.13217322397294D-02
 -0.12322954152158D+02  0.80078091401731D+01  0.94484043398176D+01  0.47789611589449D-04 -0.12628271671876D-02 -0.13573294447759D-03
  0.28084032743657D+01  0.19444647694559D+02  0.10041376452297D+02  0.13933360953286D-02 -0.16962149993416D-03 -0.37245967875563D-03
  0.12833413096503D+01  0.18163516430226D+02  0.71033690207866D+01  0.15647735979043D-03 -0.50107021391342D-03 -0.33576003609563D-03
  0.43351029854077D+01  0.17524724484347D+02  0.76621020307417D+01  0.39368566428240D-03 -0.60530529308869D-05  0.31889258496633D-03
