 -1.0
 -0.32690937427958D+01 -0.45923644842782D+01 -0.14649482891809D+01  0.10453265887332D-03 -0.32581380185648D-04 -0.19774143368180D-03
 -0.79476101145633D+00 -0.40409733589301D+01 -0.74121548072440D+00 -0.37940541084694D-03 -0.63314947198982D-03 -0.55085157543521D-03
 -0.19850248283443D+00 -0.40185709826824D+01  0.20276176174149D+01  0.46260670458743D-03 -0.36790306861804D-03  0.36158211750423D-03
 -0.22190698556927D+01 -0.34167749773441D+01  0.36684694668026D+01  0.59511000996762D-04 -0.51080788519405D-03 -0.45870023373914D-03
 -0.46184956862630D+01 -0.36247973833943D+01  0.28602086462080D+01 -0.12772284602297D-03 -0.10579522870958D-03 -0.81095505367509D-03
 -0.52642976911885D+01 -0.43185296272366D+01  0.33088298048340D+00 -0.51235879010981D-03  0.32093696458557D-03  0.20275342205743D-03
  0.23208281473881D+01 -0.38892594222092D+01  0.28616472071560D+01  0.54013040903481D-03 -0.77632925868666D-06  0.40304261030000D-03
  0.23733836916461D+01 -0.26566518882484D+01  0.51217349688098D+01 -0.34785288966451D-03 -0.56754068272122D-04  0.63369297462686D-05
  0.41562911798110D+00 -0.21222733710158D+01  0.69568455031953D+01  0.49117998719945D-03  0.83956228510774D-04  0.17453878986116D-03
 -0.19735923106101D+01 -0.25283851591634D+01  0.59077871710938D+01 -0.67039955352951D-04 -0.23942605431493D-04 -0.13774167533412D-03
  0.45379873072666D+01 -0.51521916599820D+01  0.18308855653544D+01 -0.14939251434252D-03 -0.48207919788533D-04 -0.90860954008277D-04
  0.69447483245758D+01 -0.43826379687841D+01  0.27158631379587D+01  0.39987263660390D-04 -0.37786961173022D-03 -0.32101836072754D-03
  0.71999096112117D+01 -0.24214600155277D+01  0.45083317174202D+01 -0.96136068844219D-04 -0.28001147291952D-03  0.12903462487716D-03
  0.50359333459874D+01 -0.20381409182471D+01  0.57888704880681D+01  0.96068638215993D-04  0.22533210710565D-04  0.13025596793743D-03
  0.53841905625107D+01 -0.46137968553713D+00  0.79863780554373D+01  0.87775601446802D-03  0.52046756659738D-03 -0.73205396212792D-03
  0.34111020607521D+01  0.22540108992462D+00  0.97513967752038D+01 -0.80846458165368D-04 -0.24562093270559D-03 -0.48971283589943D-03
  0.96504960511774D+00 -0.72554094968765D+00  0.91868074430336D+01 -0.18492514190863D-03 -0.51877736081354D-03 -0.14159977142891D-03
  0.45256701872544D+01 -0.69408138129318D+01 -0.13351595503518D+00  0.15104828247641D-03 -0.58506189038206D-04  0.48526540741332D-03
  0.69124300665186D+01 -0.73503759340405D+01 -0.15116328766448D+01 -0.89401628918783D-04 -0.49900963374956D-03  0.11072305188897D-03
  0.91505842516169D+01 -0.69149851916421D+01 -0.19226654246433D+00 -0.47780160593996D-04 -0.72828228705263D-04  0.55402125223773D-03
  0.91131836043381D+01 -0.57422684823087D+01  0.20974504055393D+01 -0.14845223736325D-03 -0.45671776028618D-03  0.21215797189776D-03
  0.24528987784604D+01 -0.87171442456255D+01 -0.35321812486429D+00  0.27781142458936D-03  0.87963264679085D-04  0.28390205171229D-03
  0.89873914960465D+00 -0.31759958033327D+01 -0.26022320799681D+01  0.32963122721333D-03  0.58538117219151D-04 -0.10137411361871D-03
 -0.78716692786036D+01 -0.44557247461949D+01 -0.48849799088954D+00  0.37037223777247D-04  0.67875930107176D-03 -0.33352889822211D-03
  0.11662395457256D+02 -0.77634976774043D+01 -0.13722018432696D+01  0.12281945193762D-03  0.30337921770607D-03  0.45841698278091D-03
 -0.61332631646516D+01 -0.27694637930487D+01  0.40008712549299D+01 -0.73341781637807D-03 -0.23975680960255D-03  0.90190819720002D-04
 -0.38681616374474D+01 -0.45197772047567D+01 -0.34322765890886D+01  0.29604563990430D-03 -0.12827779311167D-02 -0.35897325994000D-03
 -0.52283763859940D+00 -0.22122695543965D-01  0.10301172387468D+02 -0.90902537740395D-03 -0.10886683400723D-03 -0.11600660822281D-02
  0.71910494107729D+01 -0.11170387466428D-01  0.85005817628845D+01 -0.52545964661355D-03  0.48181390514620D-03 -0.37047515759055D-03
  0.10855773946760D+02 -0.55966554754259D+01  0.33350159549625D+01  0.96761006258377D-04 -0.75878364529317D-03  0.20035760325271D-03
  0.71744968939426D+01 -0.90185095428147D+01 -0.26892565474541D+01 -0.21932835232828D-03 -0.26651808059369D-03  0.25237406914729D-04
 -0.82414788127599D+01 -0.66353691629834D+01 -0.13856867423905D+01  0.67029435439897D-03 -0.27113369993824D-03 -0.41385726897503D-03
 -0.92398431859378D+01 -0.24684713136989D+01  0.40505484593178D+00  0.37685195339410D-03 -0.13922487991963D-03  0.56950035287613D-04
 -0.12117550984999D+02 -0.28220717135958D+01  0.63943121918532D+00 -0.43882998955882D-03  0.55440638621893D-03 -0.28431782171711D-04
  0.41003652962872D+01  0.16728493592927D+01  0.12161605626837D+02  0.99753549809651D-05  0.22786679919047D-03  0.14660332473666D-03
  0.37165702738993D+01  0.38772815649975D+01  0.12585131250437D+02  0.36025817572869D-04 -0.14163087813897D-03  0.18736058120653D-03
  0.48385270302076D+01 -0.82884683532825D-01  0.13820144533526D+02 -0.53871630876768D-03  0.39153328711034D-03 -0.25807798360852D-04
  0.54106046640317D+01  0.93108254329234D+00  0.16182484322325D+02 -0.12928136847277D-03  0.53578927092010D-03 -0.29227727167615D-03
  0.11949806140969D+02 -0.95149622051269D+01 -0.30577416119990D+01 -0.26083139140967D-03 -0.88689541493697D-05 -0.10314216269777D-03
  0.13837223300703D+02 -0.67685824684692D+01  0.13147431761880D-01  0.59653856038644D-04  0.38045538608650D-04 -0.26715491423942D-03
  0.15668885414491D+02 -0.82468383534306D+01 -0.13405700361214D+01  0.21498786222758D-03  0.43605387607337D-03 -0.83560730189494D-03
  0.24452074187369D+01 -0.11410761526791D+02 -0.67155660315968D+00  0.14045096223441D-03 -0.80426603380217D-03 -0.51713617160884D-03
  0.19786080205971D+01 -0.78314916463830D+00 -0.23315898876067D+01  0.21673280671463D-03  0.10383764770067D-02 -0.14604130498759D-03
  0.17626712217102D+02 -0.75330613684847D+01 -0.14319470490165D+01 -0.10424381438815D-02 -0.47405709142693D-03  0.43383031333523D-05
  0.15165670149680D+02 -0.85107564221895D+01 -0.34377767813758D+01 -0.32029601772900D-03  0.69068653995288D-04 -0.29184771240342D-04
  0.15575528930137D+02 -0.10131589279866D+02 -0.44792352897000D+00  0.44204515766161D-03 -0.13687367607902D-02  0.54869955251750D-03
  0.46120986009336D+01 -0.34922691890306D+00  0.17615156357626D+02  0.10588222523955D-05 -0.85475891238525D-03  0.32071637639073D-04
  0.50943782765030D+01  0.30793009174296D+01  0.16191834612854D+02 -0.63700726791078D-04  0.37198345964261D-03  0.10648379032015D-03
  0.74337782830668D+01  0.53626379606689D+00  0.16370254845030D+02 -0.18019431762610D-03 -0.15353145191405D-03  0.20735026907697D-03
  0.83338875123659D+00  0.30222849870931D+00 -0.91895407005281D+00  0.11860077770824D-02 -0.27956528727423D-03 -0.44394657431434D-03
  0.25828522298644D+01  0.16415263017812D+00 -0.41977942810963D+01  0.59757210009616D-03  0.63112703715595D-03  0.64707271998653D-03
  0.36504316756668D+01 -0.13171041517426D+01 -0.11934077105574D+01 -0.21005121054264D-03  0.28291865288150D-03 -0.23030425865448D-03
  0.88055399231610D+00 -0.11841282891914D+02  0.44438893600607D+00 -0.89985308068533D-03 -0.55648651472477D-03 -0.70560061838210D-03
  0.42719502384098D+01 -0.12402098596494D+02 -0.55901159224687D+00  0.31826865826786D-03 -0.66980604664764D-03  0.15383933900975D-03
  0.23254640631111D+01 -0.12040791956718D+02 -0.25100889829570D+01 -0.65928566759501D-03  0.22609888407336D-03 -0.65621844755519D-03
 -0.12439305734248D+02 -0.41337155208111D+01  0.21123054438996D+01 -0.86354856162683D-03  0.67481979506087D-03  0.13826393826049D-02
 -0.12891715977410D+02 -0.33386293481662D+01 -0.11579889158170D+01  0.48503328664921D-03  0.17882885386704D-03  0.44779327743993D-03
 -0.13150162490022D+02 -0.12042622446161D+01  0.12985391546961D+01  0.62952559131675D-03  0.75767657718042D-04 -0.24850436094067D-04
 -0.48329299290179D+01  0.40325130270677D+01  0.29630602165464D+01 -0.98293671916119D-04  0.77845439854279D-04  0.62551268533400D-04
 -0.63435292622829D+01  0.35346713782989D+01  0.52042927499857D+01  0.13893324927674D-03  0.23410966820514D-03 -0.10451021442984D-04
 -0.53767716317284D+01  0.40118645942596D+01  0.76645902715952D+01  0.31402209186890D-03  0.46946140389109D-04  0.26748460973749D-03
 -0.28691498710186D+01  0.48904562662804D+01  0.79160945709558D+01 -0.21053138377211D-03  0.41993076260995D-03  0.74034499176171D-03
 -0.15391103457755D+01  0.52427382792221D+01  0.56322896648086D+01 -0.73599034643841D-03 -0.58854412833520D-03  0.45387743613793D-03
 -0.24965748410461D+01  0.53848062186232D+01  0.31314162715037D+01  0.30333344138288D-03 -0.11104681831242D-05  0.41869729413589D-03
 -0.68150059078591D+01  0.39408204746315D+01  0.98441360709223D+01  0.80901537156247D-03  0.39697361741665D-04 -0.64097249866760D-03
 -0.56219128948233D+01  0.35677543935437D+01  0.12188647572502D+02 -0.31558813937228D-03 -0.24585531177295D-04  0.52136976503316D-03
 -0.29007640912450D+01  0.40347882855224D+01  0.12206675738820D+02 -0.28410633329044D-03 -0.47863337761474D-03  0.24577365559560D-03
 -0.16219350721767D+01  0.45601648965586D+01  0.10135718710934D+02 -0.38030121713174D-04 -0.12474016050473D-03  0.56093712708785D-03
 -0.95495439709251D+01  0.43644932169699D+01  0.10127711702931D+02  0.96615747100170D-04  0.41900765563362D-03 -0.44910357565082D-05
 -0.10910320527094D+02  0.33514092020988D+01  0.12557323705745D+02 -0.88200293904517D-05  0.15598953829165D-03  0.25887397259361D-03
 -0.93760970470377D+01  0.23328154126567D+01  0.14641096914711D+02 -0.60050096848346D-03 -0.89825313638247D-04 -0.75987781926679D-05
 -0.67966563747951D+01  0.27538543450305D+01  0.14427649460781D+02 -0.23637996548408D-03  0.50546503941038D-03 -0.25779248713066D-03
 -0.53789473344347D+01  0.22083759096548D+01  0.16581808663927D+02 -0.30913929995734D-03 -0.43721350108655D-03  0.17673335944854D-04
 -0.27334492771079D+01  0.28613107515070D+01  0.16781105625908D+02  0.37048573566557D-03  0.11876596451390D-04  0.29190301556474D-03
 -0.15549403385039D+01  0.36348141591155D+01  0.14455903750352D+02 -0.45829313127905D-03  0.17528781874623D-04 -0.30308546217202D-03
 -0.10898719237877D+02  0.61269472025148D+01  0.86874443202283D+01 -0.29299673582833D-03  0.21093695326191D-03 -0.30572804045594D-03
 -0.13517589636508D+02  0.65419809191083D+01  0.90266266939617D+01 -0.15183486531485D-03 -0.50666822090298D-03 -0.41539063694504D-03
 -0.14799078408069D+02  0.54067027483521D+01  0.11066400051402D+02 -0.36892396764500D-05 -0.52131062855047D-03 -0.30489707388629D-03
 -0.13523559546884D+02  0.39153546426516D+01  0.12746486043926D+02  0.34859122691791D-05  0.30220277483240D-03  0.45755624226515D-03
 -0.94922772514290D+01  0.79871773810895D+01  0.72008032609326D+01 -0.13389619817262D-03  0.35191028800597D-03 -0.26406183573322D-03
 -0.84900449774520D+01  0.20229875510004D+01  0.50673031735364D+01  0.68817605650274D-04  0.79433775547585D-03  0.45699824336385D-04
 -0.11519122096287D+01  0.56144128909068D+01  0.70453694057810D+00 -0.29505348840150D-03  0.24818759938019D-03 -0.34931513299795D-04
 -0.17396397003059D+02  0.63442466165869D+01  0.11598586180879D+02 -0.22008004018369D-03  0.32795564579387D-04  0.60710335953823D-03
  0.53359203003629D+00  0.52775595888649D+01  0.59332467799721D+01  0.67159589103658D-04 -0.14689254988076D-04 -0.65114763052316D-03
 -0.54950513123491D+01  0.28802693516902D+01  0.14381054314856D+01  0.90080857901916D-03 -0.54890882823807D-03  0.59250566086814D-03
  0.53676111888846D+00  0.36484519836161D+01  0.14199943331539D+02  0.15588937627325D-02  0.72496364189266D-03 -0.31902544666325D-03
 -0.61731815182543D+01  0.15562521032820D+01  0.18209165042357D+02  0.24058645610197D-03  0.12996931885140D-02 -0.12625437134223D-02
 -0.14496610063413D+02  0.37158051850885D+01  0.14474294599097D+02  0.61690538492759D-03  0.26491354076456D-03  0.81655330011516D-04
 -0.14057355377701D+02  0.80614024526315D+01  0.79676780702222D+01 -0.11677159012535D-03 -0.65346099031146D-03  0.76260971926642D-04
 -0.11342551567525D+01  0.38616938964092D+01 -0.91414197751982D+00  0.13834581804610D-04  0.16404058935178D-03 -0.82012085001047D-03
  0.17234397547038D+00  0.78719913873773D+01  0.11758437859738D+00  0.10062632307887D-03  0.32042892288416D-03  0.49346739548502D-03
  0.14617161356807D+01  0.76378804508149D+01 -0.20547236722807D+01  0.37599431530108D-03 -0.56525483320522D-03 -0.19197147754052D-03
 -0.10778668963498D+01  0.18437062796735D+01  0.18762591517932D+02  0.18060659918270D-03  0.33357566645633D-03 -0.17849726897104D-04
  0.22946683124352D+00 -0.82922558395541D-01  0.18123270620251D+02 -0.32808258692729D-03 -0.18736587955407D-03  0.68002021809425D-03
 -0.17032371484036D+01  0.27649206038128D+01  0.21150973829983D+02  0.12577027261282D-03 -0.21853941091445D-03 -0.79340481503780D-05
  0.37066395424068D+00  0.22217705013762D+01  0.23107961392792D+02  0.50558076519875D-03  0.94822388458431D-03 -0.12762608586769D-03
 -0.18445894954818D+02  0.64680053705628D+01  0.13556456228756D+02 -0.22202614537899D-04  0.28061600371683D-04  0.28601449627527D-03
 -0.18565640901877D+02  0.73401839245478D+01  0.95407278341492D+01 -0.31682784467588D-03 -0.10635946355420D-03 -0.51223506926191D-05
 -0.20093952606317D+02  0.91924934877156D+01  0.10376558043254D+02 -0.39443106880998D-03  0.34887256597709D-03 -0.21714247891014D-03
 -0.80363399561131D+01  0.96984577593865D+01  0.84526823885903D+01  0.10352747613941D-04 -0.32123920416730D-03 -0.32470984049398D-03
 -0.10022004033402D+02  0.24037263331985D+01  0.28514779608167D+01  0.24188321779372D-03  0.38856227712449D-03  0.42262753297611D-03
 -0.19321687696364D+02  0.11023704399357D+02  0.10565203361972D+02  0.24680412686768D-03 -0.62478143180616D-03 -0.62236021356817D-03
 -0.20711424030202D+02  0.83631997563551D+01  0.12309655869516D+02  0.24438932459983D-03 -0.10786717479612D-02  0.80960088874692D-03
 -0.21640815422030D+02  0.98130733876273D+01  0.92692403501051D+01  0.38907583413687D-03 -0.52203568068350D-03 -0.63224405112833D-03
  0.15424346022717D+01  0.36797419508662D+01  0.23626439640396D+02  0.41656094830380D-03 -0.19815907338045D-03  0.73295305658496D-03
  0.99624393102974D+00  0.44402813910931D+00  0.22483844600817D+02  0.53729116604203D-03  0.49211168313960D-04  0.28379668826501D-04
 -0.70538164670711D+00  0.13272659275215D+01  0.24808031491761D+02  0.70320644250660D-03 -0.31239513030589D-03  0.12378574516109D-02
 -0.94481986756079D+01  0.41795325387281D+01  0.20349825834603D+01 -0.10587496483631D-02  0.59212235175127D-03  0.10187093233271D-02
 -0.11895073341681D+02  0.27073715629471D+01  0.32008286484063D+01  0.84606632604109D-03 -0.50201080051163D-03  0.22193642505657D-03
 -0.97418244496249D+01  0.89965098318771D+00  0.12274281555289D+01  0.65149495721052D-03  0.27678407152881D-03 -0.10552662106367D-02
 -0.61196450469680D+01  0.87134159886897D+01  0.88443331471465D+01 -0.18516517836166D-03 -0.12286107151821D-03  0.33831905462988D-03
 -0.92377382695536D+01  0.95988328207720D+01  0.10246758953509D+02 -0.42822743796333D-03 -0.54171126977210D-03  0.59362723859651D-03
 -0.82581356699968D+01  0.11858361954771D+02  0.77220358238819D+01 -0.12705029546465D-02 -0.25036376899704D-03  0.46202418056852D-03
  0.39773771371589D+00  0.64408331890481D+01 -0.37686765890521D+01  0.28644844302571D-03  0.19656924705481D-03  0.18531425029466D-03
  0.30356990020264D+01  0.68113822132581D+01 -0.13686063126600D+01 -0.95537556310193D-03 -0.82866343856282D-03 -0.20205499190726D-04
  0.21180337553320D+01  0.94937764654414D+01 -0.25644868090114D+01 -0.93595089222057D-03  0.29084174733162D-03 -0.41028390748249D-03
