 -1.0
 -0.69048752520175D+01 -0.27070934327066D+01 -0.16962464235350D+01  0.28345128390593D-04 -0.42408449170272D-03 -0.58642729058773D-04
 -0.46936580179786D+01 -0.38572740643124D+01 -0.85644182821032D+00  0.11102333425884D-03 -0.54292736480995D-04  0.27537818937279D-03
 -0.40800013778238D+01 -0.36199893580632D+01  0.18181765330362D+01  0.31797235013745D-03  0.56253783090312D-03 -0.54266915917035D-03
 -0.46533647224545D+01 -0.12075599846016D+01  0.27953802033596D+01 -0.20356611316357D-03  0.74113438938909D-03  0.19281358723789D-03
 -0.68692058217272D+01 -0.87293798248252D-01  0.19363289490489D+01 -0.29528755738692D-04  0.16901340743602D-03 -0.18572367228023D-03
 -0.78378073066106D+01 -0.55543436552248D+00 -0.47921893358859D+00  0.32752885702040D-03  0.23068348559913D-03 -0.63793001292857D-03
 -0.22072411307201D+01 -0.53349107163217D+01  0.30731381891964D+01  0.13682032471958D-03 -0.15148374592486D-03  0.39026661899277D-03
 -0.55048477740403D+00 -0.38417933805190D+01  0.45183745360699D+01  0.68749168620113D-03  0.20075975869461D-04  0.47177732828041D-03
 -0.91289466752695D+00 -0.13539150587366D+01  0.50041153114902D+01  0.21424395128042D-03  0.53153670998956D-04 -0.11768930122613D-03
 -0.29069688133389D+01  0.15539758403122D-01  0.43013266091020D+01  0.16950003551312D-03  0.42925810666660D-03 -0.48231588943338D-03
 -0.20258965393361D+01 -0.78312701259274D+01  0.24138766890673D+01 -0.22497396991142D-03  0.99889850077625D-04 -0.23390929759773D-03
  0.36347110739561D+00 -0.86988273965967D+01  0.31639034959505D+01 -0.66765510950333D-03  0.11689293943682D-03 -0.11757994769538D-03
  0.21392949527857D+01 -0.74765136574475D+01  0.46658849275763D+01 -0.38325088279673D-03  0.77765822283909D-06 -0.72432569738560D-04
  0.13267943255487D+01 -0.51421270240337D+01  0.55155553237522D+01 -0.61605270838632D-03 -0.13080873833726D-03 -0.79385971963743D-04
  0.31448828662700D+01 -0.36500417869593D+01  0.69293262894173D+01  0.19546201766093D-03 -0.57524679012619D-04 -0.43741587869407D-03
  0.27483369636653D+01 -0.98595274400079D+00  0.73751113521568D+01  0.14252569840928D-03  0.45825033892100D-04  0.63707059319585D-03
  0.69061427951821D+00  0.31849316244120D+00  0.64119809908631D+01 -0.27739110832489D-03  0.46514579010160D-03  0.16021878286576D-03
 -0.36898434969497D+01 -0.88215046691706D+01  0.74276681447825D+00  0.75477161161992D-03 -0.12219479744338D-03 -0.10215218888225D-03
 -0.25509710361185D+01 -0.11108688746165D+02 -0.48516982351879D+00  0.64824723747608D-03 -0.51863716846752D-03 -0.13377525357021D-03
 -0.97998893553020D-01 -0.11999255640308D+02  0.71702769545064D-01 -0.21168593571879D-03 -0.40995606779379D-03 -0.25426211692773D-03
  0.14146175521163D+01 -0.10727959845682D+02  0.17318456494707D+01 -0.18765158138645D-03 -0.64104847712656D-03 -0.50272789287805D-03
 -0.62561465118573D+01 -0.80145039427565D+01  0.52499465722678D+00 -0.24940855914119D-04  0.61335847580303D-04 -0.16797281734554D-03
 -0.27845123354881D+01 -0.48096214292988D+01 -0.25902249910148D+01  0.16270274809561D-03  0.47118897383511D-03  0.10551610753270D-03
 -0.93889352023121D+01  0.11871346223989D+01 -0.20033246132541D+01  0.35207920721597D-03  0.35149243311915D-03  0.94698767375285D-03
  0.95556825423884D+00 -0.13579307642114D+02 -0.17497168144319D+01 -0.26272261000041D-03  0.16490986528664D-03  0.89527573649012D-03
 -0.70324855508173D+01  0.16809352402147D+01  0.26684220691294D+01  0.51907857786051D-03 -0.45605723492759D-03 -0.83259817041088D-04
 -0.78165267298820D+01 -0.29711724191112D+01 -0.34440938064959D+01 -0.45351354020011D-03 -0.29791911514987D-03  0.22466132543787D-03
  0.38902939583220D+00  0.22897918035136D+01  0.65747955028204D+01 -0.40957192827510D-03 -0.16925822536483D-03  0.27392902160617D-03
  0.48302921985922D+01 -0.46295875431887D+01  0.75655052747032D+01 -0.82382147958034D-03 -0.53410210165452D-04 -0.43503948701054D-03
  0.33356120472227D+01 -0.10992726539333D+02  0.14905749309652D+01  0.51584085509791D-04  0.53870326225667D-03  0.43258537028143D-03
 -0.35711332271859D+01 -0.12118223394910D+02 -0.21135484101154D+01 -0.23991206057849D-03  0.32590404886075D-03 -0.59419801728554D-03
 -0.10053749196292D+02  0.47523087271493D+00 -0.40270339684274D+01  0.31586001630166D-03 -0.24687309712955D-03 -0.41120090757745D-03
 -0.10040507174556D+02  0.34605651335429D+01 -0.95876639853692D+00 -0.88916675226025D-04  0.14600382548095D-03  0.22211959508230D-03
 -0.11653898070912D+02  0.47629221429735D+01 -0.27112614300448D+01 -0.58142390697445D-03 -0.68921089602538D-03  0.16860713795951D-03
  0.49404159067955D+01  0.57721261033167D+00  0.83494866609985D+01 -0.37150106083719D-03 -0.14933386903447D-03 -0.17848036391040D-03
  0.49265754329499D+01  0.28007490413873D+01  0.84772763017468D+01  0.10896558989507D-03  0.33064843178536D-04  0.38131288617662D-03
  0.70064742635785D+01 -0.91807735540011D+00  0.89972583535994D+01  0.62966011031538D-03  0.22733074688655D-03  0.27726520361501D-03
  0.92464801395406D+01  0.32348979211173D+00  0.92933021342645D+01 -0.56302578884763D-04  0.30260117487429D-03  0.71726056422495D-04
  0.60774919129764D+00 -0.13027666227624D+02 -0.39893514307746D+01  0.51899916707550D-03 -0.61910531366385D-04  0.33902126189551D-04
  0.22199446543937D+01 -0.15612377819902D+02 -0.68819941779505D+00 -0.58787473964442D-03 -0.14740511550262D-03  0.25741853134252D-03
  0.34286752894983D+01 -0.16585333379348D+02 -0.28709250001073D+01  0.33842116406919D-04  0.41673975083937D-04 -0.13848605585324D-03
 -0.77454220016136D+01 -0.96179212862404D+01  0.21112547780197D+01 -0.12676097604332D-03 -0.26217226573338D-03 -0.10443628228246D-03
 -0.24105865642883D+01 -0.40211343331708D+01 -0.53683918310751D+01 -0.25121733693831D-03 -0.65081610195547D-03  0.21511109073548D-03
  0.36907770042327D+01 -0.14791204392851D+02 -0.41227806864104D+01 -0.29729802428311D-03  0.14043379563323D-02 -0.10925561273996D-02
  0.20639057332241D+01 -0.17805560883410D+02 -0.38148160699550D+01  0.52255501088278D-03 -0.31897634066280D-03  0.92429269065641D-03
  0.49964022194385D+01 -0.17658171273173D+02 -0.19823692351689D+01  0.14650416686531D-03 -0.37407666936970D-03 -0.78266032852827D-03
  0.92542718896839D+01  0.22140324618290D+01  0.10194181275175D+02  0.50767050915154D-03  0.71150848231821D-03 -0.25354847293419D-03
  0.10211127500926D+02  0.22362956719617D+00  0.75023475548266D+01 -0.32138516114144D-03  0.60954393141364D-03 -0.31827661145613D-03
  0.10369285969785D+02 -0.11880448742274D+01  0.10288319714582D+02  0.27060457562133D-03  0.88081000321144D-04 -0.38159854100030D-03
 -0.39815040994014D+01 -0.47118658522652D+01 -0.64497716032828D+01 -0.62070909555754D-03 -0.15329177712019D-02  0.22502678151405D-03
 -0.78424847984122D+00 -0.49503100110478D+01 -0.61212130360007D+01 -0.48306284131378D-04  0.14194373834478D-03 -0.20346966147627D-03
 -0.16053564766461D+01 -0.21356151060042D+01 -0.58297634057746D+01  0.21744361767009D-03 -0.21030839710737D-03  0.10822251492063D-02
 -0.73647109964310D+01 -0.95174656095757D+01  0.42672816583836D+01 -0.64737606363926D-03  0.42568196202653D-03  0.46447839694676D-03
 -0.79404133708489D+01 -0.11455135477229D+02  0.12694491795092D+01 -0.11211257494280D-03 -0.41792893854486D-03 -0.37521933567245D-03
 -0.96032487263510D+01 -0.89002513093266D+01  0.18990963742327D+01 -0.37470990474212D-03 -0.11302157675991D-02  0.19182808691383D-03
 -0.10240462593903D+02  0.55892695619330D+01 -0.39762925412663D+01  0.13471682308879D-02  0.53379704825620D-03  0.38415367520119D-03
 -0.12859488454159D+02  0.63813946786180D+01 -0.18432705370960D+01  0.24179486481059D-03  0.12725198666390D-03  0.40144019465633D-03
 -0.12472502661515D+02  0.31350713041327D+01 -0.38259518698887D+01  0.26325982851028D-03 -0.18050943085545D-03  0.53854953420299D-04
 -0.27736611099096D+01  0.11360942083395D+02  0.76944018390424D+01  0.15114787113435D-03  0.85491660081721D-03 -0.13871504032054D-03
 -0.34536182360072D+01  0.89905576795972D+01  0.84988133817568D+01 -0.17320594926918D-03 -0.13153602610515D-03  0.17008383064191D-03
 -0.18298727643557D+01  0.77130453575793D+01  0.10276781325270D+02  0.14503130726963D-03 -0.93733031424708D-03 -0.28864685836971D-03
  0.41971485795059D+00  0.90107199878344D+01  0.10990100420382D+02  0.24043603862360D-03 -0.12938919656976D-03  0.55972589989232D-03
  0.10726759746055D+01  0.11206009549404D+02  0.96457416207431D+01 -0.37476690359890D-03  0.26338372917151D-03 -0.10233058905530D-03
 -0.40233668323021D+00  0.12512379181908D+02  0.80389584127991D+01  0.52909188027842D-05  0.15225748323936D-03 -0.34924588890921D-03
 -0.25449497308009D+01  0.53016048727472D+01  0.11522723101701D+02 -0.20430387205024D-03  0.19647128603204D-03  0.48262032051514D-03
 -0.45461070826725D+00  0.42191967811066D+01  0.12970004332416D+02 -0.10282168802555D-03 -0.15714322974406D-03 -0.76219913201305D-04
  0.19494238907278D+01  0.56556639204826D+01  0.13420630075687D+02 -0.61418448187004D-04 -0.41514929068531D-03  0.64922079518934D-04
  0.22422354968024D+01  0.79965504532335D+01  0.12506751381641D+02 -0.34631848564325D-04  0.66234756885234D-04 -0.41833937561596D-03
 -0.49428689899452D+01  0.39438992920354D+01  0.11601988851379D+02 -0.11365985674121D-03  0.52777749684289D-03  0.35446213495329D-03
 -0.48059658686294D+01  0.13895762439286D+01  0.12148290866471D+02  0.29432380500178D-03  0.10198567809471D-03  0.24240988302094D-03
 -0.26782660825360D+01  0.62083393048477D-01  0.12886715729615D+02 -0.11119717149047D-04 -0.47557386787339D-03 -0.90906446451772D-04
 -0.72212607526993D+00  0.16537536625429D+01  0.13609517437884D+02 -0.52979375528665D-03  0.63429962931866D-04 -0.83972798733359D-03
  0.12874014330199D+01  0.52860901820781D+00  0.14991929052996D+02 -0.61426154869734D-04 -0.35815659366609D-03 -0.27337148756218D-03
  0.34689265150297D+01  0.18713051149369D+01  0.15600577722443D+02  0.29027514662398D-03  0.11419126549340D-03  0.18321974640078D-03
  0.38476463566277D+01  0.43021118260179D+01  0.14804251952812D+02  0.33695186250501D-03 -0.57864051859831D-03  0.40993400884513D-03
 -0.72676451833676D+01  0.51062132489217D+01  0.11514275000225D+02 -0.22447070371807D-03 -0.27050428174923D-03 -0.99916673868496D-04
 -0.93704737307412D+01  0.37241748518267D+01  0.11080293049618D+02 -0.66393448358908D-04  0.45498306973077D-03 -0.14930107095027D-03
 -0.91386459759163D+01  0.11588886801989D+01  0.10667274708710D+02  0.22013586092536D-03  0.28823091636386D-03  0.28268106751706D-03
 -0.67624918936597D+01 -0.95084349259665D-01  0.11218264361784D+02 -0.36778990073678D-04 -0.19445960125744D-03 -0.46954837885535D-04
 -0.72629597950587D+01  0.76984590660968D+01  0.12147850843780D+02  0.33778281923874D-03  0.18635038183064D-03  0.14628416448866D-04
 -0.56985597395919D+01  0.78009191941546D+01  0.77173060768218D+01 -0.44662992443221D-04 -0.38284263448596D-03  0.42248925836324D-03
  0.13215546068332D+00  0.14973931780326D+02  0.70071846023282D+01 -0.28488316407969D-03  0.46661153622269D-03  0.88337173872017D-03
 -0.11219710708133D+02 -0.43225825943560D+00  0.99825691183595D+01 -0.10614718591606D-03 -0.20919116010424D-03 -0.29243955252138D-03
  0.29206284987404D+01  0.11953027854031D+02  0.98021458271518D+01 -0.13984160708175D-03  0.66732948797941D-04 -0.66543445895155D-03
 -0.39424726826005D+01  0.12380798873893D+02  0.63084439909757D+01 -0.98830331745419D-04 -0.59440847558523D-03  0.30384312520374D-03
  0.49017844445216D+01  0.55716403711648D+01  0.15855802501385D+02 -0.42004967883999D-04 -0.83628141410517D-03 -0.49259683087470D-03
  0.98283687404335D+00 -0.14149998019912D+01  0.15610947273586D+02 -0.34787003513163D-03 -0.66928280424320D-03  0.10128814884377D-02
 -0.67085842914668D+01 -0.19846973276941D+01  0.10719602513848D+02 -0.21900591960941D-03  0.43595386692696D-04  0.80315635430857D-03
 -0.11229459099319D+02  0.47169556338752D+01  0.10796971413420D+02 -0.52285771415341D-03  0.56258842968697D-04 -0.24868566027195D-03
  0.11262304788047D+01  0.16502318861013D+02  0.83084960333825D+01  0.10217417459105D-03  0.35459829267627D-03 -0.79976721693576D-03
 -0.84562452984565D+00  0.15297952463276D+02  0.44698195884578D+01 -0.12051791904804D-03  0.82243288987624D-03 -0.44226774881665D-04
 -0.78576352641611D+00  0.17990253187428D+02  0.38562292154265D+01 -0.15962043712499D-03 -0.26337900789157D-03 -0.24210101418887D-03
  0.58265468318741D+01  0.75844916232087D+00  0.16699420522401D+02 -0.52980974970799D-03 -0.45637150600149D-03 -0.76307606756574D-03
  0.58907099820456D+01  0.20653224123567D+00  0.19008571807205D+02 -0.98060101738547D-04 -0.23787276508940D-03  0.15656776820584D-03
  0.78321159603835D+01  0.27204810546846D+00  0.14789228755521D+02  0.22017891850344D-03 -0.20256854857726D-03  0.92699143531929D-04
  0.10186661033504D+02  0.85546637369738D-01  0.15766702991032D+02  0.15299913299964D-03  0.12815599100067D-03 -0.38648881423411D-03
 -0.10838992351556D+02 -0.27365541227749D+01  0.96725880925353D+01  0.75394473944026D-03 -0.13493483311762D-03  0.81638098069991D-04
 -0.13232341271473D+02  0.10593116042071D+01  0.96113548045053D+01 -0.54951113177630D-03  0.47604705100442D-03 -0.26467989997479D-04
 -0.15467694551540D+02 -0.51151124468421D+00  0.89947508621880D+01  0.67237640102747D-04  0.14893296296932D-03 -0.52971270724747D-04
 -0.79185339539948D+01  0.79638204029495D+01  0.14741144487915D+02  0.23324946553219D-04 -0.11941883598864D-03  0.11275578880520D-03
 -0.56823001781061D+01  0.53305807294655D+01  0.63146697646192D+01  0.29787177067678D-03 -0.40124295933022D-03 -0.42190373829342D-03
 -0.16931610625741D+02  0.38190414853680D+00  0.10253428805514D+02  0.35729583449173D-03  0.60849751463161D-03  0.28621317110249D-03
 -0.14979618736771D+02 -0.23462907691147D+01  0.95185410112196D+01 -0.51213113308531D-03  0.13874701038524D-02  0.35233181820840D-03
 -0.15783799566261D+02 -0.14799848182903D+00  0.69914613356383D+01  0.39431813510625D-03 -0.52457493152803D-03 -0.17599953276061D-03
  0.11769471279680D+02  0.70334108804692D+00  0.14664581251375D+02  0.41551790738590D-03 -0.64078974568600D-03 -0.11774354027439D-03
  0.10582859366048D+02 -0.19424588196272D+01  0.16112126058476D+02 -0.83525908270814D-03  0.58161879107378D-03 -0.28445412354179D-04
  0.99694872623596D+01  0.12425566538872D+01  0.17693276362951D+02 -0.22878125861332D-03  0.80290130094476D-03  0.66688905570883D-03
 -0.59706881794448D+01  0.57362066080011D+01  0.42065294834995D+01  0.16924455057743D-03  0.16123900543076D-03 -0.10580125924387D-04
 -0.67739183595536D+01  0.39556692468072D+01  0.73609985692035D+01  0.58744978977493D-03  0.20051317015770D-03 -0.24830112762814D-03
 -0.36471699262211D+01  0.48190555882152D+01  0.64939216498523D+01 -0.10256509192828D-02 -0.28621518272234D-03  0.17910082008208D-03
 -0.66773647750300D+01  0.71921799381289D+01  0.16144648834180D+02 -0.21771613574073D-03 -0.81726821890048D-03  0.47516997159737D-04
 -0.96928741795519D+01  0.69041499569216D+01  0.15123438448792D+02  0.16393313069653D-04  0.37726275624932D-03  0.61753573445853D-04
 -0.81435824028764D+01  0.99852857597556D+01  0.14818570420978D+02  0.28510177245227D-03 -0.88709445046327D-03 -0.57685386997694D-03
 -0.21338142848318D+01  0.18761318942464D+02  0.24942259270960D+01  0.14853299646000D-03 -0.50719012295984D-04  0.29898885957276D-03
  0.10264067203160D+01  0.18594163846138D+02  0.29816163146717D+01 -0.50437039627597D-03  0.12413793670101D-03  0.23796836760986D-03
 -0.10090228954320D+01  0.19042122321237D+02  0.56325724624598D+01 -0.28254212060303D-03  0.87925212665966D-03  0.49762317067762D-04
