$coord
        6.39174939550690       -8.06063194450883       -1.77518705752272      C
        4.39972922166897       -8.14087672026080       -0.05034729892506      C
        4.77959009483333       -6.64619741396185        2.36308378525344      C
        7.21198290915019       -6.40670018389749        3.31198552268820      C
        9.17558927958812       -6.67364629182107        1.63819846391287      C
        8.91915674245422       -7.54917521013372       -0.92574585348957      C
        2.78080034132927       -5.24830200747106        3.78264725007047      C
        3.28967918163998       -4.84988990396614        6.24147720588863      C
        5.90210201394276       -5.44446095797698        7.31110625301593      C
        7.79775340950721       -6.16966288020202        5.74875764103412      N
        0.43593756427841       -4.22482868791786        2.92672557083554      C
       -1.51741206750970       -3.39810038076804        4.59856444339552      C
       -1.03311465042762       -3.25203401401216        7.04774017991556      N
        1.20051829951294       -4.25888196000767        7.83933808499648      C
        1.70255710882963       -3.60756668190158       10.37370844609774      C
        4.14950207396981       -3.84621655239653       11.38694785059392      C
        6.25529984411993       -4.77375757120450        9.84704225401287      C
        0.17853944282998       -3.21140302374937        0.37824529295836      C
       -2.16072587898589       -2.22006622137790       -0.65566916119724      C
       -3.92841877412252       -1.59294338595297        1.21889121772249      C
       -3.58242325907036       -2.12999965494425        3.66249592904941      C
        2.38391710314736       -3.31225760519747       -1.21099840764377      O
        2.23525717417283       -9.26704459005300       -0.53028542350807      O
       10.98653346108466       -7.44457894871115       -2.79226550015075      C
       -6.17727257122274       -0.36798739093937        0.21786647034212      C
       11.05681027794348       -6.72747191972396        2.26481263875389      H
        6.46020277107012       -9.12244514354820       -3.41897244700881      H
        7.93145524493244       -4.10336960287458       10.50079055613442      H
        0.38109412435006       -2.70034930274798       11.57297986168761      H
       -5.16069101211280       -1.58033242932277        4.98246670467702      H
       -1.82657681637606       -1.29648110655647       -2.52178274134880      H
       13.07423386849882       -8.32877906566392       -2.81756572333719      O
       10.37713150553076       -5.75177440721751       -4.52301792997430      O
       12.38372556862410       -5.34981988649101       -6.21915398776522      C
        4.59322186842422       -2.60009969712435       13.74864151916030      C
        6.61416615075401       -2.87393132938083       14.54077117385113      O
        2.54695736739031       -1.40690422654071       14.94540182662887      O
        3.44604848228798       -1.19168425450366       17.37478459879541      C
       -7.94830204809651        0.39506194538458        1.56089133526463      O
       -5.67999045572419        0.11803070395261       -2.32375616262631      O
       -7.67607969736623        0.96470549282982       -3.86626853592955      C
        2.16802382077561       -3.57756115286839       -3.85563182425431      C
        0.79218283321857       -9.82878361735152        1.77052228488172      C
       -7.34379284527323        3.17403500259197       -4.35281673101214      H
       -9.04010936413082        0.82802526385857       -2.38452997803882      H
       -7.96863620916231       -0.40051386832275       -5.46494324547369      H
        5.50094274426761       -0.87563929541374       17.20610073884109      H
        3.27020851525467       -2.82333047600483       18.36953774395083      H
        3.08960968577223        0.62297662713268       18.30151043936886      H
        1.27023668230744      -11.77583564005178        2.16581713613419      H
       -1.28729342975978       -9.28797881595776        1.69435518543676      H
        1.48167649871273       -9.23282674700288        3.61248049151575      H
        1.51761694170670       -1.97328230035147       -5.03881500013739      H
        1.53355769463376       -5.46993000366396       -4.03291453609812      H
        4.24523116431401       -3.57118473844637       -4.15900103179466      H
       11.99117933986977       -3.55327864409470       -7.19690194808708      H
       12.71549463458790       -6.80636964914521       -7.43666690963522      H
       13.95906160637555       -4.64280423604966       -4.98766579107154      H
       -0.88588645548570        2.54251508917321        9.36517755587868      C
       -3.28043341918011        3.38975604437815       10.05724799375350      C
       -4.88823493569072        4.65524235358209        8.54975739553633      C
       -3.87009349747752        6.00530313922168        6.48337802776888      C
       -1.44580222053699        5.37995613261264        5.68685039633507      C
       -0.14647386182398        3.43802455397756        6.97595233338259      C
       -7.37400286467197        5.34252577138758        9.38590271004572      C
       -8.38750595739258        7.38647348834733        8.27255296937212      C
       -7.01129035165397        8.93684523343598        6.58738567193341      C
       -4.69684231010419        8.20832625099731        5.76351107653392      N
       -8.93981255972491        3.99780677057722       11.22879356929845      C
      -11.18903300115806        5.27347665201099       12.28226561863878      C
      -12.23064527215222        7.30467993586764       11.08996207732309      N
      -10.80500884574528        8.25530035951967        9.13567925725224      C
      -11.77066958772633       10.45673784252767        8.05091428692423      C
      -10.30673284638902       11.94730590382963        6.53849057974501      C
       -7.93132838404576       11.40540314182495        5.74492564679482      C
       -8.65174869158597        1.43258608140812       11.92479445926434      C
      -10.11209220026503        0.51711266530603       13.91787318518598      C
      -11.94392102304976        1.89783923918673       15.09551396672386      C
      -12.59218389149082        4.14868932749182       14.20644725997697      C
       -7.19038982056575       -0.15455727868698       10.43637016097066      O
       -3.88701519549338        2.98669653334870       12.35286735039661      O
        2.48584958163479        2.84587902700237        6.19601194288501      C
      -13.66395628995213        1.03220579202135       17.31096728752854      C
       -0.59706619317194        6.16499039581894        4.05518199891557      H
        0.42850468298254        1.96798918549805       10.80326889868850      H
       -6.85063449735200       12.71416978667748        4.56416620535327      H
      -13.51442908054898       11.13790226085866        8.82232648995119      H
      -14.19060487408228        5.10109691317566       15.00353211342168      H
       -9.78887523424642       -1.28712967869098       14.52976460680059      H
        3.89790001008463        1.26455268884636        7.23991629487542      O
        3.54853963421392        4.01703279556880        4.00518300426156      O
        5.54383716196663        2.46276293256950        2.97113873749095      C
      -11.16222410325404       14.35205746786443        5.45489763307051      C
      -13.47346391591511       14.66450082669938        5.27975148556922      O
       -9.35370837409019       16.00027690805218        4.69717153840784      O
      -10.33154712222444       18.33677273257677        4.62624883360838      C
      -14.59425215668741        2.50291659436761       18.75255796317180      O
      -13.70707401585205       -1.58083133668004       17.48967776505613      O
      -16.09518754975903       -2.44904945321542       18.14185192626786      C
       -9.02995500655742       -2.04124245027152        9.83908186283304      C
       -2.98622656387995        0.62415189958040       13.48946313358249      C
      -16.39770452887216       -4.13562178043191       19.17774813740091      H
      -17.51669242474648       -1.94348779947782       16.60824250613640      H
      -16.53457002939269       -1.15969328587724       19.71404522792691      H
       -8.68158187729719       19.58692605921128        4.66593199364376      H
      -11.81010051595900       18.76367314673472        6.16579883017743      H
      -11.15081700650913       18.65455433331117        2.82237437697880      H
       -0.98411490606596        0.38276212238099       14.25337996959059      H
       -3.61441131188512       -1.23107133862230       12.58811865633118      H
       -4.20817316886108        0.85365743208404       15.08653209353914      H
      -10.39865265641101       -1.30241897286864        8.44547572091107      H
       -9.83147700068141       -3.30939870256433       11.09387074921807      H
       -7.54469520654804       -3.38384471299113        8.67057784206091      H
        5.12759618085371        0.61004220909464        3.32922214980301      H
        7.43105434342964        2.92836483614054        3.97864569301000      H
        6.06993046758220        2.79016047427529        1.03164417133145      H
$end
