$coord
        5.33890547284149       -4.76882749679785       -3.90865082888694      C
        3.61216137423225       -4.26164179219374       -1.99230435768652      C
        4.41783147217709       -4.10725384363749        0.74547032263901      C
        6.71875178126527       -5.30047104670244        1.28549875723829      C
        8.33956351693679       -5.76533446216392       -0.59030142255432      C
        7.66229552476302       -5.75270144012301       -3.18165584783437      C
        2.86535869928840       -3.36455533087321        2.83355448580544      C
        3.67657114834938       -4.31272114132305        5.28447465446128      C
        5.89203631936167       -5.68678691025587        5.53311990046827      C
        7.62032833230076       -5.69788498855693        3.61047713263614      N
        0.63487233686018       -1.45833202771550        2.88381866495413      C
       -1.04014385627630       -1.61330391389276        5.05440941650581      C
       -0.30212746581975       -2.71500051902915        7.34364208862848      N
        2.03488269285684       -3.83134544598150        7.52888851828660      C
        2.67157029479693       -4.77342913863708        9.91949347963725      C
        5.01148799386895       -5.99395749060614       10.26702435238652      C
        6.62722270266043       -6.63689536523166        8.05158111785715      C
        0.27778279978430        0.22377714428815        0.66768689345828      C
       -2.18678348603781        1.47692617748383        0.95035882954291      C
       -4.02956542082401        0.81004796545276        2.64173167154732      C
       -3.50220804278959       -0.78936622966862        4.68515707018614      C
        2.00725227727458        0.62533588398328       -1.20464427407079      O
        1.02452687321921       -4.04541558129420       -2.58130413450396      O
        9.37219309708434       -6.79313402011383       -4.93565633184292      C
       -6.80016712384022        1.11861766696986        1.82520402275291      C
       10.12806973443628       -6.03209759045708        0.29653433012194      H
        5.01166142981712       -4.98396805460424       -5.92731012325442      H
        8.32066283171674       -7.65649922250695        8.01437289626894      H
        1.99947984978034       -3.78279289591415       11.61007547004868      H
       -4.84439957394643       -0.78423950269674        6.26619683344946      H
       -2.76506431800646        2.08755360661680       -0.76583014876466      H
       11.28548389058216       -8.05694631520245       -4.08343595545340      O
        8.93976399060568       -6.96554409137731       -7.59078671015825      O
       11.50258197730977       -7.34435067472482       -8.75262186643947      C
        5.57774871776954       -6.38055150151911       12.99240186439618      C
        6.89483602773075       -8.17934749940138       13.48100934683216      O
        4.23082352082086       -5.13521648852570       14.93886133100096      O
        4.62912315846181       -6.57282356821086       17.14686656817945      C
       -8.50891127298211       -0.18942406863363        2.84325853724088      O
       -6.94146809613320        2.48403262727596       -0.29551284535794      O
       -9.04494501029260        1.61959159676669       -1.35683551939813      C
        1.60603331890232        2.57052755753419       -2.91810724500140      C
        0.23362247763078       -5.43553425711023       -4.53956204079633      C
      -10.71927576326199        2.36075818307045       -0.54251061779684      H
       -8.96435012596428       -0.44190387497852       -1.38368626475519      H
       -9.28145903726216        2.36348383949140       -3.42080119247214      H
        3.85351523230997       -5.58347658948947       18.76830718838788      H
        6.74014214021022       -7.08768345530013       17.28307540572661      H
        3.76883656619592       -8.44780486940941       17.18636365000221      H
        0.01999413403746       -7.52842322706069       -3.62939542203731      H
        1.51374246946060       -5.20395106689308       -6.11154183875478      H
       -1.71898310908694       -4.74059537975801       -4.93506737283120      H
        0.64758855870846        4.29646722691997       -2.20188340656782      H
        0.38442184035492        2.35212135265725       -4.71400383589903      H
        3.42548927999366        3.28759253062554       -3.63178705034930      H
       12.16960837164826       -9.20801605956033       -8.08948879726735      H
       12.87507328842039       -5.93877662891852       -8.15788978852486      H
       11.28675032523904       -7.41543522705617      -10.71716336507256      H
       -0.19900497608186        3.98954415956782       13.20845057317265      C
       -2.78048469168616        4.33726448474189       13.43248453608729      C
       -4.16519898347777        3.85519254750944       11.14576824312309      C
       -2.67620551549159        3.61697563256523        8.78659874283012      C
       -0.11527248182560        3.02665908583397        8.94911135694672      C
        1.14967811420075        3.52499313066358       11.18141275954886      C
       -6.76600854931346        4.06470271005502       10.67643518138260      C
       -7.46512381443584        5.29877490297392        8.35021561981128      C
       -5.77598380264477        5.41866722651727        6.27090623899529      C
       -3.43145040884967        4.53748861415837        6.38399469740768      N
       -9.04662757474338        3.41571287513182       12.19225323350201      C
      -11.32546023558974        4.83427943020094       11.64551631154953      C
      -11.73966156182231        6.18032383470382        9.54193644157855      N
       -9.94515147628749        6.12700963145500        7.78700943922105      C
      -10.66568094541009        7.41391899068998        5.56899532236180      C
       -8.94578420194046        7.60891776490974        3.52672743385533      C
       -6.63040820349017        6.46391754869921        3.90939620859956      C
       -8.95891373292258        1.76792983909840       14.28857907918806      C
      -11.27555630136363        1.05185657804865       15.28598729566070      C
      -13.57547545051949        2.56577526258592       14.87408272023783      C
      -13.41241481326170        4.51492935718676       13.14915383046809      C
       -6.62937052673683        0.92506897625859       15.40982410966417      O
       -4.10287525041064        5.40484076416296       15.66185185101020      O
        3.98093844292933        3.76976962454260       11.09192543367199      C
      -16.01578727976031        1.97648951730687       16.34769367862215      C
        1.01455645955369        3.37812415858249        7.16431607417716      H
        0.92524313112438        3.82710321436974       14.97303730270540      H
       -5.58774151074330        6.42019312282715        2.13782597762285      H
      -12.54568812551023        8.01701872634766        5.40573847685800      H
      -15.18332964687842        5.43809957887509       12.74920195310502      H
      -11.37489160463278       -0.54056448302028       16.52836160608840      H
        5.21479419029967        4.04053315706499       13.12546672964387      O
        4.75155712714775        3.95036251997749        8.69095335871414      O
        7.46537145858176        3.85588171780859        8.54765365741106      C
       -9.82434401206768        8.51728143440737        1.19227493691319      C
      -11.91125113173831        9.78865916887216        1.00740482853742      O
       -8.37283596957473        8.04456656176128       -0.90010865823190      O
       -9.28266047124172        9.38456001639568       -2.76709546797893      C
      -17.98714166211421        2.91816918820699       15.60685822039602      O
      -15.89913867348430        0.23903354689783       18.27696899704364      O
      -18.12228208904988        0.37494180547896       19.74131231695664      C
       -6.56755336458762       -1.61377863536612       15.55884100340118      C
       -5.75040511552131        7.54198816612474       15.55889905344844      C
      -17.82711108232457       -0.93212359075702       21.09815840837106      H
      -19.95373276706118        0.31383068869250       19.14152863026360      H
      -17.99036619455682        2.16034534421044       20.93076062105449      H
       -9.92867481920396        8.07598890609140       -4.32633141646860      H
       -8.03506977834690       10.83785553610109       -3.30645520904441      H
      -11.03465546807833       10.47600280063627       -2.02719830266595      H
       -6.46326985265866        8.09182731206552       13.64770287940696      H
       -4.75664339318052        9.18832798079333       16.19140827432121      H
       -7.42271795290095        7.16741963106386       16.78805077339478      H
       -5.03834147457369       -1.99435291754704       16.95033607271057      H
       -5.81513799267844       -2.10089472767797       13.72519419930055      H
       -8.49212181587524       -2.27458916097869       15.85522736328776      H
        7.79910906603232        1.74438335566817        7.94341381825008      H
        8.23290940579573        4.36273559406067       10.51475225679224      H
        7.89615879451643        4.89956535120816        6.78604363832404      H
$end
