$coord
        1.40317459691996       -3.57709175858730       -2.14405145258619      C
       -0.01335729135822       -3.64510101211787        0.15552927738201      C
        1.19613702360016       -2.94279563882622        2.49637385738632      C
        3.84675020912716       -2.12114722628201        2.55581146316744      C
        4.91348465873972       -1.66536645603079        0.17279192163493      C
        3.82881194488185       -2.52054247210634       -2.08485927260970      C
        0.03136794224507       -3.53427614012607        4.85140132004406      C
        1.48240461931407       -3.79354611362400        7.05316267527217      C
        3.84220228708010       -2.82730241228398        6.91681190731315      C
        4.88511682785275       -1.56922763512147        4.80313508225279      N
       -2.79089294709637       -3.57890816212712        5.32569194450581      C
       -3.40510479114109       -5.04285664948244        7.37014004872464      C
       -2.07870924521775       -5.65392653104327        9.49893044133705      N
        0.44687540829414       -4.97564515926253        9.17172200789833      C
        2.04545012899951       -5.03505280859482       11.27347259720754      C
        4.55615653398953       -4.21087494821889       11.18271476502228      C
        5.49361965685521       -3.39714529622102        8.79928546423236      C
       -4.94816515847791       -2.78700438246294        4.05332500096693      C
       -7.46009974159635       -3.61471236106579        4.41473170943482      C
       -7.89638711361858       -4.80304997401275        6.75275108855044      C
       -5.92322338287397       -5.78007365506177        7.96620623893342      C
       -5.03833586278402       -0.77715013568516        2.44713607934851      O
       -2.48177452018205       -4.56714490110558        0.26933605250184      O
        5.46050628108359       -1.58249640115930       -4.12005023680877      C
      -10.67922123690753       -5.51746704678771        7.27404047814442      C
        6.64573894099777       -0.63633626972104       -0.00148173311281      H
        1.28613000042317       -5.00335230802841       -3.55581008747723      H
        7.16774582658275       -2.26482828856947        8.82285953434130      H
        1.44867194295315       -5.80334528986591       12.95554723397573      H
       -6.06566640587200       -7.54813006597227        8.91531572238179      H
       -8.98204759381875       -2.41657485158607        3.65563240470507      H
        6.37058013147799        0.49848332821137       -3.76856558098074      O
        5.43535238774893       -3.21768963952045       -6.14252562886720      O
        7.18422923142543       -1.83917240934243       -7.95495706754024      C
        6.09829685622392       -5.16505272013725       13.25792740074857      C
        8.17557610272112       -4.07335701004040       13.64611229548351      O
        5.25424807218425       -7.01872112161622       14.57573550509525      O
        6.87218078407463       -7.76759921218467       16.71425964396288      C
      -11.42986747621837       -6.18743223501895        9.40379619024527      O
      -12.21389184633354       -4.73080494012844        5.41302250044235      O
      -14.62090788941568       -4.00227086439068        6.05324982162184      C
       -2.94161461136965        0.93172496725509        1.89249936397461      C
       -3.41314633506362       -6.06058359182679       -1.78952065754472      C
      -15.69182160350945       -5.70746231308548        6.56470734953173      H
      -15.31007135717623       -3.28051552136119        4.09402793598899      H
      -14.66112400265055       -2.29632142531784        7.39137132062566      H
        6.30160390952642       -9.72214476907813       17.34831236968837      H
        6.81913366497400       -6.32028590453576       18.11455320582611      H
        8.88291663844867       -7.85542978125269       15.92278885159253      H
       -5.46610729609909       -6.26585487566155       -1.76685061707539      H
       -2.35436530256271       -7.84342413068104       -1.47666017435387      H
       -2.91216850235377       -5.20161759388746       -3.49441454422909      H
       -1.07774899801807        0.09103919261555        2.27656322308895      H
       -3.00049470048313        2.51122400723288        3.20737652802783      H
       -3.31893861212226        1.67331288367976       -0.03329396384139      H
        6.18066008178404       -0.18123339744636       -8.38146822956311      H
        7.91621935903748       -2.92426584464934       -9.84445330211914      H
        8.79871764271964       -1.33900531532289       -6.75996816368668      H
        0.12930688556475        2.30521481476163       12.81028427761322      C
       -2.11286753656464        3.12168787090714       11.58205412601750      C
       -2.22617629309750        3.42933862234036        8.89939965565461      C
       -0.03685355492072        3.79299051011653        7.58263738303528      C
        2.04925589894879        3.13496386195080        8.87493696804858      C
        2.39407754993841        2.51339560896906       11.44344355048553      C
       -4.35023785387947        4.43053545931865        7.47884752974374      C
       -4.18115442409225        6.16612532015837        5.46450790788976      C
       -1.64746079774630        6.85554585635443        4.69611942115096      C
        0.37824608829058        5.58527980320883        5.61037457235264      N
       -6.86942412128831        3.56590042652192        8.00452883011630      C
       -8.99595887321648        4.32343876313048        6.60736731939566      C
       -8.63996873474353        5.76343065310358        4.48310227828223      N
       -6.36310782685975        6.69697134873086        3.87106851647025      C
       -5.67411483622645        8.30963532546327        1.81141314100440      C
       -3.18795521832525        9.25341429001041        1.10834364691970      C
       -1.12148623075755        8.36330618266734        2.59604517198320      C
       -7.20498195764798        1.45113004478373        9.63127115917530      C
       -9.70424362109894        0.56010608575011       10.13033028666736      C
      -11.70623283279448        1.88908827157170        9.22571211617550      C
      -11.35099565209426        3.58524395376886        7.24711156955276      C
       -5.08112261279658       -0.09034326749301       10.02036021792212      O
       -4.25259230572571        4.18263497966770       12.96111424650748      O
        4.77383030761754        2.03780299943540       12.79648640461833      C
      -14.23975986142916        1.81585374719687       10.34514933761805      C
        3.73999933854008        3.18228930844499        7.67634519342337      H
        0.31998250250588        2.58737781565878       14.92395220708677      H
        0.85175477229762        8.54004479836903        1.94867747702182      H
       -7.14036872160334        8.44705459306253        0.32661378564854      H
      -12.81662127222260        4.98274353410428        6.70055159227086      H
       -9.88826226152674       -1.01253033864173       11.31211408439557      H
        4.84080871341364        1.85220944668596       15.14261569873436      O
        6.75256044137267        1.66128762321322       11.18936843771349      O
        9.26865867152733        1.31998205898149       11.97877245366344      C
       -2.27153044124807       10.88035034638632       -1.05332624288943      C
       -1.95478035894267       10.16300719308188       -3.20167228225705      O
       -1.63022973823635       13.31775812195717       -0.02036240325823      O
       -1.22760550084623       15.24060587526087       -2.05590456553782      C
      -15.94442510135044        0.42942875502031        9.46117109652505      O
      -14.52298674455205        3.20580340769010       12.49045386196575      O
      -16.79490339886276        2.97685923317136       13.82217925884305      C
       -4.95611298191314       -1.79186146586922       12.25450009412494      C
       -3.55250396705565        6.22699509685087       14.60570122621089      C
      -18.23456709651587        4.13229532473189       13.15341508842084      H
      -16.16010833950900        3.71138513093952       15.62734844368899      H
      -17.41840292724471        1.01100363329948       13.68462182797762      H
       -0.14189193914359       16.87627331116762       -1.01280819749514      H
       -3.03738826751294       16.26488478609737       -2.76756110981294      H
       -0.28119377188272       14.40102952282494       -3.61830359565916      H
       -2.05396325053351        5.70974391646496       15.94271841116164      H
       -5.31073954671667        6.73633549961450       15.43266901803771      H
       -2.55023602151942        7.71745892779094       13.56953347356234      H
       -6.13906067754822       -0.82141109891308       13.84358741785020      H
       -3.01711097716114       -1.86674079465173       12.41440955185477      H
       -6.17542508100908       -3.62762066119889       11.90500250912423      H
        9.19051686260225        0.05357785975131       13.69922728774128      H
        9.81211422058928        3.32144755673352       12.52562899785597      H
       10.46506022243431        0.83270426477364       10.30240484001708      H
$end
