$coord
       -2.22587535741931        2.39271484501016       -1.47381451784646      C
       -2.53008465039112        3.66095622994183        0.72357058048261      C
       -0.53127070431159        3.16152647914514        2.62142611392795      C
        1.26823149711918        1.21059332935712        1.98381852214417      C
        1.53405456260688        0.07074580825860       -0.42225756505265      C
       -0.14862122581587        0.81644530589551       -2.23566546208450      C
       -0.86500398227933        3.99972899326423        5.21811574743078      C
        0.46422588616256        2.47009848204229        6.98822632263644      C
        2.22317897431417        0.58328675097549        6.18232487868557      C
        2.68395923154719        0.07286795735735        3.78209381904264      N
       -2.05092597820901        6.21983002364856        6.21060266811039      C
       -2.18436509918103        6.66510478085996        8.83137339676997      C
       -1.12801951869658        5.05408580530068       10.50157070096762      N
        0.14701087092150        3.12249928386324        9.56760214107203      C
        1.06868328006816        1.49737401602588       11.36114685818982      C
        2.58472408292040       -0.50431195728050       10.74757527072805      C
        3.05917743624183       -0.93073327181785        8.15914002232321      C
       -2.53538288741619        8.41516675375562        4.49869686805453      C
       -3.53377708520916       10.58145922173764        5.56160703287739      C
       -4.13548629020698       10.76320387590823        8.08347067727192      C
       -3.54265112410865        8.69534503048290        9.67175409895058      C
       -1.34313651943073        8.21424895546786        2.27370079849127      O
       -4.35777845321239        5.53829311554363        1.28130430054011      O
        0.50245430139083        0.08833640167771       -4.89670099884443      C
       -5.62838551224167       12.69149252044053        9.18720465165827      C
        2.73791437809151       -1.54055958561343       -0.82843855995879      H
       -3.77188942899235        2.61582005367068       -2.64421233752631      H
        4.03775450021415       -2.51054334213530        7.65152467456113      H
        1.00739000015961        2.22455898823543       13.26441639163251      H
       -3.71004562852470        9.09143970094129       11.61654847676260      H
       -3.40880104073347       12.28411719435615        4.57420834544112      H
       -1.24822865115880       -0.94042166966627       -6.18902619983633      O
        3.00545416889275        0.60686268146376       -5.75527904643231      O
        3.60497434762565       -0.74207020322050       -7.83214161787989      C
        3.85886061248208       -2.04180968820027       12.85481776506590      C
        5.20879569837777       -3.88156895598075       12.50050819487869      O
        3.15096699169158       -1.23699127809658       15.08677100384980      O
        3.78712842579542       -2.83781998187790       17.07150061744313      C
       -6.12114452911090       14.51468472759693        7.97201743816302      O
       -6.48071628844747       12.18986749049217       11.67599701545296      O
       -7.75719356759132       14.31071918869567       12.37606278744397      C
       -1.09457467507837       10.47323732261563        0.93813405090111      C
       -5.54739081658604        6.71600770915003       -0.82715022249604      C
       -6.43395968921568       15.64717354619286       13.03227061591407      H
       -8.67252186164096       13.76790651776955       14.21312330101771      H
       -9.49620196776161       14.73793684505756       11.25438155353391      H
        2.48328896173567       -4.41209568043291       17.08699159689412      H
        3.16241324637689       -1.73945646418282       18.74568257944688      H
        5.73694587205323       -3.33487740739790       17.17090212918968      H
       -7.25417366906310        7.65767542769215        0.11941923460075      H
       -6.13298794117390        5.45120075265073       -2.20058547737144      H
       -4.25172570336292        8.24170760931586       -1.41501635566509      H
        0.06650781625602       11.72437075072568        2.20460102617713      H
       -3.05567018146299       11.44106712940512        0.36531682649208      H
        0.06693989180429       10.02057083986680       -0.62838173987792      H
        3.91431884844836       -2.67097370228370       -7.04643850580726      H
        4.86291126032256        0.09904565622388       -9.11757650728645      H
        1.96938539403915       -1.14375901734689       -8.90823418016239      H
       -0.28495937472405       -7.47309854785695        2.53114902624479      C
       -0.40271088114102       -5.97804715200867        4.59463364023028      C
       -2.39050389724786       -4.14364591655649        4.83896577252689      C
       -3.55598681783679       -3.36596683711756        2.59007036122369      C
       -3.14322532144428       -4.75683459300485        0.41561711613633      C
       -1.46867792697239       -6.69809485262205        0.37162113305607      C
       -3.36482237593872       -3.04894598734055        7.13214197081634      C
       -4.89069215875888       -0.92041338120439        6.90556653704553      C
       -5.87016454865267       -0.17927237280733        4.53308171534954      C
       -5.10962926442773       -1.40371732705665        2.45519458495485      N
       -2.98974769962881       -3.98820248791997        9.86745656875937      C
       -3.56732904002184       -2.24956542097046       11.88746199262120      C
       -4.72260802697546        0.08149982055686       11.43907504749717      N
       -5.70177197941587        0.43818837039725        9.10456726122669      C
       -7.01449875939290        2.77026732115528        8.62393321185735      C
       -8.02366125651190        3.44185168810303        6.31255664553027      C
       -7.75686848100280        1.80922719086587        4.40474489199447      C
       -2.44509435980364       -6.50606567138276       10.47499055135267      C
       -1.97432956231490       -7.12725534850659       12.97764566494907      C
       -2.02441159409378       -5.44139455913568       14.98748840301733      C
       -2.78988750874631       -2.97700180620977       14.33871430773781      C
       -2.74784459583467       -8.27634121333649        8.66927047135552      O
        1.36138943260627       -5.77586663867520        6.52129093037179      O
       -0.88718400008472       -7.92071185388482       -2.02718946028751      C
       -1.71355276260511       -5.99517684924676       17.75849208286143      C
       -3.95541873528937       -4.02895034792526       -1.32333076176508      H
        1.29753152451918       -8.77019934469924        2.19210122346506      H
       -8.61616851195877        2.37496874845824        2.65322231316493      H
       -7.40383983321285        4.13650920960833       10.14477996342738      H
       -3.26060781521968       -1.58127384288864       15.73740802736906      H
       -1.44201178103853       -8.91334903216101       13.77526546809543      H
        1.39695890261444       -8.22029818598611       -2.70775266254539      O
       -3.20015582382824       -8.44132649213642       -3.21132583059120      O
       -2.79527513992296       -9.41639687512308       -5.66713017217058      C
       -9.22288717546272        5.88350379378259        6.40068807869722      C
       -9.35647507925276        7.26800082677211        4.62215555123719      O
      -10.51432624233739        6.10561047492104        8.55757571145868      O
      -11.04440805427093        8.65173841580105        8.81053137822962      C
       -0.90015999079931       -8.05135161345362       18.23036138090583      O
       -2.59027906574060       -4.38902736302672       19.54159503365170      O
       -2.28894269029231       -5.26099148766271       22.07979123751640      C
       -2.77937780765093      -10.92421618846505        9.47914834685123      C
        3.77176528744027       -6.76863617952244        5.94304664861914      C
       -1.43605652517446       -7.04842449537668       21.96154684535984      H
       -4.06493766203425       -5.23925238919598       22.85400894226157      H
       -1.01408714569496       -3.91809030627687       23.08577271048296      H
       -9.31749445365130        9.82157317565767        9.04666863966540      H
      -12.18243381831089        8.81591352990761       10.46074612757842      H
      -11.98449553723370        9.18376203522293        7.10516213940512      H
        4.59217439179852       -6.61319334618869        7.76386939086364      H
        4.86651070685516       -5.32798207335825        4.73336821748281      H
        4.18980719901283       -8.76544538382789        5.54535951955881      H
       -0.75045830204049      -11.55762707133536        9.10524669576350      H
       -3.85284794174176      -12.20324950553639        8.18035764269591      H
       -3.41267021226787      -10.99302487919756       11.39565194675254      H
       -0.76366336573745       -9.83104759926240       -5.95522919064094      H
       -3.39471543095989       -7.95489025688735       -7.19754752744487      H
       -4.16263449418086      -11.12491291529779       -5.93261343827789      H
$end
