$coord
       -2.85516907880231        4.66253513028081       -0.99981959820876      C
       -2.57690590770257        5.57324231374579        1.52175632256871      C
       -0.71639155547700        4.45310321468959        3.27105977660831      C
        0.30862304323764        2.05231580990423        2.34355463956813      C
        0.11712851230494        1.50010098700976       -0.18424830739575      C
       -1.47185281689238        2.71156780694436       -1.79588521121564      C
       -0.50698934410382        5.04079627025308        5.97264790463233      C
        0.39397888206473        2.94275411209093        7.28272215212426      C
        1.48809152118445        0.76065375683311        6.12981515604209      C
        1.82890293098832        0.39333158473779        3.57304545478399      N
       -1.19730274936239        7.28154311461835        7.17630126173693      C
       -1.46482820916560        7.02427449408478        9.91003663531810      C
       -0.58095134105769        5.16409623636033       11.19456670671360      N
        0.45887929140703        3.10969095447279       10.04557077019965      C
        1.60383113517931        1.09601939216600       11.41371903533748      C
        2.77824371751003       -0.90655677869438       10.33433509794310      C
        2.69406418523292       -1.00443891445605        7.71047555336655      C
       -1.41587042440641        9.72455592841684        6.09965414891039      C
       -2.65918773831360       11.58607057266187        7.48661311215586      C
       -3.85741855995750       10.97785670857005        9.79695641081598      C
       -3.01691957688562        8.86241899202205       11.00653404934692      C
       -0.23819779931173       10.39068819458220        3.76651990293038      O
       -3.95810041384928        7.67364534936464        2.32316354642661      O
       -1.57961705524149        1.39888436434485       -4.38657201205622      C
       -5.63661334164135       12.73881867902382       11.15213618279840      C
        1.03512621047085       -0.14807915602536       -0.92361169608616      H
       -4.13577158300548        5.79891246834893       -2.10055222540532      H
        4.40342749729275       -1.83663466670816        6.84936596927077      H
        1.71865188426220        1.51180993899077       13.51631529984659      H
       -3.46345704406226        8.55600427226750       13.02097405785715      H
       -3.25810821134803       13.35610872263694        6.60700214217114      H
       -2.98705419457407        2.21892445938304       -5.99471662413522      O
       -0.05026662974410       -0.64282804653222       -4.60256240154024      O
       -0.01518934131414       -1.24719530474277       -7.28696326865713      C
        4.06787859215090       -2.70160545805970       11.93199850863296      C
        5.63164469368824       -4.13013684192175       11.09028900834187      O
        3.45649385392348       -2.77969439879639       14.37501992419455      O
        5.16340841322118       -4.52977792540579       15.42225036834422      C
       -5.79747696490435       14.91526062457569       10.23885015338537      O
       -6.64644564950605       11.70383259806186       13.29252914609272      O
       -8.61627139382469       13.19632925501404       14.09169410310548      C
        2.25840692530687        9.63597866844338        3.20367224888677      C
       -5.55354257401521        8.96102906170503        0.50943273257875      C
       -9.99749481187423       12.32309289690475       15.58455830695430      H
      -10.02301941488811       13.60146186055058       12.66108329707201      H
       -7.93367734750633       15.06029102350852       14.97455407238283      H
        7.07476744734668       -3.67714766185046       14.96242828511910      H
        4.89856325869775       -6.30720648736365       14.24978785251834      H
        4.98786992538634       -4.80664462855021       17.33324085324392      H
       -7.25934061245326        7.75602459375316        0.30879884275844      H
       -4.34818774882677        9.36140332916970       -1.19220264357831      H
       -6.48716572121876       10.63576377872258        1.48242274093369      H
        1.78903647682379        7.53428101873609        3.14533943708783      H
        3.72148993679293        9.79568110409698        4.67434347424672      H
        3.03268698756344       10.40148769858876        1.47428346758247      H
       -0.84754201817089        0.22346635582012       -8.53110952573077      H
       -0.85559561461098       -2.97860114294868       -7.72436097767851      H
        2.03578872917386       -1.26093342791086       -7.84354334095890      H
        0.21277523493969       -8.55350310131823        2.77312003963328      C
       -0.27174806278535       -6.49329305419435        4.63797601717110      C
       -2.41446870353354       -5.08065157758641        4.48608338350374      C
       -4.14175904329832       -5.18426097833318        2.32758634102419      C
       -3.49633590107336       -7.06148762650043        0.49148928544046      C
       -1.43174594344737       -8.55524159786539        0.44807296460734      C
       -3.40645657983261       -3.59041894350022        6.50520076299857      C
       -5.03833799156471       -1.56921669346298        5.88304002218163      C
       -5.94851650732894       -1.40053440094494        3.26222822713689      C
       -5.88956790344413       -3.36425617011986        1.61426486212622      N
       -3.30008216731401       -4.09077832487730        9.19545360683763      C
       -3.68921863930915       -1.94214686596972       10.91941287050358      C
       -4.85517396780397        0.06627666670523       10.18003263735681      N
       -5.74725136601477        0.24765853785522        7.81407416727245      C
       -7.23418734712360        2.28221400342402        7.21610414688062      C
       -8.07979889315799        2.38016358759145        4.76393349508467      C
       -7.44977038096974        0.78085259766297        2.84451929805005      C
       -2.79512003093485       -6.37552906543067       10.41801445889145      C
       -2.32057010524029       -6.33283278908151       13.12763782201627      C
       -2.29567519209598       -4.17243706922141       14.52093124427546      C
       -2.97876959710664       -1.93809475572417       13.50874754816645      C
       -3.32718520786373       -8.50432179451582        9.14481743327302      O
        1.35943619627147       -6.33173053765741        6.72947126282834      O
       -0.31591288198948       -9.89401759626487       -1.92532716936373      C
       -1.17203952863473       -3.94109421403394       17.15874724641920      C
       -4.72059421154562       -6.93257774824069       -1.13849249292646      H
        1.97769688366494       -9.51263517585395        2.77876842684071      H
       -7.82874087081225        1.16347517927764        0.86144446736661      H
       -7.97765574803685        3.69498252345150        8.31195525500014      H
       -2.86333062350232       -0.15768163254748       14.47547852703807      H
       -1.76155816392242       -8.09191103161273       13.95921350949371      H
        1.85003217711146       -9.81138282966603       -2.44274259591982      O
       -1.99933158113732      -11.27971057306076       -3.31137208657408      O
       -0.68160265223669      -12.68346701584554       -5.03414865937591      C
       -9.26245010051398        4.98192540967766        4.00157972816939      C
       -9.68849280248623        5.58613045968954        1.85743089038122      O
       -9.95478094429674        6.44878892249244        5.95564438186182      O
      -11.75941053309757        8.47430863118742        5.28342094033148      C
        0.15297519276269       -5.65279567428436       17.82221488315335      O
       -1.80122554565033       -1.90965733669435       18.32263888505288      O
       -0.84651025558278       -2.30730420413580       20.87986487505187      C
       -4.05644835186043      -10.42560842107850       10.65179227508339      C
        3.66049652375772       -7.69048135147656        6.62835853815818      C
        1.15365246048516       -2.68898547083262       20.86141987261329      H
       -2.01670386719682       -3.77751391708966       21.87552965001393      H
       -1.36874399447636       -0.58934898267068       21.97543007824806      H
      -13.55614260886278        8.31837603666370        6.20274097569726      H
      -12.14691781845473        7.97829868736760        3.31062922142918      H
      -10.77660056078781       10.16225148868870        5.34061706952509      H
        3.33166622774383       -9.71310931911085        6.42152226120310      H
        4.49801449290711       -7.27532317529097        8.42941512861887      H
        4.83324366981854       -6.86825090565385        5.20191146834542      H
       -2.47075462445549      -10.62660309818835       11.92660585673871      H
       -4.47448965481865      -12.09547631519375        9.45331493714270      H
       -5.68276486157500       -9.94249155394885       11.66735432677911      H
        0.29415239580111      -11.32637972209713       -6.24113828541126      H
       -2.11792377228546      -13.76448951690327       -6.05574865054775      H
        0.42099464589152      -14.10087549104845       -4.02261075746520      H
$end
