 -1.0
 -0.78106159537169D+01 -0.53349068942881D+01  0.37111554517123D+00 -0.29279163252284D-03  0.53086150619686D-03 -0.42764378301490D-04
 -0.52881697071722D+01 -0.55322102547778D+01  0.82631867733468D+00  0.31082782820233D-03  0.30824646216484D-03  0.45783171260003D-03
 -0.42046936783613D+01 -0.34482627770338D+01  0.19478423823344D+01 -0.26432686870561D-04 -0.22653151800522D-03  0.19443837332153D-03
 -0.53197690029035D+01 -0.10829402389465D+01  0.15344076464325D+01  0.25808789760412D-03 -0.21841871100800D-03  0.56533998682132D-03
 -0.78471584281859D+01 -0.73366410307820D+00  0.79228196273466D+00 -0.29223516284232D-03  0.31296739747755D-03  0.16930857947031D-03
 -0.90015513567864D+01 -0.29756297363867D+01  0.26669679916562D+00 -0.10861500104267D-03 -0.34978512826654D-03  0.10195008835272D-03
 -0.16703964426772D+01 -0.31699872893347D+01  0.29717786365321D+01  0.15033467360338D-03  0.17768593497362D-04  0.41693459813043D-04
 -0.43185039047008D+00 -0.85205605329160D+00  0.29087401009289D+01  0.29156695643274D-03 -0.17719298128090D-03  0.32048578302632D-03
 -0.17719506537968D+01  0.13576898280500D+01  0.22896663843732D+01  0.43474117125017D-03  0.39494323185021D-03 -0.21675411698945D-03
 -0.42578609498714D+01  0.11650594964077D+01  0.20475681519490D+01  0.12869836651031D-03 -0.78395178809131D-04 -0.24661949826564D-03
 -0.28782583896480D+00 -0.52105044460786D+01  0.42703241220424D+01 -0.42550396179858D-03 -0.27216043370804D-03 -0.34855459328305D-03
  0.23385209167132D+01 -0.49337950164935D+01  0.42971236586770D+01  0.15831319842492D-03  0.26061639546178D-03  0.20941174581897D-03
  0.36589134839331D+01 -0.27220811827345D+01  0.37271282126772D+01 -0.13813316667225D-05  0.10703217804934D-03 -0.14892555502006D-03
  0.22149661347499D+01 -0.67025451357607D+00  0.32192608004287D+01  0.60235938717052D-04  0.28923957360099D-04 -0.29421890801072D-03
  0.34386979418045D+01  0.15597293290917D+01  0.34719954090976D+01 -0.27125134360102D-03 -0.26035030440044D-03 -0.25140461384503D-03
  0.21045875710604D+01  0.38656489750996D+01  0.34858889682770D+01 -0.66360685335564D-04 -0.10367803390484D-03  0.31128842106083D-03
 -0.58395045588155D+00  0.36973832235761D+01  0.28236897497978D+01  0.27579449684852D-04  0.48132972949081D-04  0.81233961970265D-03
 -0.11229146452364D+01 -0.75762376884583D+01  0.53568104054385D+01  0.11267291345840D-03 -0.42381594561404D-03 -0.20166083056409D-04
  0.45313888703931D+00 -0.94834522180459D+01  0.63209876018896D+01  0.43910963406334D-04  0.92195898239090D-04  0.54003498158320D-03
  0.30902918338283D+01 -0.91242083057961D+01  0.58226423428760D+01 -0.68644509926125D-04 -0.98218467281709D-05 -0.22769231264238D-03
  0.38719980112601D+01 -0.68817058645359D+01  0.49713394958254D+01 -0.85904756420283D-05 -0.15800626581158D-03 -0.36917494367710D-04
 -0.36917832193066D+01 -0.75129643972498D+01  0.60750739359892D+01 -0.19225895823689D-04 -0.66543738864674D-04 -0.11251055762986D-03
 -0.39128521303950D+01 -0.77272201193470D+01  0.72492615820432D-01  0.22951016656966D-03  0.15040999910099D-04 -0.36795191519816D-03
 -0.11707607638859D+02 -0.32478695299919D+01 -0.53340067586724D+00  0.27128713191475D-03  0.19178983283035D-03  0.30753811320885D-03
  0.50300021479170D+01 -0.10974442145969D+02  0.64012284332861D+01  0.97807460430983D-04  0.24525052277700D-03 -0.32102320545251D-03
 -0.85807073725816D+01  0.10541598979523D+01  0.27944761387310D+00 -0.22442317080692D-03 -0.32517864741214D-05 -0.33662075737899D-03
 -0.87551704601461D+01 -0.72546547513174D+01 -0.84275981122142D-01  0.24570000883943D-03 -0.40771145472725D-03  0.67490629936018D-03
 -0.17833561647945D+01  0.52513141384127D+01  0.28109706410111D+01  0.61924322242747D-03 -0.64758179712722D-03 -0.18509537774899D-03
  0.53806981560076D+01  0.17329786094192D+01  0.39462818860196D+01  0.55737969480057D-03  0.68014402127308D-03 -0.52005157091228D-03
  0.58733030671194D+01 -0.65426768486107D+01  0.47379444325178D+01 -0.69780126577232D-03  0.80664765494765D-03  0.51056945945715D-04
 -0.46348863741861D+00 -0.11273128599664D+02  0.69060507558962D+01 -0.24865046924848D-03 -0.62520318231593D-04  0.58713882567555D-03
 -0.13038955236799D+02 -0.14497767025552D+01 -0.56715542328775D+00 -0.28020724979154D-03 -0.17528516189811D-03 -0.21237393090859D-04
 -0.12499198880803D+02 -0.58041653296687D+01 -0.13638524395127D+01 -0.26476513516065D-03 -0.22962404718363D-03 -0.44181394264786D-03
 -0.15095595222673D+02 -0.63300295406461D+01 -0.77678254614838D+00  0.21733102525503D-03  0.42224847551906D-03  0.26597711697566D-03
  0.32254036640775D+01  0.65001009299355D+01  0.40323575331818D+01  0.58115929173332D-03  0.12509908282632D-03 -0.44855449741749D-04
  0.45626287250684D+01  0.69028583733818D+01  0.57993020766472D+01  0.26280510687151D-04 -0.26657368578236D-03  0.10769633325498D-03
  0.24042691947536D+01  0.81771871563010D+01  0.22082373349026D+01 -0.96303273024759D-04 -0.43426689976415D-03 -0.22937774682971D-03
  0.34706391965912D+01  0.10517246464670D+02  0.26200753230006D+01  0.20324288921098D-03 -0.87677843507586D-04 -0.38566591183349D-03
  0.43951232550242D+01 -0.12945837490018D+02  0.74990844022173D+01  0.18150638342064D-03  0.15911376251020D-03 -0.96234458483942D-04
  0.75998401530257D+01 -0.10312643393836D+02  0.58475449409422D+01  0.42634215352648D-03 -0.66684407519643D-04  0.43883647395884D-04
  0.95178821762915D+01 -0.11964029041991D+02  0.64355987615815D+01 -0.41829452111145D-03 -0.11365940782425D-03 -0.81336131225881D-04
 -0.49367006034837D+01 -0.99300665652020D+01  0.58821006970729D+01  0.18208845423155D-03 -0.50084284383306D-03 -0.11113604757579D-03
 -0.15127022988457D+01 -0.71640458286864D+01 -0.12242338382169D+01  0.51811319352328D-04  0.12726644382686D-03 -0.29318760496533D-04
  0.11433922159598D+02 -0.11377999394755D+02  0.59696819134858D+01 -0.36172314521388D-05 -0.25785443053533D-03  0.59908516261164D-03
  0.92525992521619D+01 -0.13730275289491D+02  0.54277748900865D+01 -0.35210977384475D-03 -0.37177458779019D-03 -0.23153385153267D-04
  0.93376539211482D+01 -0.12246422648079D+02  0.85995831877634D+01  0.17784150836379D-03  0.36622788502490D-03 -0.13703198358831D-02
  0.54283280874877D+01  0.10592540406021D+02  0.24999780210216D+01 -0.35283944887612D-03 -0.29648942413121D-03  0.50106356963998D-04
  0.28163541711950D+01  0.10823941987778D+02  0.45867635078289D+01 -0.36366985787241D-03 -0.59864516210265D-03  0.26955442644042D-03
  0.27081740250887D+01  0.11969469471470D+02  0.13902202650578D+01 -0.15947020911179D-03  0.18668277387070D-03  0.84283842990437D-03
 -0.15547617628982D+01 -0.73731483398087D+01 -0.31101095284427D+01 -0.91000775208469D-03  0.12952212947766D-03  0.62807633562164D-03
 -0.23099008263621D-01 -0.85030247928081D+01 -0.45096984653882D+00  0.56698094266760D-03  0.42920543026041D-04 -0.73650207799840D-03
 -0.96161580248501D+00 -0.52815255708147D+01 -0.74309656703889D+00  0.33715649529969D-03  0.48465736809102D-03 -0.25494516784182D-03
 -0.48392436134063D+01 -0.10517989320538D+02  0.38675919939804D+01 -0.29867298094439D-03 -0.45823630290739D-03  0.41155775495866D-03
 -0.67954966264001D+01 -0.95202373825163D+01  0.65310366170752D+01  0.71994447429272D-03  0.20289634181553D-03  0.56194905786847D-03
 -0.41697223617438D+01 -0.11123206508403D+02  0.72808420112134D+01 -0.63578632888294D-03 -0.57408324766369D-03 -0.56362617723509D-04
 -0.15907843028899D+02 -0.46335957274706D+01  0.27894687281241D+00 -0.82330222466098D-03 -0.72272857003652D-03  0.43237007965811D-04
 -0.15266048809904D+02 -0.81302956872678D+01 -0.14797832753342D-01 -0.79692452173195D-03  0.60127824374463D-03 -0.19984220174947D-03
 -0.16338700685229D+02 -0.63188999385319D+01 -0.25325946924570D+01 -0.10099670441172D-02 -0.66293930898672D-04 -0.34853267505378D-03
  0.18085524681226D+00  0.10364559318890D+02  0.91895817153345D+01 -0.11114524706625D-03 -0.14124627929571D-03  0.12712747044461D-03
 -0.15020768895100D+01  0.84743768914313D+01  0.87606863912389D+01 -0.42514051504987D-04  0.22927039307013D-03 -0.37439675170139D-03
 -0.12331180204278D+01  0.60972052218697D+01  0.10270155547747D+02 -0.12003532621281D-03  0.25404159748677D-04 -0.34152444602128D-03
  0.11245871229201D+01  0.58380208710578D+01  0.11481987255847D+02  0.35979561399505D-03  0.10229032614013D-03 -0.20574199150793D-03
  0.26805047689681D+01  0.78766805409865D+01  0.12016317039861D+02  0.46352929561789D-03 -0.52838414878413D-04  0.82737405699229D-04
  0.21435560499112D+01  0.10136711056898D+02  0.10791442180143D+02 -0.51139907734120D-04 -0.31010798426564D-03 -0.96802388025050D-04
 -0.28856080313178D+01  0.38519481124860D+01  0.10211747317062D+02  0.18543721397728D-03 -0.12783644157563D-03  0.55185069058812D-03
 -0.15306925070461D+01  0.16072777573962D+01  0.99148488894323D+01  0.32687757245101D-04 -0.12458901724810D-03 -0.12203808562372D-03
  0.59522457457268D+00  0.13892811579185D+01  0.11499113887778D+02 -0.50324238193686D-04 -0.35565950483474D-03  0.27791432512946D-03
  0.19381058779668D+01  0.34667883357024D+01  0.12143101350612D+02  0.39182174344268D-03  0.17102609137596D-04  0.26484014384696D-03
 -0.54865065879700D+01  0.40119878811946D+01  0.95157405225757D+01 -0.32193517950518D-04 -0.54197722633995D-04  0.54463915794173D-03
 -0.64703903480770D+01  0.18404374878526D+01  0.83326055312687D+01  0.30974676917010D-03  0.25973510557635D-03 -0.33995608361857D-03
 -0.55287067288190D+01 -0.54009247996745D+00  0.83174677491351D+01  0.31124674453716D-04 -0.50318144069947D-03 -0.59869933342373D-04
 -0.30840057230265D+01 -0.54837851090677D+00  0.92765831871461D+01 -0.72250944143143D-04 -0.21326503301485D-04 -0.50324758908982D-03
 -0.22099504095486D+01 -0.29704256174224D+01  0.10178022689420D+02  0.11822379999509D-03  0.46519221209763D-04 -0.15261727807485D-04
  0.14081549289747D+00 -0.32143086013989D+01  0.11284387492833D+02  0.26132604078820D-03  0.29933428939871D-03 -0.25299155318308D-03
  0.15861071248853D+01 -0.96871893036381D+00  0.11936444025522D+02 -0.24405550486743D-08 -0.24103806100743D-04 -0.15937556200830D-03
 -0.71886967989911D+01  0.61405280694330D+01  0.98830498541071D+01 -0.73284221760800D-03 -0.15463748319203D-03 -0.78114819187981D-04
 -0.94578436178318D+01  0.63949953118738D+01  0.85760663346186D+01 -0.11248717554526D-03  0.73198544981762D-04 -0.86901601549669D-04
 -0.10371557544845D+02  0.42740583800450D+01  0.74086445102064D+01 -0.10294408581483D-03  0.34787098684769D-03 -0.31369493846874D-04
 -0.91213755576362D+01  0.19781794164152D+01  0.75821726529336D+01 -0.42112278378021D-03  0.18969588361556D-03  0.12397008839802D-03
 -0.63963202839741D+01  0.80676496657405D+01  0.11531100637384D+02 -0.32108353609936D-03 -0.12012501030602D-03  0.14830327655427D-03
 -0.34488943734050D+01  0.85950295061427D+01  0.71203519823886D+01  0.15054985532669D-03  0.41618573937859D-03  0.45847436363158D-05
  0.39571718524828D+01  0.12276013873229D+02  0.10959703186875D+02 -0.21827857159444D-03 -0.11998337121428D-03 -0.34996738650781D-03
 -0.12730384183532D+02  0.45978102596715D+01  0.60140048790049D+01  0.17620899123660D-03 -0.16798599630361D-03 -0.13069259674284D-04
  0.42741815604809D+01  0.75460459069406D+01  0.13204405766829D+02 -0.21645280223234D-03 -0.54200202782177D-03 -0.29995208417254D-03
 -0.40337270815549D-01  0.12184739348763D+02  0.85681705125769D+01 -0.10778768739934D-03 -0.10290507995368D-02 -0.29413064657517D-03
  0.34614266927553D+01 -0.10055610621888D+01  0.12666047730058D+02 -0.77710246055206D-03  0.38518504783303D-03 -0.20274529051504D-03
 -0.35309013776740D+01 -0.45860942118387D+01  0.97769470122606D+01  0.17256298788974D-04 -0.47685687064729D-03  0.44208708851792D-04
 -0.99151854702897D+01  0.35763530750534D+00  0.66531418627405D+01  0.32273346227099D-03  0.47488156927616D-04 -0.26347803806649D-03
 -0.10844080089519D+02  0.78364199705498D+01  0.88033721958619D+01 -0.10854019288682D-02  0.27515597703572D-03 -0.10282902282038D-03
  0.41949498402420D+01  0.14147523735613D+02  0.96132922055244D+01 -0.47338795432564D-04  0.21629889487536D-03 -0.57896371439707D-05
  0.54519172583397D+01  0.11700466495129D+02  0.13031879984213D+02  0.85682163051468D-05  0.45607899312720D-03  0.11411095561149D-03
  0.73398314090042D+01  0.13500108630490D+02  0.13148632796010D+02 -0.26028688316657D-04 -0.24188640171817D-03  0.75336148423880D-04
  0.10023407638230D+01 -0.58741433029573D+01  0.11854783070011D+02  0.25022861751202D-03 -0.55038033733795D-03 -0.63315952773294D-04
 -0.80568543341151D+00 -0.74515740613119D+01  0.12078716508833D+02  0.34450406915759D-03  0.26690092297594D-03  0.17734441567090D-03
  0.33580501690525D+01 -0.65267501872611D+01  0.12577536273182D+02  0.47915592743815D-04 -0.24288559046661D-03  0.32409964096629D-03
  0.33822143857244D+01 -0.89519838493689D+01  0.13646754551756D+02 -0.35083430678807D-03 -0.25398663389461D-04  0.24890117391106D-03
 -0.14435344992680D+02  0.60295812241351D+01  0.65266947167317D+01  0.45828619354347D-04  0.29075852690959D-03 -0.40391459982366D-04
 -0.12827415995336D+02  0.27269552767458D+01  0.42294881733325D+01  0.20735955937538D-03  0.23136512419346D-03 -0.17388823604380D-03
 -0.14949982802151D+02  0.25812737108071D+01  0.26201116158688D+01 -0.14870074242530D-03  0.26011728180921D-04 -0.84521676559270D-04
 -0.79523273114045D+01  0.10210118831769D+02  0.11798794086820D+02  0.97400551233651D-04 -0.61482886255329D-03 -0.37310957817835D-03
 -0.33706522520373D+01  0.10812399939471D+02  0.55027534249067D+01 -0.42856274129519D-03  0.41435012347378D-03  0.17262480144653D-03
 -0.16461691700397D+02  0.38318258360185D+01  0.35508983954753D+01 -0.10936680114083D-03  0.17541503908643D-04 -0.37556712225880D-03
 -0.15560914721642D+02  0.57003608285245D+00  0.29617633911249D+01  0.61749828676243D-04 -0.63606323014171D-03  0.71917127271487D-03
 -0.14632816858744D+02  0.27926190977838D+01  0.55316270901068D+00 -0.38406418688977D-03  0.38872279337434D-03 -0.18933031123443D-03
  0.17676694068524D+01 -0.91442020252339D+01  0.15254320334858D+02 -0.31996263156026D-03 -0.10313385534127D-03  0.20201530182234D-03
  0.53024229194597D+01 -0.95727186159956D+01  0.14316942928991D+02 -0.48927970769749D-03  0.47976570605010D-03 -0.14937738085178D-03
  0.27496490719981D+01 -0.10135787959245D+02  0.12057340479280D+02  0.21584184689309D-03  0.45053293383548D-03  0.48816346247021D-03
 -0.52474301051841D+01  0.11730362813768D+02  0.58574207430287D+01 -0.59273474729746D-03  0.16267428669130D-03 -0.17914354950369D-03
 -0.34511792036426D+01  0.99860275316331D+01  0.37953404785032D+01 -0.35326989377227D-03  0.76549544830682D-03  0.53822931851628D-03
 -0.15239186873047D+01  0.11873018948402D+02  0.57436382700503D+01  0.11553400274012D-03  0.80240389875914D-03  0.40935497389696D-03
 -0.74759286421724D+01  0.11276508209896D+02  0.13571519584482D+02 -0.95064554286346D-03  0.19645045425009D-03  0.15940823976902D-03
 -0.99611779357766D+01  0.98386685373758D+01  0.11585995137057D+02  0.86902915587986D-03  0.60559586137002D-03 -0.12457693981400D-02
 -0.74210505507408D+01  0.11735794380300D+02  0.10459618556232D+02  0.94303418858833D-03  0.57960925251605D-03  0.14094493442839D-04
  0.69531429968911D+01  0.15373511477963D+02  0.12488839199131D+02 -0.29395171796598D-03  0.37132252477478D-03  0.89638787402082D-04
  0.88346516667255D+01  0.12593435043441D+02  0.11928247540965D+02  0.34665948603057D-03 -0.17829447900329D-03  0.57689506387501D-03
  0.78526414725943D+01  0.13526684347643D+02  0.15072072741501D+02 -0.16760381550323D-03  0.81571549820984D-03  0.51771408525631D-03
