   -0.03489791
    0.12798887
    0.01009714
    0.09214292
   -0.01791485
   -0.00772944
    0.03325908
    0.00240938
    0.09214831
   -0.26930421
    0.01311206
    0.10439395
   -0.27702105
    0.09743550
   -0.01511410
   -0.00488163
   -0.01964282
    0.12871349
   -0.02517476
   -0.00594632
   -0.03062153
   -0.34193261
   -0.35095109
    0.39026243
    0.39249688
    0.12533064
    0.10198664
    0.13357897
    0.11269384
    0.11352693
    0.10863189
   -0.49319094
   -0.39315790
    0.02773293
    0.40020488
   -0.50644710
   -0.39501959
    0.00401476
   -0.49797598
   -0.38745909
    0.03399554
    0.03593284
    0.00306801
    0.09368256
    0.07586044
    0.11272834
    0.11941095
    0.09438555
    0.09527532
    0.06713492
    0.07943467
    0.13257021
    0.08406046
    0.07110910
    0.06603091
    0.07987478
    0.11807844
    0.09958839
   -0.02590812
    0.13654863
    0.01510411
    0.09796424
   -0.02267839
   -0.00363085
    0.03423947
    0.00163403
    0.10245341
   -0.26670964
    0.01409854
    0.09452286
   -0.26944079
    0.09880772
   -0.02596971
   -0.01290236
   -0.02701967
    0.13137505
   -0.02318191
    0.00304391
   -0.01634404
   -0.34736047
   -0.34452260
    0.39034963
    0.40070125
    0.12746161
    0.10054321
    0.13669305
    0.11907921
    0.12358719
    0.09112078
   -0.50130734
   -0.38746301
    0.02556345
    0.36415838
   -0.51913212
   -0.38626818
    0.04130946
   -0.49506958
   -0.41433965
    0.03188233
    0.02164717
    0.00023273
    0.10679368
    0.07796256
    0.08332924
    0.11180631
    0.08353837
    0.08186382
    0.07676450
    0.07373141
    0.14354973
    0.08505514
    0.07173362
    0.08425293
    0.11628792
    0.08727359
    0.10118418
