 -1.0
 -0.59799220738793D+01  0.11980090311383D+01  0.52931703043034D+00 -0.13933192449380D-03 -0.60937047059878D-04  0.11712752433189D-04
 -0.49617808868108D+01  0.29886506556221D+01  0.22135423392153D+01  0.10398081688592D-03 -0.44389141976047D-04 -0.19493659788823D-03
 -0.24415665321893D+01  0.26320464527185D+01  0.31017749108393D+01  0.22945281884685D-04 -0.72554397513485D-04  0.18602707745172D-03
 -0.12896732653888D+01  0.20602496261222D+00  0.26644047183616D+01 -0.36273188909846D-03 -0.42531781329171D-03 -0.35822943438376D-03
 -0.22635078750873D+01 -0.14682301295044D+01  0.86766620801658D+00 -0.34483464538983D-03 -0.21040720183485D-03 -0.22484821905843D-04
 -0.46525872327571D+01 -0.93150119889503D+00 -0.98958833955352D-01  0.66009741615047D-06 -0.40879548640536D-04 -0.87858691693525D-04
 -0.11719273305489D+01  0.45511597053508D+01  0.47462408856087D+01 -0.15234921844851D-03 -0.10088240686865D-03  0.11411588790862D-03
  0.75527408832991D+00  0.35555449890250D+01  0.62348806775679D+01  0.52669374189396D-03 -0.17639116391273D-03 -0.30380785783965D-04
  0.17924396513998D+01  0.11730504491552D+01  0.58191034285594D+01  0.17460601460436D-03 -0.81194515399546D-04  0.25244102643168D-03
  0.82711176949201D+00 -0.43727390285919D+00  0.40002569566279D+01  0.21073901414887D-03 -0.15444887482125D-03 -0.27384924219511D-03
 -0.17604791483702D+01  0.71275686866657D+01  0.48995662098046D+01 -0.15807572694378D-03  0.42854394953456D-04  0.46679783734965D-03
 -0.95051836851299D+00  0.82039164018677D+01  0.72170115873081D+01 -0.93457537163707D-04 -0.20071933773299D-03  0.24605593742584D-03
  0.49896916249054D+00  0.71488659057558D+01  0.91090083670428D+01 -0.32532862417328D-03 -0.19728100955268D-03 -0.12162292917704D-03
  0.17088056706907D+01  0.50440679087270D+01  0.82554773351461D+01  0.44606199768724D-03 -0.30172144364610D-03  0.83544219519132D-05
  0.35468627149619D+01  0.40231173302196D+01  0.98822535635919D+01 -0.28264101506199D-03 -0.32269349680905D-03 -0.23133506564301D-03
  0.44211101001101D+01  0.15576387730355D+01  0.94765563143292D+01  0.26915632267351D-03 -0.19223950412128D-03  0.13338564105373D-04
  0.35001837905527D+01  0.15408256113778D+00  0.74780270388498D+01 -0.77230103287748D-04  0.39454586363190D-03  0.26832879089096D-03
 -0.27668887684953D+01  0.86556319000112D+01  0.29644719643036D+01 -0.24159449752671D-03  0.20866981191401D-03 -0.57887787588028D-04
 -0.37858210596956D+01  0.10987416790862D+02  0.34961872519514D+01 -0.10724628325133D-03 -0.34776511813242D-05 -0.19775950755019D-03
 -0.33907117212654D+01  0.11949243427647D+02  0.59250329902930D+01 -0.87365525466430D-04 -0.12036897093617D-03 -0.64361406066548D-04
 -0.18394290894264D+01  0.10686817809326D+02  0.76724652099903D+01  0.33554607421840D-04 -0.24074044294653D-03 -0.18395173330420D-03
 -0.27030626807078D+01  0.77794450242438D+01  0.40930999731611D+00  0.15114424650956D-04 -0.43327693823038D-04 -0.10041131089268D-03
 -0.63348561130979D+01  0.49467694045716D+01  0.31873061124687D+01  0.76462812854513D-04  0.14780772486166D-03 -0.13567363494459D-03
 -0.56965989324987D+01 -0.28774511526828D+01 -0.17527271317419D+01 -0.15633181802924D-03 -0.83617928085050D-04  0.18259920075536D-03
 -0.41027793217703D+01  0.14627825769751D+02  0.63949626451164D+01  0.14011142245291D-03  0.14582667160056D-03 -0.17857312981640D-03
 -0.12582051332135D+01 -0.32806403827492D+01  0.42690601005014D+00 -0.34537705662641D-03  0.28638505769273D-03 -0.57849048953856D-03
 -0.78829682410618D+01  0.12745739588632D+01 -0.10457631822874D+00  0.41181017316141D-03  0.27253402009756D-03 -0.70372328828840D-04
  0.37203965503498D+01 -0.20074684498108D+01  0.71954552145128D+01 -0.90472914446768D-03 -0.88214373560496D-04  0.10150022263858D-03
  0.39439866766308D+01  0.48408885600712D+01  0.11830849850319D+02 -0.11308452007308D-03 -0.30610863716485D-03  0.19293163554696D-03
 -0.15930183887158D+01  0.11571523992546D+02  0.95460928667409D+01 -0.29392201256549D-03 -0.17988367634384D-03 -0.27789887559771D-03
 -0.50710667573943D+01  0.11944375709108D+02  0.22654478054387D+01  0.61607186741783D-03 -0.51542684980011D-04  0.14002222697770D-03
 -0.43964541241753D+01 -0.41063752203697D+01 -0.31731421469381D+01  0.14052097714254D-03  0.76552950985086D-04 -0.37240510255164D-04
 -0.83212160133144D+01 -0.29825047909419D+01 -0.19413404366983D+01  0.40057052457195D-03  0.12607775649595D-03  0.36335909302514D-05
 -0.90658175746249D+01 -0.52128298377729D+01 -0.30397454739637D+01  0.38202725919988D-03 -0.27885316692371D-03  0.21115732392720D-04
  0.62747231086830D+01  0.39436086905279D+00  0.11268527089595D+02  0.29321617762314D-03 -0.50382100018233D-04  0.49726213567310D-03
  0.64515282786343D+01 -0.19339281276540D+01  0.11402165610657D+02  0.12532373204018D-03  0.22518683195122D-03 -0.37086797582313D-04
  0.74160748209555D+01  0.22858016567688D+01  0.12737287529956D+02 -0.84507985019912D-04  0.93213602130353D-04  0.30815388321803D-03
  0.87869533551040D+01  0.11990361754121D+01  0.14716752452726D+02  0.97803322840414D-04 -0.25901068775767D-04 -0.22053490560898D-03
 -0.56870640274443D+01  0.15486647532242D+02  0.49847892570300D+01 -0.36837607696930D-05  0.24751546335682D-03  0.11490176630740D-05
 -0.30182662553066D+01  0.15684382939338D+02  0.85278616237655D+01 -0.19157733214777D-03 -0.29382634852596D-03 -0.24165839905057D-03
 -0.36130968753150D+01  0.18165030329403D+02  0.85467899265890D+01 -0.23868097575641D-03  0.33467234269446D-04 -0.77929569618237D-04
 -0.35544519415519D+01  0.99497291837576D+01 -0.12701666228396D+01 -0.64260829637119D-04  0.40387430572980D-04  0.25669427808633D-03
 -0.85790876767900D+01  0.54661305308165D+01  0.19822663326581D+01  0.32237142559552D-03 -0.91787637237615D-04  0.30647834471798D-03
 -0.24601058894602D+01  0.19085768172402D+02  0.71636390061350D+01  0.35319911066731D-03  0.22431361739404D-03  0.16551155632079D-03
 -0.30720647905475D+01  0.18991508981371D+02  0.10386508146619D+02  0.76403195272643D-03 -0.57182301993549D-03  0.28502748979029D-03
 -0.56613106039206D+01  0.18276402709208D+02  0.82627686050647D+01  0.51283716971139D-03  0.31505929776844D-03 -0.37817489817254D-03
  0.10749472768459D+02  0.16966922099326D+01  0.14584840920694D+02 -0.36132276558654D-04 -0.17433769230403D-03  0.12432342341179D-03
  0.85947589773289D+01 -0.86178514393363D+00  0.14562450750231D+02  0.34210765775382D-03 -0.52874413121791D-03  0.80560828335979D-03
  0.80517503031213D+01  0.17643781394879D+01  0.16641846666935D+02  0.35854210050792D-03 -0.23879319263762D-03  0.57954177319898D-03
 -0.83993020376539D+01  0.64648022723195D+01  0.23890362552291D+00 -0.13012914818489D-03 -0.31237390462501D-03  0.46855955972335D-03
 -0.98548897274588D+01  0.66058079651666D+01  0.32313485583132D+01  0.12775066104385D-03  0.82233465962154D-05 -0.14964471546334D-05
 -0.96295963042561D+01  0.37958564551463D+01  0.17838497255399D+01  0.80742915329464D-04  0.21024124945054D-03  0.55355613688601D-03
 -0.29425323576013D+01  0.94299830859050D+01 -0.32152595172083D+01 -0.28411087586994D-03  0.43002390647122D-03 -0.53526027867487D-03
 -0.26724312020728D+01  0.11627383520216D+02 -0.57237531115464D+00 -0.61767512672463D-03 -0.34520008013623D-03  0.12720291263760D-03
 -0.56798667078459D+01  0.98587657986755D+01 -0.99830920712398D+00 -0.84601208597874D-03  0.69563015913472D-04 -0.23663520798170D-03
 -0.11193145380364D+02 -0.52814213149669D+01 -0.33128133295834D+01  0.98295676704444D-04 -0.20398151896825D-03  0.10625691251990D-03
 -0.88676239116495D+01 -0.65723000729396D+01 -0.15595362764872D+01 -0.67433511009191D-03  0.82616466124590D-04 -0.60679398900043D-03
 -0.78845843690819D+01 -0.58707610096637D+01 -0.45686919087046D+01 -0.49472808355541D-03  0.11738304091602D-03 -0.33625378502531D-03
  0.81709570370612D+00 -0.78751417400083D+01  0.37197800196899D+01  0.20028359668660D-03  0.51870556724486D-03 -0.32535958592666D-04
  0.11533668434315D+00 -0.63218238279804D+01  0.56658244478192D+01  0.47057839206830D-03 -0.19030524056872D-03  0.71210054723745D-04
 -0.24523789617880D+01 -0.55674913817857D+01  0.60954159898918D+01  0.80157766279125D-04 -0.10280674401388D-03  0.31306854093036D-03
 -0.41642778549828D+01 -0.63603035751331D+01  0.41474028347142D+01 -0.21408364075296D-04  0.93904620595792D-04 -0.41683800414093D-04
 -0.35963252191237D+01 -0.83261436550352D+01  0.24358213068088D+01 -0.68798110590994D-04 -0.15901195631405D-03 -0.92314521477614D-04
 -0.10009352569177D+01 -0.89430473850461D+01  0.21199912689693D+01  0.34961705587822D-03 -0.50738996927060D-04  0.66797015030931D-04
 -0.30679074322348D+01 -0.35591412551407D+01  0.77096982420933D+01 -0.58659130808382D-03  0.32382514005700D-03 -0.89782782018243D-04
 -0.51818347508097D+01 -0.21240897923593D+01  0.71431759247548D+01 -0.72035191796442D-04 -0.45471239735439D-05 -0.22236566020575D-03
 -0.69455128018096D+01 -0.30929751383074D+01  0.53805082613740D+01  0.65201300097709D-04  0.27481388022604D-04  0.34218298615034D-03
 -0.65257486126578D+01 -0.52019244538682D+01  0.40163663914115D+01 -0.26452233663161D-03  0.32131904045677D-03 -0.54667359428343D-04
 -0.15986619535515D+01 -0.29512854152263D+01  0.99652117983208D+01 -0.59025480885054D-04 -0.19816320725892D-04  0.23888105471805D-03
 -0.20504449604307D+01 -0.44754905144514D+00  0.10894194765602D+02  0.33312661552559D-03  0.29034030448576D-03 -0.10239859268979D-03
 -0.37837459775277D+01  0.12403477765557D+01  0.98789787073491D+01 -0.25484531094110D-03  0.79959321972599D-04 -0.15100875588088D-03
 -0.54765521682672D+01  0.28845738258998D+00  0.83447098041782D+01  0.39862965300045D-03  0.21003189980773D-03  0.22168214644174D-03
 -0.76922907707928D+01  0.15157174957326D+01  0.76883642050609D+01  0.22202995960913D-04  0.34911170875248D-03 -0.43069297877186D-03
 -0.95859045782127D+01  0.60255265202508D+00  0.61676698652756D+01 -0.36785980999855D-03  0.27399039915970D-03 -0.37050495235589D-03
 -0.89312770969505D+01 -0.15658963087925D+01  0.48452626815544D+01  0.21584232376331D-03  0.12172126732953D-03 -0.16313140300489D-03
 -0.12129356540543D+00 -0.47742561726844D+01  0.11498779230186D+02  0.23568392452493D-03  0.65747457132665D-04  0.17263474286298D-04
  0.12235024595940D+01 -0.38720235620083D+01  0.13536985174164D+02 -0.11877443471783D-03  0.45543646080542D-03  0.47200225522054D-04
  0.99221784043839D+00 -0.13061519744573D+01  0.14051068977000D+02 -0.18178692957643D-04 -0.17912308697094D-03  0.99497872800627D-04
 -0.59235981033497D+00  0.32141014255579D+00  0.12850100734404D+02 -0.38385306891664D-04 -0.11309907313139D-03  0.15902676277990D-03
 -0.45393380354570D+00 -0.73249447941113D+01  0.10808707502993D+02 -0.14723161807474D-03  0.13055994166752D-03  0.65174983210028D-04
  0.22533665771634D+01 -0.51571405205839D+01  0.67890542583442D+01 -0.36836661534664D-03 -0.22833339908928D-03 -0.21498583062252D-04
 -0.31574780349750D+00 -0.10947164388787D+02  0.18620331082807D+00 -0.22812330818379D-03 -0.90996780249714D-04 -0.20264582684125D-03
  0.21089360948441D+01 -0.36182344844866D+00  0.16306631450612D+02  0.10389510954423D-03 -0.15806768436116D-04 -0.25165340130676D-03
 -0.51631892066529D+01 -0.90547218736930D+01  0.13995822613256D+01 -0.51845059603221D-03 -0.11330885348772D-03 -0.22610194416631D-03
  0.26441731603453D+01 -0.87661908534798D+01  0.35166005646122D+01  0.72268166029892D-03  0.24073058654551D-03 -0.28664179586164D-03
 -0.10235347370133D+02 -0.23444532833081D+01  0.34530725430032D+01  0.88858380127843D-04  0.12243429136223D-03  0.51660567302289D-03
 -0.78045653990316D+01  0.33679486694730D+01  0.86084383272631D+01 -0.27776524043940D-03  0.20695354615000D-03 -0.32873472902224D-03
 -0.12134440657745D+01  0.20821735406233D+01  0.13537083598860D+02  0.47019746064579D-03 -0.11376645530497D-03  0.82835504057378D-03
  0.21079704345577D+01 -0.51308151036971D+01  0.14865832835547D+02 -0.63862815825107D-03  0.29143469757885D-03 -0.53111106086161D-03
  0.18997069265120D+01 -0.11765837010726D+02  0.20123443951083D+00 -0.83866996225234D-04  0.14607596613773D-03 -0.69110243524584D-04
 -0.22720907695202D+01 -0.11799506566382D+02 -0.11218687331171D+01  0.28730116131437D-03  0.41419519022545D-04 -0.31008044281133D-03
 -0.15108454618823D+01 -0.13873009722322D+02 -0.23613854458290D+01 -0.19412312014187D-03 -0.11554580368858D-04  0.33462258991066D-03
 -0.11938013714614D+02  0.19501449499756D+01  0.57600640001315D+01 -0.47860688030627D-04  0.11761667239411D-03  0.76879871129880D-04
 -0.13375240584006D+02  0.15087465961512D+01  0.40347432005506D+01 -0.33866889112362D-03 -0.15866839365993D-03 -0.26978806159616D-04
 -0.12424863720268D+02  0.36014211502944D+01  0.76279150606459D+01 -0.29591422158545D-03  0.15017522774144D-03  0.22544644666563D-03
 -0.14514645882663D+02  0.52821374204801D+01  0.71331752744205D+01  0.95584698536144D-04  0.47490233573683D-04 -0.12704819902842D-03
  0.18311400707790D+01  0.18322494343215D+01  0.16936309134723D+02 -0.18282600731889D-04 -0.79929120291646D-04  0.18367223122313D-03
  0.36474357042629D+01 -0.20172666953641D+01  0.17633417367454D+02  0.24839083121740D-03  0.17527538565346D-03 -0.51844991390653D-04
  0.48296860241824D+01 -0.10707994821311D+01  0.19762907406701D+02  0.19551667744121D-03 -0.26728548135258D-03 -0.54350721193865D-04
  0.14568872429626D+01 -0.89755267680384D+01  0.11875642648000D+02 -0.36416259424244D-03 -0.57048584003034D-03 -0.13646048278848D-03
  0.44633468399308D+01 -0.65339887621262D+01  0.72243128914987D+01  0.56056319073583D-04  0.24668922434811D-03  0.42340533235655D-03
  0.67474190098681D+01 -0.19613219595197D+01  0.19645554265245D+02  0.18990110148687D-03  0.50417480596326D-04 -0.31082001899336D-03
  0.38368296799838D+01 -0.13343396591509D+01  0.21481744719564D+02  0.53390321217204D-03  0.97059799377378D-03  0.41842816826048D-03
  0.53926938211542D+01  0.92935683560435D+00  0.19569103995990D+02  0.32319349863020D-03  0.50564153720867D-03  0.19635031621620D-03
 -0.16088531690652D+02  0.41706162848711D+01  0.64952210764704D+01 -0.45158149288908D-03 -0.10999050768962D-02 -0.10818287007402D-03
 -0.13906057030317D+02  0.66431690897551D+01  0.56572478515615D+01  0.61575270499642D-03 -0.21230273802805D-04 -0.21720855962658D-03
 -0.14647796513251D+02  0.60342907020538D+01  0.91080652254027D+01 -0.11676535011175D-04 -0.60166653720721D-03  0.38977979320596D-03
  0.55403111669116D+01 -0.62825358938292D+01  0.55483219171282D+01  0.80953269991094D-04  0.56706834021914D-04  0.16881224177582D-03
  0.39865941378206D+01 -0.84351345063642D+01  0.73334721900382D+01  0.34467818215865D-03 -0.13463214359733D-03  0.49885548328609D-03
  0.56281595449261D+01 -0.59899371900578D+01  0.88183230651793D+01 -0.56801502642905D-03  0.16643857049086D-03 -0.32792252843310D-03
  0.14107854557378D+01 -0.10463688056685D+02  0.10517174480863D+02  0.48302732839300D-03 -0.28806303729000D-03 -0.42984308293142D-03
  0.73603769695808D+00 -0.97645978469921D+01  0.13532876374673D+02  0.22065874487522D-03 -0.12559214578803D-03 -0.16125407880184D-03
  0.32644187699217D+01 -0.78223029574573D+01  0.12017888053780D+02  0.76696228761157D-04  0.24782247183779D-03 -0.36351042489930D-03
 -0.27549147955552D+00 -0.15144382792927D+02 -0.13380405469790D+01 -0.48661970580183D-03 -0.52231475870141D-03 -0.40718790843885D-04
 -0.73429292510302D+00 -0.13097203140536D+02 -0.42558145174576D+01  0.27231238824441D-03  0.19281488046769D-03  0.11175413178742D-03
 -0.30583133968994D+01 -0.15005940592764D+02 -0.31439538917094D+01 -0.56545209171568D-04  0.43862233929416D-03 -0.40362969732989D-03
