$coord
       -3.91395015034581       -0.48096044170710       -1.32643658351001      C
       -4.13681426010256        1.35750820519474        0.54370258117603      C
       -1.83961639790503        1.93691291743435        1.87746409386977      C
        0.37336508096617        0.65528589743714        1.37256794533157      C
        0.41190055549263       -1.26881368984909       -0.52740336421365      C
       -1.65765435976341       -1.73630957416195       -2.01815901166293      C
       -1.85265711749851        3.67042075222879        3.81644529263967      C
        0.07394080086644        3.41956918181706        5.72752267557709      C
        2.31266288377006        2.03725894647803        5.14798266359968      C
        2.38451365205565        0.65096478778179        2.93189222055116      N
       -3.35296393633404        5.92197833269724        4.04874243215745      C
       -3.56369931466993        7.12425277720833        6.40792305486473      C
       -1.88984905622787        6.59088814019617        8.36119691148169      N
       -0.03561000024659        5.06064410824542        7.87711505459884      C
        1.68410561433723        4.32761331239715        9.85006890784948      C
        3.74368675326329        2.70701032463992        9.29883470291447      C
        4.12150463012954        1.64459209262230        6.94934583592707      C
       -4.55616417147394        7.11646415764178        1.92538907488299      C
       -6.28336139709688        8.95076438098260        2.34892916997211      C
       -6.84505522251917        9.88498175802483        4.78416182022213      C
       -5.43741206732698        9.02446109306540        6.74626763497995      C
       -3.85831475100741        6.47091292899500       -0.45475978101023      O
       -6.42874434509597        2.31462983173219        1.64769391989392      O
       -1.42082319879793       -3.76004714666410       -4.02287124706955      C
       -8.44342936403302       12.05220630210857        5.18389500838635      C
        2.00925380228770       -2.40219735659894       -0.88567685923625      H
       -5.62592085152517       -1.20907269500377       -2.08388028049881      H
        5.78590748434856        0.44923115546809        6.74398717002542      H
        1.66803902415867        5.20374803475368       11.69649918870157      H
       -5.91311224931116        9.34034259676092        8.60595914221483      H
       -6.85249003146852       10.19935247522939        0.79992844459490      H
        0.47684524902414       -5.07602169211105       -3.93260085530622      O
       -3.41895469959208       -3.88864755772350       -5.70868945030869      O
       -2.77906148627142       -5.38041303008571       -7.71552813508185      C
        5.45237117577742        2.34930217582704       11.48709852803666      C
        7.11345536736448        0.70492102130015       11.30644419400228      O
        5.33418832842819        3.96499391492356       13.55669386510939      O
        7.06701287089299        3.59792364408629       15.49485058889743      C
      -10.05657083480668       12.64127848889533        3.63021833478454      O
       -7.87441120384580       13.78740561026915        7.05884175838211      O
       -8.74204562752385       16.29127948121830        6.38842503306991      C
       -4.14919327140461        8.47196418561043       -2.39421240479753      C
       -8.76078710776622        1.82437427059762        0.33976382694871      C
      -10.53129460850109       15.81806889333689        5.22032826026649      H
       -7.30540612676387       16.95315896776213        5.09745439855571      H
       -8.91995566072013       17.38317816003973        8.11329583874852      H
        7.16910293548016        1.60303935053251       15.92527119947083      H
        6.76860895497323        4.73051674979183       17.24057996638762      H
        8.82145182900246        4.17473439809971       14.71989432023544      H
       -8.31540531835060        1.28677750548528       -1.56538191085519      H
       -9.79835371776011        3.65824124065011        0.20819109607147      H
       -9.66385705216616        0.34864930515604        1.40345147813901      H
       -6.04212149307608        8.66828692127144       -3.09765042927380      H
       -2.95521853465144        8.24690681534689       -3.90761440822958      H
       -3.53968087882211       10.10801850090829       -1.37770743584617      H
       -2.28002045973533       -4.13061789150746       -9.19027017873063      H
       -4.23771738678264       -6.61275852542588       -8.27347300002589      H
       -1.16291363011228       -6.39095807541249       -7.09155381113310      H
       -1.34528533597582       -7.12415914484952        3.64836553851966      C
       -0.98937205354010       -5.67254887200263        5.76946955584490      C
       -3.03941464246739       -4.26872505081373        7.05960532209544      C
       -5.35630343705577       -3.95262376618670        5.51724940281161      C
       -5.35412980092478       -5.15872447022273        3.08992660466923      C
       -3.52695863442717       -6.88550932591108        2.21990909429857      C
       -2.92636815202814       -2.96850658715062        9.29958615001499      C
       -4.53010199627003       -0.79053937657166        9.56127178591205      C
       -6.66402676877447       -0.42469602176825        7.89845895937376      C
       -7.07140003612776       -2.12676599536563        5.99368807653970      N
       -1.17856519884132       -3.34058168152897       11.52266122316900      C
       -0.59102475864519       -1.23722060370205       13.12749743951323      C
       -2.07186077974694        0.89701097535848       13.00316200130329      N
       -4.20719755716448        0.92441986835243       11.65538363598475      C
       -5.86165891446239        3.02366631963028       11.73936201345529      C
       -8.03918297487152        3.31255378489815       10.26631243718268      C
       -8.28034192171948        1.54769819841038        8.23957828520795      C
       -0.03909707356941       -5.77699207284350       12.07062290364099      C
        2.06148924273559       -5.81497653354312       13.61547920460526      C
        2.69375926013585       -3.65100116279222       15.04828138604639      C
        1.46688248874262       -1.33282404564779       14.76191194699347      C
       -0.91138153531217       -7.87094327665624       10.67250805485360      O
        1.43938367080586       -5.54118673793051        6.87123133295136      O
       -4.07649941838660       -8.50857444843809        0.08987994820527      C
        4.87875678200684       -3.94898221062256       17.06833922785170      C
       -7.01312020466390       -4.77338340462934        2.03185016673590      H
        0.20073105730980       -8.49385540919696        3.03569546831968      H
       -9.71507852607009        1.82993493740688        6.90696851918605      H
       -5.55394192389832        4.46053180644400       13.06883746672326      H
        1.84519918455086        0.12260086150665       16.12342175462099      H
        3.23594236684626       -7.44182389934190       13.91084714366251      H
       -5.94324795832360       -7.99352055210109       -1.17394461050048      O
       -2.63959456968212      -10.59693472060088       -0.16896778632812      O
       -3.87087450111798      -12.03473690320073       -2.25288325144456      C
       -9.88787255351999        5.52841732848171       10.36069995385098      C
      -11.75844455199443        5.28508135959680        9.10985839675921      O
       -9.11022488604625        7.65316080996752       11.47645169591497      O
      -10.96313006895679        9.58495191664822       11.55586603140874      C
        5.36113789575933       -2.47059249043227       18.75229884726849      O
        6.35241615570666       -5.93844355612319       16.65389234746807      O
        8.76025068451634       -5.65302182276212       17.82426677199823      C
        0.69905435153577      -10.08284220528904       10.49423937495608      C
        3.53230390980015       -5.55223346347307        5.15264933593235      C
        9.64225791389742       -4.11787284737329       16.70349401216446      H
        9.71732567130517       -7.54652750875197       17.70413490788698      H
        8.47427194839920       -4.90428022023034       19.83765229918189      H
      -12.81842446179673        9.09780903874452       12.21879481207605      H
      -11.22874649524174        9.94159487348658        9.49663441305807      H
       -9.93746245580412       11.24657865502602       12.21309382384822      H
        3.13652736950890       -7.02372070463591        3.99245990780851      H
        5.16140180454500       -6.11143082651008        6.32629247488436      H
        3.96884611157843       -3.76804510892577        4.34750791912639      H
        1.18488634063819      -10.67958956714168       12.46423108693648      H
        2.47542487708583       -9.53247387745108        9.56768999372968      H
       -0.08997774532590      -11.39053476987745        9.22182378678582      H
       -5.90156648527567      -12.24365594260282       -2.13271403026076      H
       -2.92634412112850      -13.91360735614533       -2.25810027302514      H
       -3.51042549918920      -10.93515291414002       -3.93960218788131      H
$end
