$coord
       -4.86982608016461       -0.20886851212628       -1.39125546150254      C
       -4.74475134844280        1.46585467495533        0.77559943472835      C
       -2.22751082224286        1.90579700840040        1.84745570787824      C
       -0.37252710033152        0.02536310249567        1.55989558832407      C
       -0.58537581700110       -1.74936495390039       -0.47175720077730      C
       -2.80202938866975       -1.87551242582273       -1.92576742262419      C
       -1.74481709904112        3.93051461281168        3.46685311750668      C
        0.18494019250424        3.46859881591556        5.29235644234207      C
        1.72085178956530        1.32785987364288        5.07585322236232      C
        1.70626411654488       -0.24462515067212        3.15542916359374      N
       -3.12087437467807        6.19070530789432        3.78158928407405      C
       -3.08653594947621        7.50981116252162        6.14895025960585      C
       -1.32076434321291        6.91294479500777        7.95292807342151      N
        0.21847335723413        4.94107770723822        7.54115403687805      C
        2.03327559706133        4.33982813130953        9.33854449081601      C
        3.69919660565515        2.30535543239549        9.16288397013521      C
        3.51077578908333        0.81553558997754        6.99475121777689      C
       -4.23589126477703        7.31205362334984        1.63892201042665      C
       -5.74984502845385        9.54154662118234        1.92166708490745      C
       -5.98443840461335       10.52497933110240        4.27124496930699      C
       -4.71095815863808        9.63120356930776        6.33293235311726      C
       -3.66901328874851        6.51649966992360       -0.74338986967564      O
       -6.91192257018933        2.50637112555681        1.70379618380663      O
       -3.19990010010394       -3.29102297733138       -4.12639576837214      C
       -7.82366395301097       12.71548789643368        4.72874126430133      C
        0.92327629414353       -3.08506917645036       -0.73393710030731      H
       -6.49198062261678       -0.48735018783963       -2.46437188432692      H
        4.61080323708930       -0.98368643753987        7.14182139441867      H
        1.97281951417504        5.57271928619336       10.93104033060659      H
       -5.26067642108010       10.34039347005892        8.21698268782874      H
       -6.72675150169390       10.22837496512946        0.33900724891073      H
       -1.84577481140896       -5.10673560988229       -4.70898168911832      O
       -5.33401827816875       -2.50432093707141       -5.55142237960637      O
       -5.68599782889222       -3.63498408386130       -7.86064116801972      C
        5.56415099648594        1.69898908905928       11.20939102137301      C
        7.22486069584629        0.10237148029919       10.94041770567517      O
        5.33327631333927        3.35360587704335       13.22744347596650      O
        7.08643688004735        2.79170428592309       15.01929042936816      C
       -8.94779813053010       13.45896762271403        2.87723019562270      O
       -7.77327688283337       13.58478626258108        7.09763304641425      O
       -9.62866865533845       15.40863987791886        7.64070136929103      C
       -4.68715580059589        7.57962546739433       -2.94901350630823      C
       -9.09994049040383        1.69088976493543        0.35904418361629      C
       -9.07497790511157       16.37970116549914        9.53430419452955      H
      -11.47427513064085       14.39508433860554        7.61979575729323      H
       -9.59854597878114       16.65260132258516        6.10394183429395      H
        6.51772245598402        3.84833825818339       16.67030480659761      H
        8.91093671843590        3.28366759146463       14.35696847585209      H
        7.31553574061885        0.73006135997517       15.25570939510996      H
       -8.99590460736886        2.25082532966028       -1.67511800338263      H
      -10.79509197469241        2.21141139107040        1.44898582930796      H
       -9.06235145582222       -0.45985553452116        0.49648360484892      H
       -6.88525446796990        7.44742573812844       -2.87122626235478      H
       -3.96348397633898        6.58161595401978       -4.69720165199065      H
       -4.26445996203171        9.54338752959268       -2.86960533602364      H
       -3.99461532931677       -3.99288615236386       -9.09262928881333      H
       -6.63240218644902       -2.32032587307839       -9.21124112496263      H
       -6.64002481256322       -5.40155835433915       -7.38850654968985      H
       -0.40917997669406       -7.04247293603645        3.68807516528239      C
       -0.00277272025043       -5.40000588796893        5.76774221923977      C
       -2.07178756217604       -3.87273938497207        6.68407854215265      C
       -4.28977734099189       -3.66527917114046        5.15644310313331      C
       -4.77814055542728       -5.55746754732601        3.23074952163183      C
       -2.79967034159892       -7.24175339737837        2.56516506601624      C
       -1.92009601991736       -2.63077236065280        8.96438293180137      C
       -3.57159289165685       -0.69737719373021        9.13748964171895      C
       -5.47228556587351       -0.27352086922031        7.23938158643042      C
       -6.11672346903444       -1.96540622143546        5.57010451620825      N
       -0.46054702387583       -3.17353535292244       11.28019141193031      C
        0.06181982958682       -1.05213984487434       12.86234941807153      C
       -1.26726488734595        1.15054098169721       12.56901421979195      N
       -3.21206670879393        1.19885392203506       10.95409951326181      C
       -4.94649408767831        3.22347355590165       11.02647283082290      C
       -6.91816881065122        3.49752401675587        9.34220475266797      C
       -7.26663110166321        1.64687052738400        7.50960074829036      C
        0.53348176937986       -5.60342521520956       12.10429767394898      C
        2.44630991480668       -5.77610782017852       13.89827323175067      C
        2.98027475139768       -3.62309054999660       15.47963322416217      C
        1.76444486332435       -1.29584238338977       14.85358348900759      C
       -0.39996776275021       -7.66533201539615       10.79078306683773      O
        2.47422849326464       -5.03385344941138        6.77629175523347      O
       -3.13199931618056       -9.44816444215358        0.96903974434684      C
        4.47657305376363       -3.71601517199992       17.79648103480484      C
       -6.29647174007396       -5.46382565750093        2.04639879525873      H
        0.83725589315318       -8.51834236400463        2.95434476606471      H
       -8.81774592223680        1.66550943245835        5.99709818389702      H
       -4.63932141825585        4.54093211056334       12.48269037760054      H
        2.54795034134582        0.27497075920502       15.72019003641925      H
        3.22972576502724       -7.55997244566727       14.64592913085858      H
       -1.76871073360298      -11.24322767084433        0.99312445219825      O
       -5.26693500066599       -9.14055584494220       -0.58611171797859      O
       -5.51390465922976      -11.30641469283312       -1.99068944047620      C
       -8.72020174498210        5.58388755661459        9.40369694874482      C
      -10.56822531148329        5.39528650517406        8.04855973984654      O
       -8.21559490827485        7.52085806130094       10.94400592913503      O
       -9.93991852675309        9.76951707765016       10.69028006804318      C
        5.55475063854521       -1.82988653694735       18.46815974070477      O
        4.33111988595913       -5.92984474649228       19.14604727369949      O
        5.40772477698227       -5.76229274023278       21.54795020041499      C
        0.71988096236979       -9.84608040029438       11.53491395833301      C
        4.52530972938279       -6.03124402203913        5.38863586598955      C
        5.03816205966722       -7.55446100342171       22.56157660505228      H
        4.33662657318267       -4.27255835096730       22.63075207910635      H
        7.42440602048774       -5.34783466237787       21.41460191093881      H
      -10.92061186153950        9.60151252994857        8.85816473818154      H
       -8.80782280437829       11.47454188827218       10.81875593673483      H
      -11.37162892883029        9.50332122008221       12.06782518211017      H
        4.73621911685896       -7.98278168613595        5.86508449021099      H
        6.40095342058010       -5.32922853132925        6.10616064749964      H
        4.26730819666227       -5.71734684981079        3.41062540219529      H
       -0.45066207699664      -11.28685576940473       10.62692605310471      H
        0.57930185287120      -10.15694840197512       13.61209227252449      H
        2.66822407643325       -9.95099499581423       10.76048337789313      H
       -3.75306474391872      -12.04183364140711       -2.69704338864748      H
       -7.07577238713357      -11.47617494502812       -3.44273586403753      H
       -6.18752066722944      -12.66380079526638       -0.60945296241287      H
$end
