$coord
       -6.65279258597400        2.01623428748875       -0.56370611068350      C
       -5.64716972874383        3.78348238641327        0.98896041311163      C
       -3.24596818151333        3.33769541200602        2.16375169327082      C
       -1.99293360746863        1.04929233227242        1.62404904263164      C
       -2.81052315566976       -0.60321954434275       -0.30391197049126      C
       -5.21457193553658       -0.11695629710855       -1.31887341478035      C
       -2.08689485175775        4.77333116430541        4.07586427913179      C
       -0.35698332844284        3.57457338867546        5.79479465142688      C
        0.76418942333843        1.23296492583417        5.06201509216190      C
       -0.05947809026315       -0.04794364115190        2.96847062479441      N
       -2.48993872228762        7.47070310072324        4.48913109498241      C
       -1.65425624504966        8.56559857491002        6.75882058203380      C
       -0.31555853942798        7.37099053792791        8.39795228534044      N
        0.48631006724288        4.96940166557930        7.88354461696858      C
        2.21080404284492        3.84879344801619        9.52449673452773      C
        3.35199885254110        1.61142296455092        8.84013218703617      C
        2.45409911514916        0.18193886838227        6.84344607897162      C
       -3.26051816439276        9.22399276446529        2.49662028013409      C
       -3.90957120722923       11.73804621553923        3.20577292476867      C
       -3.52941146111797       12.76181696520735        5.61430521839176      C
       -2.34475772019170       11.11385847211830        7.23768808495808      C
       -2.98166367037257        8.53828695743729       -0.13599052090889      O
       -6.96861935903209        6.04098651807238        1.47727195208870      O
       -6.03892646096671       -1.89879852527666       -3.33480101087207      C
       -4.27402213543868       15.41557398822604        6.01674797599231      C
       -1.62424130930072       -2.21757130209284       -0.70461408247511      H
       -8.13853134851190        2.53152483119446       -1.75512514414997      H
        3.27031977016720       -1.59895976540387        6.15828242040843      H
        3.03571692868415        4.97747919656462       11.25850638603174      H
       -1.43437731610570       11.88202926111106        8.73893653235335      H
       -5.02594866430035       12.64236682000914        1.81349712127147      H
       -5.12127513524665       -3.96563380717997       -3.67207683685252      O
       -8.01162293736566       -1.11632752768762       -4.77027918818470      O
       -8.65322710392517       -2.75501787752450       -6.76411021562559      C
        5.39059561914808        0.41330508165972       10.39826336183416      C
        6.32813914863007       -1.51529692263953        9.61037640751324      O
        5.90758672758878        1.60690658851854       12.55892422772561      O
        7.99495127598746        0.78422891517596       14.18686757314545      C
       -5.98694364166775       16.23439127838576        4.76542048730849      O
       -3.03393931062715       16.86818186502370        7.73516291083529      O
       -4.05442121148679       19.24036261273371        8.06853627473571      C
       -4.69407882414718        9.65663767349466       -1.73578302458680      C
       -9.64897011234278        5.95998033066278        1.08672139860199      C
       -3.43228313693435       20.42109372746766        6.53067452113146      H
       -3.34690542741498       20.27625099649490        9.77705568867459      H
       -6.14371896618122       19.11193065855481        7.92120748206337      H
        7.89384524002616       -1.20627954447594       14.17563913837454      H
        7.61971227246517        1.59281366985973       16.08050255302140      H
        9.65441988238323        1.40973071962930       13.18068365414663      H
      -10.03503414710318        6.28662038582731       -0.87963598555793      H
      -10.63788204453626        7.51075105195279        2.05792538019662      H
      -10.40684442707053        4.17397584309614        1.80908986863471      H
       -5.42884546573071        8.24210753105632       -3.01395277835637      H
       -3.86000546692465       11.17216939395136       -2.96122590163291      H
       -6.41518353789832       10.54947190224372       -0.87254265054241      H
      -10.40960205584558       -2.10160880808193       -7.56997670328170      H
       -8.86595592466688       -4.68059892584622       -5.79483504585651      H
       -7.00991563440516       -2.49645939027481       -8.17515076579183      H
        1.21393346987302       -8.82119881962577        4.73835904100498      C
        0.83611127572220       -6.85011667408041        6.43867289055594      C
       -1.76392689260415       -5.76596679034170        6.72911594988685      C
       -3.35854113032230       -6.00341046508509        4.45142001342566      C
       -2.71215323154511       -8.00870070918566        2.75544128348913      C
       -0.57039858820444       -9.51675740701026        3.01019132257862      C
       -2.20553185751060       -3.91363769903815        8.56729722640395      C
       -4.21123457822219       -2.23789809858346        7.90709816055384      C
       -5.80300466923749       -2.74221519579319        5.85171965056635      C
       -5.55224235941083       -4.66609209448856        4.32463254578029      N
       -1.05768480514050       -3.63762213085746       11.04818618447571      C
       -1.52352669398058       -1.38627860149797       12.42450692685973      C
       -3.23849397364389        0.35692901084209       11.60744502067642      N
       -4.71708205731604       -0.21176085488210        9.61930323840876      C
       -6.68226668679414        1.49028013627078        9.08068114906333      C
       -8.00301681379863        1.07580740098948        6.86736460704304      C
       -7.75845353101230       -1.06100871416490        5.43697538801847      C
        0.29774053295690       -5.62754637468191       12.32512939439136      C
        1.89350069491324       -4.88172922226876       14.46111664152793      C
        1.48141057153010       -2.58599972589803       15.61711760227601      C
       -0.37515334216254       -0.90142170884450       14.74091303710829      C
        0.27358072481460       -8.23424297026345       11.53640668126192      O
        2.77401974738709       -5.92576473727188        7.87010835631789      O
       -0.45027516958236      -11.83673560804447        1.39683208690170      C
        2.72893508459799       -2.02425653072861       18.14611999393078      C
       -4.05035320633097       -8.46008458089827        1.21498154826027      H
        3.05564231386589       -9.83775779381488        4.67470463677711      H
       -8.92698733865720       -1.43252140825379        3.88318583700798      H
       -7.16362006688196        3.13925456845223       10.07213705114660      H
       -0.73179467307161        0.91092102640909       15.66847728887587      H
        3.19697842799138       -6.16987469980786       15.37094863290141      H
        1.57825624879112      -12.65149878142284        0.89391471964414      O
       -2.75341901381768      -12.82150976953947        0.58659638283330      O
       -2.18513477974166      -14.64274017085703       -1.21012736227419      C
      -10.35046548911895        2.28113303834546        6.38474678177609      C
      -11.53908623639231        1.83385532902835        4.45882611335642      O
      -11.32256527889474        4.05482204107234        8.18578735201282      O
      -13.57533541060860        4.79365653401065        7.42818548522146      C
        1.32916025176094       -1.15303851688620       19.73707847823941      O
        5.11767953046089       -2.70073754524424       18.26834483755666      O
        5.93277532827285       -2.46200410001538       20.71731143351301      C
        1.38744046487882       -9.88602617634030       13.18371898794654      C
        5.22570074747766       -6.68679346994488        6.95895078871695      C
        5.17012089819064       -0.69714283617867       21.57769134655937      H
        7.94597055291767       -1.93229181128132       20.31023248074151      H
        5.79727301771890       -4.21533972931286       21.74609610900218      H
      -14.63168835512457        3.07617185435593        7.09300443097792      H
      -13.50230468315356        6.00081258337826        5.65751156114320      H
      -14.35194320471565        5.95429592919095        8.84937136033025      H
        5.15484393966266       -6.62711500852522        4.96071170549899      H
        5.68779393190297       -8.64667465219587        7.44830046300260      H
        6.45948607635075       -5.24587038069685        7.87718685112821      H
        0.54921544520980      -11.80316418953669       12.69318499022831      H
        0.62159754818285       -9.45953707270533       15.09575434321910      H
        3.41067851684893       -9.68405927737271       12.71036085096580      H
       -1.09142160878459      -13.48001265082202       -2.52650189546695      H
       -4.06965346194712      -15.29837992762740       -1.96805142557048      H
       -1.14469267602571      -16.27669156274785       -0.54241938933534      H
$end
