$coord
       -4.78164330216875        0.31818294530112       -0.81266656598985      C
       -4.60777297170484        1.96654561680954        1.25370552911114      C
       -2.36063841239929        2.34631856820089        2.55228154513188      C
       -0.48195563210639        0.53719141580539        2.31977112804306      C
       -0.60550953895495       -1.13396738338057        0.31018933696502      C
       -2.71815488021149       -1.34329468310214       -1.28895098102381      C
       -2.04256270332306        4.31032730216937        4.29959915205768      C
       -0.24041371472199        3.91127476349946        6.25113791105428      C
        1.52444760007946        1.85378779606258        5.96734311746080      C
        1.50146641068364        0.21251598180037        3.90074208495133      N
       -3.42284678717224        6.76531840817457        4.49885671568028      C
       -3.15875532576252        8.18208103794262        6.72262867526121      C
       -1.45095261059532        7.71433664772828        8.54433614060441      N
        0.08419716603117        5.76670630783673        8.13867018796355      C
        1.97566563721453        5.48715178951668        9.82214024592079      C
        3.67017223388030        3.51822664091548        9.59399911285013      C
        3.51483821570945        1.58024184242437        7.69767486995760      C
       -4.83768637175679        7.91339996355423        2.41132497432146      C
       -6.36445961978692        9.99595840695081        3.04345791389627      C
       -6.33888162428765       11.25102879642342        5.37125477042906      C
       -4.45937606904178       10.59084788510189        7.11015364176704      C
       -4.66122230733469        7.15067124785205       -0.12955013323187      O
       -6.90417480907144        2.99110178230196        2.11711870976814      O
       -2.94788505344045       -3.36478314401405       -3.19543344084811      C
       -8.12720427927658       13.46634387313178        6.01719060513940      C
        0.92704330064757       -2.43644136292767        0.03920716140184      H
       -6.57625671958727       -0.07383002024392       -1.58511714105877      H
        4.85508920114838        0.08324004295405        7.51414932930481      H
        2.26379985970481        6.76373529516496       11.42643442124627      H
       -4.27083289522652       11.66449672628429        8.93618444672638      H
       -7.65670184348946       10.63440292690458        1.78587913579031      H
       -1.16847881281132       -4.59782730934768       -4.00224162404642      O
       -5.34678235419858       -3.62155055438188       -3.91516758059418      O
       -5.57638645118307       -5.94771417783440       -5.15756014217554      C
        5.53934309568413        3.28176773708746       11.76865219926161      C
        7.28561395307156        1.95296683818487       11.42524060818310      O
        4.80145073863425        4.14776765099161       14.22183973719912      O
        6.66817520789742        3.11601569786215       16.07290124258899      C
       -9.64329222151831       13.99906343074672        4.37184222961682      O
       -7.88156456642583       14.38798588965382        8.35579271074218      O
       -9.56520311201021       16.40085942700984        8.66233822216008      C
       -5.43734916258773        9.04907569981252       -1.91183530357480      C
       -8.81169241186039        3.81460431111653        0.27072860897910      C
       -8.60645619618106       18.18429633234584        8.71948244984527      H
      -10.53944966562968       16.26966211423799       10.45989111789674      H
      -10.91119169302752       16.27344386090029        7.04389875453956      H
        6.00593960703608        1.13186063914319       16.34637536497824      H
        6.23778331398327        4.16354577004104       17.79281209921885      H
        8.69978018616066        3.27381046933712       15.56972986338797      H
       -8.25834506057751        5.21886340850720       -1.17843831056052      H
      -10.13008282138364        4.78738447831550        1.52038585288171      H
       -9.50677859735497        2.08255302919666       -0.70346528139219      H
       -7.42061241842572        9.34506182730499       -1.78678194381870      H
       -4.92738927969235        8.89869771050795       -3.95266724633267      H
       -4.50289522814464       10.65724338573962       -1.14527662009384      H
       -7.50208728847660       -6.52254463654823       -5.13282417104212      H
       -4.56502673374473       -7.31417783139060       -3.93730342631588      H
       -4.53470924355277       -5.74935804591044       -6.95492943220128      H
       -0.41754324943764       -8.28692470886917        3.18942515001275      C
       -0.14115205601243       -6.31814263314886        5.04114860176717      C
       -2.24896901900620       -5.06973452477201        5.93007970252933      C
       -4.53725521670564       -4.97191203117329        4.48368994848922      C
       -4.59295858988246       -6.46091646121524        2.19263901977737      C
       -2.84101829121106       -8.37620631814179        1.95340797271523      C
       -2.08983835347627       -3.37081308657421        8.12266261548662      C
       -3.80588304091279       -1.34171147120060        8.25084687419402      C
       -5.96306148249274       -1.24913020563427        6.60630766319018      C
       -6.43455746296040       -3.12814656976402        4.87637311528841      N
       -0.53458388932216       -3.62695701606232       10.31593432432202      C
       -0.25992741471782       -1.44481396261172       11.88691979111183      C
       -1.39034997110407        0.79287599024073       11.54412778124351      N
       -3.26101920162832        0.86566608992423        9.82816969212555      C
       -4.81165348480109        2.90298283856398        9.54291245717470      C
       -6.89101615528648        3.01019309877412        8.03098052675588      C
       -7.51259706829984        0.91449090828495        6.54556828212003      C
        0.82710947597872       -6.02096932213315       11.24767616960175      C
        2.52565650037355       -5.93781379062898       13.28870645376432      C
        2.67636012345225       -3.73510273858601       14.68162897738178      C
        1.39286809326504       -1.60385653324511       14.01258064274436      C
        0.31082723401352       -8.35414827815789        9.92482418813446      O
        2.34098170475209       -5.67890429689245        5.97595450893836      O
       -3.20211055813363      -10.40581531290281        0.11564140961711      C
        4.14301563293608       -3.66610976902764       17.23607557621868      C
       -6.34812022810274       -6.32512668728454        1.05959706983674      H
        1.11694918388997       -9.23043795754637        2.24919440598247      H
       -9.03817523116277        0.95048645687891        5.30769967969819      H
       -4.36094240277252        4.63784982782319       10.50680317803086      H
        1.67876622605633        0.21308057909871       14.93791505986171      H
        3.59240566140521       -7.51896485879719       13.83272811089802      H
       -5.07861962166932      -10.64680023969611       -1.16821883711582      O
       -1.30822012367903      -12.11621298249750       -0.07209306642872      O
       -1.91611710384799      -14.18329513931860       -1.66122470112395      C
       -8.30214324101376        5.38224282559744        7.82030718493893      C
       -9.98661082700631        5.45027930982397        6.28583171843837      O
       -7.98860985072466        7.30949031857321        9.51481371033216      O
       -9.79844359726445        8.99049264046727        9.37018048155687      C
        4.35745147096552       -1.78174860756472       18.57386381467391      O
        5.41841542569318       -5.74018225393649       17.81866694778601      O
        7.04641260206010       -5.53804790659671       19.95170544396509      C
       -1.02195281879251      -10.37644788202793       11.12635581625798      C
        4.49054953686947       -6.51913498401737        4.45964640264491      C
        9.02605632197907       -5.15844473971045       19.22264538680087      H
        6.99373822619534       -7.31889090689593       21.12898723297400      H
        6.14634527649179       -3.98583645933126       21.09385825300922      H
      -11.12891027968423        8.65425652826702       10.90300271325462      H
      -10.81346092642604        8.94809092024299        7.52301317697232      H
       -8.77702881194197       10.80136289655888        9.58503964837265      H
        5.02251410923734       -8.50380788175373        4.83402805547412      H
        5.87951275763879       -5.29744749549392        4.89022285769484      H
        4.08748244332933       -6.20556278396923        2.52182857053289      H
       -1.94787388289529       -9.85964206373206       13.00245361561783      H
        0.32946953647876      -11.94510003052644       11.46922896380710      H
       -2.30236429051067      -11.06595598360181        9.63286416346663      H
       -4.01917398595967      -14.69728364065419       -1.66835839734425      H
       -0.99054604705832      -15.90804139377578       -1.11018341668227      H
       -1.37509040235944      -13.38464993753946       -3.59374450142926      H
$end
