$coord
       -5.18026300452643       -0.10587699011035       -1.58819545306924      C
       -4.80564338494856        1.82810998960136        0.21659264600469      C
       -2.34372827966433        2.10847996125139        1.23800593689072      C
       -0.43597929196638        0.23818140255743        0.73050073258647      C
       -0.98079476394828       -1.66456527530538       -1.10768774948252      C
       -3.28871053099189       -1.86784170108903       -2.20036266052303      C
       -1.94020005205314        3.97682346423694        3.19324180285823      C
       -0.21008868533134        3.29855030711385        4.93109134232723      C
        1.80365144803538        1.64447159558736        4.21268690042836      C
        1.69913030389134        0.20755720711070        2.09896459880513      N
       -3.42089944105042        6.13203882311563        4.01958300198143      C
       -3.44583372014245        6.84106764083436        6.70151733844891      C
       -1.95220287631858        5.85467130372557        8.45320705836218      N
       -0.16246684566046        4.29363566424609        7.56532210399885      C
        1.96873985925571        3.70187765120369        9.10024895372122      C
        3.90832554529911        2.16972768549558        8.28199081526884      C
        3.98578378388485        1.24404347279423        5.81801462811272      C
       -4.57038736993087        7.73603348388740        2.17004687920563      C
       -5.94061620530824        9.79471081629737        2.92761471935733      C
       -6.16128695963059       10.44352586202781        5.48613327386307      C
       -5.03259478027420        8.87252664780079        7.44521969022614      C
       -4.16864591116796        7.23593686522887       -0.41763984868494      O
       -6.67302472240803        3.34685444104699        1.30512728184876      O
       -3.76257746896754       -4.01930470722691       -3.99250614368165      C
       -7.66217204807010       12.76204733573917        5.95972070210809      C
        0.54519197153282       -2.87382344582094       -1.43000608369700      H
       -6.85194843368734       -0.72351036861089       -2.42289413113381      H
        5.56046676506220        0.05124421415881        5.27938378883900      H
        1.99804304360457        4.36603764435934       11.03824438162333      H
       -4.62650084135228        9.76953691002930        9.21291147401183      H
       -6.85128551173800       11.01894971167024        1.48736997376652      H
       -1.99771499690308       -5.01223253565529       -5.12793398690465      O
       -6.15520826172033       -4.65995388943291       -4.27391260109835      O
       -6.31137445518435       -6.83193967333671       -5.73862346697541      C
        6.17457819272146        1.95013417972537       10.09977415347780      C
        8.00606176344581        0.81552492383943        9.39462867973752      O
        5.83856000804744        2.99654762676961       12.40161565690754      O
        7.67212604138741        2.09333577665961       14.07138728603835      C
       -8.58249918753383       14.01372157029571        4.31865952980940      O
       -7.81218745183021       13.48634665730050        8.55173471086078      O
       -8.17919320680000       16.08676348383511        8.58280399808056      C
       -4.52355593979078        9.53789549456970       -1.86720733273886      C
       -9.25333590737264        2.47013958398135        1.02457285112287      C
       -6.38862268644093       17.14684827921054        8.84580567538054      H
       -9.21824456392726       16.32161442815076       10.30424859080362      H
       -9.47536917413969       16.68503367250797        7.18157989551547      H
        9.36506787792323        3.23123051701336       13.92097828862633      H
        8.08942513433902        0.11303750579070       13.87589734744926      H
        6.84647034924038        2.64223214060641       15.90456440188213      H
      -10.00684960530132        3.12544902644425       -0.81785609124388      H
      -10.19789505406421        3.41156090572371        2.57958806692085      H
       -9.09505502020260        0.39405129236366        1.29828937726016      H
       -6.42638249758179       10.15183328968205       -1.72158241862352      H
       -3.72189090173753        9.06802304089198       -3.83655515457403      H
       -3.14810355659003       10.82671178947919       -0.89979720067039      H
       -8.18641325061057       -7.80618766676215       -5.44015227415428      H
       -4.75472253289005       -8.17414579708126       -5.31263874320960      H
       -6.28884055019689       -6.25849965540698       -7.77153370476195      H
        0.07501397122172       -7.08209374066554        4.10098451250778      C
        0.18531997143038       -5.29134130599595        6.06901126111617      C
       -1.83145095116857       -3.64411760526561        6.60174206767192      C
       -3.98587667365537       -3.74931297634540        4.95287510432258      C
       -3.93364865283555       -5.56056827994990        3.03338397923728      C
       -2.06967651893678       -7.27168159054354        2.73167330707208      C
       -1.93093021289277       -2.24628171533912        8.79397216857119      C
       -3.89908796060962       -0.40594141483465        8.82561240273802      C
       -5.82683812500857       -0.53889223766424        7.11010112226504      C
       -5.96157125601879       -2.27805568505629        5.21964382597404      N
       -0.43297904379001       -2.68311443184764       10.97259299655836      C
       -0.78639474118050       -0.89079861099156       12.90954715937243      C
       -2.55954691660944        0.97881561046293       13.04758372472617      N
       -3.99019003029185        1.18275744915857       10.87265916112866      C
       -6.16754162021429        2.96860425120640       11.06397114607630      C
       -8.04775037808637        2.92602896732214        9.19283650463082      C
       -7.79568764203461        1.13375656650070        7.33743905183497      C
        0.47095286921827       -5.19176324554411       11.73916999662035      C
        2.17047470259877       -5.25014325337566       13.80096897114175      C
        2.39955630557486       -3.18104222925743       15.30361690209168      C
        1.06022158032809       -1.03749241116481       14.80540573637782      C
       -0.35409589561758       -7.49607821495682       10.63586684334567      O
        2.52321302446273       -4.80635606544832        7.23829900712922      O
       -2.00548552391855       -8.99936922055716        0.48266477198067      C
        3.76084124110909       -3.45041120129714       17.60286233146887      C
       -5.34550812612712       -5.60508437358129        1.71428772621412      H
        1.60864719599706       -8.52328710493558        3.91589192343980      H
       -9.11787829281275        1.12283558272462        5.68461111825083      H
       -6.30943864470818        4.00286626832834       12.68604083301608      H
        1.16854640981710        0.44968061109002       16.18271522237741      H
        3.03977130753432       -6.84085233770319       14.52899840171888      H
       -3.86301832811905       -9.89091523920850       -0.56511900897375      O
        0.39179516647783       -9.70551213345106       -0.38396501012880      O
        0.19538057989231      -11.25423455436982       -2.50280711500543      C
       -9.92159519855058        5.02737966545265        8.90388344412753      C
      -10.92740577803173        5.43107261319810        6.83635913654367      O
      -10.18699051660400        6.65884371142338       10.94054146506574      O
      -11.90920207417605        8.49397537463246       10.17064185951451      C
        5.09575468291074       -1.68484955666460       18.22300698425376      O
        3.74603250069856       -5.86776535176963       18.79124280614248      O
        4.84695499536841       -5.61689191247083       21.28576833612842      C
        0.41557536159548       -9.94853464784705       11.73804013296184      C
        4.64970711641861       -5.19430045264946        5.88366117659893      C
        3.46794813051183       -4.98100348957774       22.69446259863150      H
        5.98572743053628       -3.99415374386385       21.23231472641411      H
        5.96652382050995       -7.18171284645680       21.94532274513648      H
      -13.79985277236650        7.80794025041413        9.67750664201950      H
      -11.11978565266113        9.47311570319274        8.50916302678978      H
      -11.80336471094946        9.98413596983440       11.59490563573540      H
        4.90514685273378       -7.22900739329292        5.34100127410731      H
        6.15988480645435       -4.64159152379867        7.30627157439900      H
        4.32065689799873       -4.28514114359493        4.01335434530607      H
       -0.81306018528935      -10.32321271714226       13.26906217582839      H
        2.38511732303200      -10.13088983800548       12.36914985607701      H
        0.08522036977010      -11.44300939547691       10.35633831553411      H
       -1.03997969647479      -12.76664689704926       -1.90202542921622      H
        1.94302581218845      -11.69167323549109       -3.47026699015938      H
       -0.49259243291753      -10.04139659678073       -4.04890784581191      H
$end
