$coord
       -4.35511993733867       -0.05288194221619       -1.30112051138258      C
       -3.92562146621718        1.96553085724132        0.25264069385334      C
       -1.74976297173208        1.75991572621967        1.81999211022165      C
       -0.00482699209582       -0.29265021891960        1.64038899099597      C
       -0.39387099303431       -2.03795119163565       -0.40700536474959      C
       -2.67046995677898       -1.83806605441456       -1.81426153733453      C
       -1.02057088450813        3.57335371725117        3.75816303556340      C
        0.51104516932530        2.94268255101692        5.68061415234025      C
        2.03675289260983        0.67684567325116        5.32852839760748      C
        1.79147742456108       -0.90117568410042        3.28300021769039      N
       -2.13966962484711        6.12179161948850        3.99375247103591      C
       -2.47630772405056        7.11145540579960        6.49699121159081      C
       -0.99808131052428        6.35614871495649        8.45781815809992      N
        0.53263231472363        4.42000982365454        7.94170674344135      C
        1.95335212686734        3.43212945812861        9.96494755092226      C
        3.40902344734753        1.31341743708047        9.62730526376198      C
        3.70340231126188        0.10846861832566        7.28309452843615      C
       -2.82624295309690        7.66404951625212        1.94255656750193      C
       -3.91608268841363       10.00981584205390        2.39375771293268      C
       -4.21438190714381       11.02896820602906        4.76970230903914      C
       -3.44776194300695        9.57482353108310        6.75049912143557      C
       -2.11000809940953        6.97103054744430       -0.54243120171472      O
       -5.60519516902408        3.81715667510677        0.56540980820881      O
       -3.24162653684764       -4.08637037904165       -3.55563350158942      C
       -5.69609786769826       13.38561579296449        4.96075880342101      C
        1.16381403524270       -3.26945573441155       -0.65223855647985      H
       -6.06313552373221       -0.18593562932629       -2.51711878940554      H
        5.33053787447777       -1.08291989535699        7.24303927754209      H
        1.86388372390081        4.18634541319191       11.90887906458577      H
       -4.17310669250926       10.25168970886466        8.57404391685032      H
       -4.33203595088431       11.25978346523852        0.91765603881848      H
       -5.38434388748263       -4.24460180784768       -4.35531400176094      O
       -1.31235005588454       -5.58669958867634       -4.32040464197573      O
       -2.38535297026768       -7.54698492362744       -5.62759626849774      C
        5.24187395372403        0.12997861708158       11.46050486241775      C
        6.44680551606930       -1.77208779818285       10.91927455353663      O
        5.38807418001734        1.57297545646118       13.70397476574717      O
        7.68850275286904        0.90220467439677       14.98209683448157      C
       -7.04376419860134       14.04473373069188        3.25734608127348      O
       -5.32005592702845       14.90756759172584        7.10277915018544      O
       -6.68487651177733       17.12194384484057        7.17434866466051      C
       -3.71498522823767        8.25687398446805       -2.34839912531335      C
       -7.70234405434849        3.64547183252925       -1.09465811042198      C
       -6.83200870297120       17.89379560028537        9.04096559905823      H
       -8.42322172836474       16.62858496839160        6.23643333139391      H
       -5.47254089835346       18.42652655072699        6.06554526123385      H
        7.88777387402254       -1.15687594103048       15.37625121780067      H
        7.58336301333789        2.00371414413610       16.80033528238052      H
        9.25403661597498        1.58214806467752       13.91726674600715      H
       -8.68756334539382        1.66935505155776       -0.87642811127389      H
       -7.15173262929857        4.23556313818003       -2.97147593047626      H
       -9.19510443655022        5.17617522127349       -0.38249695253396      H
       -3.41665653712170        7.17674844610388       -4.20685115537836      H
       -3.11736018982440       10.19294891850071       -2.46482392573258      H
       -5.73750309494150        7.89585359908099       -1.88841357117119      H
       -1.18785057822745       -8.43020999293734       -7.00906847422575      H
       -4.01284707275811       -6.73176814709515       -6.56936842695662      H
       -2.97015247482569       -8.94679149675544       -4.27260868892273      H
        0.85284932660737       -7.35626600665814        5.66111204053699      C
        0.35472512489835       -5.32552035195559        7.27113073528709      C
       -2.00137476283020       -3.96271058229249        6.90892974776236      C
       -3.52230844391617       -4.20288616219211        4.61195089808876      C
       -2.64949578755407       -6.22373709056654        3.01026356298968      C
       -0.56471821680644       -7.68976560161428        3.49327387319305      C
       -3.10970673962036       -2.19991439531486        8.56743396708144      C
       -4.90613924853931       -0.50667542165563        7.65378622980562      C
       -6.14897710640893       -0.94733092341198        5.31508523433370      C
       -5.32864391802841       -2.73192621982329        3.79138837000221      N
       -2.38177808963713       -2.26474500856251       11.21642684356279      C
       -3.18036551956321       -0.16577374027526       12.67596669946915      C
       -4.55389750644414        1.89559983877738       11.73973602805757      N
       -5.46587651038802        1.59488005536908        9.29991613733364      C
       -7.22993567637115        3.37233564381470        8.35699283707927      C
       -8.11423244902324        3.22243710604246        5.97021703333523      C
       -7.73319301354009        1.04129807683767        4.54085232225834      C
       -1.91730705869377       -4.66625493852594       12.45656251616708      C
       -1.14395204377830       -4.38187947627449       14.94976448584360      C
       -1.35884693512125       -2.11735851407323       16.23790520570482      C
       -2.59024480767418       -0.12757852569263       15.22656125632316      C
       -2.75608935071349       -6.86607241299915       11.45099464781391      O
        1.72544833542240       -4.36752398531813        9.33486000901728      O
       -0.02569175242658       -9.59811413297016        1.57900608713366      C
       -0.58031807226217       -2.15909550643787       18.95134011443706      C
       -3.87219622327289       -6.37026854470236        1.32187380465159      H
        2.45942513401756       -8.58906316952394        5.78568215070332      H
       -8.65145685459132        1.18329723943492        2.68511546947158      H
       -7.45000757311257        5.09053701204458        9.47486783029053      H
       -2.95314585280931        1.77305748274631       16.17953548549401      H
       -0.42790183021225       -5.84471153955116       16.20238158381477      H
       -1.33878208616278      -10.12693057987761       -0.23092462693528      O
        2.34670472653269      -10.77158377349198        1.77711518822928      O
        2.75381683502702      -12.53637826892725       -0.06175483694518      C
      -10.20613497471409        4.80770923575158        5.34069061379131      C
      -11.62256511237513        4.15548072226086        3.65249259120028      O
      -10.29717873190247        7.11147466541111        6.46130241432143      O
      -11.45732839037845        8.89076605825680        4.69802430726228      C
       -2.25089996409291       -2.52600747024943       20.51741562047101      O
        1.75127970748644       -1.68740054424900       19.51654322446492      O
        2.33401173524598       -2.56934874391156       21.92118810159390      C
       -2.68126967880458       -8.96403641436519       13.08342227027448      C
        3.86845228442210       -5.75395137943889        9.92114665123275      C
        0.81203840867001       -1.82822008272704       23.34159075631546      H
        4.32457988016187       -2.09116571337430       22.55425096618261      H
        1.97849740047028       -4.61850323249741       22.03583089284369      H
      -13.02383908807409        7.68063592944548        4.01321164248326      H
      -10.37381141095593        9.37535995013144        3.00643630056799      H
      -12.18640274368650       10.52768258365656        5.92278769058092      H
        5.32519372256437       -5.41493361659062        8.45764013398745      H
        3.31647429736378       -7.66424101313033       10.08359338886016      H
        4.66256557313551       -5.27599948763150       11.72158881226326      H
       -3.32015770493762       -8.55081459599342       14.92606798738940      H
       -0.80072829695048       -9.70214305156459       13.29438464514495      H
       -3.90778426971512      -10.40720670706851       12.37884592979201      H
        4.75770828435778      -13.07302424733142       -0.11490827553501      H
        2.52852080745043      -11.41802740684477       -1.83135001696789      H
        1.23773444980749      -13.99965694131963        0.21492690870230      H
$end
