$coord
       -4.17301651669164       -0.28220043239045       -2.55227306047184      C
       -4.04222426518007        1.45371766387977       -0.62783816293530      C
       -1.58995030567823        1.84697292291564        0.54606133480470      C
        0.41543551801728       -0.02050787242851        0.13387891542542      C
        0.22897595507034       -1.42684563330136       -2.08332507983898      C
       -2.00876311010726       -1.53245666196731       -3.36425628025354      C
       -1.28865155352560        3.71069356412236        2.65395443229459      C
        0.23999428149563        2.79787082096374        4.71793602443874      C
        1.90890410829927        0.74556586870023        4.32032468663497      C
        2.14211517065826       -0.52734792923694        2.01166487342609      N
       -2.36498930796782        6.09340455362661        2.78380016863565      C
       -2.41595797763468        7.29132428610978        5.10801372389157      C
       -1.36468077110397        6.22809496319550        7.30511749954766      N
       -0.00517543115527        4.05918363573354        7.09817347852379      C
        1.00513450101942        2.97736206802135        9.21725927902376      C
        2.89751888405702        0.96196878189699        8.92577010934742      C
        3.36704730793526        0.03338382158914        6.46314920234043      C
       -3.06111662912231        7.42808528049145        0.56969735987378      C
       -4.33125986894771        9.75123377095798        0.90324197887995      C
       -4.80218523735975       10.79805358149682        3.25404215307902      C
       -3.79083686020998        9.60039858787789        5.26446511085696      C
       -2.38211203536871        6.53436382993089       -1.92267798710722      O
       -5.92116966344989        2.95738662928147        0.33864026720787      O
       -2.12965856287737       -3.25575195487816       -5.50279402814837      C
       -6.01140131909459       13.35820637291472        3.47361377839395      C
        1.56434174756306       -2.89902960015920       -2.15967903223460      H
       -5.85452636926792       -0.47707062654013       -3.59486295290516      H
        4.61256417374419       -1.56615537560546        5.93506768109027      H
        0.34097432603112        3.58906235955951       11.11101358559603      H
       -3.97935799167719       10.45283599187015        7.02599084359420      H
       -4.74479230202047       11.03434051697942       -0.69677927586609      H
       -4.13047493910452       -3.82033156122815       -6.54476125539505      O
        0.23297299124332       -4.19378838601034       -6.13555974584369      O
       -0.18439602469256       -6.18808138137869       -7.75389792543883      C
        4.25649068316212        0.10976498374386       11.29426827992859      C
        5.72290685476876       -1.65582050274124       11.17574418026000      O
        3.73133827901834        1.36120577940567       13.43342542939848      O
        4.75954429237684        0.33960802153598       15.55165356186577      C
       -6.32708873877606       14.63851529854704        1.52427702961450      O
       -6.40800185841494       14.26762677380039        5.86724346136062      O
       -7.40058162674548       16.67975068465421        5.65794895999359      C
       -2.54868240944197        8.05711270315136       -3.97765022877160      C
       -8.40810735027826        2.53704133284957       -0.72066036715378      C
       -8.39047094479647       17.06748220914030        7.40967878415844      H
       -8.87834412991628       16.82260792934436        4.14001925755260      H
       -5.77364243172467       17.80511579206248        4.91279764268072      H
        4.07198130363783       -1.63162377625273       15.59190100093720      H
        3.96678519625422        1.02318779473204       17.24057469136347      H
        6.81882457274510        0.37517143094951       15.50879765211022      H
       -9.16873380375200        0.57329152069938       -0.59224054905410      H
       -8.36213716358121        2.92519442381413       -2.64174337713442      H
       -9.46735897308832        4.08033348587731        0.06565197784141      H
       -2.59453647116913        6.79749264933118       -5.67919193679036      H
       -0.90806211982997        9.45059638250231       -4.09969249121561      H
       -4.41169392525985        8.94556165211615       -4.08483114217664      H
        1.60219840471494       -7.13419263367639       -8.23463116432901      H
       -0.96260013677315       -5.43663199386859       -9.54859606382095      H
       -1.76588987666059       -7.36597747185563       -7.13569723023081      H
        0.46289338625789       -7.20403294903049        5.99464324921347      C
       -0.45649445576605       -5.84775610617030        8.01261481323781      C
       -2.46030538783356       -4.08976560278840        7.67712114693476      C
       -3.03038690930063       -3.29735675231285        5.09013468134722      C
       -2.37266669043845       -5.03553766155090        3.12241715057799      C
       -0.63194945319567       -6.92766636068876        3.59035067680686      C
       -3.50573363055597       -2.87740458921622        9.76627616099763      C
       -4.82007302161187       -0.63903884105682        9.16226760625934      C
       -5.23205367984211        0.04770248635467        6.63092492613888      C
       -4.42078180032603       -1.26094857582885        4.63858685985246      N
       -3.02635070981695       -3.12735491913092       12.42917053225108      C
       -3.15940342635259       -0.98189235065613       14.03380788321510      C
       -4.63537610196471        1.09678623524923       13.53651458441641      N
       -5.41358250803581        1.28638144718821       11.11236949066066      C
       -6.85752587540933        3.39989909805664       10.42675594908384      C
       -7.57279642828829        3.69060370393262        7.95643239349653      C
       -6.60670740161832        2.17763045814416        5.99822664863249      C
       -2.56787075620903       -5.53299206600223       13.54646937552429      C
       -1.11668174050362       -5.50402519756374       15.77797172410291      C
       -0.94790551522224       -3.32171969678561       17.21318290712642      C
       -2.12923546060848       -1.19652403927041       16.41934011180859      C
       -3.31601272912793       -7.74232624315711       12.32273792594310      O
        0.63695038998858       -6.23125732265697       10.45050399482490      O
        0.06876449632039       -8.83643820765873        1.56797088462726      C
        0.80186117989565       -3.08335958415341       19.43518453608807      C
       -3.15718557949988       -4.83762440576648        1.26635787644320      H
        1.80773139720861       -8.74617373919811        6.20208685970732      H
       -6.75414245725632        2.82386544283085        4.05041728972658      H
       -7.17505009711271        4.99920231154604       11.68247549094733      H
       -2.27230386007270        0.31198793431976       17.87539438926768      H
       -0.44562812860604       -7.31187963008489       16.65204185960927      H
       -0.94999346107339       -8.55632311329683       -0.50061354689061      O
        1.46265364588882      -10.81598901484264        2.42780887782828      O
        2.16049833910686      -12.46369240526555        0.42899599498559      C
       -9.06082122935997        6.04063570760715        7.34586665848796      C
       -9.78097130114931        6.52176386484376        5.17963751594805      O
       -9.45535609782401        7.56709840659373        9.35946757616572      O
      -11.62162380028458        9.14947035046402        8.96972749738194      C
        2.03899976290468       -4.94832222050835       20.03515064654278      O
        0.88113522372686       -0.93034498956453       20.77971735939486      O
        2.68821043839936       -0.91755613963426       22.66521512775400      C
       -4.21618685374923       -9.56101932165327       13.98667264529885      C
        3.35339396290591       -6.26442917793344       10.45193323724926      C
        3.00630269603588       -2.86754935833278       23.38249691210213      H
        1.54733519527060        0.11622629961671       24.11790524013724      H
        4.28589741249099       -0.11666233320341       21.87285651570089      H
      -13.31674414335572        8.02662489565039        9.09730606590943      H
      -11.39860646449762       10.10444772177450        7.09334683782312      H
      -11.92108276371305       10.52637225741046       10.47216397337180      H
        3.89245503093817       -4.27161100244571       10.94344061705256      H
        4.43076543598143       -7.05424742491689        8.89491285593314      H
        3.77209734629903       -7.40783277803911       12.10753747804954      H
       -5.34876044301209       -8.88309000447552       15.65561313193522      H
       -2.56407373019123      -10.49675763109528       14.88539820599328      H
       -5.05526644773925      -11.17251723446823       12.90717984173017      H
        3.47373353494073      -13.91799830040437        1.13135497979478      H
        2.62493646287021      -11.28633986673116       -1.23309825617960      H
        0.45417778138725      -13.43144020888507       -0.00354668430653      H
$end
