$coord
       -2.02244346756615        4.85684670703098       -0.87785005880451      C
       -2.63363500192002        5.37480411257797        1.66004452647592      C
       -0.81480109038497        4.87426979628249        3.69917241371880      C
        1.39619876398234        3.32483356169760        3.03686853219723      C
        1.91878704008157        3.12260942211075        0.49100418463158      C
        0.38066191807452        4.12206922203586       -1.41634278737913      C
       -1.28157580994276        5.26322536917863        6.22754074674115      C
       -0.26512416952813        3.49143194694893        7.97410093509161      C
        1.52489746138540        1.59174742395570        7.05793128230384      C
        2.52655815205413        1.83439322021766        4.73348148588867      N
       -3.04982501506381        7.03536514227826        7.25002597371530      C
       -4.12413577492568        6.88209404173782        9.62842850111918      C
       -3.68405620497491        4.81967003085869       10.86339967215639      N
       -1.73525368804875        3.32649038868358       10.37057627931938      C
       -0.94739886401463        1.53409385850279       12.08546118840620      C
        1.06718550474557       -0.20153612159063       11.24445136791500      C
        1.84577817401261       -0.42094984549341        8.79157070951829      C
       -3.51967136202389        9.42130297820172        6.01281885917311      C
       -5.45971181107398       11.12504765248714        6.71878342335959      C
       -6.69599579920258       10.59765275361184        8.94000419894683      C
       -5.89064360113094        8.54794026308369       10.41535910405486      C
       -1.62568380116155       10.11822094115649        4.41839643709887      O
       -5.00649627393326        6.12596247845044        2.40739350937425      O
        1.11814546016299        3.68106496018333       -3.99341772289312      C
       -8.89536383262357       12.11120059813128        9.93336569889892      C
        3.20803616724292        1.84907598833385       -0.16698467416975      H
       -3.46606422630752        4.97131579414154       -2.28554958094137      H
        2.95182757415193       -2.01595120943996        8.27418805287083      H
       -1.78819186101065        1.61196462539467       13.89989842838989      H
       -6.84266174336634        8.24803546065916       12.17325708910014      H
       -5.89099330787454       12.65876649314301        5.58357644832433      H
       -0.47821045390969        3.32023210784690       -5.58007859751035      O
        3.61512609936678        3.35691750494640       -4.23619214871316      O
        4.02328756061929        2.48848879613508       -6.59087726554051      C
        1.57316892609974       -2.17268162704953       13.17574688109065      C
        2.78160313753581       -3.94514195742642       12.49154611921512      O
        0.86633656822846       -1.83355591045079       15.78598006008158      O
        1.03525902266365       -4.30359634049015       16.98234400986982      C
       -9.39075544620493       12.26933136725814       12.16524186662824      O
      -10.40880551258168       13.25266237353926        8.27916352996071      O
      -12.27635930306938       14.61803206891235        9.57637237222900      C
       -1.71411143623066       12.56927998153692        3.24264162388271      C
       -6.38258968082084        7.67556567504573        0.73988283685122      C
      -14.15600201385691       13.69725234741565        9.66707462918966      H
      -12.38109846777735       16.37398264298241        8.46626537027340      H
      -11.56903471427580       15.14132019964191       11.52437284458249      H
       -0.61771340819927       -5.26040205796261       16.28488148204676      H
        0.52482603085720       -4.10626798728802       18.94366356962343      H
        2.97697058996536       -5.09573566806423       16.83605162085839      H
       -8.14668663178311        8.60203125572947        1.78909616374747      H
       -7.24944347049526        6.37078058921002       -0.63453560143352      H
       -5.04381743308919        8.97079374355975       -0.22188584293834      H
       -0.00938845713742       12.44526001386174        2.15087308230069      H
       -1.71745576685078       14.02350961772765        4.70805723247013      H
       -3.42630667386225       12.79102007369138        1.78737164800415      H
        6.00992890585879        2.57843191611769       -7.21586058663063      H
        2.74556677025404        3.23975770205550       -8.04084698438147      H
        3.46018572459077        0.36436850811459       -6.56709032971857      H
        3.20523237021989       -4.40967403418722        1.75929465140087      C
        1.84011815568229       -4.98884478184101        4.09827316114110      C
       -0.84169316360578       -4.47005171457596        4.23882845563897      C
       -1.99752186911509       -3.15064873638357        2.01849896416857      C
       -0.59482681778539       -3.18758026065080       -0.25429751655963      C
        1.92842506496874       -3.80507949148944       -0.46067084724430      C
       -2.14074962978775       -4.43689609915830        6.56717596448008      C
       -4.23949600251269       -2.87570666505739        6.52991705096013      C
       -5.26005043198180       -1.77500283633735        4.43830097330696      C
       -4.16631961706472       -1.86546526654431        2.11510025353200      N
       -1.88371477081963       -5.80403348238294        8.78652253062894      C
       -3.52789155322505       -5.12411824895165       10.79768038711431      C
       -5.17952128838134       -3.20477290031511       11.01930037493189      N
       -5.35886744936027       -2.01517714304507        8.79389283631159      C
       -6.86142740290484        0.21108742294274        9.01086589875983      C
       -7.67225262380124        1.39000607674550        6.87726685239153      C
       -6.97654978570016        0.29633289999668        4.71580401739382      C
       -0.61690555171353       -8.29104828052684        9.04344816992052      C
       -0.51250025955660       -9.40141299971538       11.47175813842617      C
       -2.15647928092309       -8.72212783217229       13.33848008969459      C
       -3.63876989092092       -6.62949031622228       12.98935387198080      C
        0.08888827673568       -9.77092565852927        7.01730877121077      O
        3.24468351960812       -5.22791027005100        6.39706406595044      O
        2.96737827287845       -4.11238856324764       -3.08970839034123      C
       -2.12358295613909      -10.11138244591445       15.78306829386408      C
       -1.62705676162780       -2.94541032191207       -1.91994738873572      H
        5.04260421839639       -5.23196669773507        1.33177326485201      H
       -7.21968015646035        1.72089441787659        3.15149664708470      H
       -7.63349079030276        0.80699313568045       10.89112848106648      H
       -4.88666211653882       -6.03874761220861       14.57714605287753      H
        0.72514978399430      -10.98080396398639       11.86576676230850      H
        1.70526161640123       -3.54790059916039       -4.99459800581225      O
        5.53590847645494       -4.87287137850184       -3.23568609012580      O
        6.14958030101962       -5.74843051262915       -5.56724541325279      C
       -9.40797249264129        3.71277869735997        7.40042309723917      C
      -10.35624108175598        4.81404238867609        5.56593695987500      O
       -9.89637396484929        4.56911566797498        9.82286704420137      O
      -12.16249801109062        6.00565671857082        9.85153741486981      C
       -1.16549219562204      -12.14832630525573       16.15264649267401      O
       -3.48645144546110       -9.03538767941956       17.61791794865627      O
       -3.74248637639795      -10.48307111170503       19.71523173780035      C
       -1.88168694381871      -11.46028980009038        6.13249633343371      C
        4.97468344276690       -7.30576854787864        6.22042101749630      C
       -2.11014126549926      -11.63141461239287       19.83260561790824      H
       -5.30094319592283      -11.86456748943077       19.26681848746599      H
       -3.88477615672741       -9.01530831303481       21.24527492458902      H
      -12.37030434350950        7.09459704494735       11.47425170375408      H
      -13.69932313314460        4.74172945214106        9.66950357882705      H
      -12.09461524825720        7.02760375913784        8.04581093639753      H
        4.02295215489621       -9.12148031584683        5.48062813760097      H
        5.75862737084692       -7.44824646753516        8.12772012626601      H
        6.45471286149623       -6.75358909360239        4.96703123946331      H
       -0.82067973344409      -12.69046238583100        4.96581619471548      H
       -3.35714934617266      -10.42624675588262        5.17741866482346      H
       -2.48139520169342      -12.72848680750036        7.66574205824926      H
        5.64870015678823       -4.06185433522243       -6.65383441652018      H
        5.49159697242138       -7.62633278838298       -6.20325521327659      H
        8.30391394426248       -5.80695566530525       -5.41610129977012      H
$end
