$coord
       -3.34275192989536        5.94173851452092       -0.66559336190039      C
       -3.74718756074975        5.87126968980060        1.98950913482656      C
       -1.74394166306128        4.89568513360300        3.63823062193619      C
       -0.03156700973446        3.13770138403479        2.68283594565057      C
        0.25268954177711        2.98049768740581       -0.02929368807335      C
       -1.25870367323946        4.47051724718654       -1.64636057080962      C
       -1.80871872980525        5.35967679763640        6.28829975390251      C
       -0.94716596445676        3.38277067215680        7.87025261091216      C
        0.68549910021228        1.40636161551491        6.84850466938329      C
        1.19291418376335        1.47222530517266        4.25898937124389      N
       -3.40702061576423        7.32225074832995        7.46226804493960      C
       -4.17980298341776        6.88557303177634       10.10110256784673      C
       -3.34237114188034        4.86747603133134       11.53092254881401      N
       -1.62139384669999        3.47050422162314       10.43188343345794      C
       -0.81229694712449        1.32052847496486       11.90697380097150      C
        0.68688981167709       -0.60094595072291       10.82843664974786      C
        1.54926096694959       -0.48762429184378        8.38190542704991      C
       -3.59439483729741        9.75687219790280        6.35318862352555      C
       -5.34155848737599       11.43558840456768        7.48096834397708      C
       -6.48902834516520       10.98778548401158        9.83268869470595      C
       -5.73077518393038        8.76465139877550       11.13826836052075      C
       -2.27610611707194       10.06461239982249        4.13389697057466      O
       -6.03065760922827        6.47122203106697        2.98846249613971      O
        0.11762613796269        4.56058354862859       -4.23649055983200      C
       -8.42666934453307       12.74968737190345       10.47821306560982      C
        1.71357462630261        1.86630277996727       -0.93412701818738      H
       -4.70544849260530        6.46682420107644       -2.09480530683026      H
        3.00802575939491       -1.58487857022310        7.79477400850468      H
       -0.85142037222002        1.30007724289849       13.91265033490895      H
       -6.55130337742665        8.30552685589579       12.96858347868328      H
       -6.23629590457298       12.60244912965087        6.26980864969850      H
       -0.50390028287123        3.43247689161493       -6.07567742293271      O
        2.23714237132500        6.06183642355526       -4.21857506215711      O
        3.20648675575122        6.15848603984011       -6.53452291379105      C
        1.91356563143653       -2.45144614970798       12.69616101997087      C
        3.85884420286337       -3.61340654002948       12.00092148352460      O
        0.95193090082725       -2.49515988267237       14.95941852695707      O
        2.20704214300537       -4.42283772221546       16.38570059929332      C
      -10.41177848663872       12.04331399253198       11.54470228468623      O
       -8.23284992987329       15.14990378243787        9.51157537258582      O
      -10.46942041131179       16.37270374331330        9.81418701424809      C
       -1.98243893104625       12.60951349642845        3.11913450934745      C
       -8.10946852512960        6.17936071949802        1.32391796538617      C
       -9.68813073201097       18.35249948092748        9.80322465426571      H
      -11.47612586019013       15.63236495911684       11.60955890707779      H
      -11.71849403278825       16.05354449974656        8.08951385315495      H
        4.02631595218071       -3.57687149387072       16.98661901326604      H
        2.58882040122570       -5.97785654303792       15.33275729142470      H
        1.23673454538261       -5.10377140747469       18.07239268144460      H
       -7.93101817259895        7.25835681670384       -0.34066887982137      H
       -9.72551140832495        6.99595045257967        2.27471957299930      H
       -8.42322448731988        4.09698128727786        1.11657748678475      H
       -3.42860081803252       13.12212408541450        2.04252909007219      H
       -0.39356457694736       12.69209696939990        1.85993989994165      H
       -1.77424667686009       13.80386254844524        4.68505375869141      H
        1.87035737654132        6.21376693335444       -8.04588667916548      H
        4.50029523511653        4.44692741791296       -6.71170172660092      H
        4.42939387179770        7.87849252876762       -6.69344239486558      H
        2.85055289232652       -7.04256568796496        2.09403808624677      C
        1.89693949460098       -6.13083581756953        4.35310685131363      C
       -0.58848452415240       -4.91516821427469        4.37760186520846      C
       -1.51638003186234       -3.95135210216839        2.13317751708006      C
       -0.24880566200947       -4.51267817361780       -0.05908629236499      C
        1.90705133174180       -6.02574407664533       -0.11958179288093      C
       -2.02328353816107       -4.69773420848857        6.59279589871585      C
       -4.31933858960615       -3.04198754675547        6.35666683848742      C
       -4.89025277775944       -1.73681880423795        4.05198046473247      C
       -3.54920179308346       -2.33835808459156        2.00740430516623      N
       -1.84681273764681       -5.94192157333965        8.95399110496412      C
       -3.40752356889778       -5.05194742133300       10.83716500945372      C
       -5.40001569920326       -3.42892685282692       10.70856805631225      N
       -5.91872960089338       -2.48796725280035        8.40731877583649      C
       -7.66308429560242       -0.43940705506923        8.30726487403705      C
       -8.14665873068995        0.65064917042159        6.06569167525020      C
       -6.74263590784854       -0.02207820874870        3.91185665691523      C
       -0.71765693167463       -8.33045063516835        9.18230866678116      C
       -0.29884025956873       -9.52657926040129       11.69412115719703      C
       -1.83162515886629       -8.60390825741624       13.60622264115038      C
       -3.27345452129250       -6.45045781730466       13.24305287491568      C
       -0.10721953296815       -9.73885247576079        7.05670131751067      O
        2.99799808421080       -6.08559951754657        6.86658354037314      O
        3.70989893933391       -5.76499382939605       -2.47133674905201      C
       -1.49157577705051       -9.55286659466139       16.20771972891762      C
       -0.88628904503450       -3.55938019858398       -1.72816135898305      H
        4.72514456408566       -7.97514520747670        2.31609463699582      H
       -6.93743882308345        1.08869875812083        2.32759412276216      H
       -8.86978642700011        0.14452610283101        9.93035972022142      H
       -4.21326491001295       -5.62476973945657       14.75829107820758      H
        1.00937340835119      -11.11020430568685       11.93821195222305      H
        5.80083395159465       -6.34691263727371       -1.87785419496128      O
        2.74357153509367       -5.36525462149366       -4.86254683264300      O
        4.70488285694797       -6.07161719438809       -6.59069255853629      C
      -10.02181541924235        2.86172338921758        6.07145274632700      C
      -10.95679507727150        3.41464931234367        4.02132864284683      O
      -10.61867171490064        3.69048663767275        8.48983559990567      O
      -12.08109445236940        5.84732076370492        8.01707977839612      C
       -0.61149094227761      -11.65040042187228       16.33329987674803      O
       -2.05323778492280       -8.01379127341388       18.17399922150154      O
       -1.33149570445416       -8.68066505028256       20.81523630406087      C
        0.07243550674808      -12.38292846050062        7.45456270420875      C
        5.66859795366407       -5.94820638632721        6.84707394113690      C
       -0.89568761455219      -10.69535654745715       21.12311240151264      H
       -2.87606750673821       -7.95662022428872       22.14297691079129      H
        0.57360471211108       -8.07491059677619       20.99979317762896      H
      -13.59531680612921        5.50134635767323        6.64813416421280      H
      -10.89248786599004        7.19862116896744        7.01994021822001      H
      -12.32074940272660        6.86590443204299        9.87365722275887      H
        6.14550312676445       -5.28394963659740        8.69134300463113      H
        6.13063086996640       -4.63526555116167        5.35291885722828      H
        6.34729754468547       -7.80704089999104        6.38931959930737      H
       -1.18257586001417      -13.26454898591042        5.98353095898418      H
       -0.88931183297011      -12.98147619471096        9.29871968235901      H
        1.86264351563312      -13.49099125988506        7.68018206025216      H
        5.81967584220543       -7.70045296339134       -5.94235372774706      H
        5.83148259745775       -4.39405495708925       -6.82795470402841      H
        4.07058277670995       -6.14329622098270       -8.66812530509359      H
$end
