$coord
       -1.80916521331767        5.25268303325648       -1.38194871709326      C
       -2.46681978037926        5.16328709674463        1.09572200392042      C
       -0.65283854983058        4.35349154859918        3.03475962921336      C
        1.60801262675119        3.11688434991494        2.20437396462167      C
        2.27741372798309        3.27869279570053       -0.35229125296137      C
        0.64280395215614        4.29719129080605       -2.18510422964893      C
       -1.37266960698436        4.52968462795884        5.62934769623230      C
       -0.25821723739249        2.79749928552941        7.13082349681312      C
        1.67207436879636        0.93319545369645        6.18515925382320      C
        2.68860968836273        1.26154956414700        3.78283432120002      N
       -3.04894794923371        6.35707398208694        6.89205552670501      C
       -3.77307137204306        5.82776923418441        9.52296352811029      C
       -2.80572016615157        3.95571334293887       10.95644900177858      N
       -1.12171778719448        2.50667466960031        9.72841697305317      C
        0.04400292656972        0.69214364584877       11.18477140281501      C
        2.11725299503032       -0.74513356494967       10.48896158113313      C
        2.63617626000196       -0.74711196510444        7.92389209035195      C
       -3.89894176126468        8.61546429515036        5.70079063878899      C
       -5.90886725873590       10.11355904222894        6.65628664074340      C
       -6.55399013555266        9.46541496362156        9.11906257868236      C
       -5.39844391539914        7.60474376214037       10.59255822605793      C
       -2.39728523702512        9.46323671370855        3.64033472330294      O
       -4.90772782446380        5.35271044812415        1.78052943120117      O
        1.14282868775162        3.96733521984749       -5.01273679826618      C
       -8.94228786856896       10.56010045647275       10.23665673035652      C
        4.23783191300742        2.60219017122413       -0.60236299703878      H
       -3.20964011307378        5.86144501691388       -2.71486862965143      H
        3.92468168164156       -1.96876179670723        7.24761234329568      H
       -0.74122515482371        0.51344936240563       13.09865647485814      H
       -6.53437567951097        7.20222272554098       12.28712380846240      H
       -6.87466231926045       11.41403286933403        5.56588063574951      H
       -0.82157906558962        3.63581124489378       -6.20178586962822      O
        3.38767973118090        4.11236457731912       -6.16199118844537      O
        3.16916425074171        3.55890359499722       -8.56760632844451      C
        3.29773917767983       -2.56108523184220       12.27474013283048      C
        5.33753366700844       -3.80926262078430       11.86391739968464      O
        1.70612391225808       -2.35824015021558       14.35910882211189      O
        2.41730705181059       -4.23148611872574       16.17418452271430      C
      -10.21680739353879        9.59005651734824       11.96626868424684      O
       -9.56330761013327       12.94800853290040        9.13980802071486      O
      -10.95348495843250       14.65216134222021       10.62951212375224      C
       -1.40287021886948       12.01954745417173        4.06709041231908      C
       -6.61734139287569        6.10110912162195       -0.13392912979160      C
      -12.30936874355110       13.66896717869347       11.63591143017249      H
      -12.04005378380625       15.88415909316220        9.36993425735590      H
       -9.38734269292844       15.57779511024721       11.81572765959017      H
        4.43586685757385       -3.89652263309045       16.44516304382836      H
        2.62022147500977       -6.09594550420205       15.52207190347291      H
        1.55560232651392       -3.89252061414461       17.98053967944444      H
       -8.42989456095054        6.02888413317521        0.98545206695885      H
       -6.50100306944811        4.51528308146757       -1.40961996958369      H
       -6.48482898615338        7.89403648047549       -1.13303061315606      H
       -0.89714397940288       13.17250589246058        2.36469938924632      H
        0.35867520289844       11.97557744964186        5.10424707665779      H
       -2.99464430350570       13.14182604683298        5.14420791396020      H
        3.14157416895788        5.39312523366433       -9.57428093049835      H
        1.44360678333540        2.62974020222577       -9.05783303847076      H
        4.93617953044379        2.75447469929969       -9.22194506633494      H
        2.58121533627175       -5.70954941541327        2.64514036256871      C
        1.14470614554738       -5.51462457871512        4.94557630344998      C
       -1.30346146503851       -4.30572886037469        5.00290959381947      C
       -1.92270555507668       -2.86649617083573        2.79224065827848      C
       -0.02970103505664       -2.35507869748473        0.98173528599221      C
        2.21709139581817       -3.83081115434189        0.80048286502964      C
       -3.03742403888532       -4.21402457979902        7.05338220882326      C
       -4.95326453691136       -2.06765883264772        7.12677992448137      C
       -5.38328604393664       -0.76066658877520        4.81197771355601      C
       -4.21872040696303       -1.59403129592505        2.63952676366850      N
       -3.10956656523859       -5.68940512445566        9.22944235682738      C
       -4.09739779990033       -4.66977841076530       11.52434622354994      C
       -5.96961285861806       -2.74532266823189       11.50560959621807      N
       -6.43967756967959       -1.69098055882048        9.29942114781344      C
       -8.24525062539599        0.22070148491604        9.24373434936714      C
       -8.63784027144307        1.58619123932005        6.97008202512726      C
       -7.25649229153770        1.04136378231627        4.78586255791120      C
       -2.76713216620151       -8.48248003812419        9.03651769265505      C
       -2.56325013697566       -9.77550910841494       11.38101803099634      C
       -2.99055697191468       -8.44497272713276       13.68964564305302      C
       -3.75979270495552       -5.87498820063900       13.83469345599441      C
       -2.58137216738346       -9.69110428653210        6.57979570422995      O
        2.17045399138309       -6.64057372186389        7.17987132513555      O
        4.03317466555141       -3.48667315287638       -1.17563143825883      C
       -2.75060483133756       -9.80464954000235       16.11890823025626      C
       -0.63387751282785       -0.85636869724382       -0.36707955798845      H
        4.25331629667626       -6.87168422953317        2.47639684521678      H
       -7.37689556846354        2.29326815583277        3.24164828803169      H
       -8.88643010207033        0.87619840996609       11.11824453351063      H
       -3.79923327692495       -4.83358329710442       15.71636820719835      H
       -2.85351890582065      -11.76315021814709       11.42581519509728      H
        5.64978521080958       -5.11290341692746       -1.56560305368681      O
        4.13784670154676       -1.28093464911357       -2.49589224018082      O
        6.10445435399325       -1.48380473246298       -4.13355175871754      C
      -10.44810858763640        3.89123044568389        6.71993177421696      C
      -10.86374456436834        4.87130003350051        4.74103200814279      O
      -11.56560938926473        4.61574285929959        8.92846640696143      O
      -13.66471847414749        6.33663741877249        8.64280668616962      C
       -2.10132483560580      -12.03301038245922       16.07305590847114      O
       -2.57526744626249       -8.40924696757020       18.40820068299695      O
       -2.18611892973217       -9.78801909132216       20.61042938398772      C
       -0.25064741238724      -11.02779549270781        6.07512434338065      C
        4.77576835523030       -7.20133223541422        7.03796725148986      C
       -1.02695388690284       -8.62637993747117       21.80561939417892      H
       -1.31843854737574      -11.58440116882597       20.72904293572043      H
       -4.12307799881847       -9.76400549409462       21.48104108655349      H
      -15.04584023456216        5.79858637036043       10.04510116840444      H
      -14.49020132213346        5.96097346561533        6.80991478782008      H
      -13.06049276633328        8.30085600852331        9.10846450142710      H
        4.89815018244999       -8.79869893203306        8.43639402699511      H
        5.99798110010462       -5.58167974466805        7.52632881897225      H
        5.23983697813735       -8.30040161932602        5.26664283405350      H
        1.12640715916207       -9.95054020822160        7.33353621375225      H
        0.26936235052703      -10.57366206637876        4.09594360013354      H
       -0.23787758730871      -13.06531855304285        6.65714110255518      H
        7.86508517704931       -1.86364146633939       -3.18258126658407      H
        6.29016769475564        0.54641027844331       -4.73534918707624      H
        5.63861516405878       -2.99929848490836       -5.44200316940865      H
$end
