$coord
       -1.43429565744348        5.18699890321506       -0.09567186563557      C
       -2.41606207605701        5.29805693526073        2.39440687475945      C
       -0.72665754797558        4.65630379136058        4.42684231810958      C
        1.43227173209939        3.13045654816544        3.78541666662844      C
        1.83108080509533        2.48405252727396        1.25462026681476      C
        0.65600991259711        3.63156073478183       -0.64808504274269      C
       -1.34839220234483        5.36534780730631        6.98535556856438      C
       -0.32715378638630        3.46955337308570        8.53880418267608      C
        1.56561976566124        1.77373374784542        7.74133902009427      C
        2.79562093343048        1.83119072816487        5.51194243448888      N
       -3.06350072495953        7.42189408846997        7.88517080646589      C
       -4.01351657228336        6.81176321610182       10.36196911086716      C
       -2.96072981918998        5.16473887412054       11.92321802902476      N
       -1.31873194833425        3.48111255142750       11.01221857433716      C
       -0.31592486236604        1.76145376867735       12.67296439026722      C
        1.38310002056255       -0.18609699255142       11.85718649915558      C
        2.54917577185463        0.00212972050490        9.54674694715028      C
       -3.94311167159031        9.52201154949294        6.44058102021234      C
       -6.08192583276767       10.69860597177959        7.26768673507930      C
       -7.02084745801954       10.23405599387780        9.66185543297811      C
       -6.20069421656909        8.21633605876145       11.20090973793626      C
       -2.34530302395928       10.52621823734787        4.56028557014712      O
       -5.21632606137935        5.76385713616088        2.46767195375720      O
        1.27317149442220        3.06779508916777       -3.23282184787530      C
       -9.33928344100774       11.47951582864821       10.38980694236237      C
        3.15335938642311        1.14000896151545        0.82912211919637      H
       -2.69792546801045        5.55538154139705       -1.78983600330662      H
        3.52392963852045       -1.49080730369065        8.73369544438415      H
       -0.67938373400891        1.62241313822245       14.55364993910957      H
       -7.18271945575867        7.74637667555334       12.75989103697338      H
       -7.03080400591270       12.12084798527002        6.10820407022642      H
        0.17181330079447        3.86562986886841       -5.13536683687166      O
        3.02869580273115        1.02526372234237       -3.37808885313613      O
        3.95436666594291        0.70936079936299       -5.69601156761770      C
        2.06148253540221       -2.17390963650500       13.70682811923185      C
        3.30092559088167       -3.91906187001281       13.00605410384153      O
        1.35458015118848       -1.98344954712304       16.19203194095045      O
        2.15976220717912       -3.88364806863270       17.86692140436365      C
       -9.62971687117372       11.83384048651816       12.69041770843602      O
      -10.86097262593660       12.47200450989223        8.52595042679395      O
      -13.30307218003075       12.80667430987290        9.07538845405708      C
       -3.20807171245251       12.80779505187331        3.45902563242278      C
       -6.26909688279078        7.52246427529487        0.69898041852938      C
      -14.33028634785583       10.87722512483004        8.99686891986228      H
      -14.25148075051489       13.70086800283346        7.38007224790410      H
      -13.30527190325549       13.38820826443782       11.07690072119800      H
        2.15513782284637       -3.38623436612303       19.78098671234340      H
        4.21678826306355       -4.72933355541240       17.46184393219402      H
        1.00293601881131       -5.55826812548836       17.58741616286506      H
       -5.34004346052695        9.33465727374756        0.83519049609007      H
       -8.25508274573543        8.07724866067596        1.13396081709344      H
       -5.98288535111821        6.78300534070158       -1.19097062505847      H
       -5.02927691011197       12.84031968044636        2.77022484779948      H
       -2.13336368131813       12.87492658991244        1.73287389515748      H
       -2.73356080825702       14.30524263246357        4.73703400000098      H
        4.28539220317990        2.78075421221857       -6.18533307701933      H
        2.50056265491691       -0.11715328306798       -6.76592175464762      H
        5.51672810348527       -0.54562808111540       -5.52073035122134      H
        2.92712461410289       -4.95747655820884        1.56529636706340      C
        1.99693471369163       -4.19086269154276        3.86330838767075      C
       -0.80656802059417       -3.53078576419664        4.01811527752106      C
       -2.12390954733408       -2.85823819872889        1.79152165285233      C
       -0.83681088226437       -3.44501199065873       -0.50114487285217      C
        1.48809537835455       -4.76888659239289       -0.74252245991161      C
       -2.20237512110307       -3.61721307932337        6.30054108843618      C
       -4.51151499455855       -2.15188219888096        6.25528055867180      C
       -5.23848183134001       -0.68118374931974        4.09063498615022      C
       -4.03260357434709       -1.22159579963388        1.80895045199432      N
       -1.69569071808181       -5.31734877387780        8.38727694623011      C
       -3.18141089921042       -4.51482445489576       10.59374332577365      C
       -4.63976693669794       -2.49773224038354       10.71863828659352      N
       -5.64111818737162       -1.58691518093255        8.70313811666906      C
       -7.30263403833747        0.49115510883146        8.65834437956745      C
       -8.10774263945344        1.73227850828924        6.51562893773333      C
       -7.22233549994828        1.03647301568813        4.19794238436264      C
       -0.14835509747653       -7.47248182670791        8.41009350476890      C
        0.04702507267666       -9.01493381959970       10.64611593941890      C
       -1.02078451306114       -7.98524368900178       12.78299452332507      C
       -2.31832616789304       -5.74491392002542       12.91261212799993      C
        0.83738235416134       -8.65104501124816        6.23776367871992      O
        3.23393255406060       -4.37236093688345        6.18878906933156      O
        2.69233478055170       -5.61466153881871       -3.05041152508017      C
       -0.60810413015830       -9.22396418003926       15.18959892116104      C
       -1.66740977515655       -2.73546327749434       -2.30124004638826      H
        4.77614782632255       -5.39407944007395        1.31536283857266      H
       -8.13498456525611        1.89301864243620        2.66953825917126      H
       -7.96822268974166        0.77378283300752       10.57422045423406      H
       -3.02719656064653       -4.87413911128351       14.56638211880630      H
        0.72710854135755      -10.92114492170886       10.74078347147462      H
        4.09590007362207       -4.21063594237087       -4.29644767346339      O
        1.92420336617021       -7.98162335286046       -4.08673914596761      O
        2.45422146697706       -8.12428631685170       -6.83863114355098      C
      -10.34242396798426        3.51196384305153        6.66368430437608      C
      -11.25895174990784        3.84177229198239        4.51302976885780      O
      -11.30435457559227        4.58959690078342        8.67953345814740      O
      -12.78004940203958        6.66123751311011        8.23304268419325      C
        1.00947572826539      -10.82059781838036       15.65763620313017      O
       -2.22704236141101       -8.64216650193369       17.11711834609570      O
       -2.58012440514254      -10.74509352609734       18.75418907595441      C
       -1.14934706330391       -9.56251903316783        4.58425942705703      C
        5.66403541423456       -5.53429982277794        6.54294602277531      C
       -3.74539851943810      -10.21052653617903       20.35639848149203      H
       -0.78639277501818      -11.65290722877977       19.13323494346511      H
       -3.91533007170311      -11.94448596300010       17.86746264703024      H
      -14.75876687581908        5.94622724113356        8.32956434837671      H
      -12.65922970018755        7.69359141592341        6.38878999372971      H
      -12.18534718941941        7.99561908168945        9.68228650754391      H
        6.74514304269970       -4.74084072657929        8.27852880402253      H
        6.77532247240294       -5.51756295803247        4.78360147268842      H
        5.31918895141946       -7.64691946958834        6.61625564928646      H
       -2.12142139380679       -7.83907947334442        3.99413920627300      H
       -2.30714490036257      -10.81261257486998        5.67281696675673      H
       -0.30721899440011      -10.44791845733085        3.01043180520579      H
        4.20629171691379       -6.94874935581889       -7.37123532751779      H
        0.78485323998531       -7.72330133493776       -7.86330203263889      H
        3.14836692725386       -9.96735546479784       -7.26141866464731      H
$end
