$coord
       -5.95593347571417        2.30527093120476       -2.15597523442751      C
       -4.42358292903130        0.39893997609277       -1.07923800885265      C
       -2.41525820650486        1.35599275710376        0.42061904864139      C
       -1.71978782805281        4.05237374083355        0.35545985319864      C
       -3.33475898499984        5.80265811467283       -0.71754525110734      C
       -5.39305122904032        4.93988957630707       -1.91893352554046      C
       -1.16807233920935       -0.43302568685200        2.00132984989789      C
        1.12348022825825        0.60241934510543        2.79995737823130      C
        1.98220308283070        3.19116688051118        2.55716577439726      C
        0.39062963151927        4.91924924305778        1.45822244741007      N
       -2.12735004945954       -2.47243289910730        3.43885797337962      C
       -0.42258571847603       -4.13140122478248        4.79980028503639      C
        1.96568520881589       -3.36706966819573        5.18523109648594      N
        2.63571457004885       -1.03964225012186        4.34103599717867      C
        4.97197181124153       -0.01998224666294        5.31170357216151      C
        5.90230239216250        2.48454318059621        5.05784281645364      C
        4.18895477547840        4.03486853352163        3.77950150096543      C
       -4.89985398115720       -2.98092944305387        3.82042745998687      C
       -5.71153145230217       -5.22684046966050        4.80699651972957      C
       -3.82959667951540       -7.04000556908158        5.61799957854369      C
       -1.34066672377258       -6.45946654276307        5.63719606805260      C
       -6.49873073222072       -0.99692540761025        3.47334322944728      O
       -4.80688577762413       -2.09253518405598       -1.70091270807609      O
       -7.16271094260159        6.85842003175573       -2.97265012844683      C
       -4.58001597601998       -9.29922327940323        7.11276653918430      C
       -2.98715442793308        7.79516674354670       -0.62762126832648      H
       -7.70950009178296        1.90190771450206       -3.13044518628941      H
        4.70902007590822        5.90990746887565        3.55201984860261      H
        6.10219624495223       -1.47050393904142        6.20508747182167      H
        0.08568850973154       -7.71135987138467        6.45535183239692      H
       -7.64144397773002       -5.37926515734212        5.38829743683608      H
       -6.83215315609526        8.95923215955860       -2.13084698824042      O
       -8.82027688788065        6.09759362899685       -4.76327996716506      O
       -9.92879238448818        8.25238070958704       -5.63961401359258      C
        8.20948180617385        3.33106457362094        6.39548079400037      C
        9.11371558252244        2.06113081844921        7.98572543201969      O
        8.86087749365977        5.80653231328770        5.89310355374696      O
       11.13705605011351        6.29359253477399        7.21630664117994      C
       -3.14678707415343      -11.08530079493117        7.16048192774999      O
       -7.04021799458086       -9.32817365876642        8.13899009932888      O
       -7.75656265940863      -11.87443623065572        8.89377633888052      C
       -9.01231380224429       -1.73771218665957        3.00516093300791      C
       -2.72794227091199       -3.33452085749132       -2.78687296092596      C
       -7.80762396240925      -13.27943643631680        7.40682289126485      H
       -9.74841988875868      -11.75393993125908        9.62450832346395      H
       -6.35145898314041      -12.53885324339071       10.22373946984466      H
       12.65713847656365        5.88142067571488        5.85762894306999      H
       10.91919192306018        5.19887750122932        8.95608813657985      H
       11.06933650123841        8.35123709776903        7.51555285353825      H
       -2.34521778514021       -5.14415591337753       -1.68091006526161      H
       -1.12293373518386       -2.03509321033993       -3.05556906563967      H
       -3.14611569043301       -3.99316849484355       -4.59041667791965      H
       -9.93474719843516       -0.27340249148616        1.93593755191295      H
      -10.14736145872783       -2.18978414682368        4.56590370725054      H
       -8.75590890921762       -3.23678036653771        1.66787846285487      H
       -8.52710197626477        9.19928778208659       -6.78858784622720      H
      -10.63036782313289        9.63741113287657       -4.29802337124212      H
      -11.15319703452351        7.69546230752742       -7.18226053573210      H
       -2.93336075511570        6.81569558278045        7.03283753750918      C
       -3.38540373866691        4.28548275577701        7.67232308271054      C
       -1.48638559577422        2.90023395776345        9.13649694225462      C
        0.93870522910983        3.92823120986155        9.25266628750222      C
        1.40016567873069        6.32120507827329        8.27709209014894      C
       -0.47532172277948        7.84745638490892        7.15055411269684      C
       -1.96047984437907        0.60455763008228       10.37579395136279      C
        0.05944475687365       -0.70980097074954       11.24342506948124      C
        2.56465352507202        0.26790464857396       10.80820650661816      C
        3.00934371983536        2.60299535483243        9.88802382898402      N
       -4.36272994419292       -0.52682623188723       10.93302589466953      C
       -4.47053751645183       -3.25103351559935       11.37676852577714      C
       -2.41223908309406       -4.49546568423951       12.07114694974689      N
       -0.24047479245522       -3.25895784989828       12.18905140623835      C
        1.85407525862732       -4.61364679370719       12.91328775750471      C
        4.28639682749529       -3.47954493343975       12.78999488825207      C
        4.58875032290250       -1.25986188375583       11.51764092070639      C
       -6.71065031936334        0.83902965454961       11.14605352025690      C
       -8.80112947812538       -0.57128779293801       11.20175499182225      C
       -8.87963643162216       -3.17268925088211       11.05735591716938      C
       -6.69665176840043       -4.57815085952140       10.98481204618167      C
       -6.31079012807423        3.35830292483899       11.41098647597977      O
       -5.55213339107920        2.98811224865635        6.89024990217255      O
        0.32701377897887       10.35616362519921        6.19500463369591      C
      -11.43439440162106       -4.39872637273262       10.62958954887373      C
        3.32070407199453        6.96326719608229        8.40510268941992      H
       -4.30856974554912        8.19346413188499        6.30410126114598      H
        6.53173355653033       -0.56174079597775       11.42427183580178      H
        1.74627733394632       -6.61660445865662       13.42053198545883      H
       -6.72953758009552       -6.47729518588544       11.18747526612296      H
      -10.47077403335098        0.66084802737588       11.10347220942342      H
        2.37911702489726       11.18189362124603        6.67969637781529      O
       -1.62322292381796       11.53083407600547        4.88329711030195      O
       -1.28772667791925       14.06857447527431        4.23590180044945      C
        6.56886847212819       -4.67897096882937       13.75451791411776      C
        8.53707817104829       -3.42872626334432       13.93287111286228      O
        6.33390652554510       -7.16229513102434       14.43739984682990      O
        8.75924346225568       -8.08173831821630       15.26403461933567      C
      -11.82434253099666       -6.46816108694376       11.47867266321931      O
      -13.21199354969858       -2.97672485766591        9.36212177316431      O
      -15.61173252188914       -4.00064897537821        9.48913455789811      C
       -8.34485750445511        4.77745730304842       12.12571812076929      C
       -6.78050127681735        4.18019398157375        4.92323586821618      C
      -16.54169156401095       -4.45745984512821        7.63618003576977      H
      -16.77344009269948       -2.72284857322635       10.54657408951147      H
      -15.54019503748190       -5.73618958459516       10.58849080174125      H
       10.18746847506125       -6.77260597869785       14.73826168168094      H
        8.98033141240232       -9.74721516283412       14.05678867161865      H
        8.66684408450498       -8.30478534458694       17.34583418461323      H
       -7.39135845020648        2.81712666812714        3.43107402453253      H
       -5.45660228790769        5.38678111813116        3.92275008825726      H
       -8.36220652456979        5.32959244058551        5.64869923088891      H
       -7.60571628189985        6.61266735210527       12.61137864894676      H
       -9.01530982663368        3.95748690318432       13.75512207792951      H
       -9.83752482258766        4.88088945482395       10.62066212696138      H
       -2.05766447108319       15.17014908593074        5.73503346930608      H
       -2.44145498852685       14.48324172526139        2.57212025366162      H
        0.76747276662649       14.37058022866162        4.10458523723018      H
$end
