$coord
       -6.52175235842231        1.50113079069570       -2.77506059424610      C
       -5.33826655482540       -0.25245393461547       -1.35773577110547      C
       -3.87417762656262        0.61194839791473        0.74081766714980      C
       -3.25603747933978        3.24666551283579        0.70279772278780      C
       -4.40916355042272        4.91213970538502       -0.95188311720974      C
       -6.02824943519409        4.12603207693507       -2.65912475029111      C
       -2.84364815356208       -0.71142079216387        2.76908402360779      C
       -0.61890813547336        0.07425877555532        3.70588921858893      C
        0.14418189018724        2.65417181415127        3.41009631209991      C
       -1.08774486538639        4.16282508935458        1.81189679755691      N
       -3.68735515265777       -3.25561627143891        3.52587301283778      C
       -1.74282621598730       -4.92216862717598        4.48269949268617      C
        0.50704989874021       -4.04138216077954        5.21831721638924      N
        1.05356364344398       -1.59598061028316        4.93054226013293      C
        3.34570165861192       -0.72702613537022        5.97426914667165      C
        3.93375432894154        1.88929979682976        5.90299191350945      C
        2.44060057955517        3.49886190804728        4.51179422882248      C
       -6.23875549704345       -4.03843377664116        3.49415717868858      C
       -6.73545484858130       -6.59278137915381        3.96317454925652      C
       -4.92659944713565       -8.22587651437320        4.89366276632297      C
       -2.43559075305507       -7.37539605081709        5.00485892593058      C
       -7.90229207681292       -2.10159948272419        3.07128848797118      O
       -5.62342158655826       -2.87434816576852       -2.11205844696902      O
       -7.11947248011175        5.91837694212422       -4.51213359047533      C
       -5.76737384947518      -10.79384351462233        5.19203057669924      C
       -3.66149341930881        6.83671135287052       -0.88140044265608      H
       -7.84607413158257        0.78897496661372       -4.18864870201535      H
        2.89986233590810        5.45559024653901        4.60300025599589      H
        4.58614566219611       -2.04189085616192        7.01647371410005      H
       -1.06328107345957       -8.88807205443726        5.12858596350789      H
       -8.62034398064359       -7.30964796591413        3.40987656172086      H
       -7.22934079045275        8.15955156463040       -4.06948478293824      O
       -8.29952217703445        4.72109855159448       -6.44580649195396      O
       -9.32394179837304        6.49556087242100       -8.16683387563479      C
        6.18495459337370        3.15072027613008        6.83949920882120      C
        7.71447790677867        1.65808128918707        7.75883183708126      O
        6.26836779317772        5.64924447809778        6.65437044056402      O
        8.30223529194451        6.77935457335634        7.84986611719949      C
       -4.20774574665197      -12.30342962930839        5.89377324087247      O
       -8.32255831832689      -11.29992194680129        4.85266270271117      O
       -8.63043193060890      -13.95118958967932        5.38342406849483      C
      -10.44112408713378       -2.47680573454057        3.54678161094445      C
       -3.28380054598674       -4.13837593137651       -2.44012209530277      C
       -8.52908709878758      -15.23879998675419        3.68512893802206      H
      -10.47589870314565      -14.41741450869741        6.00162863950727      H
       -7.27193364458720      -14.50400014420462        6.79973487953500      H
        9.22609327837532        8.43561347106522        6.85433707666456      H
        9.75515554009865        5.32632677992144        8.05503093364658      H
        7.59303252393334        7.21584621013502        9.78704089053129      H
       -3.61377290986142       -5.46164376656285       -4.00932001368322      H
       -2.79207040085223       -5.29124912710581       -0.77491726630989      H
       -1.83836335516088       -2.77538618051865       -3.01724087487503      H
      -10.44735566823384       -3.97806088085398        5.16735708290180      H
      -11.54319157648215       -3.45846299025143        2.03273127088614      H
      -11.22407816508091       -0.73788168840965        4.27367308266840      H
       -8.73963093672943        8.46790998561768       -7.62980224140519      H
      -11.51505757815131        6.34622592223303       -7.94381846035951      H
       -8.62538869593467        6.13975590103928      -10.12057600197671      H
       -1.26651893721215        7.94793304138845        7.48669174134198      C
       -1.96740859259989        5.47484531967722        8.45377896191522      C
       -0.27811995267535        4.16004609547012       10.02337906201397      C
        2.02766229417661        5.32184474075941       10.70683371753654      C
        2.48636225925806        7.90410221188778       10.04370569491287      C
        0.87116604308687        9.12270702163953        8.35639326105300      C
       -0.83886781226518        1.73751700933073       10.92473170074738      C
        1.31797812320837        0.31778323192365       11.42306678923941      C
        3.60478031635213        1.52877725492514       12.12759287424852      C
        3.89489774779985        3.97616625358061       11.91916506909466      N
       -3.23272470465891        0.40894566320751       10.93197052139885      C
       -3.15433346801112       -2.24014686190745       10.50451520674548      C
       -1.01890839057971       -3.61211649485962       10.73994050152390      N
        1.14963543811369       -2.38306258174565       11.40230416257492      C
        3.22427370666287       -3.71925006100428       12.33108189791649      C
        5.39176472000843       -2.60856148297364       13.21074393025329      C
        5.60530271316658        0.01116810780997       12.92523535921024      C
       -5.66338625742786        1.58473335288796       11.37363263405841      C
       -7.81049591340756        0.20736241764082       11.24004820480701      C
       -7.67496038062219       -2.31803737638852       10.48746415321537      C
       -5.39888398926610       -3.44966078345860       10.13441201121306      C
       -5.66032147159769        4.36758160320663       12.02481274181207      O
       -4.17272035928198        4.20717281400395        7.35111326232823      O
        1.47771692315071       11.55629991877348        7.35615058788123      C
      -10.12473251031992       -3.73831517209985       10.23340093817712      C
        4.18188116635127        8.74745641227328       10.77591482158634      H
       -2.41001112943381        8.82575461336291        6.05092448810185      H
        7.49780853749158        0.81430915531314       13.38595448026574      H
        2.97194824231318       -5.75048695115093       12.45405531829546      H
       -5.37176543480158       -5.34037902923828        9.45440782902710      H
       -9.59161935931911        0.80599217127855       11.54154110555776      H
        3.62145572234567       12.42138390524641        7.47084583461473      O
       -0.39583550526847       12.82641294815710        6.18293541558794      O
        0.23495205031404       15.21091461909174        5.45044576244645      C
        7.53608586976206       -4.03822827456385       14.27809542847340      C
        9.64618338014082       -3.23525003902818       14.71658938907090      O
        6.82488641656831       -6.57008876448751       14.49483705869914      O
        8.88739210295777       -8.13356058316780       14.89288526717740      C
      -10.12727348681292       -5.85869729112386       11.12376762145882      O
      -12.05363492539768       -2.33508160217573        9.16570035833886      O
      -14.20802357033112       -3.90004134059954        8.79234413390494      C
       -6.52612254655896        4.60567625755017       14.51124132312180      C
       -5.73986486236134        5.68459164888094        5.81308895206486      C
      -15.57275704689757       -2.69323398437761        7.87315929677069      H
      -14.76941407334776       -4.78623510105312       10.53901593269956      H
      -13.69296511677465       -5.51683559458917        7.48852468394113      H
        8.24867009361603      -10.01597179040273       14.41287191619746      H
        9.62172163688261       -8.25826230383750       16.79677568703544      H
       10.05567910242034       -7.52078974780843       13.36554491468432      H
       -7.58140739163981        4.90917453885503        5.41956136312872      H
       -4.51017233167125        6.08394740819760        4.17342477525663      H
       -5.95472634334583        7.52655725292522        6.68857828088548      H
       -6.54719084541722        6.55204231908056       15.14918440144177      H
       -5.21294068193891        3.70983176065157       15.93550976491472      H
       -8.41508861565924        3.77559160321786       14.73913222071119      H
       -1.55117121898148       16.05723473698583        4.71400326884766      H
        1.98847153028652       15.24142139817415        4.23719390973138      H
        0.61970547256168       16.28619974387901        7.07974205639131      H
$end
