$coord
       -4.57404963390225        0.82874222763645       -0.92533217343220      C
       -2.78938890277100       -0.70330034334015        0.16847650098178      C
       -0.96618111707848        0.43932759233280        1.86671161028360      C
       -0.57993132700203        3.04358449554616        1.74376752207810      C
       -2.64384872027332        4.38368996873923        0.55718694813844      C
       -4.79389132877589        3.45226734897334       -0.42938006248212      C
        0.87817827207531       -0.79124316744457        3.44333854282804      C
        3.22197730366471        0.30345706874110        3.73627246378407      C
        3.37307017787959        2.97151172008413        3.64315562685773      C
        1.43486425655357        4.29811860426203        2.75607819994717      N
        0.68174246187041       -3.30168305766661        4.25971314243298      C
        2.93157196483987       -4.66256452014306        4.54571264729235      C
        5.21656284675291       -3.54001122729894        4.69865946021664      N
        5.24474509122986       -0.96144002853499        4.77082615626412      C
        7.38998648577085        0.35955731025473        5.64824664572152      C
        7.70443275309423        2.91723514016171        5.18487118216972      C
        5.58367827745704        4.28854915642647        4.43278065872458      C
       -1.68331908186354       -4.53399589924376        4.89771124767774      C
       -1.65898182665788       -7.26868199366574        5.09497792480658      C
        0.58601334436492       -8.61445114845132        5.32577827809004      C
        2.76051656205203       -7.17537923729712        5.23041793408854      C
       -3.80055643775559       -3.13060343997391        5.10941799111635      O
       -2.56046943393121       -3.27975495301029       -0.55271162250256      O
       -7.14829631795124        4.85884429077886       -1.31037794536427      C
        0.58606639535375      -11.19704352438419        6.38097842118709      C
       -2.91322830177354        6.37459049680517        0.84823122956215      H
       -6.07359618366333        0.00239568622070       -1.94995677697311      H
        5.60120117003061        6.37737542288527        3.99443093714446      H
        9.02745431353320       -0.61524005314750        6.21319880826522      H
        4.39316791208785       -8.29620232976262        5.69273287699095      H
       -3.49677041157626       -8.19131630225680        5.41159344504850      H
       -7.73496956789135        6.86234661899589       -0.38679936491244      O
       -8.49238250548735        3.64009797713066       -3.09136341053922      O
      -10.26669043326315        5.28460669098298       -4.18876377192299      C
       10.17824619644336        4.19419283072580        5.57677004435692      C
       11.78916464570984        3.33649931475120        6.87995529597780      O
       10.48477490808216        6.44176314912029        4.30313600188622      O
       12.96300528732181        7.42525120522526        4.76437707760209      C
        2.46659716152189      -12.46932193628509        6.55192794005705      O
       -1.91369342662270      -12.01210315880794        6.95710669012216      O
       -1.92237101287240      -14.67280711080587        6.89757504962871      C
       -5.98937238439437       -4.56984197059075        5.18590350666521      C
       -0.03991258478794       -3.84257626413352       -1.24339027754944      C
       -0.24977753102509      -15.37441314231203        7.78674109014373      H
       -1.89618556415281      -15.24518342493872        4.85927926086944      H
       -3.68849283555119      -15.30102775490174        7.74960942975940      H
       14.38593970646536        6.82217966292555        3.39099705190802      H
       13.53524781966559        7.00769190996692        6.71755309361605      H
       12.74852547701702        9.52006500295108        4.60444113158930      H
        1.36459270205490       -3.15869422217755        0.09958094560168      H
        0.23606875507709       -2.97628219019949       -3.07811136450376      H
       -0.01420712906011       -6.02530755411801       -1.41674779349678      H
       -7.37083155513672       -3.28066000794754        5.90652210591312      H
       -5.71790451457732       -5.79413967946515        6.83572526926056      H
       -6.46958514962061       -5.46817614103954        3.47593079189114      H
      -11.31390174394724        6.18298108166752       -2.55984421448244      H
      -11.41846537191760        4.26482495564269       -5.53887089260371      H
       -9.38427305576338        6.90982498474302       -5.20448958645011      H
       -4.18137441520236        8.03372301655548        6.49266776384100      C
       -5.24009045636943        5.68255405438055        6.93121909943774      C
       -3.59250506552359        3.74264786910846        7.92885943580407      C
       -0.97147870906970        4.08428181160764        8.26461970238955      C
       -0.10799068778782        6.49582949431749        7.66156264683817      C
       -1.59290186644114        8.44847369191724        6.78811538626385      C
       -4.41414528727928        1.44844488052944        9.22027368321799      C
       -2.60983715324277       -0.43029548338071        9.88257066078591      C
        0.03989748487035        0.13276963400668        9.84923496943354      C
        0.93380045614128        2.48222877931196        9.21794753212413      N
       -6.97027671531596        0.99670517529540       10.15298726591853      C
       -7.61691170373260       -1.63155748313757       10.67869827510956      C
       -5.81230909925967       -3.42212842632927       10.87364090901437      N
       -3.35476058570042       -2.91928252028901       10.63377100796509      C
       -1.52747769634837       -4.67486321636947       11.49592118325938      C
        0.99951177668201       -4.08294993300788       11.30957074593358      C
        1.83649901748874       -1.75390245709126       10.63785127443594      C
       -8.73392496802213        2.76456254947780       11.08037214714446      C
      -11.21029987634915        1.89640249904037       11.74226139020603      C
      -11.92995761903133       -0.57424821669638       11.63725129704159      C
      -10.11862766483392       -2.37383736017200       11.17901630356188      C
       -7.77591963760066        5.08261451759911       11.52167405577356      O
       -7.66333725275332        5.04059628351920        6.46707652118019      O
       -0.29561832417370       10.84200983554126        6.09687921793832      C
      -14.75887172588449       -1.06865827306558       11.72552140579586      C
        1.89662428696059        6.92095187186924        7.89134284403379      H
       -5.45388321294002        9.38168342211121        5.74134388644144      H
        3.78008985552346       -1.35548891805650       10.74268048923913      H
       -2.05590186118494       -6.53012518633547       12.17540753226484      H
      -10.59626494207710       -4.32427275698594       11.10156063203926      H
      -12.67935757196976        3.32283297651931       12.39009059132455      H
        2.06716365196744       10.91168377872957        6.16003094873042      O
       -1.84203301283911       12.87305194096363        5.33208562543711      O
       -0.48935219760058       15.16152949952514        5.23277316684388      C
        2.98621273734976       -6.02508537060602       11.53415288923389      C
        5.22650208267555       -5.51460110323290       11.85109998845778      O
        2.06828140993228       -8.49841073503645       11.34005223094819      O
        3.83960938238538      -10.43205003510270       11.20810954873081      C
      -15.53638264472693       -3.16632003299870       11.18301252537430      O
      -16.41389204971793        0.86498894087805       12.46637194759357      O
      -18.90783484129196        0.17732235000044       11.99990993222881      C
       -9.46255304855184        6.79820707917791       12.68655120885711      C
       -9.06778670607291        7.02716176225167        5.30608676849188      C
      -20.29990535326859        1.24264714358791       13.19018299871145      H
      -19.18908845643043       -1.82691977512662       12.30481982861949      H
      -19.29216855375758        0.46264751884485        9.98513688631547      H
        3.51283262120552      -12.09259243860915        9.87004118742895      H
        4.12181988736497      -10.94439271737262       13.23286523952495      H
        5.62414071069696       -9.51371849700184       10.70247280177884      H
      -10.70441978611174        6.26470122800453        4.37826972055242      H
       -8.11963666670056        7.88631933842414        3.70629797032600      H
       -9.54195734621379        8.36452734485420        6.68800620776198      H
       -8.71291304018015        8.65009349234542       12.26116103199122      H
       -9.50100750791479        6.36954392447028       14.73140846795991      H
      -11.19838845916763        6.72383851038525       12.00076925367953      H
        0.42357049592192       15.55478386371520        7.09550563518475      H
       -1.74902965213928       16.70705549553242        4.61333158694792      H
        1.00152371791481       15.01166638982713        3.85312409802630      H
$end
