 -1.0
 -0.13722394979732D+01  0.10403857755852D+02  0.73450361253273D+01 -0.10776315368339D-03  0.63970929103355D-04  0.40478704027979D-03
 -0.26650335639785D+01  0.87969157650095D+01  0.57964105518186D+01 -0.15076803271408D-03 -0.92734342030835D-04 -0.18651041750667D-03
 -0.20982654798291D+01  0.61728019678119D+01  0.57605107273230D+01  0.13366370764780D-03  0.49700838397613D-03  0.29340482158110D-03
  0.42992118847103D+00  0.55298326844792D+01  0.66536223481478D+01 -0.44685978629401D-03  0.26463246541318D-03 -0.24115125755896D-03
  0.19220632817834D+01  0.75013503050466D+01  0.77861733684460D+01 -0.26349169789979D-04 -0.60131311722794D-03  0.33012160904929D-03
  0.92307070261302D+00  0.10013985581122D+02  0.84396385250216D+01 -0.38165078381412D-03  0.15758098238374D-03  0.31174997062423D-03
 -0.33768905287049D+01  0.40409206011311D+01  0.46235032666346D+01  0.85067861432581D-03  0.14175246613838D-03 -0.32955159925644D-03
 -0.19568842029150D+01  0.18516847246795D+01  0.38227803982575D+01  0.11089821790639D-03 -0.14083994402842D-03  0.97158644550746D-04
  0.62540999008940D+00  0.18470362268651D+01  0.41526874403582D+01  0.11152343719964D-03 -0.13559523644497D-03  0.77043332320459D-04
  0.15103699697172D+01  0.32213753204919D+01  0.63392506589351D+01  0.34597270030596D-03  0.58517494447012D-03 -0.12103491164256D-03
 -0.59708184805646D+01  0.42628106311417D+01  0.40115797455613D+01 -0.26296077625235D-03 -0.23279835398138D-03 -0.16585705558930D-03
 -0.69241572705924D+01  0.26844415624047D+01  0.19873695037627D+01  0.33200011364794D-03 -0.30487229546576D-03  0.13896444445286D-03
 -0.52896171713770D+01  0.10017182204714D+01  0.68724217207426D+00  0.37324805560961D-03  0.10566277069538D-04 -0.14478282553198D-03
 -0.30407548092127D+01  0.21013060948189D+00  0.18192435817774D+01 -0.12324864685325D-03 -0.80910972567621D-03 -0.76813343915843D-04
 -0.16396465587590D+01 -0.15662001027219D+01  0.57870311892434D+00 -0.11981937079362D-03  0.15872812275331D-03 -0.33157693518615D-03
  0.91721369499227D+00 -0.18387303664168D+01  0.12977933901089D+01  0.26887016425116D-04 -0.34893594527524D-03  0.50561649080432D-04
  0.18335911506447D+01 -0.29342369217855D+00  0.31331912875914D+01 -0.85806985321633D-04 -0.31998309429971D-04  0.57050422624099D-04
 -0.80369140020240D+01  0.52855730324871D+01  0.54366533036797D+01  0.24225624195276D-03 -0.20665209514423D-03 -0.56252881576565D-03
 -0.10445582065771D+02  0.53628345676457D+01  0.48355239746193D+01  0.41053858257288D-03  0.17355208088082D-03  0.24701615877130D-03
 -0.11163787419910D+02  0.41792697400349D+01  0.25111343614372D+01  0.38317298235898D-03 -0.32789976606067D-03 -0.33475922294334D-03
 -0.93910438210337D+01  0.30885546587895D+01  0.89175943489998D+00  0.35557599040337D-03  0.99344914318372D-03  0.26942162886541D-03
 -0.71301767650436D+01  0.62211037717843D+01  0.79410055876329D+01 -0.65318669735042D-03 -0.21105464609582D-03  0.11411173822652D-03
 -0.45523935513204D+01  0.98186890404645D+01  0.41364035472459D+01 -0.33762573263874D-03 -0.18711711615113D-03 -0.41502124363899D-03
  0.23540589450335D+01  0.11794842189530D+02  0.98840003948092D+01 -0.93494874400155D-03 -0.60874087099089D-03  0.38658460350187D-03
 -0.13977796186005D+02  0.43370450256666D+01  0.17717766970767D+01 -0.28339843119848D-03  0.12291367255009D-03  0.46661578602265D-03
  0.38053815217959D+01  0.68775298485193D+01  0.85317186118154D+01  0.49608875792548D-03  0.11458380407680D-02 -0.20327947346856D-03
 -0.18969808064416D+01  0.12348719109869D+02  0.72775083705670D+01  0.53407724927842D-03 -0.63169205088130D-04 -0.94964820768526D-03
  0.36822015786090D+01 -0.37615337616610D+00  0.36107607219469D+01 -0.36108513679821D-03  0.61770461930559D-03  0.24869346599237D-03
 -0.24445678235331D+01 -0.23832127889475D+01 -0.10634003858458D+01  0.98596654105203D-03 -0.19471272223842D-03  0.90066760262711D-04
 -0.10008167362078D+02  0.19073336891922D+01 -0.72710509540606D+00  0.19317130524413D-03 -0.55021986967386D-03 -0.58665164617758D-04
 -0.11900576257207D+02  0.60661317153961D+01  0.59630304488793D+01  0.28181797354609D-03 -0.10684724387509D-02 -0.52959434262975D-03
  0.47393971794173D+01  0.11532757233399D+02  0.98440141420743D+01  0.19831592351019D-03 -0.13078546911924D-03 -0.34035950051353D-03
  0.13079833320222D+01  0.13685510181172D+02  0.11130804491421D+02  0.10469286094583D-03 -0.70753024487877D-04 -0.48905563079667D-05
  0.31040507312517D+01  0.15296600696684D+02  0.12044220885752D+02  0.45237292799839D-03 -0.24183154411571D-03 -0.61081722061627D-04
  0.25357478901515D+01 -0.36391872735803D+01  0.45997930685589D-01 -0.51087497098542D-03 -0.26387737290133D-03  0.61442329198783D-03
  0.17411998037254D+01 -0.51141458143023D+01 -0.14993348637990D+01 -0.16963071802247D-05 -0.12068854836072D-04  0.16371303122768D-03
  0.51306330081863D+01 -0.34503994626436D+01  0.42944021089647D+00 -0.16114393377709D-03 -0.35537410926610D-03  0.27847946716709D-03
  0.68407510867570D+01 -0.55817454370356D+01 -0.45233042444202D-01 -0.25027906463142D-03 -0.19040771336117D-03 -0.44402653425840D-03
 -0.15321397656973D+02  0.59523139033156D+01  0.28216521151938D+01  0.31650039908246D-03  0.10548672770092D-03  0.11040132848541D-04
 -0.14607586588971D+02  0.32077602414401D+01 -0.47315014333342D+00 -0.25254162700667D-05  0.13889919167895D-03  0.83850863964639D-05
 -0.16845921930690D+02  0.43911366635499D+01 -0.13914697956179D+01 -0.10374453414792D-03 -0.27943602443591D-03 -0.28380972826349D-03
 -0.89598385970303D+01  0.74093338550390D+01  0.93166622986210D+01  0.22753222713118D-03  0.44320063265949D-04 -0.14499298489115D-03
 -0.49059668894778D+01  0.12527255459773D+02  0.43505030881267D+01  0.41611815378994D-03  0.99462424765130D-04  0.11468332775016D-03
 -0.16315202608162D+02  0.57618113220587D+01 -0.29211352389565D+01  0.56345415281688D-03  0.49368883438485D-03 -0.13655726188468D-03
 -0.17765871763027D+02  0.54507786203349D+01  0.24704497061545D+00  0.83969116584544D-03  0.65153375744125D-03  0.53126861259647D-03
 -0.18249642484244D+02  0.31663944133533D+01 -0.20994425785681D+01  0.13874918019662D-03  0.44309667047611D-03  0.31170798053462D-03
  0.86062403188664D+01 -0.53468619321653D+01  0.11373940775134D+01 -0.40113966783304D-03  0.43859728413100D-03 -0.21605968128652D-04
  0.74558266436936D+01 -0.53482886059385D+01 -0.20857556535509D+01 -0.40539716677037D-03  0.22258147583499D-03  0.23172195357642D-03
  0.57245761270480D+01 -0.73897419010158D+01  0.16084432854856D+00  0.36301871615008D-03  0.74873881872406D-03 -0.12955792448297D-03
 -0.58725168794386D+01  0.12781734571497D+02  0.60620493017241D+01  0.36960151688107D-03  0.63388584194483D-03 -0.14539130644990D-03
 -0.57589223180388D+01  0.12959659463536D+02  0.25259604550466D+01  0.55741037163416D-03 -0.34674313295187D-03 -0.49347521172006D-03
 -0.31213640306489D+01  0.13439814808517D+02  0.43414955991782D+01 -0.59297918246994D-03 -0.43462346489209D-03 -0.54207653088515D-03
 -0.10681962531658D+02  0.73414376515752D+01  0.83462147855235D+01 -0.39971433869416D-03 -0.31873696780787D-03  0.34385385054219D-03
 -0.84239292581932D+01  0.93036769063687D+01  0.98587447341754D+01 -0.62610949697049D-04 -0.34177327652482D-03 -0.33879504893886D-03
 -0.93705051518049D+01  0.63374672204348D+01  0.11119092603568D+02  0.69213081118067D-03  0.45750231850664D-03 -0.70953460514930D-03
  0.24190004845243D+01  0.17198114531494D+02  0.12605738580420D+02  0.22824680103585D-03  0.23765933932133D-03 -0.33168285113679D-03
  0.42831298886608D+01  0.15817984073087D+02  0.10497931880601D+02  0.78037240905702D-04  0.66088593718800D-03 -0.43828051334590D-04
  0.41167470757426D+01  0.14562136651720D+02  0.13763825318119D+02  0.16884366570214D-03 -0.96590785322115D-03 -0.30889958037557D-03
 -0.57615684491177D+01 -0.55431403172088D+01  0.39408176937211D+01  0.22559324046012D-04  0.22630872716722D-03  0.35941578380573D-03
 -0.34714189253778D+01 -0.56581897130904D+01  0.52199078645709D+01  0.86637182135132D-04 -0.18446156642164D-03  0.21649551720556D-03
 -0.30387044609440D+01 -0.40130026076568D+01  0.74388728748458D+01  0.40545976870523D-03  0.22838285511523D-03 -0.58011826096218D-03
 -0.49560977314726D+01 -0.20581169856258D+01  0.78792097864987D+01 -0.82288964232862D-04 -0.44363553894042D-03  0.91872208240821D-04
 -0.71547922843929D+01 -0.20695083673071D+01  0.63750416457915D+01  0.65953400799518D-03  0.11408050608052D-03  0.38171523800349D-03
 -0.75946707739271D+01 -0.38264580795418D+01  0.43648125761593D+01 -0.10620993461745D-03 -0.94693687035679D-04 -0.53024080716759D-03
 -0.94948454024366D+00 -0.40557970953078D+01  0.90980997600296D+01  0.23259412173153D-03  0.16931348453745D-03 -0.48411762640396D-03
 -0.63024345268581D+00 -0.18223998601276D+01  0.10366492847043D+02 -0.15614829228950D-03  0.39545399662982D-03 -0.11270592948485D-04
 -0.24878338216607D+01  0.24942960764323D+00  0.10251564997206D+02  0.34310798198355D-03  0.45680243452342D-03 -0.14951739726173D-03
 -0.47247596801189D+01  0.64886626332411D-01  0.93040871259928D+01 -0.23899673209541D-03 -0.24504017990345D-03  0.11209357871223D-03
  0.12009653061064D+01 -0.59209888165857D+01  0.90218372231774D+01  0.26146334146939D-03  0.31559222888050D-03  0.20160034371132D-03
  0.35520237304767D+01 -0.48794056665142D+01  0.97138082186857D+01 -0.65029966991117D-04  0.17550416714451D-03 -0.18070179342956D-03
  0.38799708603720D+01 -0.26562266357623D+01  0.10976855275436D+02 -0.44786058751910D-03  0.24705854139088D-04  0.42755966335172D-04
  0.17934114912768D+01 -0.14235616621154D+01  0.11739172892000D+02 -0.13192736246932D-03 -0.17127756898666D-03 -0.67724623225068D-04
  0.20620088565953D+01  0.57530828789667D+00  0.13258034540453D+02 -0.27698734968627D-03  0.31294564779864D-04  0.34587911603798D-03
  0.26756813560994D+00  0.23845665242989D+01  0.13112299673566D+02 -0.62912420772231D-04 -0.19147544923034D-03  0.61707450819483D-04
 -0.18836167822840D+01  0.24055032127632D+01  0.11674816627839D+02 -0.30379817216984D-03 -0.47500859778950D-03  0.61783689888692D-03
  0.72963338554331D+00 -0.84482137837038D+01  0.82932866757037D+01 -0.26046098000603D-03  0.61085806286508D-03  0.13888701494100D-03
  0.28787616353740D+01 -0.99950951453410D+01  0.80161985170578D+01  0.30248538625549D-03 -0.33139328891245D-03  0.18625023105929D-03
  0.53691593840896D+01 -0.90144345483481D+01  0.86966738848022D+01 -0.18477923716402D-03 -0.27234866536821D-03 -0.96088689323490D-04
  0.55478972226787D+01 -0.66484927445567D+01  0.96630489865601D+01  0.24305589350196D-03  0.20872488115606D-03 -0.10274371889787D-03
 -0.16722420355841D+01 -0.94805060036489D+01  0.77415379196664D+01  0.57168999767744D-04 -0.10130872981478D-03  0.13731671337514D-03
 -0.13954531356967D+01 -0.65382362065968D+01  0.37825513834037D+01 -0.32326211081258D-03 -0.15128530848081D-04  0.37522348046397D-03
 -0.10060128181831D+02 -0.35140682240530D+01  0.30386309751067D+01  0.37166437022171D-04 -0.35899306729096D-03  0.14869335939432D-03
  0.76178961716102D+01 -0.10381758266387D+02  0.84163328176245D+01  0.95013776911211D-04  0.39559348363568D-03 -0.29760505541197D-04
 -0.86719514747723D+01 -0.75677248556443D+00  0.67165167087535D+01  0.58706234791972D-03 -0.37017515617157D-03  0.51818215136660D-03
 -0.61967429599095D+01 -0.67620001201994D+01  0.23976850681801D+01 -0.19979805109757D-03 -0.40954051738444D-03 -0.86725406562339D-03
 -0.28686894514930D+01  0.42981897028986D+01  0.11121815964083D+02 -0.51214760215053D-03  0.44017290224621D-03 -0.18649296955161D-03
  0.37052477575607D+01  0.96173211387707D+00  0.14143286489546D+02  0.15150374529744D-03  0.54972073811855D-03 -0.31512770742912D-03
  0.72608866414772D+01 -0.59739149154769D+01  0.10154184352720D+02  0.10756563069635D-03  0.44538086339697D-03 -0.10338063907349D-02
  0.25920635378242D+01 -0.12088755266088D+02  0.78470702853798D+01  0.10539793761957D-03  0.10285486551163D-03 -0.78327158801809D-03
 -0.10601402555564D+02 -0.48545984087033D+01  0.12995008163148D+01 -0.36955068296699D-03  0.15257883538788D-03  0.25034399370143D-03
 -0.11602301769287D+02 -0.18507326526620D+01  0.39950485927163D+01  0.43336786191215D-04 -0.26206158419004D-03 -0.22416246519051D-03
 -0.13551931550411D+02 -0.16283643255366D+01  0.22127678206075D+01 -0.19289902019291D-03 -0.42831682375124D-03  0.40932495011877D-03
  0.59577351263575D+00  0.48760245566921D+01  0.14753162522100D+02  0.33345031846447D-03  0.34502327522793D-03  0.28792506980619D-03
  0.23520070163039D+01  0.52320020501674D+01  0.16008093095293D+02 -0.33124820392398D-03 -0.14587485851407D-04  0.51717409410295D-03
 -0.10863129969591D+01  0.66212015773474D+01  0.14680243588814D+02  0.26648947094051D-03 -0.92378210371033D-05  0.32980660852930D-03
 -0.39855127292922D+00  0.89391770619639D+01  0.15512429355068D+02 -0.27944036224462D-03 -0.69579290645582D-04 -0.22385598974911D-03
  0.93557445824069D+01 -0.91843220059710D+01  0.74825068943624D+01 -0.58308500019154D-03  0.15830701862426D-03 -0.34950347442037D-03
  0.76474982911692D+01 -0.13067932233255D+02  0.86412133239651D+01 -0.74965204426811D-04  0.29204482752161D-03 -0.25922680005386D-04
  0.98972917655223D+01 -0.14300946446158D+02  0.81588810602583D+01  0.67622297534759D-04 -0.20681043119786D-03 -0.37703869486070D-03
 -0.22683405353861D+01 -0.11953749978265D+02  0.84949598479383D+01  0.15636952465726D-03  0.35205762694878D-03 -0.75764701934313D-04
 -0.21216521193489D+01 -0.83181266038664D+01  0.19281277886074D+01  0.30760539868954D-04  0.18547585091941D-03  0.18210055061211D-03
  0.11433945645221D+02 -0.13140375273967D+02  0.72552649545118D+01  0.37495983228955D-03 -0.44735813911003D-04  0.26416805540667D-03
  0.94120262646150D+01 -0.15913486514008D+02  0.69632997970618D+01 -0.42388966320797D-03 -0.61560978986549D-03 -0.66806248574132D-03
  0.10629710547423D+02 -0.14986416151012D+02  0.10124734230543D+02  0.97435204182291D-03 -0.51361292916458D-03 -0.41984635711388D-03
 -0.19814383338258D+01  0.10264782703490D+02  0.15273376343042D+02 -0.67520531631692D-03  0.58981691805347D-04 -0.40298464769825D-04
  0.11564281385983D+01  0.97230428435399D+01  0.14438541193023D+02 -0.91059864679154D-04 -0.88044547322382D-04 -0.22500542424819D-04
  0.12120854033716D+00  0.87613591987308D+01  0.17552715824678D+02 -0.77394729027060D-04  0.15874606568250D-03  0.88590077711033D-03
 -0.30887841258541D+01 -0.10032957308082D+02  0.29822384452461D+01  0.10147099187641D-03 -0.21013284504615D-04  0.25089752914065D-03
 -0.47554658956449D+00 -0.91228408457052D+01  0.93658092358503D+00  0.83613171472348D-05  0.11856613885519D-02 -0.24416417479723D-03
 -0.33265548225702D+01 -0.76470552333866D+01  0.32947211766559D+00  0.52724998800815D-04  0.21746284736545D-03 -0.16205530153384D-03
 -0.82199458853060D+00 -0.12244887609982D+02  0.98671338378130D+01 -0.24382267292364D-03  0.30808228951929D-03 -0.22379930026016D-03
 -0.24615234849724D+01 -0.13228443807387D+02  0.68587014010613D+01  0.19566942848310D-03  0.76710165456371D-03  0.48563404249527D-03
 -0.40193149984559D+01 -0.11715346005294D+02  0.96586513028996D+01 -0.29563064914451D-03  0.84699341830889D-04  0.26346210269495D-03
 -0.12651447122260D+02 -0.16466170291080D+01  0.45981388563976D+00 -0.59417610384608D-03  0.76661341427255D-03 -0.48897377113654D-03
 -0.14499954959282D+02  0.83327451813029D-01  0.22637309443679D+01 -0.39882138579930D-03 -0.79540734527490D-03 -0.78275140102171D-03
 -0.14778476179958D+02 -0.33266195861539D+01  0.25340779344690D+01 -0.44225702872903D-03 -0.56608273534068D-03 -0.41566883206456D-03
