$coord
       -1.17031071668953        7.97231963630271        7.34138027587697      C
       -2.58851445971576        7.16561478414082        5.17224628169076      C
       -1.93408604846062        4.75308775127396        4.33423434628554      C
        0.55609767805681        3.68825745685799        4.98038605897053      C
        1.71474738620268        4.65801485383165        7.14707160099209      C
        0.62417806277443        6.41806672152987        8.68637218395521      C
       -3.27759459790474        3.39425961280909        2.27751537115408      C
       -1.83587378385043        1.50788990562480        1.30351757664092      C
        0.89617005273362        1.17938845762391        1.76399011424506      C
        2.06274851600642        1.90716962821185        3.84808725267516      N
       -5.82801854112541        3.30298452530500        1.97149688224692      C
       -6.73320939911648        1.85920367525426       -0.22562497128546      C
       -5.23950371280716        0.53449658931843       -1.72794632433244      N
       -2.75996246487024        0.47999286490557       -0.88648379967516      C
       -1.27068102388617       -1.34406009094576       -2.40407587153075      C
        1.18482405924154       -1.86535000305699       -1.67010202496054      C
        2.13352345971072       -0.70063901369523        0.35508176346284      C
       -8.03350979869875        4.36906727745362        3.41825430848733      C
      -10.36748242955833        4.22084066434836        2.44854144944980      C
      -11.16783910946546        3.08682015516806        0.17852258726432      C
       -9.28254247888743        1.76069314852048       -1.10859587732752      C
       -7.46504757328386        5.40722007917022        5.80647151149181      O
       -4.28036670413768        8.87488062183273        3.90337285047814      O
        2.18114994055221        7.04944052568395       11.21506598238027      C
      -13.70446763460217        3.52187179226569       -0.95537172736050      C
        2.87780133145289        3.33236577468530        8.14431296186526      H
       -1.55329344871831        9.70250901033920        8.42160697045020      H
        3.98906093065946       -1.13412276420650        0.86213987102331      H
       -2.25135758050131       -2.38276290887899       -3.69940371366404      H
       -9.66182261676817        0.37078777938476       -2.62132335542504      H
      -11.77535947920536        5.44282811970770        3.30583148652130      H
        3.58370188277336        5.49875646684231       11.96063167950352      O
        1.79330370348888        9.35247001890639       12.37735241285829      O
        3.77333888394262        9.35677446128844       14.28740141332126      C
        2.70243412003094       -3.65184438520572       -3.01068507559834      C
        1.71325732131646       -5.41424260463987       -4.20390830135566      O
        5.03291626795341       -3.02689111054985       -3.48989244571383      O
        5.96800500601762       -4.61318527190527       -5.49701500469679      C
      -14.36197395311747        2.87459889395539       -2.98989335688104      O
      -15.58010841004186        4.53184182321636        0.76903444284623      O
      -17.58721758252005        5.36017839407501       -0.60046232948065      C
       -8.80196128482561        4.26180420910965        7.85152919823000      C
       -4.39358062750473       11.13264536668009        5.41828084788757      C
      -16.69482451541305        6.38423472578584       -2.33904804077725      H
      -18.05104850742224        7.09030158895225        0.63915173775062      H
      -19.00109410856616        3.95827212154144       -0.86878605057741      H
        4.67935477558416       -6.26646196469954       -5.79195014001722      H
        7.96921005708603       -5.12730077613525       -4.90561840466940      H
        6.02205951670350       -3.24145716392277       -6.98595399683919      H
       -5.17921128803887       10.73119688861676        7.27683846701792      H
       -5.65416198913778       12.51263509715399        4.47922033876518      H
       -2.36507113488372       12.02636623159704        5.67900774483233      H
       -7.48670472161917        3.39587011916939        9.01316229478852      H
      -10.53855341070871        3.25192335747378        7.21616469127341      H
       -9.39266531934193        6.01431696581953        8.99098538242326      H
        5.48542712315377        8.67337482009948       13.37017601399130      H
        3.06009935336972        8.72085876545055       16.18508535881253      H
        4.16221042225876       11.59913210401218       14.47866479095442      H
       -5.65525705067769       -4.14326560790208        5.31963715871494      C
       -3.24005296303750       -3.88132033906364        6.37270789656125      C
       -3.22995868576233       -2.66636551279537        8.81601688987220      C
       -5.49893534744763       -1.78073843953048        9.76486657198243      C
       -7.79510445906347       -2.39795234983618        8.74315922453996      C
       -7.93199759146063       -3.38513386810202        6.32506574953810      C
       -1.07944166265974       -2.45857313398768       10.46390939158946      C
       -1.22952697786487       -0.80040420013844       12.63602139468036      C
       -3.40264483566712        0.49366158384206       12.91881030305923      C
       -5.61351928616952       -0.20607111222872       11.85841219639287      N
        1.23331754920400       -3.77589407012612       10.03702106932503      C
        3.53005491394374       -2.61478280985963       11.27149562742797      C
        3.41360197366701       -0.95961241964765       13.13445325521607      N
        1.08357667889748        0.09081385226785       13.47386400810037      C
        1.16406538681854        2.35079507184224       14.82618162638359      C
       -1.15633169871254        3.37849165746564       15.43115534257790      C
       -3.32131987095648        2.52102796275451       14.45109486211733      C
        1.83034485255389       -6.02494739603852        8.39841099302667      C
        4.20265755316364       -6.60310501514971        7.52222729830891      C
        6.32600600489913       -5.14280156764206        8.45256565445707      C
        5.97421988017223       -3.28470835518459       10.43262083536236      C
       -0.19489488438917       -7.70696659492988        8.33984134697637      O
       -1.17068342685412       -4.36143066373855        4.74676521264479      O
      -10.31526873148144       -3.77229813456486        5.00068784671557      C
        8.79460502831830       -6.30630908337230        7.79619254425947      C
       -9.63749287026391       -1.91321003196671        9.47946521501032      H
       -5.94433027199363       -5.26314439125465        3.52363274918210      H
       -4.85553108479179        3.72870464885913       14.64843318579155      H
        2.84457763632709        2.92107765803003       15.76489366515609      H
        7.91628352966941       -2.16425216741258       11.00099536043777      H
        4.65528500746731       -7.80598543125864        5.99931173593749      H
      -11.92040812266694       -2.20437637405039        4.83473427453666      O
      -10.57837514122399       -6.03844271718461        3.64603044374768      O
      -12.65175169103195       -5.82178392281721        2.08770759881738      C
       -1.04691525797403        5.61988983114603       17.29711813394117      C
        0.62419222769611        5.45824123540701       18.85377526301848      O
       -2.96171290431243        7.27159172229883       17.23673471768322      O
       -2.85757800949881        9.13276451117103       19.28544986167971      C
       10.01341836201467       -5.26004640070878        6.08890744317941      O
        9.66646740190845       -8.16718841405401        9.31639633601073      O
       11.85625946273642       -9.48032528955830        8.52762808457802      C
       -1.19524088774403       -8.65722415215256       10.77863285757540      C
       -1.65169933075752       -6.17708853662063        3.02950947284524      C
       11.59991702377933      -10.10588978294805        6.54183024944446      H
       11.92425728149083      -11.17557241710898        9.85312515257027      H
       13.47264983239806       -8.34364258538508        8.84381935061224      H
       -2.92266002235806        7.98490151641975       21.04295519180216      H
       -4.37554880142568       10.44522562737166       19.00209566846754      H
       -0.96886675212513       10.11961607794691       19.21227184789264      H
       -0.04543641610232       -7.02656511139960        2.16826337241821      H
       -2.79782001479072       -5.25208962967596        1.63471131018385      H
       -2.51583739681003       -7.71592717766441        4.08949942002017      H
        0.42855636942824       -8.88015134683285       11.99823487333940      H
       -1.86714569167144      -10.54809979522213       10.48199426568058      H
       -2.28124608957880       -7.21290813275253       11.70743846944900      H
      -12.52451862375267       -3.76283689584476        1.29784282193493      H
      -14.27852701784677       -5.94070826231429        3.50324712849803      H
      -13.02073490011399       -7.50062491469837        0.88039882144183      H
$end
