$coord
        0.97436545187079        8.32083525115125        6.99583275442652      C
       -0.38934576340959        7.39638983015854        4.99831599761929      C
        0.00643720862885        4.78962125078744        4.36797987863652      C
        2.23765510649220        3.57580950033640        5.33179866077486      C
        3.73177482247508        4.82406067218020        7.21587194397004      C
        2.98683824393389        7.06135350617085        8.11100771573733      C
       -1.46491180776043        3.41725982248216        2.70708967866125      C
       -0.43928423684617        1.41184493749255        1.55719724300413      C
        2.13584314990466        0.43597197292173        2.21111027798411      C
        3.26891122880509        1.43923542323266        4.17998104905268      N
       -4.23419431107631        3.40095968812928        2.92193852766834      C
       -5.41108585086181        2.09731917530813        0.84005141880264      C
       -4.25098950793254        0.11891854063535       -0.42839732679095      N
       -1.79490222912772        0.07304534407600       -0.26318570990159      C
       -0.53804764274964       -2.05551879165564       -1.46497022762861      C
        1.87719641168460       -2.94684776281953       -0.78464290428627      C
        3.11573456366321       -1.67043484549384        1.15690458493770      C
       -5.73526699197081        4.67001732274795        4.81881775424565      C
       -8.32105731565458        5.20819189217467        4.18447457109473      C
       -9.46766520819968        4.03301211344756        2.18282652941390      C
       -8.02865340306336        2.66486744983423        0.38826212544567      C
       -4.51928186381987        5.00776529771370        6.97718144275793      O
       -1.94172646109393        9.01456742312112        3.43729611011309      O
        4.45718491982631        8.31281033281725       10.33965207701648      C
      -12.33092254621813        3.99917865114920        2.14744626495498      C
        5.24310144657046        3.67527216717435        7.96584494921309      H
        0.44012894322754       10.22927280841768        7.70551922306335      H
        5.13971838844542       -2.29424999337092        1.92204391310221      H
       -1.45914513527025       -2.81514757233472       -3.28552307137400      H
       -8.71103752799841        1.36520465102695       -1.06327597608962      H
       -9.44416082722446        6.46719818774007        5.20220952327729      H
        6.35529603851093        7.28653897582328       10.86918664169826      O
        3.30534738746144       10.50025323747195       11.40398194066806      O
        4.53806741223074       10.65455837073305       13.89960127626571      C
        2.85236004920269       -5.51958737390759       -1.28402785656967      C
        1.43870047256422       -7.40217511051732       -1.20253300885555      O
        5.37946655234659       -5.42903567533644       -2.20816670468419      O
        6.95948543839029       -7.70324363251871       -2.21172940895350      C
      -13.56757860277316        2.68765129340526        0.73339542156443      O
      -13.47504888193560        5.44900476777257        3.97093993005771      O
      -16.09119108704501        5.20352217839172        3.66120939472177      C
       -5.89060071190942        6.10608056634877        9.05338338810475      C
       -2.55030886887970       11.50892925266652        4.32813305473930      C
      -16.46708868343929        4.41489244077722        1.82696387809702      H
      -17.00918489641953        7.04123987560564        4.20108087897626      H
      -16.84471973048306        3.92076746479484        5.22671197300949      H
        8.86498402965804       -7.38601999841907       -2.27071974248656      H
        6.99281054342451       -8.52047173409818       -4.09106300876832      H
        6.35086619164677       -9.23567882516191       -0.87478914625315      H
       -3.23265622115360       10.97292867022880        6.29675756919757      H
       -4.27559098543116       12.08064874954250        3.17410992691248      H
       -1.20169395119878       13.00079601444960        4.32020862582911      H
       -4.37631322009501        7.16485355461982       10.21352748724633      H
       -6.76734028379361        4.41093062478885        9.67398209692360      H
       -7.38965744019825        7.64030477226010        8.64358606904820      H
        6.71419622687895       11.01364597154952       13.80780321535215      H
        3.91235501498513        9.33450483723272       15.38392764162354      H
        3.45673092403442       12.34394087724762       14.84020367266938      H
       -6.50045972715866       -5.04631046042777        4.29754414603198      C
       -4.28153021244618       -4.47761680971711        5.70305988865251      C
       -4.63322052884909       -3.15893966163095        7.93078867764380      C
       -7.09130831892352       -2.52902227623784        8.89858345337282      C
       -9.13007776073334       -3.35708276885366        7.37665982500394      C
       -8.90748618187501       -4.46098310918148        5.28831186312116      C
       -2.56893242637689       -2.72530047890475        9.54558030930112      C
       -2.92689542781998       -0.68257583842671       11.07066591681087      C
       -5.37236582143319        0.05961670463963       11.92830966143614      C
       -7.45459078988117       -1.12781222344548       10.89226205708992      N
        0.04201580957759       -3.52346518484583        9.05947581926477      C
        2.03901882202728       -1.76089831197792        9.75318232796390      C
        1.58108358586262        0.16291730501391       11.26532817742454      N
       -0.78353593131565        0.49559238512105       12.29157235168799      C
       -1.30244510746731        2.57889798664541       13.95194630908906      C
       -3.67229706829544        2.92431669269816       14.87723061005022      C
       -5.76713563312936        1.82527362644017       13.84381737523912      C
        1.19812330710593       -6.03446449705760        8.11114851322698      C
        3.52085627054162       -6.02343757840980        6.81357535806934      C
        5.05499614436359       -3.93608618641511        7.05459762181023      C
        4.38249120228974       -1.97145388242221        8.60447475307838      C
        0.03725257966762       -8.38833062511765        7.97133946891890      O
       -1.83272773536596       -4.82948655677935        4.47221437337579      O
      -11.13338744308478       -4.65682254638069        3.45979190718836      C
        7.48818870125465       -4.21144898857884        5.71705548208690      C
      -10.92701259336994       -2.65398751534749        8.02532613295823      H
       -6.35438984509020       -5.99222207864234        2.59081603868997      H
       -7.65658685160221        2.44556610252682       14.37332413964052      H
        0.31442578006913        3.53377247710719       14.78305356644990      H
        5.72016413261009       -0.59944274780202        9.05076805890277      H
        4.26959589391597       -7.91986178237336        6.13579360974152      H
      -10.85988001926111       -4.97890531642331        1.15754239605463      O
      -13.36112319539120       -4.36010693176042        4.59541308299017      O
      -15.04014939912221       -3.16836724273800        2.73967092046301      C
       -3.77483507429605        4.68552976830488       16.98118624268674      C
       -2.21401980844040        5.90540081995929       18.18584468363960      O
       -6.18231645757981        4.45809350595704       17.94916749883759      O
       -6.66480165754109        6.25315758606623       19.92120997581641      C
        8.84881488673208       -2.30912512323816        5.17002907787147      O
        8.36417823668610       -6.67578174293640        5.20660064726848      O
       10.94821360427419       -6.77040939476240        4.62853076290168      C
       -2.21723532319979       -9.11363843354450        9.47559273695717      C
       -1.82340012005358       -6.88523097661716        2.73656760917491      C
       11.30612863691584       -5.33705482268710        3.21022478699820      H
       11.73415114729522       -8.73857934438077        4.26505119614639      H
       11.95273351880284       -6.01585703403366        6.26973301746644      H
       -5.00531825475256        7.12854620617643       20.46429177477619      H
       -7.30075264690047        5.16595627265514       21.57266242373138      H
       -8.00440059966972        7.78292549394026       19.34106240456050      H
       -0.08447127175054       -8.07290998730782        3.01393823576843      H
       -1.88702173330221       -6.38593616079103        0.71384481573974      H
       -3.33059520188009       -8.08170918400453        3.33240154436471      H
       -4.07889904865624       -8.56265178192244        8.66134786432606      H
       -2.24879453664675       -8.53683213573164       11.40166834204803      H
       -2.54256828214988      -11.20668540202556        9.54483010700398      H
      -16.60668096215500       -2.04601018977750        3.62880590700962      H
      -15.98549318760040       -4.82172639058305        1.90305493283835      H
      -13.64641390727585       -1.85123624373049        2.02235338547243      H
$end
