$coord
       -3.63780341997023       12.75843073344755        7.39563493864555      C
       -4.61070405795483       10.84307114259463        5.97070927766077      C
       -3.09199668296792        8.59894730911823        5.33993866829009      C
       -0.40267930369434        8.94241221017231        5.66541439869626      C
        0.60336992609288       11.14096956483792        6.79191601194582      C
       -0.84802166925969       12.95778921946752        7.75282043148696      C
       -4.03343831755637        6.19831373994901        4.74454536506935      C
       -2.28670828075253        4.35689640837551        3.66693929826975      C
        0.28924113279715        4.88311931072720        3.88756213767988      C
        1.11156843699639        7.17498022652964        4.96511248838988      N
       -6.50612409438826        5.39283208376014        4.68566491569891      C
       -7.19123498615003        3.47179178623998        3.06764602907011      C
       -5.52040406967551        2.08064869950879        1.91920616247586      N
       -3.05416717064359        2.24178748188242        2.24479335608439      C
       -1.17886254067220        0.35159715017607        1.36110394196709      C
        1.36448705704945        0.70697567620550        1.87803237382833      C
        2.13527613437565        3.04737476255435        3.08710401820798      C
       -8.32685142150926        6.63404385814738        6.34219891594403      C
      -10.84345320047141        6.02385570919001        5.81880188779093      C
      -11.70313577659354        4.14666732532139        3.99427818083354      C
       -9.69495967475867        2.87968504653776        2.56407951113256      C
       -7.74417165681719        8.13792816234602        8.34043384357117      O
       -6.89198088371210       10.82945404368219        4.80230653471254      O
       -0.00974274406724       15.24255630543778        9.07782914065029      C
      -14.36271921938757        3.58838720613452        3.65001777305802      C
        2.60212664967158       11.22325085860800        7.07911737544391      H
       -4.98119311927138       13.92967668158195        8.44137346660982      H
        4.22208246756638        3.45995679797514        3.49495556115751      H
       -1.79430457008122       -1.41299643916773        0.42675652336344      H
      -10.17492826166196        1.62934949443979        1.07976380789496      H
      -12.11878723463355        6.95256997997655        7.17034443295240      H
        1.84433816662920       15.14358534827933       10.59066869405743      O
       -1.55532855925983       17.32165189909642        9.39119589801697      O
       -0.67964678765878       19.19360890039340       11.12783264193756      C
        3.47459759107086       -1.12561604395630        1.07401878025986      C
        2.75499544149597       -3.09765742500835        0.00114764945029      O
        5.82457427587823       -0.81531909310591        2.24555718474958      O
        7.38195424247914       -2.70712773962868        1.78423384732279      C
      -15.01978836469264        1.39144623366551        3.69081506623520      O
      -15.90497075570875        5.66580040356817        2.70959626713927      O
      -17.84984653506853        4.53136070117291        1.33698058882819      C
       -6.32946280693979        6.62449009408869       10.37411465717042      C
       -8.78097447939935       12.37386386307026        5.88663596918783      C
      -17.96638633624463        2.50829148991280        1.83930291253195      H
      -17.93994302834014        4.80094332838189       -0.64775616024273      H
      -19.59831326030942        5.31894347580744        1.95474069229775      H
        6.21954295814387       -4.41143837863526        1.18604187133550      H
        8.52727048664879       -2.90924719304218        3.46910393585973      H
        8.60206954340079       -1.87820240903968        0.16045330964205      H
       -9.12792636456180       12.00635148210881        7.95948815872561      H
      -10.39452156095543       12.32797197205002        4.77739450155677      H
       -8.06979872124012       14.31094881765804        5.91193460715193      H
       -4.72206833330667        5.71762120567111        9.58291064278038      H
       -7.64663766680598        5.35078360268489       11.26560906732806      H
       -5.76289974171583        7.70421244048710       11.90241042501277      H
        0.28705282907312       18.35258593427219       12.71953477403903      H
       -2.37792579969581       20.33186524153817       11.64349405107185      H
        0.40840962645757       20.52552070850264        9.91124053319825      H
       -4.84513714674679       -6.92054692927429        2.70293090773735      C
       -2.48708719460510       -6.90428560562320        3.91321308454819      C
       -2.09980968214298       -5.15340928573462        6.08477494886334      C
       -3.47228750851031       -2.81541049264258        5.96482922502615      C
       -5.86299246063094       -2.95571829107159        4.69776316123758      C
       -6.35516751124563       -4.72293317210622        2.80372846576625      C
        0.01787856608015       -5.53411540082808        7.82021275222528      C
        0.91421382159923       -3.36558237830691        8.91100624211629      C
       -0.64071742400983       -0.99762342029157        8.97024236649423      C
       -2.73839137746838       -0.81153681008648        7.38315470542686      N
        1.19715071505250       -7.67589114810699        8.83775807280021      C
        3.55223624774201       -7.50092573239341       10.07563425060984      C
        4.73156671988029       -5.29462559240165       10.13071023861755      N
        3.44893124649016       -3.16787876262677        9.78283703219484      C
        4.70225172517458       -0.99125047598415       10.61312309689431      C
        3.24058525136840        1.28267416269301       10.75750088395303      C
        0.66435428152873        1.20223905181094       10.11285053174640      C
        0.11686566688315      -10.07907501256899        8.43257672865587      C
        1.53409192921629      -12.26127408919175        9.01066871213295      C
        4.02619201704290      -11.98991234862638       10.23056016472923      C
        4.98226795070168       -9.66070609792543       10.72094020087992      C
       -2.26103943589084      -10.36443866740705        7.48821658477489      O
       -0.59541151475355       -8.74587408133687        3.41427580796100      O
       -8.74200885261751       -4.46463768513171        1.05332196024381      C
        4.90116197275348      -14.44295276698015       11.45038487162823      C
       -7.53086151057990       -1.66333039430791        5.37498463137770      H
       -5.47593466718166       -8.16856520133402        1.21723957347096      H
       -0.24081092658154        2.82847982617863       10.16617909654386      H
        6.83996214876997       -1.12868922942750       10.70820510777654      H
        6.84012850029838       -9.26340784392964       11.38025854921486      H
        0.85091310715444      -14.12991633295202        8.41070862645305      H
       -9.25869314095355       -6.32017338679367       -0.23225178808623      O
      -10.20713167125790       -2.35778205330681        1.25152559672397      O
      -12.56304482305369       -3.01378665633494        0.10853241346882      C
        4.37652716486950        3.38194249620578       11.99968982011554      C
        5.17139583001799        3.13392270747567       14.16578481497185      O
        4.76064479389156        5.65746518846369       10.82205159373899      O
        6.19940269241469        7.17670900721014       12.56408369503288      C
        6.59715353489591      -14.19543367956373       13.08175018744926      O
        3.98840536429620      -16.57372697761685       10.43974942573701      O
        4.81159497666251      -18.79567821766463       11.71271954150549      C
       -4.16686384624838      -10.42732251466560        9.11638673397221      C
        0.07121763175668       -9.21300778235940        0.95269643002618      C
        5.59832805559564      -19.92508034541858       10.24323771472202      H
        3.10369014907202      -19.59574271974487       12.77829118908554      H
        6.24473259300269      -18.15091902826671       12.89968514274142      H
        8.07414362699445        6.42140656509738       12.62561928264135      H
        5.62028768769289        6.86862345398318       14.59824787760910      H
        6.25049303945876        9.24654895554647       12.32927470502237      H
        1.89653555469191      -10.13100125797622        0.75822381568580      H
        0.16997651070663       -7.43816856955587       -0.07813838719221      H
       -1.20441384811856      -10.35907221591811       -0.09824045468529      H
       -3.84088819394654      -11.29114485596897       10.98171696621851      H
       -5.50952010691118      -11.79024241684759        8.41095872724011      H
       -5.07210573021710       -8.55099796628476        9.23161975262602      H
      -13.64826975352699       -3.95112285448157        1.73832626858901      H
      -12.07735286834425       -4.03518583888785       -1.62555901389742      H
      -13.21535821486189       -1.08761972783834       -0.52297937305085      H
$end
