 -1.0
 -0.44155869835917D+01  0.79047444723611D+00 -0.18434091557047D+01  0.44911963691258D-04  0.59713602253559D-04  0.26072590960203D-03
 -0.27734968413136D+01 -0.65713136589389D+00 -0.56567252407416D+00 -0.30996299718013D-03  0.15127465354634D-03 -0.57194832585255D-04
 -0.87214461703279D+00  0.62528317780030D+00  0.93245287174173D+00  0.45934884581578D-03 -0.90177177631251D-04  0.21922487467325D-03
 -0.41003647482061D+00  0.33218830359281D+01  0.59254247336126D+00 -0.27118609946170D-03 -0.42900672975541D-04 -0.13638950277521D-03
 -0.20799495806870D+01  0.46717451032692D+01 -0.10743067966092D+01  0.93908471014509D-04  0.23760709978156D-03  0.15025180957822D-03
 -0.39703374243011D+01  0.34570434565039D+01 -0.23448418617694D+01  0.12482026705436D-03  0.19443313357479D-03  0.20260188379297D-03
  0.34278897789939D+00 -0.60347631459373D+00  0.29879410203273D+01  0.27725587830395D-04  0.79030539802118D-04 -0.21505687783503D-04
  0.23622685117540D+01  0.70369242264493D+00  0.39114135438847D+01 -0.79241411033243D-04 -0.54393337414062D-03 -0.37258984327302D-04
  0.30225369711196D+01  0.31564163258414D+01  0.31227028502260D+01 -0.13942379381416D-03 -0.36782810321605D-03  0.26929037827520D-03
  0.13251139448480D+01  0.47307825721487D+01  0.19200204861772D+01 -0.41274725891247D-03  0.18210575251443D-03 -0.36429050171847D-03
 -0.36806581380617D+00 -0.28515179453617D+01  0.43454143628984D+01  0.41893430582964D-03  0.36288697446349D-04  0.50396519218035D-03
  0.15484292561067D+01 -0.41057503646370D+01  0.55833762991391D+01  0.15419753296980D-05  0.17384113798469D-03 -0.31852892721931D-03
  0.37508297095615D+01 -0.29906525000598D+01  0.59704342123010D+01 -0.68516310552790D-04 -0.21076254980286D-03  0.31006841468531D-03
  0.40394696997793D+01 -0.57256848175959D+00  0.54324447143938D+01  0.37601292454887D-04 -0.18575902159861D-03 -0.20961857083286D-03
  0.64799431255354D+01  0.43428319601150D+00  0.59913130263823D+01 -0.20531251000947D-04 -0.79303081723125D-04  0.50778270757754D-04
  0.70431108924301D+01  0.28902183622799D+01  0.52770903903727D+01  0.13162238313115D-03  0.69755107506614D-04  0.43818055940686D-03
  0.53114859483852D+01  0.41834599997425D+01  0.38222427799019D+01 -0.24617410400805D-03  0.59210129090336D-03 -0.22141982007781D-03
 -0.29544140834735D+01 -0.37263759597267D+01  0.45978113341845D+01  0.91051225636109D-04  0.19135234287424D-03  0.40746956558191D-04
 -0.32992537084845D+01 -0.60547125126037D+01  0.58142227025760D+01 -0.11354188470808D-04 -0.48510796942611D-04  0.17478053490189D-03
 -0.12698994273676D+01 -0.75061927431937D+01  0.67753860319255D+01  0.13736517829150D-03 -0.12603116361167D-04  0.52059730537836D-04
  0.11998278118439D+01 -0.65429423346371D+01  0.65567349856097D+01 -0.23390436744500D-03 -0.20840185670894D-03 -0.87274653347978D-04
 -0.47577266547462D+01 -0.20127236980612D+01  0.38664522625029D+01 -0.80329256418943D-04  0.33996048303759D-03  0.33190613919231D-04
 -0.25806941247765D+01 -0.32366249713695D+01 -0.71287790180049D+00 -0.31918701305486D-04 -0.16698268150663D-03 -0.35251692030951D-03
 -0.60265896716616D+01  0.47497234173162D+01 -0.36227567231465D+01  0.13065215882107D-03 -0.14626728256021D-03 -0.11860116612656D-03
 -0.19098169135035D+01 -0.99554313153246D+01  0.80998606814429D+01 -0.71104422545878D-05 -0.89229407932108D-04  0.52061291657140D-06
 -0.20431753203706D+01  0.66439997937350D+01 -0.16776411724727D+01  0.30866664822527D-03 -0.33578020716552D-03  0.36217508925405D-03
 -0.59845554817839D+01 -0.95220095921678D-02 -0.28293779898502D+01  0.10183370082696D-03 -0.60885884992906D-03 -0.36519999844254D-03
  0.55273090630221D+01  0.61653176788346D+01  0.35364761590252D+01 -0.22123899310714D-03 -0.48513089625174D-04  0.40716459993655D-03
  0.78032376777029D+01 -0.65538194115087D+00  0.72273659628550D+01  0.15907496775068D-03  0.58821790861546D-03  0.43395177722324D-03
  0.29795625406625D+01 -0.74902332327913D+01  0.71799447473070D+01 -0.21686347818464D-03 -0.80183309208537D-04  0.36281071325331D-04
 -0.51842446939045D+01 -0.66892372896241D+01  0.61483937361181D+01  0.27432433691218D-03  0.45974313020166D-04  0.48407419745689D-03
 -0.65099955651012D+01  0.69886113220249D+01 -0.32690455472531D+01 -0.35596429698319D-04 -0.50913439031177D-04  0.27704946202928D-03
 -0.77190831891157D+01  0.32288122801852D+01 -0.48349348920128D+01 -0.27152228375126D-03  0.34655935857361D-04 -0.73032336693340D-04
 -0.95679927628105D+01  0.47425441319729D+01 -0.60195253172338D+01 -0.10432697243840D-03  0.68203235544684D-04 -0.10172995174327D-03
  0.93521778544164D+01  0.43217590426496D+01  0.63100685472214D+01  0.37174785697730D-03 -0.14118213322406D-03  0.34188518741696D-03
  0.11096597639014D+02  0.31353932691652D+01  0.70899708414106D+01  0.82643950795349D-04  0.13332134169737D-03 -0.30276944688965D-03
  0.95889514242262D+01  0.69425786204534D+01  0.55865404181198D+01  0.11627304407094D-03 -0.11534461847490D-03  0.20435009400102D-03
  0.11845579517581D+02  0.77592930495874D+01  0.65725878216507D+01  0.84366424127262D-05 -0.61376131415983D-04 -0.42351615474075D-03
 -0.37204437916994D+01 -0.11255988658788D+02  0.75374419473755D+01  0.28810771848715D-03 -0.14980595106808D-03 -0.13467979106400D-03
 -0.13136966130614D+00 -0.10599518813496D+02  0.98976936857150D+01  0.27204764050565D-03 -0.24013048082894D-04  0.10788533477991D-03
 -0.64965058349848D+00 -0.13145919171646D+02  0.10551149808280D+02 -0.38736057759851D-03  0.37949702509931D-03 -0.27226970232967D-03
 -0.70773355956846D+01 -0.26636747354674D+01  0.47662724450324D+01  0.37690554831294D-03  0.92010131068285D-04 -0.35674210546831D-03
 -0.38970282257405D+01 -0.44368221390883D+01 -0.26094053018697D+01 -0.69537749091360D-04 -0.29161581026328D-03  0.22365944040057D-03
 -0.24593505920869D+01 -0.13451276997673D+02  0.11571603995515D+02 -0.55616637386846D-03  0.35977499090303D-03 -0.26210733372931D-03
  0.82547628508255D+00 -0.13686799069118D+02  0.11735661163970D+02 -0.53145893571851D-03  0.24882871831792D-03 -0.33184704622774D-03
 -0.71546478159283D+00 -0.14535319385601D+02  0.91612447676881D+01  0.42597159115661D-04  0.27776780067766D-03  0.11622315582140D-03
  0.12001915054667D+02  0.72880782442076D+01  0.85748212713699D+01  0.20017827230338D-03 -0.16053876138365D-03 -0.66641457781672D-04
  0.11944822928311D+02  0.98506433719052D+01  0.65584086269563D+01  0.59085899885631D-03  0.94683649295380D-04 -0.11476117862614D-03
  0.13447636932932D+02  0.71056225087381D+01  0.52872392555528D+01  0.85713119339965D-03 -0.45119165760994D-03  0.60497299469024D-04
 -0.37852424451808D+01 -0.64156699926131D+01 -0.21780819484601D+01 -0.43829225620310D-03 -0.10768893101753D-03  0.51661776394435D-04
 -0.29066277789799D+01 -0.42439812751752D+01 -0.43447085198144D+01 -0.48574525029206D-03  0.10566417893796D-03 -0.22744878924873D-03
 -0.56944235687890D+01 -0.36463091774465D+01 -0.25783721114489D+01  0.83119625997597D-04 -0.51505138904664D-03 -0.47217172883234D-03
 -0.84058817032153D+01 -0.12353708104729D+01  0.40854870009972D+01 -0.14356644024597D-03 -0.44117441264647D-03  0.30400632441811D-03
 -0.68269409961757D+01 -0.25400159922715D+01  0.69272014017636D+01 -0.70656760503860D-03  0.79509487379479D-03 -0.49000394610488D-03
 -0.77100930610807D+01 -0.46153271284894D+01  0.42849829342154D+01  0.43027979776878D-03 -0.31976166624364D-03  0.18415659007339D-03
 -0.90237881900631D+01  0.56945798534269D+01 -0.77000259920152D+01  0.47648407996491D-03  0.60769649169470D-04  0.54610653767812D-03
 -0.10009884615448D+02  0.64477278689698D+01 -0.48999075856473D+01 -0.48744140369778D-04 -0.39926555496272D-03 -0.14773455797411D-03
 -0.11396942610355D+02  0.38553674871727D+01 -0.64409433766727D+01  0.42885837215451D-03 -0.54199329056326D-04  0.60463536604711D-03
 -0.38169771931780D+01  0.73194577014579D+01  0.60755383395514D+01 -0.22221470296174D-03 -0.79396716414332D-04  0.36633844054724D-03
 -0.46413066137194D+01  0.51627789174561D+01  0.71470791125425D+01  0.55213814108404D-05 -0.90021285313553D-04  0.16139283067790D-05
 -0.30963499383374D+01  0.37543776889008D+01  0.89119262772911D+01 -0.13637054613840D-03  0.39351248156296D-03 -0.17857224866014D-03
 -0.49221968691419D+00  0.45093107745515D+01  0.91748008735131D+01  0.81880599750243D-04 -0.50167517856865D-04  0.12777916302728D-03
  0.32500426151957D+00  0.66364553559631D+01  0.79175153626034D+01  0.11868819404134D-03 -0.77392232875376D-05  0.87257682624938D-04
 -0.13175860605206D+01  0.80466741900455D+01  0.63948379933364D+01 -0.19716327331068D-03 -0.43819263160874D-04 -0.23031077947564D-03
 -0.39417300965762D+01  0.15860593203114D+01  0.10420794410579D+02 -0.27890483730869D-03 -0.23930023634397D-04 -0.34222817169496D-03
 -0.19945806683662D+01 -0.63268619816333D-01  0.11060054380402D+02 -0.12874043241901D-03 -0.31357520257895D-03 -0.44002336730855D-03
  0.48232402111390D+00  0.66378030972647D+00  0.11175527994839D+02  0.14517850736718D-03 -0.21022260089492D-03  0.79249204665828D-04
  0.11538381353975D+01  0.30505235794606D+01  0.10329548305440D+02  0.11814011989228D-03 -0.18530514541502D-03 -0.19109828049670D-03
 -0.64233146812831D+01  0.74073250875322D+00  0.10904897154165D+02  0.94275145571510D-04  0.15779054737568D-03 -0.67304752531416D-04
 -0.67176170454040D+01 -0.18624022436215D+01  0.11459153918374D+02 -0.41806607081608D-04  0.19146394712054D-04  0.27472301449787D-03
 -0.48738112298113D+01 -0.35103308483574D+01  0.11543144044368D+02  0.25225724416202D-03 -0.29921590356047D-03  0.91466448574823D-04
 -0.25833138865865D+01 -0.25656780875760D+01  0.11976542305950D+02  0.51266625552465D-04  0.14901881171278D-03 -0.54137035961384D-04
 -0.63242899747551D+00 -0.41900732218553D+01  0.12643726243640D+02  0.51245072596553D-03  0.40352020255138D-04 -0.32196791321220D-05
  0.17984004365165D+01 -0.34883923379211D+01  0.12277179300791D+02 -0.17697295783737D-03  0.33964352734233D-03 -0.41120725409692D-03
  0.24524097784432D+01 -0.10162041928106D+01  0.11800257380147D+02 -0.25848871576753D-03 -0.18680976112315D-04  0.42745107876083D-03
 -0.86198169456474D+01  0.24745120672392D+01  0.10788620445398D+02 -0.28572631658826D-03  0.14527317034309D-03 -0.62225144868142D-04
 -0.10969234643681D+02  0.14323793685853D+01  0.11267658523726D+02  0.16200158845497D-03  0.27806343900113D-03 -0.38046541925713D-04
 -0.11347370914968D+02 -0.11152822478551D+01  0.11604374409548D+02  0.20436710477778D-03 -0.27002659075031D-03  0.11963007995033D-03
 -0.92329746364911D+01 -0.28251376666355D+01  0.11797984491318D+02 -0.24256430900262D-03 -0.22646264841294D-03 -0.18372895355201D-03
 -0.81888721010545D+01  0.52559035877074D+01  0.11072802349474D+02  0.53921361246674D-04  0.93730325467062D-04  0.27566927548847D-03
 -0.69210482649022D+01  0.41706234537998D+01  0.62834668960673D+01 -0.17761666219737D-03  0.85850820326373D-04 -0.20971536314006D-03
 -0.25677172367097D+00  0.10276025133245D+02  0.51893946785516D+01 -0.31917081663673D-03  0.20933282141180D-03  0.38107690444237D-03
 -0.13884147143978D+02 -0.21343591719765D+01  0.11800649702485D+02  0.16879254456691D-03  0.50519492266149D-03  0.33231212681516D-03
  0.22355600687712D+01  0.71593146331232D+01  0.81186881415002D+01 -0.69693862832794D-03  0.24488274250418D-03  0.17203822202672D-03
 -0.47240894260339D+01  0.85540637562520D+01  0.46355819497747D+01  0.43832075408801D-03  0.18686351920211D-04 -0.14772928795583D-02
  0.43988644566020D+01 -0.57091920592983D+00  0.11283636529247D+02 -0.20914497000312D-03 -0.25639958343860D-03  0.14502980960978D-03
 -0.91397690814721D+00 -0.62199690057214D+01  0.13060452624322D+02 -0.96631284984190D-05 -0.63529730921880D-03 -0.24443225322639D-03
 -0.96488862373606D+01 -0.47525384290666D+01  0.11810186836774D+02  0.48733249603556D-03  0.51418174588183D-03 -0.45108954826299D-03
 -0.12568662261124D+02  0.25391302671837D+01  0.10833615593342D+02  0.38893952575939D-03 -0.78637776549406D-03 -0.53146867507895D-03
  0.20892886725220D+01  0.10373462845718D+02  0.53359104981271D+01  0.56936115058353D-04 -0.24783630042562D-03 -0.51028846179127D-04
 -0.19649611175421D+01  0.11673709605368D+02  0.37394789029279D+01  0.93884188912801D-04  0.73445496355413D-04 -0.53206475745229D-03
 -0.12313834300427D+01  0.13556170245319D+02  0.20849541608913D+01 -0.47574270010673D-03  0.40922827670327D-03  0.88894765594413D-04
  0.36353879696348D+01 -0.54803934267760D+01  0.12684782479823D+02 -0.39668447399167D-03 -0.54434915564718D-06  0.71042445905516D-05
  0.31647123048583D+01 -0.76256852045111D+01  0.13405601873455D+02  0.12726462994709D-03 -0.15110176653238D-03 -0.13856549660459D-03
  0.60758072600741D+01 -0.49482277620510D+01  0.11775409102662D+02  0.21136640194295D-04 -0.38699167166968D-04  0.30071217040037D-04
  0.77401693492286D+01 -0.69887868558570D+01  0.12556556925316D+02  0.11186558385939D-03  0.14031081429433D-03  0.38844802822894D-03
 -0.15631717208709D+02 -0.73169871448818D+00  0.11142384066327D+02 -0.10314785676286D-03 -0.59544820028448D-04  0.10937120304680D-03
 -0.14286271039743D+02 -0.46417433751099D+01  0.12369608951573D+02 -0.31606649940743D-03  0.98058332816319D-04  0.98658149017667D-04
 -0.16895495234990D+02 -0.52437786499094D+01  0.12290197145657D+02  0.26621419451649D-04 -0.93963061939992D-04 -0.55700576260564D-04
 -0.10201224812619D+02  0.67050014547220D+01  0.10043582522338D+02  0.62241998373252D-04 -0.33766624949902D-03 -0.13371743473364D-06
 -0.71185665982413D+01  0.40507105002254D+01  0.36549190294646D+01  0.19643788636811D-03 -0.84248769675489D-04  0.32811713061796D-03
 -0.16764999884002D+02 -0.73604685231537D+01  0.11877440638335D+02  0.22487180996280D-03 -0.55787059162591D-03  0.16046953394682D-03
 -0.17747249488207D+02 -0.39258090233077D+01  0.10927783863212D+02 -0.21388340522754D-03 -0.82331355707128D-04 -0.56032388512546D-03
 -0.17532020808413D+02 -0.48065802341206D+01  0.14122386796869D+02  0.10822043249881D-03 -0.29973540646556D-03  0.69706419614974D-04
  0.72470242019203D+01 -0.88789895049550D+01  0.11766107512108D+02 -0.46476488228763D-03 -0.71815628835828D-04 -0.71357319970418D-05
  0.74749053002597D+01 -0.70323703675405D+01  0.14555497045970D+02 -0.46729772030507D-03  0.15918209296739D-03  0.22287421650334D-03
  0.97568648691877D+01 -0.63623721219196D+01  0.12188393418389D+02  0.56497224956145D-03  0.94869756564363D-03 -0.66016379862247D-04
 -0.55625741952905D+01  0.50392563588221D+01  0.27249613141306D+01  0.44550304806622D-03  0.20495448283369D-03 -0.11940693137464D-03
 -0.89499172383088D+01  0.49472920107042D+01  0.33837845643192D+01 -0.19825161521720D-03 -0.74004021084689D-05 -0.31112893626058D-04
 -0.71383511675229D+01  0.22714986452449D+01  0.26917231366155D+01 -0.68323526446655D-03  0.42304140027700D-04  0.23715138424481D-03
 -0.12070065347333D+02  0.66038055299944D+01  0.11041685883275D+02  0.18572253209554D-03  0.23152136392066D-03 -0.40711181442481D-03
 -0.10290473006133D+02  0.64752176861085D+01  0.79042179915634D+01 -0.17224490432248D-03  0.95076034850331D-04 -0.10482717523240D-03
 -0.96796778934079D+01  0.86897807972674D+01  0.10510258403014D+02  0.42224073856844D-03 -0.17565999518198D-03 -0.15977295635964D-03
 -0.18753165527361D+00  0.14794366426272D+02  0.32463468333861D+01  0.27557590759528D-03  0.62546880266747D-04  0.68742258832022D-03
 -0.28409965882136D+01  0.14266755916671D+02  0.99236932907937D+00  0.48829174695623D-03  0.44186881569675D-03 -0.40326826870945D-04
 -0.32307189603022D-02  0.12572766634984D+02  0.77247456967140D+00  0.41406035468059D-03  0.37242934909435D-03  0.30378337204034D-04
