$coord
        1.98961688895742        1.85873549840101       -1.72849784716647      C
        0.58053626129705        3.06673320806869        0.05217784089121      C
        1.47801120637622        3.20118253883418        2.52803408309806      C
        3.61194995368543        1.60391565386115        3.28397295878883      C
        4.92869460502626        0.45148802171856        1.28132858912679      C
        4.21743275778738        0.54208952908300       -1.17276541859241      C
        0.15411871823758        4.24865257567160        4.66993293875724      C
        0.11283248859750        3.12194942490738        7.14443032100326      C
        2.28823604990725        1.65965121919870        7.61810451814035      C
        3.89128509610011        0.95887991151565        5.83556117390169      N
       -1.79829922659543        6.10661102854255        4.32934492406666      C
       -3.75261179024353        6.37895634120406        6.15260488319626      C
       -3.81474452819879        5.15841581471450        8.31603547366428      N
       -1.70434206813760        3.77326448035518        8.91253401047908      C
       -1.18127071456261        3.03050617748560       11.33296811124116      C
        0.92811180170438        1.73226122384202       12.02751991502730      C
        2.64081448780869        1.13910856906183       10.21079720623982      C
       -1.54174397017896        8.16957492371916        2.54975617193004      C
       -3.72231667193517        9.52270219240911        1.92348222940927      C
       -6.01836599025627        8.99683225149208        3.11391134834901      C
       -5.90573618403298        7.83584222518839        5.39223058580740      C
        0.99113309050817        8.57246656504885        1.75182939880979      O
       -1.76133508790046        4.16390270961935       -0.52864604678871      O
        5.37367244221637       -1.13197720034786       -3.05219741371092      C
       -8.36021147859723       10.54472775462584        2.24036995650822      C
        6.80452755982970       -0.32339704917855        1.65631012059188      H
        1.37300348513173        1.80125078922546       -3.73362787585425      H
        4.36478418867557        0.25561612730732       10.87796294249422      H
       -2.44581827079012        3.55321067703825       12.84636729256168      H
       -7.61367515400456        8.10797376167769        6.68735543526624      H
       -3.69822736704957       11.19573060926716        0.82772348845182      H
        4.94058588953819       -1.44439525811645       -5.29261906820360      O
        7.45833815740328       -2.28740050034317       -2.10020511264483      O
        8.62821278469576       -3.73176162025052       -3.88478258437584      C
        1.58312678534790        0.48801345352702       14.44152668439627      C
        3.78910661073379       -0.13716516931342       14.77803652977724      O
       -0.18690152949500        0.34833643713338       16.22300229956295      O
        0.75379577711067       -1.03890650218372       18.36179123258326      C
       -9.92513026950758       11.07194635020317        3.72992884757273      O
       -8.42403659429098       11.06462467857899       -0.24838999682594      O
      -10.73078578874533       12.35437316395166       -0.67229673881241      C
        1.22190886379724       10.03521425965999       -0.53405983267850      C
       -2.49402625330066        3.78060142956032       -3.09789469778500      C
      -12.30525935083820       11.40316174434060        0.39072610859266      H
      -11.09276480392859       12.18399609483574       -2.74326632563175      H
      -10.33636262369995       14.29090613494214       -0.02287728480575      H
       -0.15327555100170       -0.55265838824823       20.07096966627735      H
        2.80189707010012       -0.49688785352335       18.42314619081405      H
        0.47550246389734       -3.01627978793409       17.84675031068100      H
       -2.97646169633073        1.76554079055825       -3.36938901685630      H
       -1.04598904740018        4.42003480893196       -4.28011281987876      H
       -4.12939033304327        4.96945308557789       -3.48608794099270      H
        0.46059440591432       11.81640664527642       -0.41736184934583      H
        0.82114390537861        9.06765583255344       -2.35424896243859      H
        3.22708943810044       10.24400788749092       -0.57049583999452      H
       10.58953688463787       -4.52318577096936       -3.26533875757766      H
        8.98237847625540       -2.58396459100341       -5.54628748147876      H
        7.24504865245589       -5.14065164457064       -4.45719068953677      H
        0.55685588043569       -5.61755812828631        4.26029911735868      C
       -0.67471164295132       -5.31682485793123        6.63348254794123      C
       -3.19206478911311       -4.29058100820151        6.44459123224477      C
       -4.18942493494749       -3.47763963853792        4.17374809895089      C
       -3.06164014088636       -4.14820983284746        1.80611653363772      C
       -0.57774124170799       -5.24894836207942        1.90414356701946      C
       -4.42299142574249       -3.22223384684249        8.62102305818805      C
       -5.97130791293050       -1.07398500495546        8.29542902428862      C
       -6.87258036697903       -0.44648841654460        5.83177350570496      C
       -6.16281807412172       -1.85638708905453        3.89474020197981      N
       -3.85507956423744       -3.85740626916544       11.35473169242002      C
       -4.77793103296654       -2.14896734919324       13.20628517965307      C
       -6.03390246840315       -0.06234003291243       12.85319571119841      N
       -6.70064152097459        0.35157501702457       10.45856658330359      C
       -8.38459220735489        2.43839803009773       10.03589541153101      C
       -9.34109178537852        2.91917441326125        7.61270124206235      C
       -8.52542459140813        1.60652019479151        5.56190792022079      C
       -3.47940393827973       -6.48775573593277       12.01767646763759      C
       -2.99154144148475       -7.11149613503981       14.43533416190309      C
       -3.36069548328355       -5.21484080731335       16.44350491056073      C
       -4.44302314110187       -3.01934141493281       15.64803724214643      C
       -3.39409482797414       -8.46267236668579       10.23324726789636      O
        0.34541999344077       -5.53050304033458        9.03340643319906      O
        0.52227546941369       -5.88017444232478       -0.48013238714908      C
       -2.95203709189066       -5.68877629738231       19.14486972591526      C
       -4.14665388443977       -4.08933731786704        0.10284371089364      H
        2.54132921800322       -6.07936093658140        4.25960722474599      H
       -8.86590926325801        2.07234363148653        3.63061483542046      H
       -9.08360046663985        3.68171301093528       11.57565193951844      H
       -5.13575844666856       -1.93494364480878       17.08737074158692      H
       -2.51337755514075       -8.86453708728293       15.06472131971433      H
        2.86637552576496       -6.43092218166497       -0.84055899267466      O
       -1.01713130732014       -5.44152218304090       -2.58483052341857      O
        0.50951529458024       -5.60449994830646       -4.83299789609794      C
      -11.34358202489658        4.86156602027991        7.35701660927570      C
      -11.64682038896122        6.26047722060537        9.09006448420413      O
      -12.79966220312247        4.80225637455030        5.16619427042704      O
      -14.81913987431068        6.34696925763817        5.14526548461122      C
       -2.80566868719685       -7.80818734930850       19.88771124412656      O
       -2.61247765605622       -3.77419141211763       20.84479568295579      O
       -1.44216165673007       -4.89569678028616       23.03440270186293      C
       -1.81886405910616      -10.46409619696836       10.48466025625447      C
        2.97417782429239       -6.10586252734338        9.19271391653674      C
       -2.34796935363657       -6.50006933370948       23.74072241573228      H
       -1.64606142188884       -3.53433715634912       24.73504130416070      H
        0.66767450809487       -5.15510797270973       22.87199240871684      H
      -16.24288330585185        5.22849419227362        4.24037789494518      H
      -14.53889576910281        8.22942787627134        4.39180657929647      H
      -15.32488879641568        6.56469790648839        7.17847817197973      H
        3.55669458819320       -5.59727938341955       11.06258929369804      H
        3.99904692212781       -4.76433895663528        7.90987234460997      H
        3.40955987833253       -8.12072442392725        8.79389594963963      H
       -1.98146078236911      -11.55625727841831        8.78193682971337      H
       -2.11839889052977      -11.68327446173223       12.12114193406891      H
        0.03034676364375       -9.63466487028557       10.41210790541306      H
        1.68881542373112       -3.88561074779407       -4.94597219100251      H
       -0.67733648017349       -6.05208117340236       -6.51362958665278      H
        2.02487513015114       -7.16808297168541       -4.57326001014617      H
$end
