$coord
       -0.54977696775483        1.40858138505099       -0.74578939751726      C
       -1.59025011580484        2.92782651385843        1.10717360406567      C
       -0.25440295181051        3.29080951247196        3.39507409235888      C
        1.94769216289177        1.81596494767660        3.89420355485021      C
        3.12582692143202        0.44214077267503        1.79826727958237      C
        1.76919759150861        0.31051103020742       -0.41227456603331      C
       -1.02011172486797        4.88574966208595        5.42354666512629      C
        0.08512833362914        4.32065577772151        7.78905635535316      C
        1.95485677443897        2.34243735476685        8.21261275295755      C
        3.09880382121285        1.26444636858754        6.17634241380081      N
       -2.64185538122159        6.94515668381264        5.21104943932631      C
       -3.75953973706649        7.94021838128620        7.55455763732732      C
       -3.20218685413487        6.89441446214617        9.80398345602317      N
       -1.21523389393668        5.31006284864709        9.92850333440928      C
       -0.47058132843408        4.24978459476525       12.30405362997557      C
        1.37014524174329        2.51503393716461       12.54318421454048      C
        2.65631417244501        1.62603623934753       10.59774785684618      C
       -2.87357367318903        8.39153531397681        2.98828683828093      C
       -5.00478598865188       10.13799752911478        2.87451260603000      C
       -6.43778891769911       10.61027537705437        5.02125928191397      C
       -5.85186314693603        9.60104565273148        7.35768863635519      C
       -1.01738922395728        7.94123565901518        1.08130083003851      O
       -4.03197163970221        4.00314081103396        1.21544058280963      O
        2.95405795886578       -1.05963250718225       -2.48299208295246      C
       -8.42578684818971       12.60663947690312        5.21532568813201      C
        5.10267291646958       -0.48035837146653        1.79070204617015      H
       -1.34300397442747        1.46046617459885       -2.55717902113030      H
        4.15612062459957        0.14915350890017       10.96920297357697      H
       -1.15539191050047        4.99286155341602       13.98331689650223      H
       -6.72452487571476       10.75432565952055        8.84011274622672      H
       -5.29408339968395       11.07068702554161        1.02182385804077      H
        1.79900975396563       -1.24326569976655       -4.53442962083216      O
        5.34439074201458       -2.01090738311854       -2.10879472030274      O
        6.31528098160286       -2.76401952415463       -4.38388541632258      C
        2.08213775191101        1.24923882302813       14.98333368989938      C
        3.07726132869939       -0.84972749349107       14.78777958082087      O
        1.03677032920200        1.99555770028900       17.31247902514202      O
        1.06085664340144        0.17549483370762       19.35489088266019      C
       -8.88838701050347       13.43311923020132        7.29914906269537      O
       -9.47662084703842       13.54932582134610        3.11162369317536      O
      -11.01847554986097       15.57056987694795        3.56076910470949      C
       -0.06180842378605       10.13025883841784       -0.32412218214711      C
       -5.15484951336823        3.99181863750727       -1.16970172935315      C
      -12.25970780264964       14.74654851549370        4.92195050227281      H
      -12.03036187023488       16.14827877113090        1.80848146360822      H
       -9.96055092366224       17.19804537679348        4.18808632396826      H
        0.08598498485584       -1.34906071560690       18.42852754404499      H
       -0.16966597466990        0.83753612759647       20.87057321540182      H
        3.09435603734172       -0.39345097576026       19.74771709986722      H
       -7.23911904702537        4.51143215203819       -1.05477617849554      H
       -5.01161107965907        2.21309309732909       -2.22203741229994      H
       -4.18744429553857        5.47084104176163       -2.23640752663742      H
        1.20149780951674        9.44707061028516       -1.73952017771328      H
        0.73046300148759       11.37222311705394        1.14371597811630      H
       -1.71721109659219       11.29963857826784       -1.06702696077261      H
        5.20483184000538       -4.46027640268120       -4.87016893926358      H
        8.16038214696297       -3.41818347253714       -3.95738626257462      H
        5.98576112256391       -1.23179431596871       -5.88667460739382      H
        2.03395397780583       -7.43518725117415        4.39386043579997      C
        0.78270137387469       -5.82853946232713        6.10013385680974      C
       -1.56942417471334       -4.70810337271871        5.58039483697173      C
       -2.16783099913377       -4.39931224471496        3.05154236411745      C
       -1.01015256844087       -6.02972615978255        1.31742704884680      C
        1.02678116020147       -7.59632473986974        2.04231094059338      C
       -2.93753989370451       -3.41532057999150        7.46476120856873      C
       -4.60038627180637       -1.63377015393394        6.63409753538797      C
       -4.93415552024923       -1.14877973732082        4.00374213445695      C
       -3.83732269329391       -2.63355087395964        2.26387004514978      N
       -3.15362132751200       -3.94404751222052       10.19208497211481      C
       -4.42237233813462       -2.14498592950878       11.73564733923082      C
       -5.70113155538710       -0.15835238575555       11.00819429526903      N
       -6.03133998617365       -0.21425366276083        8.47641115005587      C
       -7.59330639283590        1.68990804110544        7.55232028633618      C
       -7.99519955044187        2.26905396652051        5.03184352836172      C
       -6.70047316526475        0.74298503566611        3.35129715936215      C
       -2.70679892356683       -6.41532104360827       11.17936757148022      C
       -2.93170578188512       -6.83191546782467       13.74040820525354      C
       -3.60418465470624       -5.00936641532991       15.35357982770762      C
       -4.37376687375469       -2.66685272362076       14.42673643713823      C
       -2.45914881336766       -8.42641761742038        9.40200131892339      O
        1.83213429847388       -5.52823958717122        8.58120289904191      O
        2.07101300398884       -9.51745657960247        0.34611246274528      C
       -3.71013329881413       -5.56369094251492       18.12300577217255      C
       -1.73957212591640       -6.37745577092412       -0.51707025313647      H
        3.36079711980666       -8.86634352678504        4.62408134370212      H
       -6.85600633160807        1.00372650823540        1.39143670375900      H
       -8.51351200499193        2.99752880584666        8.99689952616121      H
       -4.65026211377041       -1.10517644381147       15.88343929149408      H
       -2.07213374632314       -8.39450107295304       14.55972702549239      H
        4.05082858752465      -10.75991583331970        0.79006823881361      O
        0.89194120748976       -9.99034895468688       -1.87564249320729      O
        1.65010515093090      -12.29944789138155       -3.01873822973983      C
       -9.67848362924453        4.47322330547200        4.13874204524086      C
      -10.17829794428549        6.12541880830227        5.58670419358522      O
      -10.39285585179004        4.34898578404604        1.69574394209947      O
      -10.97681637502514        6.84920431607421        0.90711173906573      C
       -3.18372080297836       -7.59505265757899       18.95472336846159      O
       -4.37674660841716       -3.49012718782740       19.49784354835133      O
       -5.30653340259309       -4.15905370098405       21.90429688194594      C
       -1.06720511371549      -10.41236616973305       10.34231456721200      C
        4.41363210498515       -4.66248849000356        8.56661790888002      C
       -3.91150676447377       -4.80005735443133       23.34792351721967      H
       -6.38055406818388       -5.97632081477231       21.65360805662689      H
       -6.95349735050015       -2.81499639232750       22.50816286931034      H
      -12.93413913779556        7.15150257098280        1.52321272515425      H
      -10.63944698745581        7.31211914367548       -1.00873446161830      H
       -9.62352701053805        8.10886224460388        1.92429715067536      H
        4.90042724415705       -4.16777794698523       10.40443591239253      H
        4.60612641840981       -2.99669144953743        7.23197809087112      H
        5.63515647551977       -6.20787774881302        7.90759635371607      H
       -0.11966837178427      -11.16770587472627        8.79005107894288      H
       -2.34516607076790      -11.95059035852297       10.77576846407658      H
        0.46874937043006      -10.04427963870803       11.59684185704541      H
        3.62654164113652      -12.85605469252234       -2.53596526662259      H
        1.35924639235553      -12.12423334361055       -4.92742696064523      H
        0.71856751680776      -13.75961972682216       -1.74123942256793      H
$end
