$coord
       -0.00117363611514        1.29571089192107       -3.28685861109188      C
       -1.16070069328242        2.58676327986450       -1.26176347476271      C
        0.14254192896372        2.85276638967830        1.09836091508385      C
        2.46858072649047        1.26743530537941        1.39260098455342      C
        3.53986765179621        0.06926495160177       -0.65982787633381      C
        2.29648002445773        0.08110062374626       -2.98260333022194      C
       -0.87854188543758        4.15710776584679        3.11738561072767      C
        0.07111552177592        3.52017034785781        5.43687975749598      C
        2.00185833039890        1.70367318230040        5.63318776068576      C
        3.61547371267000        1.09189800640240        3.62678328525024      N
       -2.78660892516673        6.26931186284664        3.19747784166955      C
       -3.79767911776523        7.10834707722024        5.50208574285804      C
       -3.28703618228652        5.88746506440154        7.78405732859264      N
       -1.12396937602727        4.42746314117554        7.73397921215238      C
       -0.45275044760299        3.17639946373492        9.98671725418068      C
        1.63599978769960        1.74710397129025       10.21331413127985      C
        2.87531630090494        1.00721529753372        8.03138260726861      C
       -3.34363849352131        7.72550327968290        0.88763870348834      C
       -5.17374744933914        9.59657550106404        1.17264258215184      C
       -6.33668689306773       10.23998437362060        3.50383986274839      C
       -5.71371336217141        8.96204546925938        5.78074840508803      C
       -1.47758049505794        7.72973575755818       -1.17726370932713      O
       -3.64064581101888        3.36595604181454       -1.38700754992529      O
        3.44745308885659       -0.90003673563942       -5.24588062634002      C
       -8.01897595765211       12.50097570689582        3.70964967181091      C
        5.14556914166883       -1.20518951166780       -0.41873312994664      H
       -0.88150767256365        1.18483403160299       -5.13698201784283      H
        4.38496176648341       -0.40887715370339        8.15738650263239      H
       -1.38643120777584        4.02434852796750       11.64327253052061      H
       -6.51606564892419        9.70415048399416        7.66194742747732      H
       -4.82126887962301       11.11690647259609       -0.26606855389930      H
        2.72506461340350       -0.71718705203806       -7.37923403982073      O
        5.54266257938278       -2.46125303556404       -4.59443079157782      O
        6.39963908609038       -3.95139356554299       -6.52977325963090      C
        2.00608889486110        0.35437463702920       12.62084330198311      C
        4.02709408630876       -0.76038930236812       12.77647838552978      O
        0.20030951259599        0.42906971012185       14.44035128761109      O
        0.89558374362894       -1.08645385718517       16.59532478382411      C
      -10.20373935401742       12.38997919347621        4.72545717536299      O
       -7.26561367734191       14.52148897393307        2.38504837167830      O
       -9.17655754366970       16.34458708852531        2.41696478162072      C
        0.71589911870273        9.09853998090466       -0.76090654705424      C
       -4.20715374158751        3.86147843797543       -3.97580048163926      C
       -8.95035676728493       17.10515573550086        0.49718467885959      H
       -9.06366112260807       17.74675659329779        3.83256880515033      H
      -11.11802676912210       15.33764313596972        2.62991452893865      H
       -0.88204950157110       -1.22323343181308       17.79766513433081      H
        2.52378753127596       -0.02486550442280       17.55322509839655      H
        1.66341245155420       -2.96749311143608       15.97096088913954      H
       -6.24658680730151        4.43384547908943       -4.17148878151727      H
       -4.23279368395049        1.92617464605618       -4.75702698664127      H
       -3.05358789467331        5.52273334350391       -4.70178836840870      H
        0.66503002628561       10.66521151466419       -1.99472152226670      H
        2.33286011484156        7.86400400759938       -0.86811988960038      H
        1.01118962001243        9.62427282229069        1.20801910795806      H
        7.91023713308918       -2.69772965738432       -7.24108486422112      H
        5.10369398040304       -4.32334308885737       -8.00179647692952      H
        7.30846882282572       -5.73473760792359       -5.79406379148122      H
        2.19286000837823       -5.25411391153510        6.01636670983382      C
        0.52933386115561       -4.61689330045306        8.04591709541763      C
       -1.81146749839790       -3.53061536446995        7.58610054573487      C
       -2.34748347081955       -2.94660797156968        4.94390087412861      C
       -0.80761886770751       -3.81344447980979        3.00183610094734      C
        1.52788638984985       -4.96063973024748        3.53215164043126      C
       -3.48245732452773       -3.00436030089588        9.67683815440676      C
       -5.37517261702494       -1.28563809367953        8.91157644703406      C
       -5.62482095399041       -0.27185823498584        6.37134513236889      C
       -4.29096183265221       -1.38623706417349        4.38239253370881      N
       -3.49636298046405       -4.13725937520997       12.12950476759132      C
       -4.77935099409422       -2.74931923009870       14.03593043247364      C
       -6.36445543088398       -0.88552816863138       13.32225083392557      N
       -6.74404888359744       -0.19606324812502       10.98294319433680      C
       -8.50206162248030        1.62222004489381       10.43061379492951      C
       -9.00570289410143        2.38544095442167        7.95341724538821      C
       -7.46352813938654        1.58122004668906        5.93338450775306      C
       -2.71694704461810       -6.74826670443599       12.77920807284636      C
       -2.58140026232269       -7.39239012049701       15.37034818965783      C
       -3.83607603984897       -5.96353140831761       17.21443178925348      C
       -5.22582512121808       -3.76589060802936       16.40289740325993      C
       -2.48125296338007       -8.61178705384456       10.77882722477812      O
        1.32965551590355       -5.04361637668932       10.50061304266480      O
        3.23071068423014       -6.00352752519930        1.50668078639508      C
       -4.24604935560711       -7.15183087785003       19.72653281416806      C
       -1.43895023154235       -3.36371888246756        1.17141371208237      H
        4.07520596835441       -5.93179448285595        6.38565782087217      H
       -7.91479062909330        1.93901011963810        4.02386116435609      H
       -9.79233457403165        2.12034282388868       11.93691141591264      H
       -6.78556916212602       -3.03190174382343       17.51795983111834      H
       -2.12066095672042       -9.29259181060386       16.05028373576539      H
        2.78770721187496       -6.30184989922055       -0.60046164668642      O
        5.56249472692966       -7.00042352700334        2.31575728418470      O
        7.41537037953216       -6.88116486913164        0.42815279111379      C
      -11.16752432091245        4.15479032428443        7.58433363729667      C
      -12.73032292392778        4.53444717713721        9.34364894672473      O
      -11.19853540194672        5.67857466004222        5.44988754851103      O
      -12.79393273367392        7.67018300927617        5.99186023328719      C
       -3.49514056932462       -9.29936742111118       20.13306396121572      O
       -5.65219060320517       -5.81944970530240       21.43832270821841      O
       -5.52786243767651       -7.02834427924738       23.90009305491631      C
       -4.82005864712981       -8.84814177695231        9.53002556922647      C
        3.46488947780373       -6.73305559366846       10.67620669615236      C
       -3.82709951716918       -6.11107005482753       24.53517341371358      H
       -5.04570202434624       -9.02068432354698       23.98035778542874      H
       -7.07422823822799       -6.55961243106649       25.19426565745355      H
      -11.81512982204664        9.45048069579404        6.59901998573018      H
      -14.11693543340445        7.20305273386742        7.61912490149676      H
      -14.21684485243480        8.00098941929704        4.57948499506257      H
        3.73649119514310       -7.25653483815203       12.64556329601186      H
        5.08480562051091       -5.85191301677489        9.83008776597931      H
        3.13999734549293       -8.49268619639325        9.91839701163791      H
       -4.76366897292876       -7.92716842917916        7.76639396888254      H
       -6.22290110085972       -7.91237878825793       10.64260398418615      H
       -5.40939917983751      -10.97599968710004        9.21552958086255      H
        8.64342944079464       -8.63994374627397        0.95187672248897      H
        8.72604012219786       -5.30333086271888        0.53911673279857      H
        6.70181515829918       -7.18331623661535       -1.48747759764763      H
$end
