 -1.0
 -0.70551631913628D+01 -0.23028685934742D+01 -0.57580812178978D+00 -0.12976516746477D-03 -0.44981117476453D-03 -0.22154105407315D-03
 -0.47913821982749D+01 -0.29441325110819D+01  0.79276835226320D+00  0.32544740077058D-03 -0.61444423437275D-04  0.38742220157245D-03
 -0.30302894300081D+01 -0.99301481997053D+00  0.16205582717037D+01 -0.36721842134593D-03  0.27839345072470D-03  0.21986418313151D-04
 -0.29411213031899D+01  0.15506186023886D+01  0.41139099793792D+00 -0.52533315009256D-04 -0.19423251785718D-03 -0.22610743935000D-03
 -0.47998934528080D+01  0.16111152871462D+01 -0.13156818434417D+01 -0.15754510359737D-04 -0.73612121448125D-03  0.65245532285451D-04
 -0.68706259159150D+01  0.22633240307934D+00 -0.13474094987890D+01  0.19999735935489D-03  0.39827271578625D-04  0.16336434427044D-04
 -0.96132214092885D+00 -0.15525896248635D+01  0.34317794734073D+01  0.29146663875268D-03 -0.46064561505184D-03  0.53426891137989D-04
  0.77424194354083D+00  0.37846062913881D+00  0.37406408019730D+01 -0.42276668393343D-04 -0.28316364744305D-03  0.22747448520490D-03
  0.76341374923769D+00  0.24966908642720D+01  0.19899056652054D+01 -0.28953030112013D-04  0.45357359650712D-03 -0.96303207220165D-03
 -0.11532637044664D+01  0.34180280825913D+01  0.63747056144363D+00 -0.37622597142591D-03 -0.91462548452050D-04 -0.23589358503180D-03
 -0.99913476878241D+00 -0.40191721400931D+01  0.49278431899279D+01  0.39084067349318D-03 -0.72591073588885D-04  0.36446980769796D-05
  0.12842594033674D+01 -0.42882556497203D+01  0.64894744010874D+01  0.27933153273985D-04  0.17309452409330D-03 -0.79923891777280D-04
  0.28922167223289D+01 -0.24298080881223D+01  0.65511957044059D+01 -0.21906741620942D-04  0.94711481168877D-04 -0.57615398159867D-03
  0.29600362594412D+01 -0.26189768437461D+00  0.52180523628673D+01 -0.29972014789180D-03 -0.11097993514944D-03  0.65773933018723D-03
  0.51286693602073D+01  0.12422569302688D+01  0.47311482255120D+01 -0.44346940007719D-03 -0.41134337457653D-03 -0.10389393990347D-03
  0.48089913673136D+01  0.36684278065636D+01  0.33634843571129D+01  0.30637915703235D-03  0.41613283791798D-03  0.16014783163620D-03
  0.27428380723169D+01  0.41181130456298D+01  0.18307404796466D+01  0.29820927414000D-03  0.47024920626609D-03 -0.11544425038482D-02
 -0.30437939788208D+01 -0.57850573125604D+01  0.54922825207195D+01 -0.76656393490708D-04  0.13284567492534D-03  0.61397824565834D-05
 -0.26075678859691D+01 -0.83708872088659D+01  0.62414765049510D+01 -0.11082001183157D-05 -0.45664701788579D-03 -0.51357435637632D-05
  0.15765286874280D-01 -0.89246676613277D+01  0.70653168890850D+01 -0.53180939424450D-03  0.15471325696820D-03  0.48243077333257D-03
  0.16773946978120D+01 -0.68995627893338D+01  0.75056995101633D+01  0.66077106593687D-05  0.39148977427593D-04 -0.45538230343191D-04
 -0.54235211091438D+01 -0.44612883023827D+01  0.55820172128357D+01 -0.54014296353949D-04  0.51895973003885D-03 -0.13531429456803D-03
 -0.41377310266521D+01 -0.55444215629681D+01  0.10857558252283D+01 -0.72506976839172D-05  0.60989249283309D-03  0.34030190046189D-03
 -0.92367161223521D+01  0.15331323617206D+01 -0.19169619923124D+01  0.80506574335050D-04  0.30921096191554D-03  0.19225053942920D-03
  0.80733549998258D+00 -0.11348618370582D+02  0.77495913860915D+01 -0.97896062955290D-04 -0.11088395264827D-04 -0.63323284900381D-04
 -0.51215429941027D+01  0.34918875389185D+01 -0.21559971934793D+01 -0.44858712375907D-03 -0.48316004303787D-03 -0.43996771732017D-03
 -0.87248705692479D+01 -0.35482285332592D+01 -0.95436136141618D+00  0.23541706205517D-04  0.87214401691675D-03  0.19086303464396D-03
  0.23997013811486D+01  0.59018344593524D+01  0.70312810310162D+00  0.73307609222396D-04  0.30417184194690D-03 -0.17854248079517D-03
  0.68716584759708D+01  0.80252707414917D+00  0.55240212816580D+01 -0.51368691518645D-03 -0.17310843390965D-03 -0.60729004559808D-03
  0.34678137172915D+01 -0.71049892929435D+01  0.84656490760793D+01 -0.30360374947625D-04 -0.29135912802042D-03 -0.82398367867149D-03
 -0.38539069030422D+01 -0.97870822196764D+01  0.58508034565049D+01 -0.77909509196575D-03  0.14863726831518D-03  0.98475372788840D-03
 -0.11145821697163D+02  0.49057533239858D+00 -0.12103760907631D+01  0.52950637879305D-03  0.40175106471701D-04 -0.16355739868516D-03
 -0.88994035479169D+01  0.37517598905734D+01 -0.34222654737744D+01  0.62317591917916D-03  0.96666175009350D-04 -0.32774805476125D-03
 -0.11142595557222D+02  0.49203928159001D+01 -0.30566221071808D+01 -0.29767866472633D-04 -0.81110744990142D-03  0.40282426704199D-03
  0.68071435148845D+01  0.53433628778330D+01  0.32773046388843D+01 -0.57540836959117D-03 -0.13108594533529D-03  0.33610681485787D-03
  0.64432669101379D+01  0.73540911013374D+01  0.22408315116485D+01  0.20472669573998D-03  0.20108783525205D-03 -0.51609187090528D-04
  0.91871891038071D+01  0.45975099185627D+01  0.40947989377791D+01  0.17677640835673D-03  0.14919219676275D-03 -0.48828756746457D-03
  0.10893849656650D+02  0.64367555397404D+01  0.35425971152141D+01  0.17391340344550D-03 -0.38619196813430D-04  0.35417111440161D-04
 -0.95642530814363D+00 -0.12802794490705D+02  0.83096069226027D+01  0.93248780756994D-04 -0.26248260858398D-04  0.51564508872637D-03
  0.31816659794909D+01 -0.12031851510824D+02  0.76400882431576D+01  0.15834021738049D-03  0.58605627284356D-03 -0.64165850620847D-03
  0.32296398030400D+01 -0.13827722829312D+02  0.97715436029866D+01 -0.16840593839634D-03  0.34665347595691D-03 -0.45523647772954D-03
 -0.76848961219338D+01 -0.58009510072346D+01  0.57677615799365D+01 -0.15191690892332D-03 -0.52645134693733D-03  0.43811014848840D-03
 -0.49183743233965D+01 -0.75128150548439D+01 -0.92908275939303D+00 -0.11042452837139D-03 -0.66134980531844D-03  0.29971078310517D-03
  0.53263220244630D+01 -0.14416632743018D+02  0.10254624462788D+02  0.67003128820768D-04  0.21976360289572D-03  0.29518347942819D-03
  0.18153944862576D+01 -0.15246777699671D+02  0.90882578640771D+01 -0.63495006167692D-03  0.71718071303844D-03  0.43821521215611D-05
  0.27157451988879D+01 -0.12783121130566D+02  0.11656601260150D+02  0.11719484876312D-02  0.89062580570121D-03  0.22499714653557D-03
  0.12125164263586D+02  0.57978418535015D+01  0.18260086471541D+01 -0.84800712751003D-03  0.43309431552333D-03 -0.73277353869354D-03
  0.11820577907606D+02  0.69037754884019D+01  0.51007438050443D+01 -0.19739773085521D-03  0.20095107064154D-04  0.63843672940267D-03
  0.96520301076597D+01  0.82261044340892D+01  0.33214537487818D+01  0.14353075463813D-04 -0.11559957211208D-03 -0.10030572025731D-03
 -0.66702170121877D+01 -0.83953512440634D+01 -0.47256198238629D+00 -0.83248045214547D-04 -0.40647498076871D-03 -0.20575547458261D-03
 -0.32894514110399D+01 -0.89048551934366D+01 -0.11813356815821D+01 -0.34864149635189D-05  0.42902651890237D-03 -0.14231756660516D-02
 -0.51868967783840D+01 -0.69278148367266D+01 -0.27900825885349D+01 -0.12096092002144D-03  0.11662556575871D-03 -0.36736363772251D-03
 -0.90838023267080D+01 -0.49048521345973D+01  0.69280634484711D+01  0.37859617638229D-03 -0.25110939558517D-03 -0.65986220243881D-03
 -0.71717092508603D+01 -0.76967606038092D+01  0.67793399544742D+01 -0.14849992417594D-04 -0.73721707091346D-03 -0.10283672561921D-04
 -0.84405810542189D+01 -0.60043864668577D+01  0.37595813926888D+01 -0.32661105802133D-03  0.85715158632989D-03 -0.61902674556123D-03
 -0.12119831675559D+02  0.44963927401502D+01 -0.49117983485597D+01  0.98158962960721D-03 -0.50135378057947D-04 -0.29347208554915D-03
 -0.10724509996891D+02  0.70122108443636D+01 -0.29451840247211D+01  0.36577000132145D-03  0.10174940892799D-03  0.62221268827288D-03
 -0.12249198011658D+02  0.44964896733850D+01 -0.11737983230752D+01  0.48098454023023D-03  0.19979613663033D-03 -0.24894686673051D-03
 -0.19247355494094D+01  0.89324746022034D+01  0.68178885633344D+01  0.63174319984962D-03 -0.44852716891938D-04 -0.38080412018305D-03
 -0.31171853326192D+01  0.64680056228934D+01  0.73955754634630D+01 -0.15256124921281D-03 -0.76258055462746D-04  0.10847012842294D-03
 -0.23310060350361D+01  0.47986015600641D+01  0.95307951610940D+01  0.38206154900700D-03  0.11668236663100D-04 -0.83203601871936D-04
  0.18422518665224D+00  0.55236157182292D+01  0.10235300528190D+02  0.45012840163931D-04  0.13594378245338D-03  0.20831474830044D-03
  0.15416002943510D+01  0.77014939226971D+01  0.90297316792309D+01 -0.18909190361897D-03 -0.40000139750128D-04  0.53560499566078D-03
  0.48020577378201D+00  0.94897566229345D+01  0.75048058033177D+01  0.29790203524809D-03  0.31121529348608D-03  0.13578504641225D-03
 -0.37731947189289D+01  0.28710870294169D+01  0.10760703156428D+02 -0.23773762470566D-03  0.56347394667175D-03 -0.26866280783121D-03
 -0.21163518939018D+01  0.81128222612612D+00  0.11598091192453D+02 -0.49692695394451D-03 -0.21250281874019D-04  0.84056973886126D-04
  0.42721611615766D+00  0.13023409640970D+01  0.12023688486465D+02  0.10809742234812D-03  0.35349579964465D-04 -0.22046702673894D-03
  0.15084782895191D+01  0.36814746971876D+01  0.11540850759363D+02  0.41130659463388D-03 -0.37691136875740D-03  0.13184343407834D-03
 -0.61942258495599D+01  0.21492964769378D+01  0.10524791396327D+02 -0.16261745619512D-03  0.49839957964682D-04  0.11715462857746D-03
 -0.69639970222858D+01 -0.48844437236163D+00  0.10506110187577D+02  0.69415205555002D-04  0.15543903132736D-03  0.10681973139494D-03
 -0.56654244997984D+01 -0.24833788533464D+01  0.11267998260844D+02  0.15646528416389D-04  0.19918361697411D-03  0.10495888462607D-03
 -0.32656119867414D+01 -0.18147937322330D+01  0.12023387561129D+02 -0.35075413264758D-03  0.23792409508876D-03  0.34882140875774D-03
 -0.12847006936256D+01 -0.35628569197269D+01  0.12653847859830D+02  0.27972147201063D-03 -0.61139271043510D-04  0.56557510935108D-03
  0.13416903613894D+01 -0.30436835561574D+01  0.12891823129084D+02 -0.38077050252748D-03 -0.72603218482202D-04 -0.64585079910670D-03
  0.22237778791772D+01 -0.55823086430905D+00  0.12704736958268D+02 -0.26264002947673D-03  0.36247606764635D-03  0.91643609041786D-04
 -0.81018695724150D+01  0.40157447513459D+01  0.10227124595207D+02  0.32369392079074D-03 -0.23172711649585D-03  0.20560667515266D-03
 -0.10507951056118D+02  0.34318244833517D+01  0.95810699472235D+01 -0.48052766991259D-03 -0.26308753974312D-04  0.58263604169585D-03
 -0.11055393250908D+02  0.10206511847752D+01  0.86154588567697D+01  0.18728187257806D-03 -0.75471195553812D-03 -0.29573348919584D-04
 -0.94213247130344D+01 -0.96121588853517D+00  0.95037888476628D+01 -0.40732283631671D-03 -0.55641529089288D-04 -0.13487448710949D-03
 -0.73725561821945D+01  0.65642676905948D+01  0.10671390095495D+02 -0.57499392050258D-04  0.25416362461987D-03 -0.10699417826665D-03
 -0.56252292619826D+01  0.59017539979589D+01  0.64178142345492D+01  0.16616207174939D-03 -0.36170305415194D-03 -0.35700631988890D-04
  0.21184952191349D+01  0.11299692501755D+02  0.62911520320940D+01 -0.19398837563855D-03 -0.10805136784910D-03  0.15814963365674D-04
 -0.13189268572125D+02  0.57086503868530D+00  0.71236498967300D+01  0.76616031651792D-04  0.13168812789042D-03 -0.35055981005738D-03
  0.35180045717757D+01  0.80900190141108D+01  0.96602923668079D+01  0.51497114106970D-03 -0.61118750307416D-03  0.94799840478547D-03
 -0.32009370084501D+01  0.10212127852875D+02  0.61224099060380D+01  0.27138794640311D-03  0.89940841406411D-04  0.13383293797406D-03
  0.41561152651979D+01 -0.26369358726112D+00  0.12812475483766D+02  0.21996495687748D-04  0.32845176790998D-03  0.23170702418210D-03
 -0.20172538368828D+01 -0.53742435611505D+01  0.13362923401108D+02 -0.10015613466914D-02  0.12266249931923D-03 -0.54232543081390D-03
 -0.98380033388078D+01 -0.29120884561625D+01  0.92655944751588D+01 -0.61774756372923D-04  0.73708232208864D-04 -0.81141193220116D-04
 -0.11908498324706D+02  0.46449893604426D+01  0.97314767009676D+01 -0.57091815485777D-03  0.65232544832653D-04  0.49380914243998D-03
  0.13694873397484D+01  0.12493934460619D+02  0.44686154120411D+01  0.24261012739156D-03  0.10762174713019D-03 -0.72799661097230D-03
  0.44876708238524D+01  0.11271571608085D+02  0.72235715731564D+01 -0.14581159868511D-03  0.69910552803359D-04  0.44909157209100D-03
  0.63045338128113D+01  0.12243187986111D+02  0.58218710418455D+01 -0.80466836751975D-04 -0.15684971106240D-03  0.13129285398389D-04
  0.34008304834198D+01 -0.48467218632932D+01  0.13508186906037D+02  0.15629954874068D-03 -0.26222150224756D-03 -0.20355306230758D-03
  0.33187824685106D+01 -0.68638653418729D+01  0.12513487086612D+02 -0.13020440322040D-03  0.18970385167451D-03 -0.41418202827533D-03
  0.54726614564397D+01 -0.39599580617490D+01  0.14720326505546D+02  0.19314476718689D-03 -0.33534230043102D-03 -0.20581562407170D-03
  0.75267044167689D+01 -0.55453737765300D+01  0.14854777593914D+02 -0.12315577043381D-03 -0.40142448576268D-03  0.83154721565886D-03
 -0.12901878493861D+02 -0.95364140623222D+00  0.53930383180495D+01 -0.75296267734636D-04 -0.10772489628825D-03  0.78392256087361D-04
 -0.15206051081288D+02  0.18423520783035D+01  0.77320297024930D+01  0.45123515965580D-03  0.14030296573092D-03 -0.24658374505253D-03
 -0.17377491104698D+02  0.79661715205771D+00  0.66000875823534D+01 -0.26739707687420D-03 -0.36934580743545D-03  0.27406129942461D-03
 -0.74632248232995D+01  0.73154580578009D+01  0.13168278771376D+02  0.42365884531708D-04 -0.38748171724591D-03 -0.41732680515951D-04
 -0.55581235131752D+01  0.39611030427514D+01  0.45911700763426D+01 -0.27991821930596D-03  0.30438815903841D-03  0.47689365492136D-03
 -0.18999353697091D+02  0.11294417321291D+01  0.78052595541283D+01 -0.22429804330532D-03 -0.36152703487951D-03  0.92421936030674D-04
 -0.17298797865858D+02 -0.12030102039540D+01  0.60451062168362D+01 -0.12103613553959D-02  0.91866382122936D-05  0.25744255773564D-03
 -0.17730051320747D+02  0.19683499929144D+01  0.50048174101752D+01 -0.26574230154436D-03  0.48035827435119D-03  0.81453492115439D-03
  0.96166052037916D+01 -0.45639647467717D+01  0.14606412967058D+02 -0.68817576710860D-03 -0.84096214256057D-04  0.13485398772342D-02
  0.72218172245661D+01 -0.65884708480202D+01  0.13227958073053D+02  0.99598648341803D-03 -0.51841925123227D-03  0.80800618545870D-03
  0.74311874546662D+01 -0.68869678289091D+01  0.16269135412938D+02  0.24456591300026D-03  0.10046571597238D-03 -0.25216912416963D-03
 -0.40676176941312D+01  0.44625151689914D+01  0.31538091864288D+01  0.11206800427942D-03 -0.75992903006521D-03 -0.49967253816784D-03
 -0.72522812768890D+01  0.43828444830668D+01  0.34728745131910D+01  0.54997983696278D-03  0.75199316787443D-03 -0.38286198231990D-03
 -0.51366060137486D+01  0.21271758236243D+01  0.54887190025525D+01  0.60551713156166D-04  0.14801653600234D-03  0.10647527976836D-02
 -0.73335235486075D+01  0.59386290478555D+01  0.14686214272822D+02 -0.38775734620685D-03  0.56860183945246D-03 -0.47952572638224D-04
 -0.93531753028995D+01  0.82771910776798D+01  0.13714060894119D+02 -0.42668991371325D-03 -0.41663527540152D-03 -0.47285816535725D-04
 -0.62566607374531D+01  0.91436960108744D+01  0.13183479358802D+02  0.55709529573876D-03 -0.62573245106014D-03  0.13306695705905D-02
  0.59410898337629D+01  0.11934993371201D+02  0.38798245208708D+01  0.41507157787065D-03  0.32429406123413D-03 -0.23035109651331D-03
  0.80924718004281D+01  0.11404062793234D+02  0.62096863991544D+01 -0.12014607804105D-02  0.38903461040267D-03 -0.39026771019934D-03
  0.63121677739962D+01  0.14137562952652D+02  0.64725778753510D+01  0.63226720838283D-03 -0.66693386172755D-03  0.92207755033617D-03
