   -0.02912483
    0.11642418
    0.01217336
    0.09581170
   -0.03016172
   -0.00387807
    0.03319055
    0.00564700
    0.09325544
   -0.24258307
    0.01969848
    0.10411194
   -0.28289895
    0.10828680
   -0.02095791
   -0.00368456
   -0.01417207
    0.13283957
   -0.02682073
   -0.00246371
   -0.02747914
   -0.35298294
   -0.35350185
    0.38661662
    0.40193265
    0.12236192
    0.10160690
    0.11921821
    0.12039903
    0.11538970
    0.10635813
   -0.50341939
   -0.39195922
    0.01449790
    0.38188601
   -0.48136014
   -0.38940376
    0.02659215
   -0.49942269
   -0.39388261
    0.00376890
    0.01498369
    0.01271147
    0.09802358
    0.10706924
    0.11492050
    0.08745647
    0.11431991
    0.07509736
    0.07512113
    0.07392655
    0.07217798
    0.08648059
    0.07551615
    0.10428527
    0.09925288
    0.07477819
    0.14196922
   -0.01935900
    0.12663829
    0.00463392
    0.10117384
   -0.02209809
   -0.00168503
    0.01838418
   -0.00413013
    0.09106066
   -0.27246707
   -0.00345784
    0.10209160
   -0.28678332
    0.10230619
   -0.02603158
   -0.00710726
   -0.02625239
    0.13114064
   -0.02413928
   -0.00493887
   -0.02546708
   -0.35671525
   -0.34363863
    0.35059006
    0.39205109
    0.14284442
    0.11693860
    0.12394373
    0.12566407
    0.10115044
    0.10534277
   -0.48814384
   -0.37689864
    0.01605007
    0.38810405
   -0.49363083
   -0.39001975
    0.04747534
   -0.49178424
   -0.37264258
    0.01262364
    0.02605761
    0.01977535
    0.08840457
    0.13723513
    0.07550424
    0.10530947
    0.07630265
    0.10900852
    0.07400876
    0.09413789
    0.07448003
    0.07537198
    0.08505630
    0.07129267
    0.08799022
    0.09759241
    0.13965531
