 -1.0
 -0.52005989656344D+01  0.12929953477638D+01 -0.15066541552134D+01 -0.86904160767267D-04  0.15473741166277D-03 -0.46909450081369D-04
 -0.35274950425263D+01 -0.25877049137045D+00 -0.77721625855724D-01 -0.59303325831346D-04  0.31030330373403D-03  0.49606261155617D-03
 -0.14533165835607D+01  0.82506811889772D+00  0.12429327936159D+01 -0.15181963376931D-03  0.13230524497123D-03  0.58431137917201D-04
 -0.87805423593738D+00  0.34104990037980D+01  0.83408180112455D+00  0.20678164082058D-03 -0.45685708444835D-04 -0.33749858937152D-03
 -0.25250291564503D+01  0.49300092494315D+01 -0.81754950433670D+00 -0.52225013566664D-04  0.17659551096131D-03 -0.18328312154446D-03
 -0.47341004673740D+01  0.38677522367509D+01 -0.17889305801742D+01 -0.66017607951178D-03 -0.77844596789477D-04 -0.31414090867382D-03
  0.16300595621020D+00 -0.54312538848868D+00  0.29445022420933D+01  0.75994709523440D-04  0.99216599829885D-04 -0.45348141450666D-03
  0.25335114192044D+01  0.44781419960847D+00  0.33894065208427D+01 -0.81305458371811D-05  0.37506288309023D-03 -0.23166021554375D-03
  0.32031280629402D+01  0.29273035724877D+01  0.25024320259458D+01 -0.13555043442342D-03 -0.27365004988334D-03  0.24204353929923D-03
  0.14296701329864D+01  0.43666042710794D+01  0.14672889803542D+01  0.24894216230653D-03 -0.33171428383069D-04 -0.74780216585182D-04
 -0.33594729236507D+00 -0.28359845038829D+01  0.43450743457818D+01  0.37826484046003D-03  0.22011669825641D-03  0.35181538452411D-03
  0.17276632971174D+01 -0.42756430885555D+01  0.52819679647609D+01 -0.26993388035282D-03  0.99639150970077D-04 -0.29789721718333D-03
  0.41654479813142D+01 -0.33222387491407D+01  0.57875903614795D+01 -0.35770594288985D-05 -0.20167010999453D-03 -0.82927205434913D-04
  0.44564377182427D+01 -0.10753003672281D+01  0.47808343207965D+01 -0.23324250285919D-04 -0.35529147523413D-03  0.98442197372779D-04
  0.67648015560716D+01  0.16434390892713D+00  0.52579184505300D+01  0.11129499426356D-03  0.48684796945466D-03  0.27760748132700D-03
  0.71840537366296D+01  0.25568759944621D+01  0.44147280201116D+01 -0.13111214496917D-03 -0.20505997561452D-03 -0.42412570198410D-04
  0.55860455749890D+01  0.38553200651280D+01  0.29180469366215D+01  0.34048272584667D-03 -0.77793128035013D-04 -0.24950963477141D-04
 -0.30258054349097D+01 -0.34398910364542D+01  0.48163212716775D+01  0.28672813274218D-04  0.18497199578269D-03 -0.22040251474911D-03
 -0.34733038633697D+01 -0.58824622183999D+01  0.56554953195494D+01 -0.13631872798996D-03 -0.84559588801598D-04  0.36962869772213D-04
 -0.15391167711588D+01 -0.76264764722502D+01  0.60423839301813D+01  0.24955108633520D-03  0.10594955573449D-03 -0.48987614499502D-03
  0.96987010141712D+00 -0.68243220277843D+01  0.60312613485295D+01  0.44460408634865D-04 -0.35748821513466D-04  0.15274605346060D-03
 -0.48005499919045D+01 -0.15549824797275D+01  0.50072440805387D+01  0.88797873125827D-04  0.10404748237895D-03 -0.29030343098012D-03
 -0.39407436926292D+01 -0.27979684210026D+01 -0.16131080850451D-01  0.59413466620309D-05 -0.12667325041229D-03 -0.21237218575844D-03
 -0.64115895698635D+01  0.56192294758229D+01 -0.33234933426567D+01  0.17636412701047D-03  0.42522550132750D-03 -0.28222110032925D-03
 -0.18464495134531D+01 -0.10062404130528D+02  0.72884340438419D+01 -0.43692865305850D-04  0.19501594318518D-03  0.13838886110273D-03
 -0.21345795965961D+01  0.69348298252608D+01 -0.90159338307933D+00  0.30873798332159D-03 -0.30332017869525D-03 -0.61826344322942D-03
 -0.68383271211824D+01  0.37080242561827D+00 -0.24097757219835D+01  0.29698820777503D-03 -0.17461602047477D-03 -0.39522043740263D-04
  0.58820105741129D+01  0.57390947777641D+01  0.24083287634645D+01 -0.21394472655327D-03 -0.63698891304675D-03  0.10032382699942D-03
  0.80623945488823D+01 -0.60951315751162D+00  0.66749401877450D+01 -0.24624919778377D-03 -0.37004746971480D-03 -0.73206026313087D-04
  0.21245267461486D+01 -0.81369830104741D+01  0.69881309706136D+01 -0.11740956646185D-03 -0.67353352576252D-03  0.28367915017914D-03
 -0.52513024154785D+01 -0.64596474329177D+01  0.61020903631760D+01  0.54384282007966D-03  0.54291318561661D-03 -0.48809008117140D-03
 -0.59667704944460D+01  0.78650702594323D+01 -0.32081069484752D+01 -0.20111555448989D-03 -0.21543415911310D-03 -0.12399203847783D-03
 -0.86274178588418D+01  0.47555106186710D+01 -0.42633389785092D+01 -0.98218894919520D-04 -0.33915630335603D-03  0.30237390665039D-04
 -0.10248932080974D+02  0.65420995230167D+01 -0.55184769636755D+01 -0.28507912428471D-04  0.18795750390030D-03 -0.40891270746557D-04
  0.98134896392578D+01  0.37498204592376D+01  0.48746196955274D+01  0.31811534521272D-03 -0.79026807268219D-04 -0.12395872740779D-03
  0.11449506176033D+02  0.25486663678295D+01  0.58948002500047D+01 -0.20831042294379D-03  0.17781793779014D-03  0.25958973617405D-04
  0.98792024178877D+01  0.61966363329075D+01  0.40062563710942D+01 -0.10407939218660D-03 -0.11268728684792D-04 -0.33203971720635D-03
  0.12365698812177D+02  0.71700756084358D+01  0.40795898019799D+01 -0.70005811980223D-04  0.88541800774156D-04 -0.20808662844947D-03
 -0.41197532685200D+01 -0.10791988749221D+02  0.74525594926195D+01 -0.15604400585944D-03  0.21667157307645D-03  0.94109641279595D-04
  0.29300536024084D+00 -0.11529987461908D+02  0.76887140976305D+01  0.25208503274127D-03 -0.13700848140187D-03  0.35389867413350D-03
 -0.43146536602189D+00 -0.14111899949453D+02  0.75029852694281D+01  0.42441648709024D-04 -0.36229972496831D-03 -0.10590259269206D-03
 -0.73988819412851D+01 -0.24749656751229D+01  0.51080688255591D+01  0.59281418513412D-04  0.21384549069513D-03  0.31422690128403D-03
 -0.56659247476250D+01 -0.35919890381587D+01 -0.19138430983863D+01 -0.15560861427818D-03  0.30708266942399D-03  0.17142888909188D-03
  0.32570650098278D+00 -0.14748688524362D+02  0.54533499923155D+01  0.48405898331715D-04 -0.69936513273634D-04 -0.14271377727755D-03
 -0.25345000052028D+01 -0.14614248093902D+02  0.77832340664867D+01 -0.53513818399858D-03  0.28504861053081D-03  0.83109158506217D-03
  0.72747091363339D+00 -0.15124033122735D+02  0.89179234632886D+01 -0.20388903584666D-03 -0.46248272549086D-04 -0.96240605494167D-04
  0.13699240058583D+02  0.56829829921422D+01  0.44301968582375D+01  0.16897108589948D-03  0.57173132964003D-03 -0.22809238588714D-03
  0.12416459208849D+02  0.85235771725028D+01  0.55477356754070D+01 -0.65800554055045D-04 -0.59397639766904D-03 -0.44643153597170D-03
  0.12908831914601D+02  0.77006229774901D+01  0.22950075739076D+01  0.40494984821020D-03 -0.68867150497338D-03  0.43338401713812D-03
 -0.52990818271526D+01 -0.56080232953487D+01 -0.24088015209380D+01 -0.40224802460905D-03  0.60041473745490D-04 -0.11493742342898D-03
 -0.54185257404453D+01 -0.24171238162835D+01 -0.36047403168487D+01 -0.62458128538942D-04  0.26432477142728D-03  0.34696334784767D-03
 -0.77439631944078D+01 -0.37151184088065D+01 -0.13726923130693D+01 -0.51779815766778D-03  0.34800931894217D-04  0.92891961039126D-04
 -0.76263375051388D+01 -0.39565385416900D+01  0.65767223079588D+01  0.48889230810009D-03 -0.63790178697687D-03  0.24894687110027D-03
 -0.76805660001667D+01 -0.27775634975373D+01  0.30575781867818D+01  0.39966349565943D-03 -0.13442964237947D-03  0.35294883997463D-03
 -0.85947480686011D+01 -0.10216338580894D+01  0.57660038272033D+01 -0.15656410450564D-03 -0.10843354191533D-03  0.21424688434363D-03
 -0.12196854438458D+02  0.59192442219677D+01 -0.51050945671761D+01  0.17766260213193D-03 -0.92927845951774D-04  0.44712589358801D-03
 -0.96960969648167D+01  0.66182445443378D+01 -0.75578938148347D+01  0.45601209618075D-03  0.29167138333369D-04 -0.57343076688122D-03
 -0.99022863455181D+01  0.84839293142106D+01 -0.46676936546335D+01 -0.33042049245877D-03  0.29144851311384D-03  0.23237017931948D-03
 -0.32545558097831D+01  0.71918912439249D+01  0.65811176856138D+01  0.11963605518902D-03 -0.27231838554414D-04 -0.72346957847357D-04
 -0.43680902210674D+01  0.49279425885671D+01  0.73233737636411D+01  0.16309258571618D-03  0.22606907459096D-03  0.20831506686833D-04
 -0.27188517078479D+01  0.34997077327027D+01  0.89859103539047D+01  0.51797765865426D-04  0.10540916309393D-03  0.18652997323220D-04
 -0.51081110359260D-01  0.36632250826952D+01  0.88111068062027D+01  0.14591902558958D-03  0.27224226280860D-03  0.15123528326194D-03
  0.95211431853101D+00  0.59454766486515D+01  0.78167162558998D+01  0.14164795868852D-03  0.21796265264946D-03 -0.11956144020098D-03
 -0.65622056674027D+00  0.77381801559749D+01  0.68513065410198D+01 -0.26720831941308D-04  0.86665825811173D-04  0.25797388503851D-03
 -0.36314811639086D+01  0.11513830906394D+01  0.10193623992812D+02  0.11710132615432D-03  0.12462688878874D-03 -0.42813261059632D-03
 -0.17600362149296D+01 -0.71623180239069D+00  0.10767594831523D+02  0.27762209892733D-03  0.31680493314247D-04 -0.35593073577064D-03
  0.88921167180927D+00 -0.29905266939784D+00  0.10386579597146D+02 -0.34381979460228D-03  0.69426741053551D-04 -0.33376192641968D-06
  0.16779230793561D+01  0.19623322554255D+01  0.95726486427775D+01  0.26609188192819D-03 -0.25607166044303D-03  0.48123857344364D-03
 -0.61954922391782D+01  0.65912039337904D+00  0.10799955022457D+02  0.24182316864138D-03  0.49627791212984D-04  0.37124221837249D-03
 -0.67840575494480D+01 -0.20007347705800D+01  0.11047249811828D+02  0.19663199669524D-03 -0.23520130445663D-03  0.16587669087865D-03
 -0.51434522406779D+01 -0.37909126745264D+01  0.11682027093398D+02 -0.37671865536054D-04  0.14802167189237D-03 -0.16846319358037D-03
 -0.26953217726932D+01 -0.31280195058344D+01  0.11635721572803D+02 -0.12678352683748D-03  0.92191168775887D-04  0.25330763103480D-03
 -0.80719458365272D+00 -0.50419455383333D+01  0.12357822546202D+02 -0.14102900859486D-03  0.15993645455746D-03 -0.14828966860775D-03
  0.17657363023758D+01 -0.45327965158453D+01  0.11996444979085D+02 -0.75000784949129D-04 -0.15650316510050D-04  0.53411163331217D-03
  0.26589294439392D+01 -0.22136546218709D+01  0.10979612408130D+02 -0.60206691148735D-04  0.31143480013395D-04  0.16592116870514D-03
 -0.81675193928320D+01  0.26571929674701D+01  0.11088771812398D+02 -0.15255184550074D-03 -0.28273263007253D-04  0.23551536214585D-04
 -0.10668403965350D+02  0.19926247296410D+01  0.11492756574440D+02  0.27076405275781D-05  0.20705763441442D-03  0.40570613145165D-03
 -0.11273473554086D+02 -0.57849571776876D+00  0.11333390113937D+02 -0.44259933217406D-03 -0.37928691814361D-03 -0.46044713919671D-03
 -0.94196452899554D+01 -0.24342336535440D+01  0.11310420532272D+02  0.27591365304386D-03 -0.27141064434213D-03  0.33158927295048D-04
 -0.74427594964016D+01  0.53036469436637D+01  0.11186420578030D+02 -0.14655387689738D-03 -0.80046144662679D-04  0.37378628786710D-03
 -0.67959791919154D+01  0.39043949591208D+01  0.65654888944414D+01 -0.55109081560513D-04  0.71749933488446D-04 -0.32939997297942D-03
  0.16956709990440D+00  0.10128281106642D+02  0.57336733774885D+01  0.94618323302031D-04 -0.11813992065239D-03  0.13868282323221D-03
 -0.13913129568077D+02 -0.14661482589131D+01  0.11844405251694D+02  0.17199255390746D-03 -0.40660493143529D-03  0.36228936878150D-04
  0.29044717091127D+01  0.63001302130153D+01  0.80019875723580D+01 -0.45278138147915D-03 -0.69643008830565D-03 -0.36540566995757D-04
 -0.42961063670927D+01  0.83258406843662D+01  0.52659207597013D+01 -0.61600615843033D-04  0.12352516226198D-03 -0.39114247084189D-04
  0.46027121967805D+01 -0.19793958701428D+01  0.10867454037271D+02  0.16660950988348D-03  0.93391317455685D-04  0.24642784121590D-03
 -0.14584362171492D+01 -0.68295868160570D+01  0.13266986897350D+02  0.82411741564463D-03 -0.29369021651727D-03  0.15922893018864D-04
 -0.10110405047427D+02 -0.42889156369786D+01  0.11536330051544D+02 -0.15133502333307D-03  0.46238160010856D-03  0.43640034628898D-04
 -0.12155026774171D+02  0.30242525423777D+01  0.12226643900695D+02  0.19583682696988D-03  0.57532304688255D-04 -0.81922845787477D-04
  0.21926013372642D+01  0.10991858239788D+02  0.62273369350175D+01 -0.98713903302326D-04 -0.78643643924034D-04  0.35364429714107D-03
 -0.15605434980073D+01  0.11617611958067D+02  0.44249230154020D+01  0.24455447718929D-04  0.52604815301032D-04  0.28365012907806D-05
 -0.44941926371256D+00  0.13824457657987D+02  0.37375311944116D+01 -0.25938921601677D-03 -0.30548697278093D-03 -0.85411567371718D-04
  0.36206386192099D+01 -0.62747024778548D+01  0.13268307352887D+02 -0.17450548929952D-03 -0.59851369847814D-04  0.14122427639233D-03
  0.31950366013123D+01 -0.85760036673987D+01  0.13507306653772D+02  0.30216621431250D-03 -0.10810205734264D-03  0.16247913462359D-03
  0.58209197821835D+01 -0.53212704845530D+01  0.14052178430631D+02 -0.69515000379499D-04  0.17424457219104D-03  0.17555657848146D-03
  0.73412539187333D+01 -0.71888552021354D+01  0.15012715456170D+02 -0.17754704443593D-03 -0.72909545185302D-05  0.41243689330356D-04
 -0.15752872814876D+02 -0.39848609138638D-01  0.11940192717829D+02 -0.14052107796115D-04 -0.58961114953069D-04 -0.22249009306261D-03
 -0.14003872402230D+02 -0.40573755317380D+01  0.11903663544372D+02  0.12071038907359D-03 -0.87584362513505D-04 -0.27119130868347D-03
 -0.16656607854108D+02 -0.48787441874889D+01  0.11892573785483D+02 -0.28134395301509D-03 -0.28524656740399D-03 -0.36206089179382D-04
 -0.92827276246212D+01  0.70116170542147D+01  0.11986836557563D+02  0.31561649122080D-03 -0.42433813222913D-03  0.37287863603328D-04
 -0.82384840273264D+01  0.54777132115904D+01  0.51340403569214D+01  0.22394644370492D-03 -0.25341779058491D-03  0.79011938717132D-04
 -0.17866303026394D+02 -0.32962862128608D+01  0.11453163281623D+02  0.45350694677731D-03 -0.64667445974894D-04 -0.62181435533529D-03
 -0.17336131082207D+02 -0.57021410252720D+01  0.13729989315635D+02 -0.34216587528551D-03 -0.25312172485650D-03  0.54601659872561D-03
 -0.16548780748835D+02 -0.60554807955097D+01  0.10241249864596D+02 -0.48478289879334D-03  0.93702074295018D-03 -0.20951783919292D-03
  0.91375861193497D+01 -0.63849928443008D+01  0.14879940595522D+02 -0.76915537592243D-03 -0.28672162107034D-03 -0.70857109329832D-03
  0.71409814144903D+01 -0.85638447320091D+01  0.13459556166330D+02 -0.14065542399773D-03  0.49298765789135D-03 -0.12398302601618D-03
  0.66224573389971D+01 -0.75656993049774D+01  0.16914425139194D+02 -0.14429127002098D-03 -0.30717873022233D-04 -0.62370239765724D-03
 -0.10232183059246D+02  0.52074141693877D+01  0.54987935784553D+01 -0.29867549935826D-03  0.34000172253730D-03  0.17429207549384D-03
 -0.78666983993646D+01  0.50909345622536D+01  0.31248139108395D+01  0.44686434289834D-04  0.53455866696410D-03 -0.69865285797775D-03
 -0.77100049777305D+01  0.74334365567500D+01  0.58380548424242D+01  0.47724837912100D-03 -0.24637297778588D-03 -0.98564999444549D-04
 -0.88373166474589D+01  0.75725685556943D+01  0.13851421150672D+02 -0.56429778463182D-03  0.91284841809588D-03  0.19251723227157D-03
 -0.11047904365599D+02  0.60810357079438D+01  0.12027651169642D+02  0.11791666405748D-03  0.45273072274583D-03  0.49186987535995D-03
 -0.91209291998561D+01  0.85686728817306D+01  0.10723064031857D+02  0.27882975540517D-04  0.38891913176753D-03  0.10478698235061D-03
  0.23863525949690D+00  0.14728030079530D+02  0.54771669243764D+01 -0.66291487127288D-04 -0.40150313505689D-03  0.50912409732767D-03
 -0.20488383648521D+01  0.14904758666113D+02  0.28419501732152D+01 -0.14388524159313D-03  0.32227924951369D-03 -0.56019537820249D-04
  0.11038149417710D+01  0.13574187030953D+02  0.24907249578494D+01 -0.25274947769437D-03 -0.48173764688533D-03  0.19506598918356D-03
