 -1.0
 -0.58212569831809D+01  0.15644435753123D+01 -0.27667956288051D+01  0.51762478218455D-03 -0.13636808722958D-03  0.19419310529063D-03
 -0.47097628592085D+01 -0.41391519113225D+00 -0.14762136390256D+01  0.45303896255088D-04 -0.43518281738498D-04  0.51190437701086D-04
 -0.28405763393813D+01  0.32422241296471D+00  0.46186838166266D+00 -0.94288513094913D-05  0.90617334829095D-05 -0.93669301263859D-04
 -0.20951512653433D+01  0.29114195586633D+01  0.83965767995337D+00  0.10026040470634D-03  0.19855843607400D-03 -0.23950357109399D-03
 -0.35857056090022D+01  0.48202309766596D+01 -0.40911134828430D+00  0.52307090345367D-04  0.29467249876830D-03 -0.13236088469028D-03
 -0.54200991341185D+01  0.40764122956758D+01 -0.23048272385978D+01  0.12829744741785D-03 -0.12219706348983D-03 -0.96746333376512D-04
 -0.19097238641907D+01 -0.14457785800007D+01  0.23231595788506D+01 -0.88672231801148D-04  0.10224910349034D-03 -0.25934267785572D-03
  0.49189672660103D+00 -0.66511735308855D+00  0.33858604529414D+01 -0.30242000882903D-03 -0.46261270354775D-03 -0.10599411305372D-03
  0.16317539495913D+01  0.16792557790848D+01  0.26020984321750D+01  0.78428256707206D-04  0.24366663661176D-03  0.98445145392842D-04
  0.28737877756211D+00  0.34404310764565D+01  0.16090993326249D+01  0.63844642540130D-04  0.32622424674585D-03  0.24614035618528D-03
 -0.30346484045935D+01 -0.35699449515847D+01  0.32531396730786D+01 -0.19122567544513D-03  0.17409864582130D-03 -0.56912412940065D-03
 -0.13234622271459D+01 -0.49711165089221D+01  0.48380989008395D+01 -0.79667311294794D-04  0.18695241806159D-03  0.42683633593060D-03
  0.10235156312613D+01 -0.44316922937648D+01  0.58035046528506D+01 -0.19221767596952D-03 -0.21678771658656D-03  0.48229018373569D-04
  0.19613140194314D+01 -0.20876118541564D+01  0.51576827719124D+01 -0.53546299090559D-04  0.19202805826604D-03  0.44698593464222D-03
  0.44967303508874D+01 -0.15896987838322D+01  0.55760706543263D+01  0.29186295801586D-03  0.69243790472136D-04  0.34410503187601D-03
  0.56081263310915D+01  0.38821795147324D+00  0.44141392176727D+01 -0.36069504811509D-03 -0.25449508577664D-03  0.34814158568125D-03
  0.41923796545827D+01  0.20171064243115D+01  0.31573798047493D+01 -0.41113629303553D-03 -0.40225584252155D-03  0.18768174808213D-03
 -0.56163496452005D+01 -0.42182900849988D+01  0.32823900173528D+01 -0.69214354261193D-04  0.17551464936358D-03 -0.64127018029644D-04
 -0.62024945194844D+01 -0.64952062900197D+01  0.45505686863056D+01  0.50593767158823D-03  0.22104147900490D-03  0.22472817700445D-03
 -0.44374410768371D+01 -0.82921173569758D+01  0.52498960778433D+01  0.18132634759895D-03  0.24252456886671D-03  0.14332929026783D-03
 -0.20095297486430D+01 -0.73847008717398D+01  0.55973932400444D+01  0.23984939178490D-03 -0.28421100948131D-03 -0.63083528474762D-03
 -0.74510369186422D+01 -0.25412099855183D+01  0.23517971077812D+01  0.44911678051456D-04  0.19942591046478D-03  0.12342226589401D-03
 -0.52813997188921D+01 -0.28803716043663D+01 -0.21594969572764D+01 -0.50385769231289D-03 -0.19814026744163D-03  0.39589234252711D-04
 -0.70787398638194D+01  0.60334158561106D+01 -0.34489959652290D+01  0.17931307479708D-03 -0.11393387819074D-03  0.52921499618198D-04
 -0.53254033992918D+01 -0.10531393923682D+02  0.65189757085626D+01 -0.32940224308741D-03 -0.15944532581728D-03 -0.34903710863402D-03
 -0.24427930038324D+01  0.65035924858723D+01 -0.41735857150343D+00  0.21607363514671D-03  0.94211738953923D-03  0.99830864706395D-03
 -0.68993956415044D+01  0.11299542931248D+01 -0.43031266339461D+01  0.63432075503849D-03  0.11960152826679D-02  0.67327540350872D-04
  0.51762422070260D+01  0.36689958641208D+01  0.27000281507472D+01  0.49821836587827D-03 -0.10543237178834D-02 -0.86697280913310D-04
  0.53941076124611D+01 -0.29000803286539D+01  0.68221449648428D+01 -0.59834986005831D-03  0.88303890958580D-04  0.18040480557640D-03
 -0.72227223293256D+00 -0.85833907598852D+01  0.66083896574979D+01  0.57006488820915D-03  0.80954558654466D-03  0.35154008880662D-03
 -0.82182263906702D+01 -0.71426454861488D+01  0.47524643620785D+01 -0.38803787055451D-03 -0.24101043226032D-03  0.31393856544545D-03
 -0.95362687090682D+01  0.57639177544259D+01 -0.35292409766217D+01  0.71544015769181D-04 -0.75183576341341D-04  0.44146542436035D-03
 -0.60445279925793D+01  0.81526440027358D+01 -0.44701126393100D+01 -0.38488780509212D-03 -0.16006310401133D-03 -0.38785491634888D-03
 -0.79449857737388D+01  0.95614851174242D+01 -0.55628675648835D+01  0.60050379982206D-03  0.25537069869929D-03 -0.30211508667961D-03
  0.84812666421390D+01  0.75220150305275D+00  0.45666707643778D+01  0.11523203557088D-03 -0.43516086256052D-03 -0.12544951409567D-03
  0.97075240183612D+01 -0.24625626018373D+00  0.63218990569040D+01 -0.37324265261974D-03 -0.49394533419859D-04  0.46928943121382D-03
  0.93200197468301D+01  0.22789620733992D+01  0.27146212289186D+01 -0.95356983942954D-04  0.10381568840911D-03 -0.14760496836518D-03
  0.11453710802036D+02  0.34060568485817D+01  0.36857874484704D+01 -0.13893700966639D-03  0.54344779481073D-03  0.75317788452009D-04
 -0.73853418423389D+01 -0.11423125223317D+02  0.57671922363169D+01  0.30982440461914D-03 -0.10382937403943D-03  0.35673205114401D-03
 -0.39150183071746D+01 -0.11177472072569D+02  0.86688011077467D+01  0.20779157952892D-03  0.29739399394214D-03  0.49839556314485D-04
 -0.51899426547834D+01 -0.13160371190014D+02  0.10057204645581D+02 -0.24674371630757D-03  0.34621660990346D-03 -0.33223509189081D-03
 -0.98188289334316D+01 -0.37699388055602D+01  0.21236303268477D+01  0.61058070722560D-04 -0.29598270654742D-03  0.54194631714364D-04
 -0.35311643368347D+01 -0.43006879492300D+01 -0.36353222776533D+01  0.42347089462873D-03 -0.52002960840299D-03 -0.68564232415036D-06
 -0.37965425001539D+01 -0.14544494846287D+02  0.10319417601466D+02 -0.11168154417416D-02 -0.34689161569637D-03  0.38629573819559D-04
 -0.68465772076593D+01 -0.13676118062992D+02  0.87572524224722D+01 -0.73965673213271D-04 -0.89305719672412D-04 -0.20498297646707D-03
 -0.58523170289225D+01 -0.12373824205357D+02  0.12055568193062D+02  0.41828545489799D-03  0.87933121053529D-04  0.11752601656787D-02
  0.13227500269344D+02  0.33434142004353D+01  0.24717183098107D+01 -0.62530724318466D-03 -0.12164841639717D-03 -0.61428612071188D-03
  0.11812094384565D+02  0.32475050409231D+01  0.57490541035508D+01 -0.11279987729144D-02  0.42545813447372D-03  0.31287886717962D-03
  0.11026928808185D+02  0.54411589365069D+01  0.34492475306548D+01 -0.40484379070588D-03  0.20577411926704D-03 -0.47822286317232D-03
 -0.24232410255154D+01 -0.51050815728755D+01 -0.19809347157113D+01 -0.15109060524147D-03 -0.96290315331539D-05  0.44188991160686D-04
 -0.23482135160547D+01 -0.33358531848679D+01 -0.48926886553880D+01 -0.22063029673432D-03 -0.25582948688924D-04  0.61527127201523D-03
 -0.49112398043706D+01 -0.53321920730228D+01 -0.47474116723418D+01 -0.25328234517238D-03 -0.60884422175436D-03 -0.23086273672975D-03
 -0.96602418730432D+01 -0.56400143388584D+01  0.15708234169178D+01 -0.42340327394687D-03  0.66861493275759D-03 -0.74572879787810D-03
 -0.10878692580052D+02 -0.27089425227099D+01  0.90875528086499D+00 -0.71424852575213D-03  0.81144397373837D-03 -0.36267768536953D-03
 -0.10908066889643D+02 -0.33431855042207D+01  0.38356938306705D+01  0.43161946384512D-03  0.11301196605975D-02  0.14913748877674D-03
 -0.75172312712390D+01  0.11448158280250D+02 -0.48277814215835D+01  0.40875313051060D-03 -0.53816590271875D-03  0.11267904441907D-04
 -0.98051813378900D+01  0.92975417238426D+01 -0.49517541298002D+01  0.77872494389387D-03 -0.33452785028431D-03  0.56508486035281D-03
 -0.78269960902591D+01  0.97610647618278D+01 -0.76350549980959D+01 -0.19212134272587D-03  0.22922776834847D-05 -0.14913708908280D-03
 -0.29571075627979D+01  0.66906303864920D+01  0.53175058182868D+01  0.83163552476428D-04  0.28721671445484D-04 -0.56399347745104D-05
 -0.32137993925069D+01  0.45077148325347D+01  0.68597312282581D+01  0.20090469572572D-03 -0.41900633053971D-03  0.15067177184576D-03
 -0.17615740935408D+01  0.42933064628683D+01  0.90279652542729D+01  0.18333324555114D-03 -0.38465735622716D-03 -0.57677838433173D-03
  0.19440893362211D+00  0.60168199293027D+01  0.93984088191957D+01  0.76143632243235D-04 -0.11335431143891D-03 -0.90183683274685D-04
  0.41164984162797D+00  0.79551631151675D+01  0.77604880342245D+01  0.59201430766177D-04 -0.17833309273414D-03 -0.24549714878201D-03
 -0.10914510341384D+01  0.82724435124209D+01  0.57456923440556D+01  0.14386559854026D-03  0.33689226478026D-04 -0.51365764713839D-03
 -0.21938732068247D+01  0.26859553076969D+01  0.11051567556982D+02  0.13434187007581D-03 -0.43181325135843D-03 -0.21285020153430D-03
 -0.23672338846730D+00  0.23433664948851D+01  0.12848875428972D+02 -0.47346629397454D-03  0.75801477619735D-04  0.40009850273390D-03
  0.22336647050894D+01  0.35772244953976D+01  0.12482510692458D+02 -0.27996278127834D-03 -0.17768802068437D-04  0.62405047696662D-03
  0.22754303504066D+01  0.56072129250779D+01  0.10908974971742D+02 -0.54364403487173D-04 -0.22571054984456D-03 -0.21827788563860D-03
 -0.44233856343105D+01  0.92418395385105D+00  0.11520369464682D+02 -0.29792785393855D-03 -0.42710717382931D-03  0.41809209939169D-03
 -0.40165142392081D+01 -0.12167303537143D+01  0.12840437832642D+02 -0.16620213927573D-03 -0.20262236319795D-03 -0.63716577013716D-04
 -0.17692426243271D+01 -0.17783296916828D+01  0.14111443100458D+02  0.47593488525035D-03  0.29866208026074D-03  0.44031492963549D-03
 -0.71343745319717D-01  0.11842205332419D+00  0.14363701624224D+02 -0.27711006371711D-03 -0.40404030499431D-04  0.14557770289326D-03
  0.21284471126136D+01 -0.50257362189573D+00  0.15506338084065D+02  0.13626772439659D-03  0.17017653074202D-03  0.12191712852772D-03
  0.42781477017366D+01  0.87297735734357D+00  0.15455432610439D+02  0.43024845079036D-04 -0.16170756943846D-03  0.14099891980599D-03
  0.45702215324387D+01  0.28278167982259D+01  0.13686444954906D+02 -0.15017695577874D-03  0.27426281089826D-03  0.99741862765230D-04
 -0.69164859022573D+01  0.17035001545934D+01  0.10584865298740D+02 -0.13457222400073D-03 -0.60583030238293D-05  0.30398103969499D-03
 -0.84753345552454D+01 -0.35173407442454D+00  0.10345856202441D+02  0.12920322083019D-03  0.62946777263925D-04  0.26698892507836D-04
 -0.80680381797976D+01 -0.26113551098206D+01  0.11561662335345D+02  0.74653576300337D-04  0.36061519905207D-04 -0.55606593172600D-03
 -0.57117028691494D+01 -0.31153104532118D+01  0.12764746303686D+02 -0.16451594082286D-03  0.11631768836676D-03  0.22150861566011D-04
 -0.76040073141280D+01  0.42858189491585D+01  0.10092774393902D+02 -0.18554786443510D-03  0.32555555541316D-03 -0.12677730887665D-03
 -0.47196611864752D+01  0.25642821042658D+01  0.61809072387063D+01 -0.28107542775221D-03 -0.33226998888516D-03 -0.43694043578053D-03
 -0.49355762720274D+00  0.10455635366670D+02  0.40717115468284D+01  0.24528160086862D-03  0.99232031139609D-04 -0.16252549924887D-04
 -0.98917379798813D+01 -0.45229987472549D+01  0.11251589213418D+02 -0.35612389577399D-03  0.27042389996333D-03  0.12852995732896D-03
  0.17697899937204D+01  0.94927019664913D+01  0.77359510425153D+01  0.10754517150525D-02 -0.64012710850963D-04  0.19110178949166D-03
 -0.44499985272497D+01  0.68077045356305D+01  0.39745510759366D+01  0.17618008523356D-03 -0.50322419077034D-03  0.28872847660097D-03
  0.64599720700532D+01  0.38747834990442D+01  0.13492177374045D+02 -0.64010315432547D-03  0.52231622479798D-03  0.85047918129228D-03
  0.24420383389650D+01 -0.23784958881713D+01  0.16346760556831D+02  0.58162490306929D-03 -0.73028557321094D-03 -0.78332209642230D-03
 -0.53064845343302D+01 -0.48497682532697D+01  0.13722743512257D+02  0.31089975676635D-03  0.39384913429505D-03  0.45863804761445D-03
 -0.10050219764018D+02 -0.36690313561130D+00  0.90552277736962D+01  0.44706288737769D-03  0.40844337392917D-03 -0.12972314566659D-03
  0.13830151080596D+01  0.11850571419102D+02  0.42509834849788D+01  0.14620309554876D-03 -0.25244138476392D-04  0.11126033198820D-03
 -0.20780500922389D+01  0.10540373098749D+02  0.19825464126068D+01 -0.51502189462785D-03  0.21623753878405D-03  0.11104677287098D-03
 -0.97568164531735D+00  0.11875783739779D+02 -0.13593305811434D+00 -0.49507310954645D-03  0.80636976496891D-04 -0.19443857734709D-03
  0.64091096611482D+01  0.27487648542185D+00  0.17049197181069D+02  0.34647258158431D-03  0.18533684985026D-03 -0.42453718049842D-03
  0.84102619984626D+01  0.14610725079348D+01  0.16927007628572D+02  0.32192104038275D-03 -0.26064827878037D-03 -0.85342551931900D-04
  0.57760959324827D+01 -0.17223120111935D+01  0.18563598696743D+02  0.31860569218333D-04  0.38614521138549D-03 -0.16923462918725D-03
  0.77925302977886D+01 -0.23255484521852D+01  0.20050879024986D+02  0.13897617982177D-03  0.85943324403083D-04 -0.16184626230215D-03
 -0.12111178074088D+02 -0.42856823262858D+01  0.11298117018183D+02  0.13386324153341D-03 -0.39667791603621D-03 -0.20534962330571D-03
 -0.88525108791519D+01 -0.69767006328431D+01  0.10988175499367D+02  0.12115428307667D-03 -0.10344544966957D-03 -0.19096187983256D-03
 -0.10930286884354D+02 -0.85205380440580D+01  0.11609518652148D+02  0.14119925598183D-03 -0.31962422469199D-03  0.26111434648415D-03
 -0.10097315368276D+02  0.50172405239040D+01  0.10640357199870D+02  0.36689911842178D-03 -0.25356703183787D-03 -0.10846788378192D-03
 -0.68651343106579D+01  0.31139108378618D+01  0.48972409810530D+01  0.35892893846605D-03 -0.66228813018473D-04  0.71154415127998D-04
 -0.12746798780814D+02 -0.77301671230987D+01  0.10854243832073D+02  0.40953101046443D-03 -0.33795093906489D-03 -0.42986134758098D-03
 -0.11229801235397D+02 -0.81915210162571D+01  0.13722190693858D+02 -0.35061078921146D-03  0.11183998344882D-02  0.15180720572818D-03
 -0.11153383493106D+02 -0.10654533650290D+02  0.11275815232868D+02  0.11605342682700D-03  0.67088135159724D-04 -0.68282323652968D-03
  0.94937023377151D+01 -0.24683718182980D+01  0.18972778218014D+02  0.45018704984820D-03 -0.11010088877587D-03 -0.62050674269488D-03
  0.73427387675858D+01 -0.41776662819760D+01  0.20878831954009D+02 -0.13047945263692D-02 -0.81762207540091D-03 -0.20171517871433D-03
  0.82763052719089D+01 -0.11556750513611D+01  0.21660809101743D+02  0.41508015939497D-03 -0.38533727076761D-04 -0.69844819226226D-03
 -0.82000823839298D+01  0.15177886086214D+01  0.52254618149814D+01  0.43147014637931D-03  0.18255069971838D-04 -0.24947391106622D-03
 -0.66175420261991D+01  0.39057872714210D+01  0.29866343835818D+01 -0.16120016620379D-04  0.11060360119596D-03  0.18521023028972D-03
 -0.77801915111604D+01  0.47431933557597D+01  0.60617103037553D+01  0.28972683079336D-03  0.58281005665608D-03 -0.11506424044179D-02
 -0.10275532089638D+02  0.57051311155903D+01  0.12703195708213D+02  0.32227045262066D-03 -0.70165060485495D-03 -0.39341693258692D-04
 -0.11375196274611D+02  0.34415490345907D+01  0.10703267430707D+02 -0.53365705487746D-03  0.11434315812689D-03  0.11997201206882D-02
 -0.10801987905119D+02  0.64868833481628D+01  0.92817578607892D+01 -0.30109985430013D-03  0.66622548853852D-03  0.39584846373367D-03
  0.71068767206689D-01  0.10418534986128D+02 -0.14370177676092D+01 -0.61817448388829D-03  0.18253546566151D-03 -0.40858500064103D-03
  0.26486271566793D+00  0.13571601388538D+02  0.26220612327631D+00  0.12407368056022D-02  0.38373369898698D-03  0.78657887804662D-03
 -0.24530886942785D+01  0.12635276469897D+02 -0.13231265968697D+01 -0.13175960793877D-02  0.24245301636487D-03  0.44442372361177D-04
