 -1.0
  0.25532810544841D+00  0.17442897107705D+01 -0.38347899051312D+01  0.88032893380426D-04  0.63927569280834D-03 -0.44566973019162D-05
  0.71177878250617D+00  0.34258572012283D+00 -0.15815298074708D+01 -0.15270889453403D-04  0.20730395825475D-03 -0.66902025498637D-03
  0.31663360092634D+01  0.73739587608458D+00  0.55333807687106D-02 -0.44881695543934D-03 -0.58332052231463D-03  0.89435658058069D-04
  0.50990558710287D+01  0.21923560713971D+01 -0.15371465528457D+01  0.52031225185195D-04  0.32366429541680D-03 -0.14607154749987D-03
  0.44443798879944D+01  0.31802057042164D+01 -0.38649447419696D+01 -0.49513177295295D-04 -0.16798012145057D-03  0.26164586198048D-03
  0.20220857214372D+01  0.33694317468634D+01 -0.47677606816399D+01 -0.35437320544292D-03  0.35820948192641D-03 -0.58483459468996D-03
  0.38963351781146D+01 -0.41622040834475D+00  0.21495822951609D+01 -0.16415187127960D-03  0.21691550067430D-03  0.38696095670411D-04
  0.64990059598289D+01 -0.86398664994763D+00  0.24522928088493D+01 -0.38587707976596D-04 -0.33111431578992D-03  0.76859074900500D-03
  0.81610946884575D+01  0.29854633965936D+00  0.59192746531140D+00  0.42553267654856D-03 -0.39543221746385D-03 -0.15705931918878D-03
  0.76224978369389D+01  0.18613514467983D+01 -0.12112416162873D+01 -0.44398004696137D-03  0.15002097006075D-03 -0.13971428798001D-03
  0.21315991509528D+01 -0.16204795766645D+01  0.38249778082866D+01 -0.54000797527692D-04  0.38218564629394D-03  0.14368415927732D-04
  0.33302554693642D+01 -0.36669980436475D+01  0.51032187048890D+01  0.61152435944934D-03 -0.59580744931320D-03 -0.24176296707167D-03
  0.56856374607812D+01 -0.40730313258446D+01  0.53041657165921D+01 -0.15294168444195D-03 -0.70485171498091D-04  0.16291564131610D-03
  0.73786667494213D+01 -0.28263375456074D+01  0.38840844213314D+01 -0.16027227506069D-03  0.48464471965207D-03 -0.16702807548600D-03
  0.98094789582603D+01 -0.36144514982866D+01  0.36406498919008D+01  0.20833475921714D-03 -0.10297509709058D-03  0.45029697643449D-03
  0.11560663311608D+02 -0.22469044517071D+01  0.21713044126825D+01  0.39959094619955D-03 -0.20501484377275D-03  0.36831144951545D-03
  0.10725305005153D+02 -0.46591981235788D+00  0.53619996401720D+00  0.11171306112269D-03  0.59376523130313D-03 -0.22347287405874D-03
 -0.27246034524813D+00 -0.59925965132748D+00  0.46979867797046D+01 -0.10823845831241D-03  0.46696443679434D-03  0.86574948233292D-05
 -0.18667653598736D+01 -0.23384153507573D+01  0.62939987711786D+01 -0.64818558703445D-04  0.29659095715396D-03  0.34188007166516D-03
 -0.10887376336894D+01 -0.49421077760374D+01  0.61867955446797D+01 -0.51507839425559D-03 -0.43018209238350D-03 -0.70867257907780D-03
  0.16261629482983D+01 -0.54273542384017D+01  0.62736331499401D+01 -0.15829614465802D-03  0.75613287615756D-03  0.11635959958393D-04
 -0.89106135945592D+00  0.19389720488892D+01  0.50753977632622D+01  0.96403214458695D-04  0.80987413225562D-04  0.39206974104097D-03
 -0.83272378087823D+00 -0.15150614299825D+01 -0.52382869655181D+00  0.28677274244946D-04  0.29612166642530D-03 -0.10210624449602D-03
  0.15270198413346D+01  0.52358937287005D+01 -0.69203155633661D+01  0.39253120300901D-03 -0.33727498742706D-03 -0.63830731786607D-03
 -0.28231584845324D+01 -0.70955941894860D+01  0.70518336421738D+01 -0.38035709765185D-04 -0.45358891233257D-04  0.42835778653294D-03
  0.63341271444771D+01  0.40502295313914D+01 -0.46137639029358D+01  0.43939045423770D-03 -0.24442788451110D-03  0.72515064965791D-03
 -0.14189679215877D+01  0.15637697237431D+01 -0.48227458543536D+01  0.56890228298965D-03  0.53246710353009D-04 -0.67704927706129D-03
  0.12152720962210D+02  0.53711858473300D+00 -0.10478747244231D+00 -0.15814386598089D-03 -0.79334484136919D-03  0.71172530178063D-03
  0.10535191960241D+02 -0.47260892520512D+01  0.52254330790467D+01  0.11401747115841D-02 -0.21466485609999D-03  0.10960988102478D-03
  0.21213812289625D+01 -0.73674258208682D+01  0.63980137847448D+01  0.40450371721825D-04 -0.25395029184685D-03  0.62459627214290D-03
 -0.33345647703258D+01 -0.14656172001564D+01  0.74158506568612D+01 -0.81095662911931D-04  0.42266798590883D-03 -0.78721442581628D-04
  0.11363007134337D+01  0.74046613902121D+01 -0.65344358483977D+01 -0.77412403317587D-03  0.50081813619429D-03  0.21599386548516D-03
  0.12888241193121D+01  0.40881357809335D+01 -0.90902152393006D+01  0.27618931216304D-03 -0.18508287377213D-03 -0.34634203709920D-03
  0.30459526709557D+00  0.56183582790461D+01 -0.10900959449908D+02 -0.16267657008924D-03 -0.47971168795067D-03 -0.13298444377225D-03
  0.14133641715753D+02 -0.30010072769992D+01  0.23397269189808D+01  0.56129562580431D-03  0.36595882373500D-03  0.21395534666820D-03
  0.15146502861452D+02 -0.38576349166910D+01  0.47279081479343D+00 -0.23055191059931D-03 -0.74594878225314D-04 -0.99146822747783D-04
  0.15406848574844D+02 -0.27676935933188D+01  0.46733828271348D+01  0.70810686798121D-03 -0.23734616272571D-03 -0.53921850066759D-04
  0.18064425079623D+02 -0.27336368991781D+01  0.48139957356330D+01  0.15370928111521D-03  0.87885965457032D-04  0.20914083647779D-03
 -0.21583779127434D+01 -0.88160255896568D+01  0.84188188275829D+01 -0.27709819810021D-04  0.43525489174719D-03 -0.96587029177998D-04
 -0.49597126541247D+01 -0.72391089223512D+01  0.56203590418096D+01  0.29324265086184D-03 -0.30625858114779D-03 -0.34377486818957D-04
 -0.64308516542169D+01 -0.93773468032955D+01  0.60278096347087D+01 -0.65536838594788D-03  0.31023504610587D-03 -0.73170064032983D-03
  0.88416571019315D+00  0.38076486548100D+01  0.47521716477247D+01  0.20553215126331D-03  0.24373638786499D-03 -0.20678595151406D-03
 -0.24055587942016D+01 -0.22749589625201D+01 -0.25662024023450D+01 -0.26348390380713D-03  0.13571543270975D-03  0.27305302215223D-03
 -0.85869622850599D+01 -0.90301252434691D+01  0.53676220642389D+01 -0.25751708844657D-03  0.17585676385772D-03  0.68178646861862D-03
 -0.65962437627388D+01 -0.98930816686731D+01  0.78662645952284D+01 -0.22826342476359D-03  0.57264502754176D-03  0.43793944876188D-03
 -0.57942208932934D+01 -0.11036381656520D+02  0.50625648463425D+01 -0.72722090202852D-03  0.45106107924057D-03  0.88774218060485D-03
  0.19160913000952D+02 -0.43035577934612D+01  0.41651807229143D+01  0.90177343015981D-03  0.93598244968520D-03 -0.30083801711009D-03
  0.18759622145646D+02 -0.22971742477939D+01  0.67015759642204D+01  0.39693454201518D-04  0.34796647539498D-03 -0.84897250794303D-03
  0.18891493571642D+02 -0.11273667549272D+01  0.37066254024541D+01 -0.39407782880245D-03 -0.23836895663629D-03  0.61165066549137D-03
 -0.95200892414731D+00 -0.26532654089081D+01 -0.41909653979958D+01  0.35463221465885D-03 -0.32749590594873D-03  0.15321035221476D-03
 -0.36845836401442D+01 -0.76391997879976D+00 -0.30532198923975D+01  0.22646369920786D-03  0.13004991743956D-03 -0.47475903294820D-03
 -0.32633573393976D+01 -0.39556850298569D+01 -0.22999305222201D+01 -0.27267354825607D-03  0.81815932405460D-04  0.42573166882772D-03
  0.24926377262339D+01  0.29980070567924D+01  0.57400675685421D+01 -0.28210668766589D-04 -0.58705178450173D-03 -0.21967017379634D-03
  0.84525080270479D-01  0.55510338066854D+01  0.55455657858178D+01 -0.14283668989013D-03  0.62611716241933D-03 -0.18711251197839D-04
  0.10778828377389D+01  0.39540401065931D+01  0.26836932800703D+01  0.58586026868061D-04 -0.15278161553665D-03  0.11918687763324D-04
  0.17432771403966D+01  0.65446663624557D+01 -0.11980951808110D+02  0.85708880802118D-03 -0.14839269449900D-03 -0.11511560977419D-02
 -0.10981760709134D+01  0.68817660712757D+01 -0.10131140028432D+02  0.97257952621823D-03 -0.93233424919167D-03  0.50339053206008D-03
 -0.76175488807563D+00  0.44628087687559D+01 -0.12240719911585D+02 -0.40566445562165D-03 -0.78793820186830D-03 -0.17994582258827D-03
 -0.88177197936371D+01  0.79066156409876D+01  0.73573404391441D+01 -0.22664683998895D-03 -0.65133907742898D-03 -0.37433447722884D-04
 -0.92383051276729D+01  0.55298108774945D+01  0.84013570119840D+01 -0.23049464301194D-03 -0.29526534040337D-03 -0.21726830566441D-03
 -0.74223454009241D+01  0.39208245261963D+01  0.94987292590854D+01 -0.48226390936378D-03  0.61593691647143D-03 -0.66912246912417D-03
 -0.50940609734677D+01  0.51680001501728D+01  0.98920553801511D+01 -0.60097562202014D-04  0.47612211342445D-03  0.65956808247030D-03
 -0.47573405949266D+01  0.78249865049957D+01  0.96374275958575D+01  0.56430746910782D-03 -0.48757699167395D-03  0.25077910661080D-03
 -0.66880453643054D+01  0.90330220319841D+01  0.83695059596253D+01  0.13392534676747D-04  0.11666873725495D-03  0.33869533452705D-03
 -0.77284269024598D+01  0.14998509958950D+01  0.10334059117243D+02  0.38021359153790D-03  0.27175117885595D-03  0.31830666678584D-03
 -0.55279261077413D+01  0.26614812777276D+00  0.11177566289293D+02 -0.26155893908097D-03 -0.27309188161740D-03  0.14973572682060D-03
 -0.31711219270948D+01  0.14049976052213D+01  0.10599370089708D+02 -0.37185337535200D-03 -0.69589693733112D-03  0.17267168654286D-03
 -0.30011387016276D+01  0.39059415220890D+01  0.10850958725628D+02  0.16878516134161D-04 -0.15085869261918D-03  0.27884258444952D-03
 -0.99523466299881D+01 -0.14209624204447D+00  0.11045841231505D+02 -0.18839964912184D-04 -0.74489691773171D-04  0.11805180104186D-03
 -0.98765178298593D+01 -0.28439738442894D+01  0.11498539153082D+02  0.10593717092854D-03 -0.33926858407686D-03  0.63471222986614D-03
 -0.76314142570196D+01 -0.38678818428572D+01  0.12092786503789D+02 -0.20497531217683D-03  0.99193203422529D-04 -0.13312559864915D-03
 -0.54930811235050D+01 -0.23352278068516D+01  0.12029518992132D+02 -0.97288930291078D-05  0.25187541714149D-03  0.81595673857088D-04
 -0.31826955796863D+01 -0.36486802279311D+01  0.13014886090329D+02 -0.13533976550755D-03 -0.38534413476735D-03  0.11990020886672D-03
 -0.10995894506105D+01 -0.22041090073514D+01  0.12719896399838D+02 -0.30711174325049D-03 -0.50558630928386D-03 -0.37911734049252D-03
 -0.11194694793013D+01  0.11099043087053D+00  0.11454929873490D+02  0.59617468272799D-03  0.38339928808175D-03 -0.36497533447439D-03
 -0.12186465438222D+02  0.13289308900073D+01  0.11984354594732D+02 -0.27515059721474D-04  0.37310114632496D-03  0.20494259844477D-03
 -0.14308733257314D+02 -0.11816820970451D+00  0.12532690534456D+02  0.42373937569089D-03 -0.38616479674541D-03  0.30013891518469D-03
 -0.14384174098612D+02 -0.27782924096382D+01  0.12435757977621D+02 -0.68799039581494D-05 -0.20732191028496D-03  0.37976066533454D-03
 -0.12220404361199D+02 -0.41394246105888D+01  0.12414329509489D+02 -0.92910163968352D-04  0.38674008450157D-03  0.17216308297088D-03
 -0.12044779612391D+02  0.38155624902618D+01  0.12306088123716D+02 -0.50440982455401D-03 -0.36813795803258D-04 -0.77695280080932D-05
 -0.11222493850351D+02  0.40729980687750D+01  0.71737071974273D+01 -0.34999729288674D-04 -0.23387078394841D-03 -0.50294398338750D-03
 -0.66178070176126D+01  0.11756458008296D+02  0.85281852292629D+01  0.25339949797845D-03  0.19404530767463D-03  0.63399354785348D-04
 -0.16635192496092D+02 -0.36361270943832D+01  0.13804100370621D+02  0.20332900635159D-03  0.22090565290519D-03 -0.51561726134732D-03
 -0.31441669887149D+01  0.86455988091364D+01  0.10190534592186D+02  0.68668649273090D-04 -0.66517071942653D-03  0.14005188921151D-03
 -0.10361259967530D+02  0.90013645565323D+01  0.64905707670770D+01  0.67925134609827D-03 -0.97991589917443D-04 -0.86257649643035D-03
  0.80059195819844D+00  0.65202406417325D+00  0.11351223155727D+02  0.52444785116081D-03 -0.72594097729504D-05  0.68709763547535D-04
 -0.28068197537664D+01 -0.56553875175992D+01  0.13091349785881D+02 -0.98490920057183D-04 -0.88615414933870D-03  0.39163238210847D-03
 -0.12208778508903D+02 -0.62835088537907D+01  0.12400263913078D+02 -0.65459079402781D-03 -0.20226548377379D-03 -0.25106155887038D-03
 -0.15987786564295D+02  0.10017057291993D+01  0.13376690039147D+02  0.35331142653209D-03 -0.15148097159717D-02  0.76951700951614D-03
 -0.85598118766809D+01  0.12858511820683D+02  0.80444282987047D+01 -0.35930107595187D-04 -0.20178327714531D-03 -0.19039005469883D-03
 -0.44106336235214D+01  0.13045067797411D+02  0.91390052381708D+01 -0.86677274013916D-06 -0.27002143738683D-03  0.14705396621777D-03
 -0.46174011558759D+01  0.15625053197712D+02  0.92646479579321D+01 -0.75938209254603D-04 -0.32887998051255D-03  0.63712034523413D-04
  0.13955382510836D+01 -0.35379598564009D+01  0.13002827610312D+02  0.18340627696122D-03  0.38807768807028D-04 -0.39819808211144D-03
  0.31071695594611D+01 -0.30184123668007D+01  0.11432095098618D+02  0.10497815488937D-05 -0.94978931318765D-04 -0.20226118010102D-03
  0.14608790691083D+01 -0.50223337643613D+01  0.15089964054476D+02 -0.27447525740509D-03  0.35718794804388D-03 -0.43500389473282D-03
  0.41792157693065D+01 -0.56766941581795D+01  0.14844455158498D+02  0.24073963800793D-03 -0.55751241834093D-03  0.13909734073079D-03
 -0.17554012509117D+02 -0.56879375471255D+01  0.13237456282866D+02 -0.47898557904478D-03 -0.73914051539403D-04 -0.30328326212735D-03
 -0.17387785519473D+02 -0.23194852505608D+01  0.15828875248346D+02 -0.87268385899589D-04 -0.34341114746443D-03  0.61481821410362D-03
 -0.19782268703575D+02 -0.29648671589995D+01  0.16565550407720D+02  0.19780846416477D-03  0.11918675044383D-03 -0.39901721729400D-03
 -0.12388057519098D+02  0.43692981949350D+01  0.15166679353028D+02  0.46711116705912D-03 -0.28999834998943D-03  0.60208150825230D-03
 -0.13419443665943D+02  0.54059275410334D+01  0.70718720378170D+01  0.74350733479174D-03  0.15598759445718D-03  0.19382385928760D-03
 -0.20659763105601D+02 -0.16806906721370D+01  0.17995305673241D+02 -0.16641516185157D-03 -0.38827798221959D-04 -0.12814274313901D-03
 -0.20289546021448D+02 -0.47837445144369D+01  0.17430180916968D+02  0.11876924050862D-03  0.42981840966203D-03  0.55250014382221D-03
 -0.21089399622317D+02 -0.24814324258520D+01  0.14844677805822D+02 -0.24648493734580D-03  0.19467121400226D-03 -0.13719604052942D-03
  0.51894034913071D+01 -0.39822306181066D+01  0.13970756702947D+02  0.25552364100911D-03 -0.48201038371447D-05 -0.34547698800107D-03
  0.47484787426576D+01 -0.70703489286574D+01  0.13624287818904D+02 -0.13567722130688D-02  0.17887182663742D-03  0.62220795481901D-03
  0.50316511330619D+01 -0.56553432786391D+01  0.16583764059638D+02 -0.13716529791218D-02  0.86990031556742D-03 -0.79850272061702D-03
 -0.15039187137153D+02  0.39145837178495D+01  0.70192590949566D+01 -0.58146236181456D-03 -0.10251112131372D-03  0.35438232574018D-03
 -0.13703817539898D+02  0.63206980691470D+01  0.53197439110348D+01  0.13196933828960D-03  0.83174330494379D-03 -0.25301036553283D-03
 -0.13794614572098D+02  0.64319766103210D+01  0.87119057795887D+01 -0.34464180002437D-03 -0.27013061097659D-04 -0.68272956050704D-04
 -0.10699818111805D+02  0.50386789828654D+01  0.16195818058613D+02  0.75874361026176D-03  0.39715862479606D-03 -0.82424162049105D-04
 -0.12302494786321D+02  0.23125600101326D+01  0.15883379070444D+02 -0.44075557706010D-03 -0.32136871730456D-03  0.87571745310156D-03
 -0.14479008643526D+02  0.51800688598626D+01  0.15502843170851D+02  0.31980408017581D-03  0.40389833810717D-03 -0.59633549708690D-03
 -0.34846552240959D+01  0.16538064679337D+02  0.74817619857289D+01  0.10263636594692D-02  0.96579901132409D-03 -0.29722805745755D-03
 -0.37648774008496D+01  0.15610017388943D+02  0.11187634653435D+02 -0.82281499585955D-03  0.51789403307715D-03 -0.65810415854302D-03
 -0.63673653607788D+01  0.16466509301704D+02  0.98375513532312D+01 -0.20509942632784D-03  0.44867651407388D-03 -0.35291330929766D-03
