$coord
       -1.85943287808123        2.77391520818187       -2.17998394935450      C
       -2.66163491915918        3.47143119318608        0.18110626068040      C
       -1.01483557581170        2.96884151890129        2.37416470169627      C
        1.10179771100464        1.26724556592918        2.11440282387662      C
        1.61536122936873        0.46425856707304       -0.41281296292838      C
        0.28860662546713        1.22542667223776       -2.55005015835141      C
       -1.32340243053268        4.33492931108916        4.65549001531686      C
       -0.46521611084961        3.26695241234166        6.76833067295859      C
        1.22168343238470        1.12979119595040        6.47362755317701      C
        2.22008528824749        0.51650280123864        4.15371885090648      N
       -2.27776981937561        6.84161826566560        5.14852551067142      C
       -2.64644897182835        7.62596710297217        7.79281299721043      C
       -2.06749914679701        6.22181545171780        9.81411973477651      N
       -1.04718880457744        3.96846219370203        9.30075222839043      C
        0.02010171708052        2.59967817723138       11.33025664311088      C
        1.46685786261372        0.47143752021852       10.91713446594701      C
        1.97021766625925       -0.22666366193436        8.57983316903123      C
       -2.40513816420525        8.82858908654138        3.37555852403437      C
       -3.14461408506498       11.22072269347038        4.03103167682568      C
       -3.81315060771701       11.76912668489766        6.52441333340890      C
       -3.79695801905667       10.01809277245463        8.40658517801569      C
       -1.10620838990129        8.07869386481111        1.16983903707152      O
       -4.94740524359713        4.74092745773404        0.59906111829522      O
        0.83236908826758        0.22983768080145       -5.17381549998656      C
       -4.84050398398032       14.34035883331057        7.27834542739456      C
        3.30386606957043       -0.54792582354145       -0.79996873254772      H
       -3.11786387318135        2.83633711396062       -3.76179956720323      H
        2.87100549015934       -1.98733207378210        8.47837008267765      H
       -0.06235817796976        3.02810486586130       13.34151291894367      H
       -4.26844314757298       10.46453724783869       10.33914859930980      H
       -3.32087177639466       12.47927733681790        2.47661635674030      H
       -0.70129066165509       -0.42980032126129       -6.73016643048437      O
        3.41871756228557       -0.44177859575565       -5.13835192897357      O
        4.15756621231241       -2.31067193724033       -6.88525466107680      C
        2.04821445628629       -1.05851518389390       13.18465958098773      C
        3.90501611344917       -2.50530605983685       13.04360436666767      O
        1.01069090386363       -0.52109219925495       15.48105689663293      O
        1.91398303181491       -2.29185754461824       17.26458363754634      C
       -5.21928738457439       15.98669036237720        5.69915811484488      O
       -5.82198516312176       14.75687752873643        9.63330145538811      O
       -6.84596385587688       17.12271145364965       10.09985982180608      C
        0.26131114846756       10.28613745325826        0.00542457048017      C
       -6.08422410663821        5.84511069709111       -1.62194150748689      C
       -5.26768029877643       18.35931594565566       10.45512490583348      H
       -7.83210047925589       16.64413619795801       11.74508170418207      H
       -8.05339329361840       17.64092296795125        8.52413957948254      H
        0.49597548500887       -3.59665253450835       17.95140389723866      H
        3.24459289299730       -1.31648194643374       18.66254192736307      H
        2.91668127986650       -3.77621555348846       16.11772535316112      H
       -7.61331895523100        6.94256030088195       -0.88905590267276      H
       -6.58969038404927        4.41640498473017       -3.02689632656912      H
       -4.62923735330908        7.08387516164318       -2.51359020055917      H
        2.18108024750116       10.22011316940839        0.90824831320434      H
       -0.50813703266180       12.15451654744876        0.07477641623888      H
        0.50105115664359        9.72789865922203       -2.20189737806570      H
        2.44227097081813       -3.39402090799091       -7.18525048381602      H
        5.44694219490978       -3.76455653044878       -6.26179668420139      H
        4.67051651797396       -1.26213325802460       -8.58182752075063      H
        0.15776982296546       -5.95228092277675        2.37212141433084      C
       -0.40419445425972       -5.71764460742662        4.88755630100327      C
       -2.80440078104492       -4.56790614459544        5.54972046151005      C
       -4.27647138728574       -3.68458876693296        3.64825242247932      C
       -3.83933354366038       -4.22069778610338        1.11301251800247      C
       -1.61723765384891       -5.32617294857176        0.46437858498650      C
       -3.76290847539173       -4.13065808681499        8.05511753095832      C
       -5.15015872624196       -1.91124233066139        8.38069949049810      C
       -6.25988568268869       -0.91146376779809        6.16476179984814      C
       -6.11294965072003       -1.98153770151668        3.83515243578898      N
       -3.32511632002378       -5.24018358057598       10.48967447901683      C
       -3.85590819429516       -4.01890640684610       12.81311479985266      C
       -5.06880917452125       -1.77224237954309       12.84489859388272      N
       -5.75076438451155       -0.75474861242680       10.63538129591529      C
       -6.93057057129894        1.65195744690586       10.72737595057482      C
       -7.96609632039416        2.73427694626823        8.47576988319794      C
       -7.43231856972133        1.53914938590596        6.21794079449264      C
       -2.30481867758200       -7.73008257331252       10.58248762103436      C
       -1.62279114729005       -8.65423380074999       12.93578213059401      C
       -1.92127618104790       -7.34874505511031       15.20678094561434      C
       -2.90790183917743       -4.97256003405031       15.18576097592128      C
       -2.42526542688287       -9.04077614466355        8.23938395917141      O
        1.34817876922219       -6.34088905017078        6.86092600874762      O
       -1.12684506635783       -6.14081472921126       -2.13211549327954      C
       -1.05652102611668       -8.37054361724675       17.87761772973219      C
       -4.71218561688344       -3.33878157295177       -0.51967678576487      H
        2.03694418307273       -6.71111363569246        1.64598292155299      H
       -7.99315134100376        2.47287352579387        4.51908600662159      H
       -6.86719991328204        2.56175645621353       12.48106761951265      H
       -3.66438064048779       -3.83183098741090       16.69047760245691      H
       -0.70434413403262      -10.43663879898421       13.49116044465607      H
        0.92115289279188       -6.79284652749548       -2.95019627174961      O
       -3.13645871988128       -6.07904585160846       -3.77084885033416      O
       -2.16038506758496       -6.82831048786708       -6.29033773297983      C
       -9.19407142111127        5.22456629264271        8.35061675089941      C
       -9.46074714168517        5.98831778269356        6.24834886602360      O
       -9.62467158018665        6.69863092005347       10.49136727469679      O
      -11.07980673022796        8.79068564811844        9.95242774193122      C
       -0.89033180857527      -10.58752493753512       18.22988589108191      O
       -0.19074929920908       -6.61744843922019       19.47215053933092      O
        0.59586598524673       -7.65431440757171       21.74075573311327      C
       -1.76582263242109      -11.58602242659824        8.77242647689883      C
        3.48001569298891       -7.55785770110000        6.02075256012077      C
        1.93489046363667       -6.12340244139993       22.39174009127480      H
        1.54528516140975       -9.50852802075003       21.62171515146261      H
       -0.88361344597830       -7.56592320435048       23.38496700270516      H
      -11.99501728156474        8.41460693345433        8.08058766604961      H
       -9.76541756243195       10.25137241842929        9.68813279954874      H
      -12.42302609707697        9.32151351904513       11.43849208786563      H
        4.35613931496775       -8.86343296742612        7.58298050988157      H
        4.65565793558247       -6.21107537246180        5.09275523893548      H
        2.73323121359179       -9.04433564656163        4.78191059234928      H
        0.00364283572671      -11.58498960986082        9.63250120693681      H
       -1.53534646973185      -12.66415031759486        7.01360307012130      H
       -3.45967607270253      -12.31073953825330        9.65787987423669      H
       -0.69259586822605       -8.25134415969675       -5.67831570616706      H
       -1.22394737469282       -5.26409230431145       -7.31525867183314      H
       -3.63023513014166       -7.67234956053347       -7.47250235801034      H
$end
