$coord
       -0.78690825291565        2.05090051648894       -1.93152504512379      C
       -1.43883734236027        2.86166247464816        0.42569331868414      C
        0.08126044370440        2.90634883542657        2.60616496498796      C
        2.30352028747202        1.32231413013636        2.36248675809855      C
        2.90949181102274        0.40430604474360       -0.00245984400970      C
        1.35705072431635        0.72592623212456       -2.06161161022834      C
       -0.34768256942476        4.28310720964182        4.92804575815715      C
        0.60525095829514        3.05413087227201        6.97355554886760      C
        2.64678014951437        1.23865973689914        6.75307361058538      C
        3.61379315723179        0.53613597268972        4.48745359348968      N
       -1.77518085851593        6.55310286278597        5.32049945040310      C
       -2.39146895796194        7.05622322937747        7.97283705459677      C
       -1.47232732233102        5.71926472907129        9.92145479169572      N
        0.05435865972482        3.77862839622851        9.42487646593414      C
        1.08496444317337        2.54908264910666       11.48431387922789      C
        2.69314191852445        0.54848339991506       11.18379651752978      C
        3.47473296587574       -0.18685812846719        8.93070081784633      C
       -2.31818424801751        8.51345268170611        3.41910527234855      C
       -4.06778329792827       10.41214843764417        3.98515197376400      C
       -4.96826966250648       10.74850032353828        6.42228915442927      C
       -3.92979073654022        9.10798579661599        8.33439925754196      C
       -1.02957998207448        8.26490771467307        1.13674418670731      O
       -3.73180862713066        4.40655863407155        0.63449623847021      O
        2.08202907461346       -0.56538067713199       -4.50243947410187      C
       -6.49721976310365       12.98761334967294        6.90127998844566      C
        4.86143600017186       -0.37898524677309       -0.34534164414069      H
       -1.67960499650098        2.49343442505136       -3.80231384614079      H
        4.86631117580380       -1.65670265356038        8.93625732514754      H
        0.13868849709293        2.98536927108404       13.19190485421319      H
       -4.42307198227831        9.61088041067816       10.27203449481070      H
       -4.82370086221995       11.64124118599015        2.42731987496389      H
        0.46632658180113       -0.85921649896621       -6.14712542963105      O
        4.61398503708148       -1.38532113396820       -4.96308037518809      O
        4.79706855371605       -2.77394475902160       -7.20949153654635      C
        3.41184081954962       -0.95494736589225       13.39280378010006      C
        5.19888670130886       -2.38923698316662       13.36626710029344      O
        1.56100169834273       -1.02068406094933       15.30600145616287      O
        2.56061471766959       -2.07901772567375       17.50622048322719      C
       -7.16853529921265       14.13891224557746        5.03647844389249      O
       -6.93182485834559       13.76751201433618        9.41216038716498      O
       -8.60058469259551       15.73649785234907        9.62563753298312      C
       -1.12534690754251       10.38230080473992       -0.52527926103690      C
       -5.34815356187615        4.16803446521457       -1.48578955794935      C
       -7.92267530410666       17.66315116144944        9.93950847004225      H
       -9.79054250788434       15.45712527587850       11.22186602162326      H
       -9.75623192709148       15.66888299417181        7.83461744132162      H
        1.05691628402899       -1.25047616000712       18.76059525810771      H
        4.35080258593492       -1.01030580036797       17.62705462581003      H
        2.84065055866843       -4.13352746865109       17.62256070492722      H
       -6.82167561575692        5.35392892928979       -0.54157901691736      H
       -6.14918500210645        2.25773430242920       -1.39242885395769      H
       -4.61351988074269        4.44183571330464       -3.31811899225062      H
       -1.03822324958193       12.24415995412551        0.54818972114107      H
       -2.75534204468656       10.41235518029102       -2.06520005448635      H
        0.55713622872565       10.83387823249682       -1.59741872217635      H
        3.58562290669760       -4.63732276972123       -7.07105433568946      H
        6.77102576296510       -3.47014959222460       -7.35198247008477      H
        4.42626507127027       -1.77403551197803       -8.96575155673868      H
       -0.80341820961369       -6.32855009604341        2.32363793561218      C
       -1.19606973984566       -5.58846878165933        4.81336470745717      C
       -3.45676784384991       -4.12126270748617        5.35481533139499      C
       -4.44848053504644       -2.58873591124599        3.32538602581905      C
       -3.75706591771385       -3.58598557912677        1.05189416352320      C
       -2.32754713670599       -5.55793029615576        0.37831204988045      C
       -4.10985099860582       -3.18987218295406        7.88530481161810      C
       -5.56603454109093       -1.01023841129799        8.13763408922509      C
       -6.37171078966951        0.22758554582057        6.00984867457178      C
       -5.93205366482118       -0.53929809344352        3.61687417122581      N
       -3.68430534128852       -4.59172590656399       10.10867054053895      C
       -3.55258732377340       -3.37296783568135       12.51062442541872      C
       -4.48805092483064       -1.02487885974755       12.49182109289534      N
       -5.88574965442565       -0.09078198276881       10.67170525335767      C
       -7.24072819493117        2.20634974963765       10.93308608063265      C
       -7.95871016948909        3.49367724487356        8.73285596448607      C
       -7.73022780978264        2.46989726634854        6.25178857741856      C
       -3.36647474401828       -7.21337764589453        9.99136179971233      C
       -2.40844268208898       -8.33255892834076       12.26343199078236      C
       -2.00077663324227       -6.97195805360990       14.57260705932266      C
       -2.49685686996391       -4.44463819645374       14.64104838833813      C
       -4.06088194739668       -8.69365975086981        8.05244749021992      O
        0.71829379407330       -6.20965647433741        6.70763590494477      O
       -1.72569449498754       -6.61522410285177       -2.22021824877692      C
       -1.27947272873216       -8.07695747287659       16.87646151915034      C
       -5.15037862726237       -3.13707229904368       -0.40649269774609      H
        0.38665463145431       -7.86136680911777        1.91405074517520      H
       -8.88225347437216        3.42256800205207        4.88157420996423      H
       -7.17755385608773        3.33162809150682       12.66548733072928      H
       -2.38243498885981       -3.41178723089646       16.38787123047736      H
       -2.12226052269926      -10.33454789130968       12.15948383083126      H
        0.41827312244566       -6.74741186972784       -3.10328414465457      O
       -3.76900344438643       -6.84756089475301       -3.71464846098699      O
       -3.21810250625789       -6.12846568417694       -6.17570618685538      C
       -9.31796368255564        5.83993177640587        9.24211051757586      C
      -10.40327163117648        6.97981354494133        7.48074698259080      O
       -8.92999438978141        6.83224814090373       11.63140149442654      O
       -9.44152182233973        9.48852856744961       11.54718601545096      C
       -0.93716322502273      -10.37845496834940       16.71946851330749      O
       -0.96152300937822       -6.66561212631832       18.95532057708441      O
       -0.38427789353346       -8.30685038183759       21.08714726274864      C
       -3.76569482710600      -11.30009327763383        8.34870465848385      C
        3.29508389823452       -5.78062986621886        6.27390789176648      C
       -1.28995849470747       -7.53404300021569       22.73568357611684      H
        1.62335528009313       -8.60802156555463       20.99081470540317      H
       -1.17178078429239      -10.16968790461499       21.08442088151121      H
      -11.47446090685377        9.41800914254651       10.88670739169944      H
       -8.16617982640937       10.31386155929121       10.11092249480059      H
       -9.12155067532782       10.27905688727283       13.47079694059065      H
        4.07096207473928       -6.64187603304291        4.67475744833194      H
        4.22498912445873       -6.77943541400722        7.75308320134343      H
        4.04568939712987       -3.88625413640609        6.16466567834316      H
       -1.73799114230939      -11.52811891791661        8.86219576050249      H
       -4.36039114728102      -12.29218974208860        6.73691603400805      H
       -4.81715305615002      -11.97009824307619        9.95606665207492      H
       -1.33198717469195       -6.73217216222419       -6.15882854282293      H
       -3.08085632291662       -4.22021850008529       -6.37528283111985      H
       -4.40931981817373       -7.14332157292544       -7.60882615327329      H
$end
