 -1.0
 -0.69233407982617D+01 -0.39396025103195D+01 -0.27467608338623D+00 -0.31326207596698D-03  0.14392653969413D-03  0.28943875725124D-03
 -0.45873792612488D+01 -0.48364832647856D+01  0.78247450960532D+00  0.18732202735523D-03 -0.28530371045219D-03  0.14777982146489D-03
 -0.33994733612874D+01 -0.31560336067332D+01  0.26134852646694D+01 -0.50709851519243D-03  0.24797325983575D-03  0.35955925788319D-03
 -0.45940199044032D+01 -0.77126050457640D+00  0.30851688978580D+01  0.41255057857041D-04 -0.36974254968051D-03  0.22408089321990D-03
 -0.70976263443922D+01 -0.63116982443867D-01  0.20695964763456D+01 -0.40519753906456D-04 -0.21603593332871D-03  0.41581670860636D-03
 -0.82295202495344D+01 -0.18747464318184D+01  0.40113147667034D+00  0.31371411649170D-03 -0.41212526195915D-03 -0.43669100572946D-03
 -0.85078124323660D+00 -0.34884443051221D+01  0.37454256003427D+01  0.33231748467120D-03 -0.37387852139338D-04 -0.25556232761750D-03
  0.59565234097880D+00 -0.11340283870709D+01  0.42298358701362D+01  0.37105786126241D-03  0.31251913070393D-03  0.15805959622708D-03
 -0.82150304133953D+00  0.11527282207596D+01  0.42026711872447D+01 -0.56908271876311D-03  0.36132376906375D-03 -0.13613877222577D-03
 -0.33448435167418D+01  0.13030386007813D+01  0.39930247940492D+01  0.32358260204184D-03  0.27199463454389D-03  0.46610781642936D-03
  0.22571614030353D+00 -0.59264496166493D+01  0.43356033165620D+01  0.10948795485626D-03  0.70187662527109D-03  0.34028719688555D-03
  0.29793891999974D+01 -0.57831091769713D+01  0.43712893784530D+01 -0.16381257186292D-03  0.15857971426091D-03 -0.17897815392319D-03
  0.44384043757666D+01 -0.36331493052546D+01  0.43064872191267D+01  0.16530448114371D-03 -0.69383211298330D-04 -0.14695520445811D-03
  0.33247366259097D+01 -0.13273144915082D+01  0.45919248991056D+01  0.22197296278328D-03  0.68321376092549D-04  0.26716737609459D-03
  0.46112124335290D+01  0.91797856381419D+00  0.44495639066157D+01  0.90764334813787D-04 -0.64445015212665D-03  0.18247207269176D-03
  0.34410590195404D+01  0.32312416977554D+01  0.44071211410329D+01 -0.74421284299198D-03 -0.35576409855657D-03 -0.14113703245288D-03
  0.71656896995791D+00  0.34073934613242D+01  0.43882707812551D+01 -0.56151575309427D-04  0.36069795258181D-03  0.60402806620303D-03
 -0.10484761455370D+01 -0.82643471394325D+01  0.41765558209370D+01  0.76264406283338D-03 -0.12432724083386D-03 -0.28346291695669D-03
  0.30299780076320D+00 -0.10483050586737D+02  0.39269067486938D+01  0.37158557773251D-03 -0.25353147470264D-03 -0.23484858119250D-03
  0.29852336379777D+01 -0.10372083304520D+02  0.36253735108307D+01 -0.39054492269412D-03  0.33047009285606D-04  0.86293395861716D-04
  0.42321905282113D+01 -0.81502572469159D+01  0.39839048424569D+01  0.23154459802154D-03 -0.76417858674538D-03 -0.17926787894312D-03
 -0.37106438482569D+01 -0.77060601252889D+01  0.42816055882109D+01 -0.20640027279992D-03  0.26524151659293D-04  0.41771298033914D-03
 -0.38472465924759D+01 -0.71152023477165D+01 -0.62128990097100D-01 -0.44525774139466D-03 -0.21633141298267D-03  0.21111771105981D-03
 -0.10751676338218D+02 -0.11507188760052D+01 -0.37586967454144D+00  0.17776502884549D-03  0.45842853973229D-04 -0.99908331363886D-04
  0.40788154528369D+01 -0.12748559740062D+02  0.46310584745278D+01  0.99017751238426D-04  0.22820925322496D-03  0.65289529897844D-04
 -0.80976499297658D+01  0.15940342999195D+01  0.26557184723467D+01 -0.12814315032894D-02 -0.10948398149712D-03  0.15701583512856D-03
 -0.77545295419474D+01 -0.49413679821848D+01 -0.17465484638315D+01 -0.25276452779105D-03  0.31638696931177D-03  0.18030390496144D-04
 -0.52547579640533D+00  0.50501901142489D+01  0.44657982370348D+01  0.40355872810662D-04  0.73895772287365D-04 -0.29343908700632D-03
  0.65888492008615D+01  0.97108274831756D+00  0.42048642364505D+01 -0.44794257134680D-03 -0.26745142676781D-03 -0.37347477243511D-03
  0.61989173778423D+01 -0.77975217983989D+01  0.43384864003263D+01  0.53510939313155D-03  0.11567046475329D-03  0.60283034364501D-03
 -0.71699431453758D+00 -0.12251112339765D+02  0.39683263564412D+01  0.55136722264744D-03  0.29339630018080D-03 -0.37855120085184D-03
 -0.12133943635164D+02 -0.28219333997058D+01 -0.11003596903476D+01  0.12988793349263D-04 -0.69513736410421D-04 -0.27656244312947D-03
 -0.11640925241978D+02  0.13648690111734D+01 -0.38659406087794D+00  0.24044821545127D-03  0.21116706280025D-04 -0.10111751849350D-03
 -0.14156368365106D+02  0.16374418039591D+01 -0.72011313937115D+00 -0.29066295480255D-03  0.50053857763491D-03 -0.28959973756391D-03
  0.43037176824114D+01  0.60455511892094D+01  0.41717110890736D+01  0.17591283578144D-03  0.78361557800911D-04 -0.40646406007473D-03
  0.28664347674397D+01  0.77998863636461D+01  0.39173162663323D+01 -0.17679475074622D-03  0.25902622444941D-03 -0.16697584304107D-03
  0.66797219993753D+01  0.57555066400466D+01  0.42891104552885D+01 -0.91285574396827D-03 -0.30265464712328D-03 -0.10681876035049D-04
  0.79067952154871D+01  0.81347461822616D+01  0.42859947762329D+01  0.69714665757013D-03 -0.88131620307097D-04 -0.27391253843249D-03
  0.49431404745071D+01 -0.12689389613245D+02  0.66751714434240D+01 -0.12748922806534D-03 -0.20508549158528D-03 -0.58541767603837D-04
  0.39973299953544D+01 -0.14833456468308D+02  0.29933808773678D+01 -0.20322656845277D-03 -0.31146096314882D-04  0.30838332141872D-03
  0.40212170812156D+01 -0.17043676404987D+02  0.46758488659482D+01  0.30756602552254D-03  0.63762083109101D-04  0.24176018095917D-03
 -0.51656276156056D+01 -0.99134735537745D+01  0.41354932630036D+01  0.34420363678633D-03 -0.40748050877580D-03  0.89723992807303D-05
 -0.15189820400151D+01 -0.73346603469772D+01 -0.18208443707386D+01  0.21976726656171D-03  0.32647940389370D-03  0.46060343372519D-04
  0.54532101031813D+01 -0.16841649232069D+02  0.62377848238415D+01  0.70077809975080D-03  0.13597143225582D-02 -0.47817510494645D-04
  0.39579669936973D+01 -0.18708575777999D+02  0.32429745643432D+01  0.88977252318950D-03 -0.82689142196954D-05 -0.42782112037012D-04
  0.20846361991432D+01 -0.17160850505088D+02  0.55860249133405D+01 -0.53070639224726D-03  0.33088560017801D-03  0.41430112909612D-03
  0.67147837939393D+01  0.99232768091710D+01  0.50537438113025D+01 -0.16718481647396D-03  0.11346768072352D-03  0.13145499918028D-02
  0.84626872409752D+01  0.86364560164314D+01  0.23608826381251D+01 -0.87409710976247D-03 -0.10972614068898D-03  0.31197031973788D-03
  0.99590304270663D+01  0.83339247264734D+01  0.49393080565553D+01 -0.17289133065070D-03 -0.43571220049454D-03 -0.24884696121636D-03
 -0.12033270189591D+01 -0.56402156564792D+01 -0.30496420358857D+01 -0.32207748972152D-04 -0.12105522321940D-02  0.47281281897376D-03
 -0.20065850903038D+01 -0.88683582412984D+01 -0.32469772897762D+01  0.84232349132750D-03 -0.62854791476729D-04 -0.15089231551757D-03
  0.19872299615016D+00 -0.78634221515163D+01 -0.41175246600875D+00  0.43803211972459D-03 -0.31883916264239D-04 -0.50220006481649D-03
 -0.52178494177745D+01 -0.10944425989164D+02  0.23318519248380D+01 -0.52049146849808D-03 -0.84716300479296D-04 -0.12144086633522D-02
 -0.71962901008024D+01 -0.10004150740487D+02  0.45991420115774D+01 -0.71022706775334D-03 -0.57495528555316D-03 -0.58740511713300D-03
 -0.41807231043093D+01 -0.10942710680976D+02  0.56743444176985D+01 -0.25692459323507D-03  0.10562187832176D-03 -0.10903681928304D-02
 -0.14847157828505D+02 -0.43127376335460D+00 -0.75735387946591D+00  0.26125906836948D-03 -0.67125871060133D-04  0.34759339694019D-03
 -0.14529878728963D+02  0.24470874682306D+01 -0.26188580306686D+01 -0.46041415228289D-03  0.21075755300785D-03 -0.88426181843086D-03
 -0.15243833072451D+02  0.27140990511801D+01  0.73665533722128D+00  0.36917553249146D-03 -0.33154325452119D-04  0.15912890895511D-02
 -0.10683540707650D+00  0.98731016729901D+01  0.83752516852626D+01  0.24383582163211D-03 -0.15702840595408D-03  0.70927370925692D-03
 -0.17620089443951D+01  0.78709806320477D+01  0.77732106172042D+01  0.29606051360524D-03  0.11407153749907D-03 -0.46694114461690D-03
 -0.12639313273643D+01  0.55816386632270D+01  0.92539454535100D+01  0.32491409170313D-03  0.12887887400571D-03 -0.47709529572431D-03
  0.93090092593040D+00  0.54189941842280D+01  0.10768684761602D+02  0.20378662757686D-03  0.76383365582969D-04 -0.71100362760681D-03
  0.22842271589401D+01  0.77137933141892D+01  0.11358373322616D+02 -0.86477114182717D-03  0.54938229574515D-03 -0.45781356520773D-03
  0.19601176135701D+01  0.98430562456203D+01  0.98263280705956D+01  0.98380426319781D-05 -0.76902163846485D-04  0.88376229303231D-05
 -0.32646281681913D+01  0.36817830981376D+01  0.95060582290540D+01  0.18142570366070D-03 -0.34732052552267D-03  0.16319645550316D-03
 -0.24628358886360D+01  0.13271214117061D+01  0.10197059828661D+02  0.27754879268755D-03 -0.10202515139930D-03 -0.99668411213942D-04
 -0.59626222552104D-01  0.10379255558101D+01  0.10987482269019D+02  0.20376579448433D-03 -0.18592923597503D-03  0.96972512101894D-04
  0.15882659600619D+01  0.29373245968597D+01  0.11215376066707D+02 -0.32827367947794D-03 -0.63987621321938D-03  0.35374772761458D-04
 -0.58399031577250D+01  0.42790863631689D+01  0.90605629579808D+01  0.92290909631464D-05  0.36824205400308D-03  0.35653735326065D-04
 -0.75315931478374D+01  0.19616112328372D+01  0.90776675387510D+01 -0.52483862713098D-03 -0.71270043243108D-04 -0.27597258046701D-03
 -0.65258145588033D+01 -0.49768069515310D+00  0.95325548286879D+01  0.23178859862726D-03 -0.12528752746799D-03  0.37256823986060D-03
 -0.41436159190788D+01 -0.93258055444861D+00  0.10203767914617D+02  0.35688851638295D-04 -0.35634328094559D-03 -0.31223926561093D-03
 -0.30974740567145D+01 -0.34634972058609D+01  0.10296732514142D+02  0.12773591116926D-03 -0.67906355624216D-03 -0.64600566104073D-03
 -0.44887824309932D+00 -0.36401580195244D+01  0.10995131588780D+02 -0.18602620670747D-03  0.32124529999840D-03 -0.79908212933928D-03
  0.10221630514606D+01 -0.15283748769909D+01  0.11280699079410D+02  0.41309551258877D-04 -0.16192314299081D-03 -0.13631155029009D-03
 -0.70196714741779D+01  0.66666607165714D+01  0.87722127546182D+01  0.29832707317665D-03  0.42797823131320D-03 -0.81386313772009D-04
 -0.95896981064811D+01  0.67451721831392D+01  0.80374939008337D+01  0.25624658951060D-03  0.83425691947019D-04  0.53451811147936D-03
 -0.11358090131316D+02  0.46238694536622D+01  0.83949876554674D+01  0.49448883117844D-04 -0.62408786518812D-04  0.32452266350758D-03
 -0.10339276686603D+02  0.21689694852694D+01  0.85886742484629D+01 -0.15108193322516D-03  0.37077518076840D-03 -0.13983485178615D-03
 -0.59153024739779D+01  0.89259013585142D+01  0.95464413332445D+01  0.24866737807128D-03 -0.67895741706800D-03  0.38124345843323D-03
 -0.35727601925977D+01  0.78015939893830D+01  0.55669906220489D+01  0.28114873017685D-03  0.30483306908369D-03 -0.15575365615641D-03
  0.34059637451644D+01  0.12354833831753D+02  0.10302163013869D+02  0.55135052615216D-04  0.64266142055126D-03 -0.13757151220634D-03
 -0.13911898096281D+02  0.50133623167400D+01  0.87508127920001D+01  0.15866437477176D-03 -0.25286230842310D-03 -0.30429461631850D-03
  0.39781417532387D+01  0.77445059721852D+01  0.12498459830291D+02  0.14371849732120D-03 -0.15336319997258D-03  0.88423299689807D-03
 -0.52313305754782D+00  0.11845540602192D+02  0.71578403447390D+01 -0.69890853206475D-03  0.41691064313516D-03  0.26989548415724D-03
  0.30010671462908D+01 -0.18258710204485D+01  0.11611402889062D+02 -0.80762921757094D-04 -0.61618774864552D-03  0.20694435687867D-03
 -0.43560153293557D+01 -0.51082222615071D+01  0.97127595821477D+01  0.74828800879878D-04 -0.89141216326466D-03 -0.86460566158778D-03
 -0.11630309778732D+02  0.89312982824206D+00  0.91069228059455D+01 -0.63468473979291D-03  0.29196378018364D-03 -0.20325038067993D-03
 -0.10197509054483D+02  0.83590025948166D+01  0.66704149269475D+01  0.30596806878759D-03  0.97656140171560D-03  0.48465836062590D-04
  0.31036519757666D+01  0.14132523000005D+02  0.86478446944791D+01 -0.37381710351556D-04 -0.40212631744748D-03 -0.89450714880848D-04
  0.45907141304627D+01  0.12443340611843D+02  0.12628411227148D+02  0.61075863095837D-04 -0.48148610254130D-03  0.57820295456985D-04
  0.63403889968251D+01  0.14391644280270D+02  0.12947687792836D+02  0.21158459314678D-03  0.48361482933317D-04 -0.18807410209112D-03
  0.71211395674949D+00 -0.61077352063984D+01  0.11279977076194D+02  0.29407300242554D-03 -0.49006135769011D-03  0.40259971418899D-03
 -0.61235682360245D+00 -0.78994459336420D+01  0.11463205595018D+02 -0.33044728000582D-04  0.25968776738655D-03 -0.25459476584274D-05
  0.32967991293280D+01 -0.60135210516089D+01  0.11279226562337D+02 -0.28633621591332D-03 -0.12699358535210D-03  0.19222849136792D-03
  0.40250701200385D+01 -0.86204471689081D+01  0.11486619083954D+02  0.16722297270241D-03  0.27431216816855D-03  0.17408037667236D-03
 -0.15661621938545D+02  0.36793546929675D+01  0.79560199250977D+01  0.22568550411109D-03  0.68450531760215D-03  0.52415387015951D-03
 -0.14845557423445D+02  0.69424498001373D+01  0.10494399825320D+02  0.29325782423392D-03 -0.86888593218225D-04 -0.13429234567133D-03
 -0.17299151274048D+02  0.70462325038683D+01  0.11032850923997D+02  0.27791638232900D-03  0.26917531783382D-03 -0.23912185892069D-03
 -0.54895593071344D+01  0.89000101874071D+01  0.12192106100767D+02 -0.40450801002962D-04  0.17410139211165D-04  0.23561067778928D-03
 -0.26778576569423D+01  0.90242642071526D+01  0.34574423414638D+01 -0.17371990805014D-03  0.93096221607091D-03 -0.17615371786234D-04
 -0.18239259955262D+02  0.51268460222351D+01  0.10892908952767D+02  0.54527718484276D-04  0.34543884770528D-03  0.13933379088040D-04
 -0.17914495549745D+02  0.84920524883330D+01  0.98733149150096D+01 -0.75283639574313D-03 -0.46758647176797D-03  0.73905359003912D-03
 -0.17496109867339D+02  0.77643219623322D+01  0.12908591607774D+02  0.10943867315257D-03  0.70779080959914D-03 -0.27683235468886D-03
  0.27339207878821D+01 -0.96578486807112D+01  0.10121013686554D+02  0.71848575977126D-04 -0.13742903210496D-03 -0.49244834233771D-03
  0.39239868304143D+01 -0.92834414655657D+01  0.13412886993549D+02 -0.36084007717482D-04  0.11430276177466D-02  0.10181764147344D-02
  0.59246145960475D+01 -0.87824759252138D+01  0.10713826727640D+02 -0.81036965569734D-03 -0.60034410273037D-04 -0.40030510046510D-03
 -0.32750605671391D+01  0.81560305000669D+01  0.16815004490779D+01 -0.42271219810832D-03  0.22065359493628D-04  0.50341001910687D-04
 -0.64266762885691D+00  0.90115911914848D+01  0.27667834853753D+01  0.56973589380378D-04 -0.69666881348080D-03  0.97171256037337D-04
 -0.33388963414293D+01  0.11013592652484D+02  0.34121498343675D+01 -0.85986699104019D-03  0.46707286995813D-03 -0.95823817946596D-03
 -0.39197440570109D+01  0.98282921710346D+01  0.12274910408462D+02 -0.16970268301847D-02 -0.13288467171149D-02  0.31358924447174D-03
 -0.54180303065554D+01  0.70199406033454D+01  0.13212206044486D+02 -0.80962066073082D-03  0.21485969249109D-03 -0.71166977821691D-03
 -0.69232775409604D+01  0.97947894555241D+01  0.13186493731319D+02  0.54288208176451D-03  0.72909624692657D-03  0.23244803499835D-03
  0.76735875018903D+01  0.14314822138927D+02  0.11322195017277D+02 -0.10297476379686D-02  0.79571524993142D-03  0.12444112690917D-02
  0.72632601154773D+01  0.13898498412159D+02  0.14724734731177D+02 -0.31633951682534D-03  0.62530870017050D-03 -0.57482617593824D-03
  0.56025167883989D+01  0.16376021829972D+02  0.13180564180466D+02 -0.54207832673677D-03 -0.21952692452388D-03 -0.12812906745850D-03
