 -1.0
  0.32219586972558D+01  0.22067746702037D+01  0.58731483509935D+00  0.20554166515163D-03  0.52791897154952D-03 -0.18981514754527D-03
  0.16022165727665D+01  0.71925414926847D-01  0.35209804911293D+00 -0.99555927546847D-03  0.45771914084889D-03 -0.32931083911148D-03
  0.14375636562220D+01 -0.18163234258861D+01  0.23949641113248D+01  0.46365907458358D-03  0.63965486040469D-03  0.71926592566524D-03
  0.35162841897580D+01 -0.18267010785659D+01  0.43063663503156D+01  0.20821608654205D-03  0.91408544178820D-04 -0.37691562297925D-03
  0.47982380030717D+01  0.50173921404715D+00  0.46841512003977D+01 -0.28106830932596D-03 -0.32931924592258D-03 -0.48584245540821D-04
  0.45429019341588D+01  0.23024109736141D+01  0.28782960570101D+01  0.18620496920711D-03  0.27166526192039D-03 -0.33744239550353D-03
 -0.91123210393740D-01 -0.41119757411708D+01  0.24915581738707D+01  0.65632848324778D-04 -0.59798113845534D-03 -0.51461294459494D-04
  0.86867424702772D+00 -0.62466926929995D+01  0.35115090402914D+01 -0.22230919482661D-03 -0.31937529062248D-03 -0.72802103961509D-04
  0.31956109103841D+01 -0.60813865898245D+01  0.50031097884954D+01 -0.71099162963846D-04  0.41236226106669D-03 -0.48033045485869D-03
  0.43069743041079D+01 -0.40170129063396D+01  0.54691599977420D+01 -0.22587326224742D-03 -0.17266507798361D-03  0.15553102729793D-03
 -0.26767825573398D+01 -0.45204836452997D+01  0.16661716836257D+01 -0.11888517094418D-03 -0.62204932468115D-03 -0.69045939759502D-04
 -0.37484418199238D+01 -0.70552772269347D+01  0.12082050463973D+01  0.63061191576252D-03 -0.71087284355648D-04 -0.39345762733430D-03
 -0.25376457717631D+01 -0.90603768426187D+01  0.22390673447873D+01  0.11635653651935D-03  0.45115098779862D-03 -0.47557685424509D-04
 -0.37372691816750D+00 -0.86204884300890D+01  0.34428038590586D+01 -0.16880450565516D-03  0.37121980483128D-03 -0.29746801355756D-04
  0.18788882345810D+00 -0.10594660648251D+02  0.51761552852620D+01 -0.59055564551049D-03  0.36780233308011D-03 -0.14977838921886D-03
  0.24411364115895D+01 -0.10369551070286D+02  0.64770995757886D+01  0.25862576294632D-03 -0.30427337855926D-03 -0.47675754449276D-03
  0.37101620327545D+01 -0.81676470314114D+01  0.65349479941883D+01 -0.35531902137182D-03 -0.61381357644868D-03  0.60366013018995D-03
 -0.43808963764273D+01 -0.26100561568427D+01  0.63001302122443D+00  0.50552856711543D-03 -0.10665780579150D-04  0.14606873859586D-03
 -0.68222712714707D+01 -0.28598298729056D+01 -0.43755139083829D+00 -0.24596559921823D-03  0.14759929219736D-05 -0.11149927976593D-03
 -0.77016806665635D+01 -0.52195273029034D+01 -0.49750017175551D-01 -0.16244601917003D-03 -0.19907911416496D-03 -0.68935243809283D-04
 -0.60991282847084D+01 -0.73877008976562D+01  0.84216837339488D-01  0.25885252396753D-03 -0.52627000216415D-03 -0.24292120426482D-03
 -0.34211818614905D+01 -0.10390605621940D+00  0.10356267481698D+01 -0.72265732083818D-04  0.72529122152534D-04 -0.21998031365094D-03
  0.62594177089712D+00 -0.90221647463642D+00 -0.18472111561103D+01 -0.23311496099938D-03  0.75491667247663D-04  0.16762159924532D-04
  0.64021529558426D+01  0.45718023197606D+01  0.33613903977639D+01  0.23444292310816D-03  0.37955247893773D-04 -0.77887833506541D-03
 -0.10523951949405D+02 -0.55077633467754D+01 -0.40730895834139D+00  0.45973355046335D-03 -0.12883609848654D-03  0.70630032039584D-04
  0.59455850045648D+01  0.11008896259782D+01  0.63020195305212D+01  0.77337708882276D-03 -0.44157108241911D-03  0.17340503228016D-03
  0.34033602095570D+01  0.34838986472859D+01 -0.94663821718160D+00  0.15548655636280D-03 -0.29439874074666D-03  0.33141007585268D-03
  0.50572349514421D+01 -0.80522494112572D+01  0.78898770023782D+01 -0.25014567550811D-03  0.12206620488801D-03  0.55809280629939D-04
 -0.10088870164476D+01 -0.12262394094776D+02  0.47530285888493D+01  0.10139719477137D-02 -0.21068701478046D-03 -0.79561779862859D-03
 -0.66981807611068D+01 -0.94429248841448D+01 -0.11840129779482D+00 -0.58475273433490D-03  0.14108750010966D-03 -0.30056614238647D-03
 -0.72466937143339D+01 -0.13132065705673D+01 -0.16726077971381D+01  0.57697089465185D-03 -0.28782542636609D-03  0.44405891153229D-03
  0.63620303402338D+01  0.59239825675345D+01  0.14769968078851D+01 -0.30478389975113D-05  0.11045620266781D-03 -0.50404030619835D-03
  0.76005284310944D+01  0.48705524531893D+01  0.55414089924785D+01 -0.44861601721330D-03  0.21160567324164D-03  0.52872653106276D-03
  0.78348650734759D+01  0.74816165995049D+01  0.55502233733217D+01  0.30601317639775D-03  0.12164808846814D-03 -0.63352737243576D-03
  0.37964174996572D+01 -0.12231426052227D+02  0.79280347651706D+01 -0.22667783720373D-04  0.48881813078394D-03 -0.20603972218531D-04
  0.25402111691739D+01 -0.14207556561253D+02  0.77898087758001D+01  0.15262646653674D-04 -0.23439461940088D-03  0.23556143552409D-03
  0.57737146622803D+01 -0.11690819067300D+02  0.94188783979928D+01 -0.39335462189734D-03  0.71542502348500D-03 -0.20322427061867D-03
  0.70550831739934D+01 -0.14018207083624D+02  0.10032261639661D+02 -0.16355751806102D-03  0.26328001706711D-03 -0.14992232070820D-03
 -0.12006316497595D+02 -0.39970974314402D+01  0.41540003165336D+00  0.26661582381848D-03  0.49433083897260D-03  0.28913929597747D-03
 -0.11177175959681D+02 -0.75343985871193D+01 -0.16200650801773D+01  0.26032429888292D-03 -0.45299811980722D-04  0.34632074952777D-03
 -0.13862393442845D+02 -0.78536864272006D+01 -0.18142164680443D+01 -0.21539138413120D-03 -0.25476377907836D-04  0.39071473367787D-03
 -0.50615813932993D+01  0.18863166424050D+01  0.16165191523203D+01 -0.33890925908910D-03  0.59172862151490D-03 -0.14877155423180D-03
  0.33622607089826D+00  0.10676819108818D+01 -0.37083906768035D+01  0.10237557726336D-03  0.42541255614809D-04  0.31896946426042D-04
 -0.14612664625042D+02 -0.61955673663791D+01 -0.28304936035141D+01  0.33257372883899D-03 -0.60635429774955D-03 -0.63769434546196D-04
 -0.14997706318608D+02 -0.81020281717123D+01 -0.13420803590182D+00 -0.71080738711449D-03 -0.33015407334737D-03 -0.10142626389511D-02
 -0.14310315864602D+02 -0.94968919578395D+01 -0.29723921286847D+01 -0.52397129387255D-03  0.36094286799925D-03 -0.91359054070907D-04
  0.75265516596584D+01 -0.14885378298704D+02  0.81936715195960D+01 -0.74147854963685D-03  0.67987009277944D-03  0.15419937909947D-03
  0.57042714224417D+01 -0.15537165541412D+02  0.10780695190023D+02 -0.55086970510989D-03 -0.69868136671718D-03  0.50297610803323D-03
  0.88045501428337D+01 -0.13330078277678D+02  0.11002313440947D+02 -0.32858057406045D-03 -0.17408602991118D-03  0.34264198395811D-03
 -0.75246153343206D+00  0.27360391101241D+01 -0.33369802915813D+01  0.95492530954359D-03  0.13795069473631D-02 -0.11100895255463D-02
 -0.45044507424922D+00 -0.14949811751125D+00 -0.52393189494669D+01  0.13496426799590D-03 -0.20673149675499D-03 -0.49745643735068D-03
  0.21987572096613D+01  0.16188694117726D+01 -0.41547793288903D+01  0.21877577326470D-04  0.64867951520211D-03  0.10025286903769D-02
 -0.51293985045188D+01  0.16052718551962D+01  0.36708904025096D+01  0.26885483506187D-03  0.11258744878897D-03  0.20193232130505D-03
 -0.68991939989717D+01  0.11899456287032D+01  0.10942511540282D+01 -0.67914805713157D-03 -0.54966017158898D-03 -0.33825908200220D-04
 -0.48289773667934D+01  0.38084240799593D+01  0.80300807659318D+00  0.10373724902569D-03  0.59287616649231D-03  0.88608312970473D-04
  0.98586221732771D+01  0.77787460193178D+01  0.49441441457827D+01 -0.11384768811971D-03  0.15454858554120D-03  0.90033113772780D-03
  0.76870146922727D+01  0.79698905047744D+01  0.76233662226952D+01 -0.44167888457787D-04 -0.14562697334759D-02  0.13180492681428D-02
  0.60867648060541D+01  0.86423551425232D+01  0.48042632542727D+01 -0.61771312385174D-03 -0.71458397969836D-03  0.67824840721463D-03
 -0.95463029158180D+01  0.54852922094448D+01  0.13147755582767D+02  0.23508607091286D-03  0.54459665221432D-03 -0.72331630131895D-05
 -0.75365650873619D+01  0.60249002587062D+01  0.11556393235015D+02 -0.78103833499912D-03  0.72934212139918D-04 -0.99661310028448D-04
 -0.58222088930761D+01  0.40286972684632D+01  0.11380296762418D+02 -0.20020374495213D-04  0.26948173242454D-03 -0.29360510080992D-03
 -0.59140012282922D+01  0.22067870611983D+01  0.13598224443552D+02 -0.15818725120044D-04  0.27431522524279D-03  0.23013124724643D-03
 -0.81319410101365D+01  0.18387629325891D+01  0.14843235424759D+02 -0.23956280747601D-03 -0.51335659608677D-04 -0.17693865923258D-03
 -0.10045337158025D+02  0.34856987436286D+01  0.14680813603524D+02 -0.70782376391451D-03  0.24703693400173D-04 -0.41648318919042D-03
 -0.34980206588612D+01  0.40358278513860D+01  0.97447445936596D+01  0.64792630519339D-04 -0.75664316202274D-03  0.15685595503740D-03
 -0.14770841991540D+01  0.29109242691830D+01  0.11047681252628D+02  0.59582937151742D-03 -0.67852816718451D-04  0.65487741994807D-03
 -0.16659870575079D+01  0.15784264338912D+01  0.13157034400835D+02  0.40504320467602D-03  0.68380969109891D-04  0.32883492086071D-03
 -0.39197404160185D+01  0.88160054372601D+00  0.14208270173245D+02 -0.22716131094817D-03 -0.90014362969075D-04 -0.17421956618557D-03
 -0.29948662001309D+01  0.54220860061228D+01  0.75175931939156D+01 -0.24206883633276D-04 -0.23966031678495D-03  0.54916716573479D-04
 -0.40282499757410D+00  0.57050783781485D+01  0.66923605195493D+01  0.46655105258220D-03 -0.13113458809907D-03  0.17383464173511D-03
  0.15255877419173D+01  0.47652221544239D+01  0.79812106758199D+01 -0.72914764744241D-04  0.33571279452255D-04 -0.77642029901341D-04
  0.12111375807553D+01  0.34107468769056D+01  0.10108643189008D+02 -0.12917471654730D-03 -0.20600480191962D-05 -0.34386078504967D-03
  0.32959976454742D+01  0.21289142515252D+01  0.11182385329891D+02 -0.16558822780548D-03  0.43661510630572D-04  0.48437501316691D-03
  0.26491347865417D+01  0.43462975719857D+00  0.12993266627127D+02 -0.17090407016259D-03  0.12874975904298D-03 -0.94258059409042D-04
  0.43867235900233D+00  0.18059237945513D+00  0.14150656700316D+02  0.36053778041575D-03  0.50893753723267D-04  0.28950676727289D-03
 -0.50889499705754D+01  0.62348481415422D+01  0.59305751402802D+01  0.17818709520108D-03  0.32734991927072D-03  0.58653823237563D-03
 -0.45264290318845D+01  0.82628105929083D+01  0.42159816609055D+01 -0.32135933736635D-03 -0.48767761964054D-04 -0.15504036679295D-04
 -0.19724238309218D+01  0.85452982798884D+01  0.35210170316745D+01  0.40262156138947D-03  0.11338378261141D-03 -0.32106909044585D-03
  0.10139093399802D+00  0.72781307177197D+01  0.45468163543647D+01 -0.34632738432210D-04 -0.50368868734742D-04 -0.30597307513331D-03
 -0.73805610388802D+01  0.50963754893743D+01  0.64190783141701D+01  0.61958644013662D-03  0.31296462869771D-04  0.24179512099627D-03
 -0.74044565018100D+01  0.81783261380745D+01  0.10110691327116D+02 -0.35966505475159D-03  0.40027624506531D-03 -0.81893273792115D-04
 -0.12468784636303D+02  0.35300890855156D+01  0.16006364882059D+02  0.70334273256536D-03  0.20083650031201D-03 -0.25403764720694D-03
 -0.15410174982731D+01  0.10259311056012D+02  0.14136135068567D+01 -0.32712757812309D-04  0.22001706231356D-05 -0.31372353888423D-03
 -0.81125399949214D+01  0.29606903988327D+00  0.16122143156298D+02  0.69764573967797D-03 -0.83504353298888D-03  0.12583980551138D-02
 -0.10935997622726D+02  0.68228853461833D+01  0.13522953260559D+02 -0.10558571663498D-03  0.61926939651344D-03 -0.22614651186378D-03
  0.36490361294882D+00 -0.10064818167375D+01  0.15789159901593D+02  0.11622080426750D-03  0.94264745992943D-03  0.53354324613864D-03
  0.52486513547973D+01  0.23817880889631D+01  0.10739065178245D+02  0.34690443121993D-04  0.68421297006554D-03 -0.11527206253306D-03
  0.18218015249319D+01  0.66816226563018D+01  0.37777918100066D+01  0.15825945312707D-04 -0.56449944666354D-03  0.75320655417747D-03
 -0.61220182231270D+01  0.91425574332159D+01  0.32161757769275D+01 -0.14704556268177D-03 -0.55021147530660D-03  0.33216803947247D-03
 -0.12185763386970D+02  0.29994193808739D+01  0.18205042329707D+02 -0.15559201089458D-03 -0.96568400500224D-04 -0.48992680189342D-03
 -0.14571340430501D+02  0.46791861736080D+01  0.14706087036883D+02 -0.33910939752957D-03 -0.95719861706629D-03  0.33203031606311D-03
 -0.16857521515700D+02  0.53727529404247D+01  0.16010964963617D+02  0.48951389093546D-03  0.20584716625245D-03  0.44848760194344D-03
  0.47542853675738D+01 -0.11797266060731D+01  0.13886062517872D+02  0.63876415717824D-03 -0.21959156856618D-03  0.33030111334454D-03
  0.69366051312301D+01 -0.71673480661924D+00  0.13484956132169D+02 -0.26207978273333D-03 -0.15245915264880D-03  0.13536629728865D-03
  0.40067403292805D+01 -0.32245606997099D+01  0.15358749728783D+02  0.29308936238734D-03  0.10141201766052D-03 -0.27205873365170D-03
  0.59897674385578D+01 -0.49572274921421D+01  0.15813066769517D+02 -0.76161593435430D-05 -0.81978383102560D-04  0.36331873804429D-03
 -0.19761962506136D+00  0.97675300941625D+01 -0.46229137945614D+00 -0.98003292465058D-04  0.76360947492632D-04 -0.34417267306903D-03
 -0.29607151690787D+01  0.12387411855688D+02  0.12423402818771D+01  0.47097612092172D-04 -0.46123352088366D-03  0.36844898725254D-03
 -0.28894713378590D+01  0.13210190320314D+02 -0.98515559928274D+00  0.47666202530304D-03 -0.90489431681773D-03  0.23132622808078D-04
 -0.91991674398669D+01  0.61173499633790D+01  0.46588731406343D+01  0.15745160974581D-03 -0.45096918128222D-03  0.18738706482363D-03
 -0.98347205541665D+01  0.95512040836132D+01  0.10026355585656D+02 -0.39198828787043D-03 -0.37578848838865D-03  0.78926121403474D-03
 -0.10892935573391D+01  0.13844298903668D+02 -0.16476146666451D+01  0.29979936315647D-03 -0.66441910879930D-03 -0.10427043843897D-02
 -0.45682299923041D+01  0.14416944357128D+02 -0.12470970097005D+01  0.11898625263081D-03  0.12227607861227D-03  0.47315711741955D-03
 -0.32643196355448D+01  0.11688419786543D+02 -0.22594929042713D+01 -0.41121435483426D-03 -0.66841161329298D-03 -0.76370158637147D-03
  0.74337550057136D+01 -0.49383756549155D+01  0.14342129349940D+02 -0.88548984974665D-05 -0.69540204817197D-03 -0.11199588660403D-02
  0.49926771168519D+01 -0.67391952647488D+01  0.16061599537473D+02 -0.21055200290153D-04 -0.29676860299565D-05 -0.57948542498897D-03
  0.70689485240269D+01 -0.49055218688861D+01  0.17569734051306D+02 -0.58115071572734D-03  0.27121674263922D-03  0.60159712863945D-03
 -0.10260585997789D+02  0.10579539942195D+02  0.11744627855390D+02 -0.12183209572741D-02  0.48277535464524D-03 -0.51966505083428D-03
 -0.11435421458412D+02  0.82178416152939D+01  0.93616405896239D+01  0.99550743332741D-04  0.17660142502533D-04 -0.26449641913780D-03
 -0.95372519091831D+01  0.11122096422254D+02  0.83896870564078D+01 -0.29483044354171D-03  0.57332238758365D-04 -0.56207752419153D-03
 -0.89246349020007D+01  0.81971137892637D+01  0.48853600678960D+01  0.85745914343821D-03 -0.11401536619541D-03 -0.57938565837686D-03
 -0.11031937763421D+02  0.56439825638116D+01  0.51157160193131D+01 -0.11964074975510D-02 -0.38257859299045D-04  0.96863190640859D-03
 -0.88547556725884D+01  0.61196431216663D+01  0.25118819546242D+01  0.84972598156638D-03 -0.15879480473449D-04  0.55533490612331D-03
 -0.16990072037657D+02  0.41473604623148D+01  0.17786281270718D+02  0.17350004866890D-03  0.50430126452682D-03 -0.45349559072450D-03
 -0.18359060178948D+02  0.46639550773701D+01  0.14773621037990D+02 -0.45303470055687D-03  0.29521729103524D-03 -0.79739978233013D-03
 -0.17169666403959D+02  0.75605096270498D+01  0.16410952582206D+02  0.66840940037026D-03  0.12996787511668D-03  0.46755002039507D-03
