$coord
        0.47132831178041       -0.78255728599879        2.89017805474697      C
       -0.18361877682310       -3.33586201373755        2.47536930295908      C
        1.21164918366907       -5.04769443054760        4.03580268514001      C
        3.81484298833073       -4.76568388647029        4.95629397776258      C
        4.62059709059053       -2.38677840324602        4.45022530851057      C
        3.19156089032609       -0.49290613354109        3.29052774780925      C
        0.55739221662911       -7.67545702841518        4.16470147803393      C
        2.36669442703108       -9.52366235878001        4.58111357934946      C
        4.85203205597991       -9.04693577086243        5.06078112347618      C
        5.40826064991140       -6.64753929366545        5.41863016579690      N
       -2.19544980314816       -8.71757030347102        4.04908245144542      C
       -2.55736667187133      -11.24171054167481        3.38271612910392      C
       -0.40822523026184      -12.85574520182439        3.27354930696965      N
        1.92152664950894      -12.07641326782537        4.05774377164506      C
        3.69880809169160      -13.95983031589536        4.17501476152273      C
        6.14526114580275      -13.44282992169530        4.91043327941116      C
        6.55555294886552      -10.92770542744910        5.52432474334064      C
       -4.12259021014447       -7.23257405519669        5.19002955701561      C
       -6.39938303177145       -8.02073653738897        4.39791985672299      C
       -6.85243233311134      -10.44195475848835        3.65253583172576      C
       -5.00082666766229      -12.07716062753049        2.98648344629483      C
       -3.79098271217321       -4.96138944508750        6.93674177313807      O
       -2.43709284526955       -3.72300125797758        1.32590805538368      O
        4.31055623912988        1.87914013939048        2.38013149799228      C
       -9.59435495314556      -11.27484745232363        3.47255730807299      C
        6.38453473551521       -1.63288582596769        5.33522674539266      H
       -0.56950237897291        0.56840977337340        1.84841634100961      H
        8.32403331343574      -10.31828624553683        5.81921388597932      H
        3.23215360612308      -15.87261630780680        3.53786725827750      H
       -5.25252650077057      -13.87260440428283        2.39272298040990      H
       -7.84546858526371       -7.03206150827138        5.24630339498575      H
        3.12989196460984        3.70862617008764        1.64315810317316      O
        6.92828586920807        2.06885876503635        2.33338986059345      O
        8.08990015968988        4.28628026422253        1.55638517752889      C
        7.65188690447663      -15.82252893636037        5.36125648560343      C
        7.06757865752925      -17.64069922104927        6.51874441619799      O
        9.90601718449054      -15.66535337047560        4.05746149427413      O
       10.97369449981280      -18.07992633367141        4.00863752537937      C
      -10.33819080931610      -13.43611379314465        3.09445338538845      O
      -11.42031845760006       -9.55246516630474        4.36512531148161      O
      -13.93748100225751      -10.31925295389812        4.04197175214876      C
       -5.65049813200027       -3.13728019074199        6.58491717247388      C
       -2.09567378320233       -3.08926165764219       -1.32352068324637      C
      -14.27792725991327      -11.50669392583842        5.67860840883298      H
      -14.35254114308947      -11.12519078183657        1.94688985877876      H
      -15.09437977814183       -8.60506728720962        4.19707181525399      H
       13.14388280566470      -17.62602738129163        3.85695698194984      H
        9.94277327641047      -18.90845565555972        2.45193080250794      H
       10.30643881520533      -19.56133313486974        5.38163549306172      H
       -1.25209295448924       -4.74915944350555       -2.15874956742015      H
       -0.96265363632646       -1.49294612484723       -1.55619112232629      H
       -3.86384987496641       -2.49335684218999       -1.94441916114622      H
       -5.84773928653140       -2.47372508886509        8.43496507758246      H
       -7.62516306656675       -3.77639691148928        5.94404230384578      H
       -4.56703626162881       -1.86062932279490        5.17767344988288      H
        6.91326336854090        6.11358222826947        1.29245868393681      H
        8.53597345413317        3.98933156110308       -0.42434413129379      H
        9.87497072066191        4.11203581257800        2.61279626019718      H
      -11.10677200380062        7.66679682079846       10.23692851485517      C
       -8.89531448686215        8.94836448654180        9.38078058994142      C
       -6.97262337556157        7.14654606379310        8.36563594555347      C
       -7.46454984038674        4.48902569393131        8.07078873946381      C
      -10.02547682718206        3.56794460028298        8.63836967650469      C
      -11.47192063382354        5.16419763812442       10.02988346111181      C
       -4.30083493177012        7.93828178338875        8.39918138401976      C
       -2.48191442711090        6.27618008114522        8.62565746507616      C
       -3.10277896260799        3.64242452264626        8.68922720689579      C
       -5.47556901855487        2.75706192008261        8.54998157749598      N
       -3.49500388565680       10.49480029689058        8.04921270748878      C
       -0.85856327302946       11.27351900236663        8.44302326641744      C
        0.80083229603530        9.46132338339634        9.11768451299977      N
        0.11026665267714        7.12594081481108        8.84631648390523      C
        1.87683412801354        5.22534003801576        9.54424085391517      C
        1.34611890410602        2.60598965503305        9.73252306140316      C
       -1.09987786440196        1.92423211723204        9.46396956190970      C
       -4.97955119027576       12.21241157460250        6.50960930767445      C
       -4.37930132926648       14.91907934212256        7.00117834467265      C
       -2.04106302389568       15.60498226236549        7.97442265067555      C
       -0.37407938795603       13.85022866447859        8.78455675962177      C
       -6.60739774266426       11.28045269569747        4.65352813735348      O
       -8.52004271052644       11.76513261249527        9.70839182379301      O
      -13.59504638001080        3.94593197520167       11.08220157476766      C
       -1.42186298204318       18.16661194018517        7.65620588679508      C
      -10.32997661641457        1.62743895547556        8.21599480358244      H
      -12.84892470474938        8.39175332354892       11.07678026804047      H
       -1.54086658615409       -0.02370862636846       10.04971255357084      H
        3.63317021402698        5.82459037406702       10.38117004912781      H
        1.48623687765832       14.39298843790193        9.38159574255737      H
       -5.81031398765816       16.05825598531514        5.97151050120693      H
      -13.54054280215260        1.64964741440854       11.29545853092494      O
      -15.50615854891824        5.40478969822088       11.81808945330006      O
      -17.62481444305982        4.05659763712088       12.62056854724635      C
        3.62816651662702        1.04182557237198       10.80843091217761      C
        4.78626104542740        2.05960438532934       12.61356158044969      O
        3.33977650564842       -1.49269455559348       10.10947266900001      O
        4.50117351150666       -2.85729165431642       12.10576869326579      C
       -0.71424616433345       19.41732111461340        9.53530633010037      O
       -1.01671367341670       18.86630507616279        5.12258448483690      O
        0.32932944988892       21.14213656373154        5.37749143102914      C
       -8.26591702537906       12.99110534031588        3.51490787505734      C
      -10.79439513355348       13.59090100295394        9.67378189372672      C
        0.31548462673931       21.94102421158335        3.48525007544503      H
        2.26968219243949       20.51613679531062        5.97213536015603      H
       -0.18830733363454       22.66500124742311        6.87517268000304      H
        6.03430588858346       -4.07940557514427       11.18249763668934      H
        2.91622401066125       -3.91024201450273       13.29109857793441      H
        5.35691872611156       -1.37182344271785       13.16154905304453      H
      -11.69030236347615       13.50680893752553        7.82928293888986      H
      -10.44058565559653       15.26320082822376       10.62811117570850      H
      -12.12620263463246       12.77919939671162       10.93245689109928      H
       -7.00451532239393       14.64901357743137        3.05913279263202      H
       -9.84244772126319       13.84633667532144        4.48421920349444      H
       -8.48086801065338       12.32945871353905        1.55713413612119      H
      -19.23070198140085        5.39414377194483       12.50617613551002      H
      -17.38633297067788        3.84590275029505       14.73427709753440      H
      -17.60555244480082        2.25266806146698       11.76967393619237      H
$end
