$coord
       -4.90726036386545       -0.67527074570774        4.45352901981644      C
       -2.96666246458938       -2.17252277688917        3.60995901753660      C
       -2.07734814463311       -4.10009971286096        5.40940167597181      C
       -2.98042069601596       -3.98327588971449        7.76581930536523      C
       -4.67159077061848       -2.20920960972218        8.47909101690526      C
       -5.80861575477366       -0.51604431254671        6.81271172588715      C
       -0.58552800548195       -6.28193584749801        4.70585771745304      C
        0.25736058735078       -7.89420164728270        6.75079748485252      C
       -1.23604295505071       -7.95100814224049        9.09968186711756      C
       -2.89897047269174       -5.97439837324496        9.62722075005910      N
        0.19429520845151       -6.59752734550326        2.17989613384120      C
        2.43223312957272       -7.99407351280307        2.04015475455831      C
        3.77725270121781       -9.33949563009198        4.04056316087683      N
        2.41861742202202       -9.41108135282066        6.39148214023639      C
        2.59948198470697      -11.36903530273210        8.22397496239076      C
        1.04265976618966      -11.75778175211978       10.26849202784000      C
       -0.80884320428280       -9.95880750826323       10.87046348141309      C
       -1.57769640007091       -6.47896521084919        0.14670846546484      C
       -0.77257689341837       -6.78102491318561       -2.17186547244033      C
        1.66884429780003       -7.59155527226077       -2.56836269744547      C
        3.23930151627940       -8.20637284599611       -0.65543998680438      C
       -3.93063309922157       -6.32130390835745        1.09127675781744      O
       -1.65508890298326       -1.76517919750150        1.45168221188773      O
       -7.87437848484806        1.20644533317093        7.78139025976411      C
        2.60845163450470       -8.18649056689186       -5.20948426013425      C
       -5.40481538203122       -1.96480647015400       10.40875780749315      H
       -5.32610846619453        1.13446821866411        3.36524381526194      H
       -2.08003382150652      -10.21096313568161       12.63349552614795      H
        3.91972007009433      -12.77097645504404        7.95686403459424      H
        5.18378712529524       -9.18118144615035       -0.87157416628510      H
       -2.40299762497397       -7.45010197547596       -3.31235038094155      H
       -7.40886197617922        3.41431996697338        7.63374551689071      O
       -9.74103617686085        0.22978722019406        9.23218030354416      O
      -10.57036282439397        2.21738195148716       10.90874246036119      C
        1.40857781725819      -13.92063504940826       11.99178097273267      C
        3.52996953564144      -14.87599823084442       11.73422980500978      O
       -0.30487205286987      -14.76047678833380       13.72168734906797      O
        0.99922373010567      -16.54348674368716       15.36887224879148      C
        4.78418005542969       -7.37938460940323       -5.82311498597885      O
        1.07919388712155       -9.28320269603014       -6.87716385155255      O
        1.91040052178887       -8.65856128928737       -9.29199920308386      C
       -4.94053003676003       -8.40069649416182        2.19318158024256      C
       -3.63058832986116       -1.56968885064480       -0.37701510632802      C
        2.21365238556512       -6.67623716275943       -9.18521583587106      H
        0.46230201022009       -9.09171368777117      -10.60962582384047      H
        3.46344110351600       -9.79952369813478       -9.91260336418032      H
        0.40854316471808      -18.51313747424799       15.67408556617251      H
        1.34532424072274      -15.32600746146379       17.10042471887080      H
        2.76190468323420      -16.85778364700926       14.55998559066267      H
       -5.66595005856963       -1.94474964970233        0.36179649715005      H
       -3.29832168055271       -2.97472030524161       -1.97181794009625      H
       -3.98449055068084        0.53241233666492       -1.08456372860299      H
       -5.67076936773766       -9.27649887423163        0.59619002925259      H
       -6.18835738751170       -7.51184299302752        3.68607555866501      H
       -3.13997017395179       -9.24834045994469        2.88544841447105      H
       -9.03389799371466        3.22727549627600       11.52137592244878      H
      -11.81595021092006        1.16889441222532       12.11788856959902      H
      -11.64518565752330        3.84609227309863        9.84174036924767      H
       -4.10369916952370       14.06740920550163       10.26439270565904      C
       -3.31645750255451       12.02558375558599        8.70975535910734      C
       -3.45315989181257        9.55248787769750        9.67996118190517      C
       -4.00709270338470        9.12207116369567       12.32873288128092      C
       -5.16278140620107       11.27518820720140       13.54262220300702      C
       -5.28253451527295       13.71808772237871       12.61153338555440      C
       -2.78507873206142        7.31488062190907        8.19258659720313      C
       -1.40818400150431        5.66582918089173        9.56604841340199      C
       -1.80528617332237        5.43410845788538       12.27532906314166      C
       -3.10173628578957        7.12565796070658       13.57078516672030      N
       -3.13379282635091        6.98688926454541        5.39384369430791      C
       -1.51333677736269        5.02538187555811        4.38919551314642      C
        0.62295798505279        3.98206140914662        5.74037743848114      N
        0.20982141033224        3.84302855846966        8.14022948754696      C
        1.79187793987050        2.38320592180778        9.62840283450949      C
        1.63479465014984        2.13860596962353       12.23336632435262      C
       -0.37131701750484        3.40376393557953       13.47455997346716      C
       -5.29928235863432        7.83346126501843        3.84119157377088      C
       -5.33580501006021        7.09911737744175        1.47877569140255      C
       -3.45092433879859        5.70305602072966        0.42814260915984      C
       -1.63272544824435        4.52974374527916        1.69541620496625      C
       -7.42772053468694        9.23682250663232        4.35219547210425      O
       -2.51111283020973       12.11549834387861        6.24289752996631      O
       -6.71555655832922       15.55875910092277       14.17537336844694      C
       -3.42045125834022        5.05565922752593       -2.33708261153653      C
       -5.97684503346927       10.95834199891212       15.51785506815159      H
       -3.67519222057844       15.94396382053303        9.47299543088469      H
       -0.75149596343980        3.11377364034136       15.55403559037979      H
        3.36959632631929        2.05506612028797        8.52414421768516      H
       -0.28751955765148        3.35576463338293        0.82677338117763      H
       -6.68134752386257        7.44416479358815       -0.15367822614549      H
       -6.84275494177879       17.77299882568805       13.80143506926760      O
       -8.33832419301220       14.65183264817644       16.30958287745378      O
       -9.91087687730448       16.48652060898786       17.61776029755152      C
        3.11539584454873        0.18485028285389       13.84628718170524      C
        2.51684215498130        0.38193756757877       16.14605787284162      O
        5.01472605955373       -1.25696688597022       12.73263090606280      O
        5.12474810726998       -3.66382624497109       13.44890553589095      C
       -1.38455048846656        5.62208728935962       -3.33986347456387      O
       -5.80284172236399        4.49573953289042       -3.23095104223218      O
       -6.13352471249622        3.95860584503822       -5.82880856010337      C
       -8.26409325917913        9.03769341969501        6.91041814553061      C
        0.13578979752938       13.05704127457379        6.28459264981182      C
       -5.69400106903169        5.56364585875158       -7.16440155389199      H
       -8.07820950722351        3.60877702829593       -5.90355422624306      H
       -4.82452749173721        2.23157405499674       -5.87468076818251      H
        3.18092796328881       -4.54862146737529       13.59540196059002      H
        5.92751915262379       -4.03096345404913       15.33658798274838      H
        6.13432555484453       -4.56415339099851       11.92698732341351      H
       -0.36415517456683       15.03049237289892        6.04192371954477      H
        1.39294112600487       12.33529295753485        4.81436010460058      H
        1.33447714539366       12.70207753417567        7.90199376859720      H
       -7.22709815368597       10.18427708585182        8.23597659136891      H
       -8.33133115292701        6.93760612990255        7.25523486542787      H
       -9.85387961013769       10.13359706386261        7.09850176574882      H
      -10.44291649994226       15.71433532881552       19.41969278649483      H
      -11.72366496054586       16.24967669447698       16.56023874298015      H
       -9.38281780760772       18.49825382248919       17.79336861923612      H
$end
