$coord
       -4.48223712113514       -2.41293788687792        5.44446824806257      C
       -2.43684652142525       -3.67489636184714        4.54496676721654      C
       -1.28345698762174       -5.64057707292202        5.82288001958647      C
       -1.79177898383154       -5.43787895280077        8.56811176821072      C
       -3.32630523569337       -3.28821162491163        9.50906719153851      C
       -4.92303560932193       -2.00403067009603        8.06528146187429      C
       -0.11071432881118       -7.93006609370881        4.98036450092736      C
        0.98248060049696       -9.36830756585777        6.73226714041690      C
        0.90001002945149       -8.56445237263150        9.29506700860816      C
       -0.51029917180007       -6.62261686435792       10.35301538121577      N
       -0.16224957675302       -9.12468734350508        2.45698069361401      C
        1.94371694077309      -10.77582651025882        1.85245337735187      C
        3.57931868760866      -11.54995517240592        3.61322551014749      N
        2.83481695840549      -11.29339146252734        5.92516546824702      C
        3.70584110386455      -12.92481859301705        7.77579563541802      C
        3.28118305447470      -12.48803876388854       10.31035860976997      C
        1.95814757550737      -10.20743289727493       10.76770362426780      C
       -2.18163302710164       -8.86182951291092        0.87849327824402      C
       -1.90620681246732       -9.57459749024135       -1.50872195201628      C
        0.56963643458729      -10.06227285906211       -2.38605117879329      C
        2.42429205731785      -10.89435967959050       -0.89677966714985      C
       -4.51955238913395       -7.96927572854746        1.71859328310474      O
       -1.86430657500912       -2.71592861368907        2.07606080490198      O
       -7.15012934469176       -0.52349685165829        9.01175222067028      C
        0.86072250677678      -10.04712948847635       -5.13317023310589      C
       -3.00665408337429       -3.17948948645798       11.73663491158258      H
       -5.50767024131884       -1.39089504369572        3.91846792272515      H
        2.00333913788560       -9.88807547093058       12.84969146072116      H
        5.35670030743214      -14.07522830722654        7.33343349364057      H
        4.06641765795566      -11.88483053454078       -1.28535242458159      H
       -3.06704258298403       -8.92384866851504       -2.95700093277165      H
       -8.76992732132968        0.13399397190061        7.43266556466630      O
       -7.27375639969101       -0.34724557389526       11.65705510804935      O
       -9.62904754828006        0.30876801241122       12.66241971304016      C
        4.18922089191075      -14.06419295954961       12.53330992491157      C
        5.95151622970931      -15.66503183014781       12.52276264297671      O
        2.76936361987070      -13.38364105273032       14.61799121728149      O
        3.78774166149321      -13.89674572041156       16.94697652693770      C
       -0.10601828027011       -8.59989139556794       -6.76114377983456      O
        2.70639677987745      -11.83750381607350       -5.78720641122521      O
        2.09120468904362      -12.49223776034420       -8.31280511744649      C
       -6.63847982127674       -8.45584882513158        0.33636550462628      C
        0.44371930355981       -3.64684125210487        1.05579520446764      C
        3.86460047485441      -13.44951081445664       -8.42579485562453      H
        2.30856974484047      -10.63589546515341       -9.69384078406573      H
        0.80036022669340      -14.08537146884442       -8.60398268738610      H
        3.20022964642673      -15.76319208690167       17.54539671130237      H
        3.39996933805135      -12.32992033691225       18.16068012894413      H
        5.79961463684394      -13.82261512660365       16.89261271550646      H
        1.92299677048513       -4.40405176111344        2.34768757498168      H
        1.29984874568570       -2.30886761037046       -0.18637120565885      H
        0.14362502675345       -5.04745890239502       -0.31178833161826      H
       -8.22106704577036       -7.58338556182806        1.21065847086294      H
       -7.31171941652232      -10.45023057474662        0.91481754853188      H
       -6.37077235895236       -8.15476878809577       -1.64572011295002      H
      -11.06249799288296       -0.87730302329531       11.36820958107954      H
       -9.73641740237091        2.41412792340854       12.48237330556368      H
       -9.83405498131603       -0.20075746483482       14.49896684957183      H
       -6.80914771561996       14.32097427944761       10.79738098008642      C
       -5.35097236780008       13.02989316916269        8.85206246155703      C
       -5.23240876639923       10.18025277495904        9.05099458355123      C
       -6.21126280099800        8.99763003498604       11.34905213764017      C
       -6.91956266898395       10.63812412550998       13.27192870838335      C
       -7.41179479322464       13.23546496836849       13.00770848599121      C
       -4.12028719774091        8.38651689534247        7.43585338921637      C
       -3.15562834947633        6.30655819458192        8.66141120244201      C
       -3.58539219787024        5.63358628527078       11.25151960930039      C
       -5.50168001825129        6.84291938349769       12.43905178193512      N
       -3.97495449958112        8.59555013019423        4.75560499837395      C
       -1.98174489375756        7.22573374537582        3.72485940684708      C
       -0.61762262021830        5.60814564182236        4.98943814444550      N
       -1.37344222752057        4.91170756621527        7.31026501913745      C
        0.36971569766534        3.51158697197853        8.67801817872951      C
        0.18208702561235        3.21564395752179       11.35322453052314      C
       -1.94380955493249        4.13017102063467       12.52011260106919      C
       -5.20090392636978       10.54120464948675        3.53795672948499      C
       -4.57555932252732       10.55947599952854        0.98087856315385      C
       -2.75619488989399        9.14492541792712       -0.24681258059902      C
       -1.33019109433826        7.24161811781220        1.11074416563504      C
       -7.09452247470388       11.96737527247252        4.40280612341455      O
       -3.94241963414339       14.17880342649933        6.92183518283777      O
       -8.27601750545931       14.51149531500520       15.20465107233658      C
       -2.40156331660389        9.06421889513500       -3.14149093127065      C
       -7.62522758011722        9.91902994869039       14.93593227519106      H
       -6.70313849683502       16.39325198229665       10.56206697411898      H
       -2.10906062597158        3.54236020255936       14.42961936331417      H
        1.91205382746145        2.37211902896449        8.07241429829652      H
        0.34793706959533        6.39197356271654        0.60822583250427      H
       -6.06483117897657       11.18386490304210       -0.20958374155706      H
       -9.41752944540578       16.47411654135776       14.88682973693138      O
       -7.57238084767842       13.36964752082585       17.34827142067273      O
       -8.20537468189144       14.71967266280484       19.55861419236487      C
        1.68429261031174        1.14792435263013       12.47369499931409      C
        3.64638265760319        1.50817089142197       13.63397922607043      O
        0.91199195609151       -1.29960274553191       12.08570877220514      O
        2.63773329133563       -3.04292152297547       13.03892513974489      C
       -0.36641891026057        9.56136580055525       -4.33115910562296      O
       -4.54719217184069        8.53729964997252       -4.51092479836226      O
       -4.20437775048370        9.24447286343375       -6.96029161314884      C
       -7.28058324166257       14.38795639865489        3.40212559609841      C
       -1.36314778051175       13.70891013444224        6.75173591008512      C
       -3.42661074874350       11.06367976431790       -6.78646945721626      H
       -5.80980487874569        8.96478681698770       -8.17476457630427      H
       -2.78235634625635        8.00159594343208       -7.87638403164536      H
        4.45888616841146       -2.12497104628090       12.78006061558129      H
        2.54953182980892       -4.79094209241969       12.01561535461162      H
        2.15690716232811       -3.24834204709560       15.15976424969114      H
       -0.80373105248589       12.93701741201492        8.45671771627857      H
       -0.07633399576268       15.31088282334025        6.65024814230262      H
       -0.95898293568632       12.60709831089564        5.09563115677807      H
       -7.50191441576444       15.59961406414915        4.95141388586039      H
       -8.74152370883168       14.23362013330090        1.92812652760761      H
       -5.64709799070113       15.00506684714028        2.31153998603191      H
       -7.32830770341099       13.95499995140684       21.30296296455834      H
      -10.11347797535334       15.32078835262232       19.80309605208166      H
       -7.12880863240173       16.64337426788632       19.58695057226156      H
$end
