$coord
       -3.19876427640882       -3.68443038482899        2.15349295571573      C
       -2.48825263749301       -6.17640521867768        2.29687851535017      C
       -1.06332020949627       -6.58925167466940        4.47417260815947      C
        0.05875873151604       -4.69702931862848        6.03540500816066      C
        0.22284629434871       -2.27192686809654        4.80720326013047      C
       -1.72578251485278       -1.83215257182733        3.12034864891592      C
       -1.02341007418990       -9.42794748709636        5.18804512893954      C
        0.95045849475034      -10.10748400648804        6.65171756377854      C
        2.69466711515198       -8.03734810408756        7.68851816110090      C
        2.07842977548478       -5.40931278706108        7.39283093284177      N
       -2.50195221086188      -11.53130985645560        4.26629924649356      C
       -1.27945173766752      -13.89318896108388        3.98553991844457      C
        0.60359302116112      -14.53580648738385        5.30758123281114      N
        1.95743399418132      -12.69646082357630        6.53086343175748      C
        4.04870474900861      -13.40228655967770        7.92535876823468      C
        5.37492965136996      -11.39787626104846        9.24257605031083      C
        4.97252673019916       -8.81734662494869        8.74753482474458      C
       -5.17124943342554      -11.23061751056874        3.48745466038056      C
       -6.46301331260197      -13.18654462288849        2.24686230769804      C
       -5.11629900908843      -15.42497516985089        1.86995362977148      C
       -2.73982735550589      -15.93667149987012        2.74394231330911      C
       -6.94996559977875       -9.36868151858814        4.07130254936852      O
       -2.95305437348439       -7.85539219022046        0.40922469167179      O
       -2.19054221509439        0.49224205900908        1.91745270274313      C
       -6.14407251569752      -17.68373456218444        0.29863921171011      C
        1.67386914097652       -0.84415511310805        5.23711197195963      H
       -4.95576801809982       -3.43956796306621        1.05403606587175      H
        6.09839648677617       -7.42508358107916        9.78495682595658      H
        5.08191815452094      -15.17054969822102        8.06265845064996      H
       -2.27326427500483      -17.93573385993421        2.78813926275174      H
       -8.36462002059027      -13.18631958418271        1.72021301068561      H
       -3.89582401297577        0.56512641250394        0.38337278168798      O
       -1.05660080530147        2.73295803997064        2.70261615389947      O
       -1.79475292209581        4.70158441803330        1.04599676980418      C
        7.53683769312898      -12.24797670479017       10.89495022856077      C
        7.98782031863669      -14.47271604259556       10.91484138387214      O
        9.03995727314894      -10.41515160026067       12.06979066292821      O
       11.59909103284762      -10.56727667430767       11.26151078357325      C
       -7.09011634343007      -19.31969671105908        1.50797858443170      O
       -6.14341169921492      -17.66825954441914       -2.24740399030274      O
       -7.22423513151714      -19.46060925881270       -3.81015366406871      C
       -6.44139549649876       -8.20272778810888        6.30349145258409      C
       -0.66722758179257       -8.72750980689041       -0.62036101920715      C
       -8.54477235209652      -20.78261997790333       -2.78064354444244      H
       -5.78467882867137      -20.80690422127799       -4.32632147986501      H
       -8.64060028769475      -19.02563151886942       -5.30043793035546      H
       11.75786720844268      -12.43406846945885       12.23776778533982      H
       12.86072634067873       -9.02978868210129       11.81419279701227      H
       11.24403353638898      -11.17520979810278        9.13240882287572      H
       -0.89331576340099      -10.56561445218816       -1.77985685110125      H
        0.81549541320584       -9.46869013910374        1.05799210837292      H
        0.25280026530393       -7.46687643724629       -1.97013545094501      H
       -7.77864233581697       -9.18754364176467        7.52542962613915      H
       -6.08483024334253       -6.21419961196483        6.02448061387529      H
       -4.75126141617587       -8.86442456550180        7.13289336376539      H
       -0.59064213434494        6.26739062142094        1.67403967953435      H
       -3.86869906766421        5.06758792990232        1.57197071212103      H
       -1.43739984665506        3.82404273019432       -0.74069392359994      H
       -8.52187220742120       12.84388304412620       11.39107958609659      C
       -6.29678998152146       12.65242013248089       10.34797244512136      C
       -5.55406757395557       10.05636022280598        9.91359305035218      C
       -6.95238553602765        7.78358990061354       10.76808659135749      C
       -9.32141208543835        8.29959759213803       11.75147633062569      C
      -10.01675051336821       10.76732527180566       11.97970858852948      C
       -3.50334405225995        9.36890249372703        8.33517410844751      C
       -2.16932029556628        7.10641500424213        8.84526484274544      C
       -3.55005390737205        5.02598829465547        9.90069859058819      C
       -5.99278286538648        5.29507754772225       10.71661997293446      N
       -2.62360431184324       10.93286081030899        6.35988466624638      C
        0.09388144619845       11.02240452807834        6.15536192353108      C
        1.51292797407402        8.94865509021016        6.67669919863776      N
        0.28905345284335        6.93180662357885        7.81271713416876      C
        1.53113122585414        4.71269462924405        8.28490746836787      C
        0.30639626615049        2.68194850502687        9.49295541180066      C
       -2.29348511181794        2.67897454325834       10.16796243148288      C
       -4.10215632688516       12.73000249670126        4.94007979269651      C
       -2.95186884721664       14.71509109444735        3.85889082990116      C
       -0.49006010902250       15.32189718818153        4.56949961322025      C
        1.15607339994002       13.33541048735543        5.06053786937578      C
       -6.83985472574890       12.18378819907610        4.47078915460714      O
       -4.71961742874077       14.51954187347637        9.77141502908473      O
      -12.64570263179567       11.28058878608458       12.93987893716041      C
        0.72478383789819       17.77590055317125        3.93498325118862      C
      -10.55265754925012        6.82795789258046       12.32256910816798      H
       -9.42270638989027       14.75540569316683       11.65531728860663      H
       -3.14452260461467        0.96754773955761       11.08152763753821      H
        3.57739988930005        4.74276042277751        8.10049374641282      H
        3.16120571830173       13.95408106172444        4.84538962621839      H
       -3.85990875129117       15.80099755648525        2.45317513271472      H
      -13.58535158872505       13.26664229663257       12.27099880896263      O
      -13.92708523383773        9.93160639047132       14.63147203936382      O
      -16.15118232667989       11.12605731499526       15.30932074135077      C
        1.73508459069788        0.27194697430519        9.93467837499846      C
        0.82130719449666       -1.64092415205096       10.67188858625864      O
        4.22393053362824        0.55099102871163        9.32891355419962      O
        5.25518394878959       -1.97804724146980        9.60095012794751      C
        0.48779818597846       18.38262033779256        1.70257226637810      O
        2.05743972319097       18.93002338895794        5.62723190309459      O
        3.41921632381369       20.77711391057291        4.40280011228554      C
       -7.64234933906268       12.28456083367733        2.00568271565896      C
       -5.57441474882219       16.95803750435905       10.64442119814441      C
        3.45581154808295       22.83155371959193        4.97020861074727      H
        2.58114237758611       20.83887271662853        2.66169787182144      H
        5.35917444030738       20.36221052135242        4.32777504592435      H
        4.04052524008666       -2.76036321589965        7.99655398583858      H
        5.06610656395537       -2.33224538529185       11.47795659108148      H
        7.34494258563003       -1.76206470095271        9.49224276670471      H
       -5.63848598753532       16.72469848877005       12.66131946070720      H
       -7.28531823379605       17.15252498754706        9.66383133858263      H
       -4.45142047673748       18.18499112005495        9.59776044019291      H
       -5.92415225677414       11.73888578363644        0.97874426568362      H
       -7.82964299532308       14.38715810228776        1.21772186676798      H
       -9.32321427277407       11.05765820976784        1.32196654118300      H
      -17.06395793586778        9.49704651611650       16.45768106185390      H
      -17.18005837170699       11.85975214236602       13.64367411898449      H
      -15.76435998439242       12.89224561127078       16.47826234591927      H
$end
