 -1.0
 -0.52846398846701D+01  0.53068506669819D+01  0.48264207136703D+01  0.92020402578653D-04 -0.69915107504626D-03 -0.24136864067252D-03
 -0.70146506816863D+01  0.33543427967708D+01  0.38952191261126D+01 -0.30543012025916D-04  0.57885825053014D-03  0.33206395157030D-03
 -0.60023664956163D+01  0.20162498881109D+01  0.17225742893744D+01  0.52560045704667D-05  0.16633442598355D-03  0.23477599535438D-03
 -0.40791299162429D+01  0.30017055935269D+01  0.27078082360412D+00 -0.27896390452084D-04 -0.45784528182747D-03  0.41934062759392D-03
 -0.27027029560405D+01  0.50759048080588D+01  0.12362647913044D+01  0.37344712460823D-03  0.25610407400574D-03 -0.61980675166235D-03
 -0.31461264689119D+01  0.60640357382102D+01  0.36538399272037D+01  0.15045534015785D-03 -0.32769342492968D-04 -0.24609205683691D-03
 -0.66438643278549D+01 -0.66942662813890D+00  0.13317429584588D+01 -0.56543507248998D-03 -0.13994500704177D-03  0.57846166605673D-03
 -0.62361091229522D+01 -0.14102667682903D+01 -0.11957090916691D+01  0.26028206921153D-03 -0.13132789292363D-03  0.64565436438584D-03
 -0.44906834018219D+01 -0.49143999147743D-01 -0.26273791417092D+01  0.67724656275983D-03  0.15135882187751D-03  0.25326829032744D-03
 -0.34577041182174D+01  0.21205682381176D+01 -0.20918412896443D+01 -0.29630581118014D-03 -0.18506671833277D-03 -0.34721842865764D-03
 -0.71983170453340D+01 -0.25939303521426D+01  0.31160705656880D+01  0.68454275805397D-03 -0.44510032484331D-03  0.25754920727927D-04
 -0.81238997675404D+01 -0.51336468548331D+01  0.21788728641547D+01  0.27085819207929D-03 -0.77355340922135D-04  0.28753970547093D-03
 -0.87943250267531D+01 -0.53487312348694D+01 -0.27319003041372D+00  0.44847846300620D-03 -0.40981942985215D-03  0.47248777727479D-04
 -0.72177934802810D+01 -0.37581772567267D+01 -0.17896608055194D+01  0.11791062611721D-03  0.19285939227135D-03  0.95818784442474D-04
 -0.67212813158774D+01 -0.44434381162260D+01 -0.43924715254891D+01 -0.25630717163708D-03  0.25754503301429D-03  0.50767604897535D-06
 -0.48215650404568D+01 -0.33079104820935D+01 -0.60540037134610D+01  0.30167543308828D-03 -0.23803027844108D-03  0.20654513632251D-03
 -0.38116646405015D+01 -0.11411247094159D+01 -0.51420560215350D+01 -0.11505742106464D-03  0.39322116629665D-04 -0.21374064020444D-03
 -0.57953888204125D+01 -0.26852658181600D+01  0.54126305025887D+01  0.31028625270061D-04  0.25440428451027D-04 -0.14661900622174D-03
 -0.68504289991535D+01 -0.43183821926339D+01  0.72133415117279D+01  0.43916373966137D-03 -0.22706530360712D-03 -0.16611301411987D-03
 -0.78746086151079D+01 -0.66114829706026D+01  0.64282085970825D+01 -0.22488346840831D-03  0.19334409549597D-03  0.20121359443967D-03
 -0.83324672025362D+01 -0.71281122985611D+01  0.38595789086836D+01  0.83651734957486D-04 -0.23720648424365D-03  0.30954976773748D-03
 -0.37382953936105D+01 -0.10908766508304D+01  0.57878088798899D+01  0.77970736233398D-03 -0.10863438957698D-03  0.80370650724200D-06
 -0.95741187327046D+01  0.29357819637527D+01  0.46060054475145D+01  0.21652379693093D-03  0.36928437715323D-04 -0.54472188080973D-04
 -0.16737963385414D+01  0.80807710952029D+01  0.49299224245034D+01  0.17254681336752D-03 -0.50806684740367D-03 -0.51699585682942D-03
 -0.81881433108161D+01 -0.85159264020792D+01  0.83410384320155D+01 -0.99800761299179D-04  0.65257793664147D-03 -0.44618943489674D-03
 -0.11146726361235D+01  0.58987990843107D+01  0.22627401438491D+00 -0.52225764984892D-03 -0.32881711337343D-03  0.93650472631262D-03
 -0.58232444306607D+01  0.65858530133224D+01  0.63753901842346D+01  0.21076582612512D-03  0.13228299439563D-02  0.17290094050954D-02
 -0.24201508476382D+01 -0.11293138255129D+00 -0.61346697156974D+01  0.18632385747369D-03  0.60096274398096D-03  0.35515225224600D-03
 -0.74090082427039D+01 -0.62664677991691D+01 -0.48337108584946D+01  0.72204738569392D-03 -0.48208630365389D-03  0.22164614127484D-04
 -0.84341365249209D+01 -0.90504114945676D+01  0.32431153972312D+01 -0.50928746294848D-03  0.61648270318879D-03  0.88036816606529D-03
 -0.61238337957910D+01 -0.41079802802930D+01  0.92217366128525D+01  0.55835954331730D-03 -0.99856053205431D-03 -0.36185127881996D-04
 -0.20181225729488D+01  0.87321777976068D+01  0.72336053662249D+01  0.81196316562917D-04  0.16688607577453D-03  0.27031386898794D-03
  0.31492137016692D+00  0.87169679567460D+01  0.34156739614470D+01 -0.65989699146587D-03 -0.27276736626649D-03  0.26496946458154D-03
  0.24019770233333D+01  0.91800585386725D+01  0.47182111176903D+01 -0.56580256126784D-03  0.10268470179443D-03 -0.19979862674412D-03
 -0.52957589521358D+01 -0.37125295026521D+01 -0.87244898161827D+01  0.23921310194880D-03 -0.37330266717601D-03  0.41826427865841D-04
 -0.41807493890606D+01 -0.52051218318517D+01 -0.10023946551074D+02 -0.24984341613220D-03 -0.19319867269528D-03  0.11093781049509D-04
 -0.68718432110507D+01 -0.19579568650548D+01 -0.99132850449204D+01  0.19352297325539D-03 -0.11340466967258D-03  0.19557078794330D-03
 -0.77091530690839D+01 -0.27097443987608D+01 -0.12537473672374D+02 -0.50349092737331D-03  0.14305688905189D-03 -0.66122858346626D-03
 -0.99612813462312D+01 -0.87865516441778D+01  0.99193438136008D+01 -0.31010651981742D-03 -0.46020168736787D-03 -0.21326289706552D-03
 -0.64346094528173D+01 -0.10454432167515D+02  0.81877743382332D+01 -0.91061418087152D-04  0.31867828213745D-03 -0.31737128168190D-03
 -0.72338072977177D+01 -0.12211303550143D+02  0.99841159284579D+01  0.15819927603387D-04  0.15119520423408D-03 -0.28691596809536D-03
 -0.42188366921964D+01  0.46319740526315D+00  0.79708455017168D+01  0.19435583509190D-03 -0.25480551975461D-03  0.92312472651499D-04
 -0.11544371425191D+02  0.17304654317518D+01  0.34512632949895D+01  0.47039942757560D-05  0.48918171877707D-03 -0.45591176115856D-04
 -0.66470678001509D+01 -0.11225124868672D+02  0.11665885338697D+02 -0.52833317410960D-03  0.44711659871277D-04 -0.85164591680685D-03
 -0.62610765658054D+01 -0.14001520982303D+02  0.98949715886112D+01  0.35632694869226D-03  0.54739989853314D-03 -0.43540870101664D-03
 -0.93603897006090D+01 -0.12420970394381D+02  0.10579824884078D+02 -0.65407976017858D-04  0.32390981348386D-03  0.30520526071593D-04
 -0.93381469503535D+01 -0.38940757242628D+01 -0.12409174995781D+02  0.27339313166651D-03 -0.37046594283932D-03  0.40034554822417D-03
 -0.58503113942832D+01 -0.32618399870638D+01 -0.13525285181067D+02  0.23397867857276D-03 -0.51932650084443D-04  0.57956906511975D-03
 -0.84185687873914D+01 -0.10451047949962D+01 -0.13602583289174D+02  0.25276961927472D-03  0.63430738628584D-04  0.92507733232492D-04
 -0.11698294151114D+02 -0.27185672922811D+00  0.38455048085028D+01  0.17448143471838D-04  0.13357840884342D-02 -0.49624518807798D-03
 -0.11215991382286D+02  0.22186023786011D+01  0.12338262573248D+01  0.11360606073837D-03  0.12821555744738D-02  0.47105906768628D-03
 -0.13377758497696D+02  0.27381845843904D+01  0.40424843295309D+01 -0.10575367736727D-02 -0.12329745948355D-03  0.41215959281252D-03
 -0.31705970062096D+01  0.19791286762362D+01  0.80989869747049D+01 -0.56218987869558D-03 -0.81416361507192D-03  0.40455772884216D-03
 -0.33950168376078D+01 -0.70833651005656D+00  0.96790689262714D+01 -0.37861225211333D-03 -0.62850810142366D-03  0.57726336600903D-03
 -0.61217829771165D+01  0.11122369476648D+01  0.81804401322693D+01 -0.95695960539143D-03 -0.46417337917142D-03  0.13603305084873D-02
  0.38821129682742D+01  0.90121977236533D+01  0.33673974155559D+01 -0.30726876969174D-03  0.35377649938689D-03  0.77604662246841D-04
  0.23899386528948D+01  0.82798371251235D+01  0.66894497963425D+01 -0.57681580503284D-04  0.60159150331087D-03  0.95292967149836D-03
  0.19651364461825D+01  0.11059540522669D+02  0.54710279273509D+01  0.50450482362401D-03  0.93608452616412D-04 -0.64576699220778D-03
  0.36054246329216D+01  0.87856980598248D+01  0.11448249752057D+02  0.74515061075505D-03 -0.52041635576062D-03  0.46197420672682D-03
  0.39403126373041D+01  0.61434260088334D+01  0.10951448553103D+02 -0.12809321589957D-03 -0.62750317196586D-04 -0.18065054342360D-03
  0.19972918654346D+01  0.46415436805116D+01  0.11826666313087D+02 -0.15826694557186D-03  0.37834330762974D-03 -0.22844040999314D-05
 -0.31974340447592D+00  0.58611581453740D+01  0.12971144759440D+02 -0.47186402596789D-03  0.12057983758689D-03 -0.80576307186913D-04
 -0.17532224808177D+00  0.85794357524882D+01  0.13605882405459D+02 -0.15033630636757D-03  0.44362133056350D-06 -0.59462344433348D-03
  0.15778120092805D+01  0.10020223299267D+02  0.12737659759795D+02 -0.63917931080406D-03 -0.14019111068461D-04  0.56692861446920D-03
  0.17833864757957D+01  0.17808726503597D+01  0.11776010901422D+02 -0.63842736355620D-04  0.34356772052959D-03  0.33206304024627D-03
 -0.34943397250852D+00  0.67274565945296D+00  0.13166945238242D+02 -0.55636447469770D-04 -0.10483716682459D-03  0.58324869060703D-03
 -0.25164944088946D+01  0.21616730346944D+01  0.13726498931383D+02  0.35854269562193D-03  0.41327428891893D-03 -0.10618727262519D-03
 -0.22003990180564D+01  0.46166269995642D+01  0.13961427166463D+02 -0.11055635448547D-03 -0.55335922475216D-04 -0.20998697618302D-04
  0.28242685811408D+01 -0.33500967762812D+00  0.10105108923788D+02  0.80235320355349D-04 -0.16237496777522D-04  0.21539831505760D-03
  0.28285872088892D+01 -0.29456977468625D+01  0.11197450047893D+02  0.93425888280240D-04 -0.32212672436830D-03 -0.27075385308610D-04
  0.92008691610305D+00 -0.36959774978484D+01  0.12566876637182D+02  0.27871597262597D-03  0.25087255794513D-03 -0.14626674939875D-03
 -0.92945684356510D+00 -0.19363215252228D+01  0.12919414201899D+02 -0.84119824465378D-03  0.37647135600734D-03 -0.35047552989362D-03
 -0.32738985744973D+01 -0.30049924695308D+01  0.13845899938142D+02 -0.60631667659854D-04 -0.45288520080393D-03 -0.33614466271503D-03
 -0.53595178741234D+01 -0.15396657430023D+01  0.14375139915796D+02 -0.29673850785525D-03 -0.37523035183445D-03 -0.25224665093185D-03
 -0.49268904978625D+01  0.10460462640857D+01  0.14651535081941D+02 -0.32906429720223D-03 -0.32724342222930D-03  0.83699356133011D-05
  0.40334846762728D+01  0.10382193741792D+00  0.77401678392236D+01  0.37018277948671D-03 -0.12192019005854D-03 -0.15733763480008D-03
  0.53434195906468D+01 -0.17351338231115D+01  0.64586734090087D+01 -0.55478011770373D-03 -0.48937247588601D-03  0.19209519787950D-03
  0.56203558241260D+01 -0.40280323169343D+01  0.76691634410864D+01 -0.55286102513434D-03 -0.29340939026260D-03 -0.67034831038299D-03
  0.43990824354238D+01 -0.45931954107998D+01  0.98369943595816D+01 -0.33443554335142D-03  0.20041673237226D-03  0.28923018600299D-03
  0.35008937935096D+01  0.23549121708509D+01  0.65834974804001D+01 -0.11560541906288D-03  0.50758375281873D-04  0.13345600568840D-03
  0.61721944519706D+01  0.54406490816761D+01  0.97776436337076D+01  0.37713430949051D-03  0.12600470754604D-03 -0.55543983525475D-05
  0.10573637979548D+01  0.12708893513065D+02  0.12935028640694D+02 -0.43892157340200D-04 -0.15122383733850D-03  0.45821471028399D-03
  0.77517342111237D+01 -0.54216455731499D+01  0.62064779239745D+01  0.55081138349811D-03 -0.53051762463586D-03 -0.16243292996973D-03
 -0.19305563490372D+01  0.94621697062268D+01  0.13891363985895D+02 -0.30424559819290D-04 -0.60487982174970D-05 -0.10477842234314D-02
  0.44661301455459D+01  0.10192606086866D+02  0.10347838509524D+02 -0.50572697332313D-03  0.11254435397506D-03 -0.21763540871868D-03
 -0.63357318601969D+01  0.21575228230914D+01  0.15444068518489D+02  0.70419714311539D-03 -0.48664256504500D-03 -0.42573522889667D-03
 -0.35104990057690D+01 -0.50964071998354D+01  0.14130246547772D+02  0.13859255486368D-03 -0.46768374695552D-03  0.66316889615121D-04
  0.49444425795847D+01 -0.63283953770796D+01  0.10820977899585D+02  0.10445469308808D-02  0.91882620625790D-03 -0.75260084882702D-03
  0.61731690142941D+01 -0.13025791529729D+01  0.45544143762635D+01 -0.46041173699025D-03  0.40606306418488D-03 -0.49342553188310D-03
  0.26364832120324D+01  0.14326213504223D+02  0.12325967720433D+02 -0.33267912882544D-03 -0.33092752546028D-03  0.49477692963578D-04
 -0.13397892202755D+01  0.13559782845394D+02  0.13610013567651D+02 -0.20596444401116D-03  0.64472788162268D-03 -0.39572257624892D-04
 -0.13500337399122D+01  0.16250080722503D+02  0.13909747454531D+02  0.47477748970939D-03  0.35694330457166D-03 -0.28955669454922D-03
 -0.75197429836557D+01 -0.29291099172794D+01  0.15434510317946D+02  0.70521714789002D-03 -0.13956993410899D-03 -0.27326549961938D-03
 -0.97002315175010D+01 -0.25123043046469D+01  0.14579199608978D+02  0.36068922880125D-03  0.61701304936426D-03 -0.28536569043985D-03
 -0.69307107550929D+01 -0.50127274070199D+01  0.16907457971508D+02 -0.80053172397761D-04  0.32140567670896D-03 -0.95818773879801D-04
 -0.86301160065885D+01 -0.71453813669253D+01  0.16825192973004D+02  0.14537146433901D-03 -0.15862551312146D-03 -0.12399801609136D-03
  0.97370135240529D+01 -0.50674478132560D+01  0.71936615006022D+01 -0.13875136115598D-03 -0.24727477507981D-03 -0.15156898929592D-03
  0.71739331975687D+01 -0.66748366405880D+01  0.39501158946190D+01 -0.14986130628889D-03 -0.42387167839380D-03 -0.26094693326377D-03
  0.92366977923591D+01 -0.74338332165172D+01  0.24139112919324D+01  0.49286632028809D-03  0.49000539547625D-03 -0.10587088920656D-03
  0.47266557443271D+01  0.25547436876847D+01  0.42198377975958D+01 -0.22723971400258D-03  0.12292764849325D-04  0.21964714777204D-03
  0.80042169008547D+01  0.73216939628143D+01  0.90578205073456D+01  0.18266285230047D-03 -0.28412327513522D-03 -0.19324446357069D-03
  0.10643618720381D+02 -0.77006507778851D+01  0.36766842363073D+01 -0.13166336100360D-03  0.45146064116276D-03 -0.11147854009275D-03
  0.10011196089142D+02 -0.57040367477459D+01  0.17088485233802D+01  0.54518021358482D-03 -0.42970693662484D-03  0.22648951135731D-03
  0.88823200860770D+01 -0.90742375511710D+01  0.10932831484408D+01  0.41729623176129D-03  0.42301393321989D-03  0.11343688113584D-02
 -0.10626559690869D+02 -0.67685659245718D+01  0.17933949028859D+02  0.14230654127658D-03  0.95326037864882D-03  0.63619911874278D-03
 -0.75699008856120D+01 -0.89686466712018D+01  0.16887611128532D+02 -0.69082347376242D-03  0.58432820752343D-03  0.36323676308166D-03
 -0.89432141750820D+01 -0.65799182822126D+01  0.14917134647677D+02  0.31315244649580D-04 -0.22721087732056D-04 -0.35606122536649D-03
  0.71550064703801D+01  0.84742649366793D+01  0.77500530253302D+01 -0.44476038339376D-03  0.51570464547283D-03 -0.10343123271894D-02
  0.94631377487716D+01  0.59816762566371D+01  0.83101698469510D+01  0.97695627923140D-04 -0.25149194501642D-03  0.52959986589917D-03
  0.86236511154429D+01  0.82459073242532D+01  0.10789556205969D+02  0.67866062284903D-04  0.10198032699303D-02  0.26395069713123D-03
  0.66508667850963D+01  0.32009361840025D+01  0.43755516228030D+01 -0.17105169103038D-02 -0.21437200324102D-03 -0.16061919206007D-02
  0.35329916720025D+01  0.37903341219204D+01  0.32988217858331D+01 -0.89300067139091D-03 -0.20174294082836D-03  0.31930419570588D-03
  0.44993504598917D+01  0.94620743435555D+00  0.28969564239697D+01 -0.79123942190055D-03  0.40025132471441D-03 -0.38161216391805D-03
 -0.27671985714305D+01  0.17449852877381D+02  0.13039057476953D+02  0.66848868435535D-03  0.62139431538513D-03  0.96290045105056D-04
  0.58384195763683D+00  0.16747507835534D+02  0.13271406673729D+02  0.72661914716829D-03  0.34701072505625D-03 -0.33832946807632D-03
 -0.13146331462554D+01  0.16578751618338D+02  0.16036988984411D+02 -0.28224001621069D-03 -0.43950827396316D-03  0.18782964044126D-02
