$coord
       -8.30718906568574        7.25060063450346        5.08256349765924      C
       -6.23327140230091        6.86496731544213        3.63405080195357      C
       -3.84311171665568        6.77043271665887        5.01242638360872      C
       -3.57557405127427        7.93431377274044        7.37792941387816      C
       -5.76912858301914        8.44612135073231        8.66687179382689      C
       -8.04146049203439        7.93714406912655        7.60673049758837      C
       -1.59182489217057        5.55816810720787        4.01050650741753      C
        0.52665449781813        6.53614004952986        5.18234214971682      C
        0.57707189624967        7.83857308084866        7.33821534326401      C
       -1.48917613626203        8.22312644242123        8.86264931764807      N
       -1.54121444401613        3.60660055850636        1.97118279959132      C
        0.97638249525762        2.86894722478756        1.43045249969027      C
        2.92630539479322        4.37849361588454        1.97764955937900      N
        2.97570431200601        5.88085312453321        4.07369200201242      C
        5.22515702789628        6.69428809832796        5.24298726053711      C
        5.22176808879116        8.25655718430164        7.30226422090985      C
        2.91960036328272        8.95592522564509        8.15340433797076      C
       -3.34592526593492        1.57541729988218        1.43904583832643      C
       -3.01578364741335       -0.34185041674346       -0.20946571977363      C
       -0.57384504118318       -1.10929385612299       -0.89883181523024      C
        1.34013533425802        0.46553753508119        0.01757293713757      C
       -5.59658520408846        1.62740859321534        2.73196672928504      O
       -5.77346284512923        6.45016051647446        1.19157248124992      O
      -10.22270490592468        8.68314148221983        9.34370532840366      C
       -0.08655094977698       -3.79865594667481       -1.14176068158756      C
       -5.86642639067421        9.29285785951906       10.55346334241588      H
       -9.99166498078750        7.74000009219700        3.80227578736340      H
        2.90467395402648       10.08710485160039        9.72604440964286      H
        7.03063648577004        6.43718461679924        4.19030587983318      H
        3.21031563302986       -0.26609171346091       -0.33391285476957      H
       -4.37276894598112       -1.79887827375539       -0.45329840221233      H
      -12.22144251612829        7.56941312064422        8.60009188055541      O
      -10.22529133731231       10.48439585612626       11.28987076513307      O
      -12.87374398731924       11.12020446316889       12.17350408639311      C
        7.62585269896507        8.93973089960175        8.36137257632982      C
        9.49358634388057        7.82952884875422        7.51710255345447      O
        7.92125043423813       10.65255135155259       10.42435032403434      O
       10.32413766084246       11.51981271430713       10.67436534103992      C
       -1.67804495799539       -5.30637352870816       -0.72436947575544      O
        2.14397190289788       -4.68833055097175       -2.23661050830696      O
        2.87738558860511       -7.40958612879037       -2.14874999264535      C
       -7.68855585140847        1.17906276448970        1.09246636504308      C
       -7.29247950987244        7.75890590102845       -0.52969830455858      C
        3.93249148868729       -7.46363977095707       -0.14454220622407      H
        4.36083310479067       -7.85453044188084       -3.63495524442490      H
        1.14858474095281       -8.41464794654647       -2.08950822753949      H
       10.95457713822500        9.93079068646831       11.93155017109476      H
       10.50343386119546       13.21734778001518       11.83175489799431      H
       11.59318716079460       11.44444483781464        8.89227142927131      H
       -6.01278644956825        8.06204142631547       -2.23074371162776      H
       -7.66967062285345        9.54238031641074        0.31253368412553      H
       -9.10956777359083        6.91052139544009       -1.03241469153117      H
       -6.72091632820030        1.00235297400241       -0.88213234560772      H
       -8.90671857049907        2.83558918628273        1.30800737572888      H
       -8.55268540347903       -0.64003089975139        1.29737530824571      H
      -13.35356042641026        9.61646302711313       13.51280406442714      H
      -13.96333456002514       10.75169040981701       10.49273047895907      H
      -12.36594639388743       13.00660436574589       13.14856018314531      H
       -7.88971520958794       -0.55647474499665       10.18274598947859      C
       -6.38806358080071       -2.08985657373966        8.78510757559367      C
       -3.73933785797832       -2.00461264817118        9.15139637348961      C
       -2.44257903718300        0.23641381056364        9.94247262547845      C
       -4.02966133616554        1.94771736823561       11.13820412396056      C
       -6.61429305892512        1.45828011195056       11.43256516036593      C
       -2.07175688589618       -4.04869284345942        8.25476918107091      C
        0.41444882319942       -3.28993322838403        7.54659930277446      C
        1.53731330144941       -1.14519715413820        8.51078865911513      C
        0.15135261105516        0.57083737441820        9.99505470386904      N
       -2.92327530955325       -6.47273165530516        7.93018979119572      C
       -1.71895314138283       -7.68223404640557        5.93361186808945      C
        0.68003453345501       -7.11399632126192        4.78592755669798      N
        1.84576379178992       -4.90041008045467        5.87452023236824      C
        4.12011554432415       -3.91037076800556        4.92036462727661      C
        5.22924565106623       -1.63108828002969        5.81768787432176      C
        3.93304240795486       -0.49091570046538        7.79642731226387      C
       -4.88611304304944       -7.99160397893808        9.31344712005244      C
       -5.97595524643086      -10.31137260249221        8.30231534877923      C
       -4.54895073236558      -11.47475045945810        6.38791572012841      C
       -2.58670685500630      -10.12435767248605        5.21841461807250      C
       -5.73620853350042       -6.96548235686975       11.70986934204054      O
       -7.70261616128153       -3.92188843777754        7.37138069907478      O
       -8.18776886505497        2.65581178582554       13.20255615333982      C
       -5.53886216540581      -13.83973553747362        5.49070267843809      C
       -3.15551447495313        3.31626817825741       12.12985600282460      H
       -9.82167804578668       -1.15978901986865       10.48399196526060      H
        4.90137272323374        1.14655010281156        8.55953380437018      H
        5.09132167143282       -5.21906039907696        3.97517070640026      H
       -1.33222104700417      -11.20514197214043        4.11652760421925      H
       -7.28384700433893      -11.65870825902432        9.25304778964685      H
       -8.11991697154787        5.04149344362056       13.20998889217378      O
       -9.93984750137228        1.23296889059398       14.49617383700763      O
      -11.12383923232983        2.79418810908653       16.18352928400921      C
        7.96870632321253       -0.89856649124655        5.28237431086547      C
        9.51061283282734       -2.50941975965480        4.60688774753238      O
        8.30871710780812        1.54071135667029        6.15844257035661      O
       10.75626748172217        2.29731104659028        6.04757520447173      C
       -7.00930299873140      -15.10703973813568        6.84508187974404      O
       -4.69660295180497      -14.46068377125958        3.02690278223255      O
       -6.27028633957390      -16.41189523349618        2.23311330218699      C
       -8.45447021375596       -7.22105221013595       11.95779090274149      C
       -7.06787188327141       -4.24364306684020        4.75039649979175      C
       -5.28926974318155      -18.00047351341613        1.14558478504415      H
       -7.50275998267232      -15.66258886188218        0.76992548192646      H
       -7.36442760392787      -17.48825509168751        3.61403330638463      H
       11.83280497097402        0.97401614134045        7.18548584236184      H
       10.65408632818457        4.36838516453572        6.49409672310460      H
       11.22507670505557        1.80672980915780        4.10962084941827      H
       -6.08178422793112       -2.63844381755246        4.04579333385520      H
       -8.79899896210816       -4.72434056964300        3.60848081382695      H
       -5.71076764503642       -5.95119037622276        4.95073923038169      H
       -9.55800088206803       -6.94687642636938       10.16615075122345      H
       -8.90183040945242       -5.49748129062277       13.28280611424993      H
       -8.78502954739381       -9.17607156505946       12.79081893400678      H
      -11.93193034106578        1.70773597327596       17.66115648359514      H
      -12.33735130436524        4.11118560814010       15.26744444754496      H
       -9.94619161661323        4.08292014453061       17.10643621891044      H
$end
