$coord
       -9.49986753687221        7.47130927978898        5.07077262219421      C
       -7.04498462022289        6.76100941191978        4.21686642268463      C
       -4.84455402097530        7.17844115503247        5.74272304980213      C
       -5.08932604257701        8.91131621201553        7.69538973991116      C
       -7.34596571533992       10.23401735539442        8.24523883407828      C
       -9.60225651218303        9.36531953256943        7.07170629315692      C
       -2.44009999641851        6.02617759379109        5.24259769856533      C
       -0.34176822611396        6.83637439764482        6.43578315629461      C
       -0.65479191943488        8.56634011969417        8.51102542238086      C
       -3.03330920186429        9.41346941367639        9.12806633792462      N
       -1.80174990953739        3.98174330413418        3.61416539111316      C
        0.78478355903990        3.41607289873070        2.91067382652256      C
        2.72063162061494        4.45185835373869        4.15036981930079      N
        2.37053713585498        6.05065270217054        5.94884605521677      C
        4.20781941972623        7.16603455068053        7.53390418674722      C
        3.65959515638439        9.24572066789869        9.17167525979372      C
        1.22544316994069        9.60758656575341       10.07775023661180      C
       -3.61577225163166        1.93461393029088        2.97235662981976      C
       -3.00090243178994        0.26189220131322        1.11446559971395      C
       -0.67028476895254        0.07878795634971       -0.19296223828540      C
        1.18857962083334        1.48830056544440        0.97397688878343      C
       -5.71167599539797        1.83652927625279        4.62530185444089      O
       -6.72031707864224        5.73858646309324        1.67993994107948      O
      -11.95015019718456       10.50333678039464        8.25443459927732      C
        0.01054020182523       -2.23071187752383       -1.58962550710080      C
       -7.44666680565073       11.55960255259999        9.65238325232655      H
      -11.34029386782403        6.96888579309473        4.29625487884193      H
        1.13091629517715       10.10062736162275       12.06317915325183      H
        6.27124018937301        6.67092369820647        7.21101150703255      H
        3.10009158640376        1.21038902049136        0.39218351285383      H
       -3.85571061483493       -1.61648018744385        1.03635578342249      H
      -13.73668523483161       10.74113321753273        6.86450799591076      O
      -11.91927897325363       11.56107783945748       10.57130307445815      O
      -14.50900199061426       11.97744681557760       11.37963897214506      C
        5.72249564381000       10.76843467022726       10.25650736292668      C
        5.53459147239530       12.92700808179277       11.01477983267891      O
        7.83339030706621        9.22397714369760       10.16835951987920      O
        9.99661590607283       10.49161997242668       11.02094267311511      C
       -1.89844286953135       -3.16824656012100       -2.40246271109044      O
        2.36426104921821       -2.92705560734649       -1.84183731247688      O
        2.66103259072979       -5.50705182256739       -2.94179676789372      C
       -8.08431618804186        1.25472209368334        3.42727524682744      C
       -7.17070158006276        7.63067395108105       -0.29108038781579      C
        4.69621464584061       -6.02234121827412       -3.16314295739949      H
        1.72209690044017       -5.53960790012347       -4.79627746143842      H
        1.50423034328728       -6.52562995743516       -1.66830180101816      H
       10.26679014036272       10.26994069167658       13.03393368380604      H
        9.82808859572853       12.45430946077927       10.68340328993180      H
       11.85958258099483        9.71180054289629       10.29700969453812      H
       -6.79968718844800        6.85184319319342       -2.14109033971423      H
       -5.60511431891025        8.82582910581826       -0.56876674893449      H
       -9.04442264761020        8.58526829991152       -0.32532860302977      H
       -8.87439722988035       -0.14617637185478        4.63898142325511      H
       -8.06750917726489        0.69842606987148        1.27558511936854      H
       -9.13064228458512        3.06617853104916        3.73183299519946      H
      -14.83779900677237       13.95755740800254       11.11361864176985      H
      -14.81540868402996       11.69190331880363       13.48363684401832      H
      -15.55214438677327       10.71549682951905        9.87280826914122      H
       -6.87509537694192       -1.16290157104655       10.21178725736741      C
       -5.80692257754571       -2.86662873722667        8.38609281337674      C
       -3.02754322790458       -2.75774057731791        7.92233941618164      C
       -1.68953936648178       -0.36809885466287        8.48072422545670      C
       -3.26600225684680        1.44726515853789        9.70956003366195      C
       -5.51882206256073        0.92474452984070       10.84795764051247      C
       -1.59498537745559       -4.85962964077147        7.16354369743954      C
        0.87729246670294       -4.37229988796594        6.38092313831759      C
        1.80486333174986       -1.86051100924573        6.50897783896088      C
        0.40334064902199        0.20835981663785        7.20122222950249      N
       -2.28953562538933       -7.40519099179750        7.07217321446702      C
       -1.09755824137664       -9.01616488405465        5.12087393304711      C
        1.15211999144682       -8.42128620542411        4.30602624593372      N
        2.09940520282199       -6.17739299792849        4.87808030621230      C
        4.70478529160413       -5.82587532038846        4.32940889290155      C
        5.82026472286553       -3.46775234479274        4.96748178366202      C
        4.25552686151011       -1.51401207242889        5.64033572657392      C
       -4.09660419792695       -8.36723111909718        8.99576468343918      C
       -5.10091326474035      -10.74787897815775        8.46073150879530      C
       -4.33621532572169      -12.27797347634139        6.34347230118875      C
       -2.23946824530013      -11.48634363096720        5.00356542170492      C
       -4.65927641256070       -7.16969715646341       11.23823612629111      O
       -7.52265757162373       -4.51115850820830        6.95437475816781      O
       -6.29129079914679        2.96616524841555       12.54722277217613      C
       -5.79854654886388      -14.74173048925889        5.49499054039893      C
       -2.46270666295724        3.20208192711226       10.09607192556965      H
       -8.91610762188730       -1.10039103037799       10.38720334618609      H
        4.84598323463391        0.37131374354780        6.03840262926265      H
        5.75117494019516       -7.17366106455874        3.34225146893388      H
       -1.32739704915345      -13.03950112675751        4.01021314246976      H
       -6.12456409868476      -11.78492841312866        9.98597325014733      H
       -4.64248203650448        4.54843071004670       13.25331441769070      O
       -8.88803913535530        3.18028353743444       13.10635137667134      O
       -8.97914583674218        5.32137464838881       14.75071186952434      C
        8.32751531734415       -3.10280615462628        3.73830343899707      C
        9.24385899570127       -4.35373113570260        2.03640829677516      O
        9.59554230229503       -1.08076895609921        4.63129500070379      O
       11.82854203560780       -0.91684943655763        3.36994326789963      C
       -7.12820486724567      -14.64091862679111        3.70619307127040      O
       -5.83565273674767      -16.91313269292220        6.98096629265648      O
       -7.28545640311077      -19.16040232567253        6.06671705633574      C
       -2.78492682372401       -7.26410432948004       13.03803268498940      C
       -6.93377888634377       -4.76987815574284        4.32469199059622      C
       -6.06960312894302      -20.55495351697071        5.29634590389746      H
       -8.68794182702402      -18.15996397437482        4.69897315417349      H
       -8.41998439640455      -20.28105352183811        7.34935518482604      H
       13.01872620415216       -2.51956562168238        4.07042082625663      H
       12.76449627597289        1.05634163392121        3.62403894732402      H
       11.61807559477462       -0.89330977200092        1.25677214790299      H
       -8.62274440903238       -4.38753885156693        2.91850859498988      H
       -6.33531558848078       -6.71476958873635        4.02250636860704      H
       -5.40207610234881       -3.42167275420768        3.86974384713130      H
       -2.52400620600173       -9.18919810735237       13.73215048862448      H
       -3.16070447908995       -5.61101428239880       14.36964834528067      H
       -1.04258190811551       -6.50504473743091       12.12039614587545      H
      -10.52823358717110        4.75807652535161       16.09467160950965      H
       -9.66042943043722        7.13426574726018       13.86595852146593      H
       -7.19258048457785        5.27102066755775       15.74518400528700      H
$end
