$coord
       -7.74062971460124       -0.93505471937213       -4.13255989931738      C
       -6.51782411194883       -2.01969080154515       -2.02324660709981      C
       -4.71805828522333       -0.44197599888385       -0.76555953445210      C
       -3.72512408817875        1.79825967479908       -2.09203033247616      C
       -4.69393690457355        2.25157327084214       -4.57249195236280      C
       -6.72065090239050        1.01242203463920       -5.48418626737855      C
       -3.76376254960059       -0.87852350094291        1.76701852680832      C
       -1.46437726224270        0.46723093760384        2.38540083803405      C
       -0.48619273362806        2.19900362254288        0.70160870087969      C
       -1.65127091591250        2.99845059669061       -1.38919090369202      N
       -4.90708877208534       -2.52931327064643        3.65843512740642      C
       -3.10541729770181       -3.29313317319785        5.50598601377353      C
       -0.87726143769895       -2.11642567034032        6.19989044989495      N
        0.05908701808566       -0.41358780841298        4.55876844438487      C
        2.39856536691596        0.51899511401702        4.84432759910329      C
        3.22928327041194        2.62251095676598        3.35872773705428      C
        1.84839468422091        3.30790497676028        1.24266453635153      C
       -7.52105892345218       -3.32396961546872        3.80876478280291      C
       -7.89739547138527       -5.27559234528831        5.69427384437146      C
       -5.96837768060571       -6.22104989604043        7.19238688037118      C
       -3.64843687476976       -5.26665314567668        7.15538914683933      C
       -9.82621153167493       -2.35123821022590        2.39969759370803      O
       -7.32812580191436       -4.42672308666432       -1.31267678261164      O
       -8.38634931146830        1.69326370584145       -7.71903770947503      C
       -6.51333407288171       -7.92836501606503        9.40121223033293      C
       -3.76289008040003        3.60732448233185       -5.59489282455541      H
       -9.48630968249228       -1.57067337706038       -4.76008848250025      H
        2.43258767028002        5.24914709347385        0.38186470587966      H
        3.55358169388063       -0.03813613974334        6.57889808282739      H
       -2.11087078801877       -5.87487512147608        8.26560839878319      H
       -9.75816879760758       -6.27003593561199        5.53839792599556      H
       -8.07751867370390        0.23755917930533       -9.57376337014344      O
       -9.94075838674873        3.84188862108234       -7.99370464096902      O
      -10.56897363960339        3.80518497635801      -10.64092652418658      C
        6.02753739574004        3.45390802984937        3.60645571297595      C
        6.31807053888708        5.75869973292403        3.21968095226750      O
        7.76626276782288        1.63955468778336        4.21335525881009      O
       10.19426059434342        2.55345428986501        4.02937257264290      C
       -8.01198030631762       -7.30272938417117       11.00805292398122      O
       -5.60136418927223      -10.25956402099195        9.30244833120671      O
       -5.27369596574045      -11.15160231055091       11.75090599651249      C
       -9.94429548933167        0.17352209887582        2.95503566495698      C
       -8.66551365515826       -5.84875636407952       -2.87725885584085      C
       -7.17716133236384      -10.79593464855297       12.82837312007901      H
       -3.93359393267007       -9.66817639436927       12.64967826645730      H
       -4.44594766210850      -13.11977960762437       11.51734900535428      H
       11.01487117631572        2.60611271149465        2.18363349563876      H
       11.41354114035871        1.22323334788251        5.10437701850353      H
       10.08861885513771        4.30359940728475        5.00616377668090      H
      -10.65258040538673       -5.11776144215497       -3.37421920819467      H
       -9.20969392228892       -7.74289158750469       -1.76405134369310      H
       -7.69931994451757       -6.64704449565088       -4.39982258041363      H
      -10.56745933929319        0.61183304753052        4.82464077334302      H
      -11.40027638569745        0.76814884804014        1.63849544820350      H
       -8.16919313529434        0.80567585078849        2.69437312307004      H
       -9.14686611327163        3.23161193027623      -11.99843060362803      H
      -10.93774931415490        5.68544738041554      -11.29596166990561      H
      -12.27620936314480        2.58465325201846      -11.10603485458974      H
        5.19184523045178        5.83640279195674        9.23203517544560      C
        2.69502191121469        4.83742057368991        9.12640705672094      C
        1.68971854291392        2.96492291153252       10.78462417855994      C
        3.62116527083606        2.01958832522788       12.46579215389167      C
        6.29373004008977        2.93558361296332       12.30620417970395      C
        7.00189401875077        4.75795712516757       10.75345438048417      C
       -0.80238497648834        1.79314314303965       11.08214479085753      C
       -0.92992427701317       -0.45394170926259       12.50984487830490      C
        0.99928615973848       -1.15408273759807       14.23266389564598      C
        3.15193028784355        0.37034161037705       14.36454937419025      N
       -3.15556806871015        2.80619933255590       10.58894732284131      C
       -5.24450628154460        1.23253755235626       10.06379069425576      C
       -5.39173609136370       -1.09712373708482       11.13195148082070      N
       -3.14301220229846       -2.01819269914313       12.24696571896366      C
       -3.13210414011050       -4.28315160468191       13.69605566020852      C
       -1.52289731744012       -5.10042250982497       15.38092196777283      C
        0.44168799704190       -3.32729717565918       15.74090367356571      C
       -3.38882117205825        5.41066838349393       10.36597142514534      C
       -5.56288442848687        6.20426949188815        8.87416877827498      C
       -7.31521360742753        4.59546459070153        8.03987706775744      C
       -7.34007206343370        2.03215387896297        8.80665502444643      C
       -2.13657659761467        7.22247734154599       11.72264236517293      O
        0.68607753250549        5.54301543161073        7.39608506959771      O
        9.84584583141486        5.00884076352507       10.08440423721269      C
       -9.52431570952204        5.48197132609848        6.50943745983917      C
        7.49635466675602        2.40703965941423       13.70924646974172      H
        5.67460253202915        6.84144800375284        7.53792534454194      H
        1.66803695662126       -3.80318515248898       17.18946953463510      H
       -4.52748285416284       -5.71239172128662       13.25355332240533      H
       -8.85364019887244        0.58197143359396        8.54753805724687      H
       -6.03625194272024        8.11538882275171        8.52536351844180      H
       10.50259632731384        6.96358816801706        9.19425116759459      O
       11.39473757576106        2.82447626497607       10.08789551708370      O
       13.68211317855390        3.11470621259541        9.19307181671964      C
       -1.96470571054453       -7.25269763797959       16.97594580225864      C
       -3.77420817933915       -8.56643919515505       16.38052255884801      O
       -0.84750555440178       -7.30059986539599       19.37238472247980      O
       -1.75244750813088       -9.62852799810499       20.62934570013269      C
      -11.57088407237804        4.37943853337699        5.92714721979953      O
       -8.84602763655299        7.82792444395793        5.36351266682203      O
      -10.88458613622202        8.80789479063288        4.04229065162641      C
       -2.92777879249455        7.24279273339779       14.28803395518487      C
        1.21380767694786        7.83277137527900        6.09845636869135      C
      -10.99664370816132        7.95935581374476        2.00332926589144      H
      -10.53772299242696       10.82564384256734        3.60671978850864      H
      -12.53136023449473        8.93431500033051        5.38881437589374      H
       -1.83730671986281       -9.36320803938881       22.59322993665470      H
       -0.17987413299011      -11.02240142415293       20.52505519247108      H
       -3.18712091089027      -10.24316682802741       19.41367903045100      H
        2.33491403450831        7.06390371847456        4.28768185477077      H
        2.43701900760251        9.45551854629138        6.86369656747427      H
       -0.42459345545678        8.20695488005439        5.00830707380070      H
       -3.23099016492662        9.28263155622640       15.07713823958270      H
       -1.33240444096080        6.52664463485711       15.45568057730301      H
       -4.45314934887440        5.95166384836148       14.71859597272201      H
       14.99377083751709        4.22538751489310       10.53062009812392      H
       13.47876677836893        4.57826862972131        7.63316018156900      H
       14.44791259268294        1.33932811028607        8.67113230697087      H
$end
