$coord
       -8.05574985157568       -0.30158794679652       -4.67765435120731      C
       -7.54315942685593       -1.29487139993305       -2.31686005295324      C
       -5.64128632937983       -0.38522948878139       -0.62593764685943      C
       -4.04688349106146        1.42641343795296       -1.81777187957770      C
       -4.64687485933274        2.49054019025255       -4.16409854385429      C
       -6.74266794602409        1.63764048019471       -5.37898675561908      C
       -4.93749093330678       -1.29142301701568        1.95633299351408      C
       -2.49338035372102       -0.84870125857530        2.81592954728863      C
       -0.99154503865185        0.87591307919272        1.65924225543670      C
       -1.92379945247737        2.06848518571665       -0.52240555644668      N
       -6.44522253606180       -2.83792070915803        3.47871108335759      C
       -5.33215634422909       -4.02791958708193        5.53363551794858      C
       -2.91110486502104       -3.60875142986123        6.44841790373680      N
       -1.57100536996230       -1.91706390343389        5.16932838505741      C
        0.87748700388203       -1.52380063276158        6.09366977867632      C
        2.48201503145236        0.02413968406074        4.54620157962557      C
        1.51467781509405        1.33443003577801        2.56541068153295      C
       -9.01748204601823       -2.52150693903544        3.73822037462675      C
      -10.46772171885464       -4.02678130918242        5.37108446659706      C
       -9.20557725477346       -5.57867009744436        7.12180774600856      C
       -6.74572745947794       -5.61084817745309        7.24049596201287      C
      -10.51304427729655       -0.46540984848969        2.73174488865539      O
       -8.86007628931171       -3.48879632724916       -1.82747537738642      O
       -7.28454267187130        2.62887088856946       -8.00237261659941      C
      -10.68706495599574       -7.13079262189232        8.82759995942584      C
       -3.56232376376910        4.05102366016494       -4.90165665353221      H
       -9.31241221485389       -1.24212061920566       -6.10404353262507      H
        3.03853901414528        2.47064291965872        1.35169200894017      H
        1.38746183385790       -2.53212709262326        7.78085379941029      H
       -5.73481931745880       -6.77903594842451        8.78230557250898      H
      -12.46550416368850       -4.02240502696758        5.35413638366426      H
       -7.33433010864367        0.92144617681425       -9.72814816907256      O
       -8.25853155747735        5.15635008136703       -8.19406944090918      O
       -9.30419408039079        5.16829442642183      -10.61123494046465      C
        5.17812821896143        0.17663054105510        5.06347651051805      C
        6.60659765430955        1.46728810140732        3.80092527063238      O
        5.82434819642585       -0.85841885090811        7.40400847873535      O
        8.43554943344938       -1.25836273097591        7.94147453189818      C
      -12.41314222123255       -8.41186030756876        8.04108902075380      O
      -10.23155027641218       -6.62572203893045       11.34208201527271      O
      -10.16551214964245       -8.87166371011970       13.01292803532809      C
      -13.00804866045465       -1.25759601875932        1.93070155006541      C
       -8.71175958758258       -5.70825327673345       -3.65843472413997      C
       -9.87385332504983       -8.26296630536952       15.06407177694910      H
       -8.56543882855592       -9.96151639268151       12.29844623739527      H
      -12.09383490639245       -9.71907458297783       12.62201435123089      H
        8.43333792739882       -2.55698045229349        9.60877322122727      H
        9.46058216469835        0.54502681942894        8.32330380270249      H
        9.30991294283882       -2.15421161014246        6.25977741536862      H
       -7.62718727720558       -7.32777553288026       -2.88554887226338      H
       -7.54264215782956       -5.00394245513780       -5.43148444840818      H
      -10.52315735862435       -6.17632821463098       -4.51593564152523      H
      -13.54849743543317       -0.13679818463155        0.26999004484058      H
      -14.25936906654692       -0.59238768755839        3.35645332686150      H
      -13.09028603895657       -3.39042264243310        1.61127460747101      H
       -9.55377000557158        3.33635640601145      -11.50080214797991      H
       -7.86173379465775        6.08979535388835      -12.01092834148073      H
      -11.04253554405257        6.31185484419859      -10.39525486702247      H
        6.15270028014707        5.94905020930481        8.54427834490659      C
        3.45820178383653        5.32235765724537        9.10935692511607      C
        2.78718235260548        3.59228035497426       11.13339893261344      C
        4.93048306773304        2.27050089032916       12.29625327466814      C
        7.27392773378883        3.38413243876580       12.09601718031653      C
        8.01457818547501        4.77942303892762       10.08972784192567      C
        0.41330453193875        2.40975500524998       11.54069029517882      C
        0.38237257345975       -0.10155556701946       12.29000777601357      C
        2.48440526188293       -0.96302685891102       13.78332724533800      C
        4.69373275343385        0.25771637522927       13.83084231798165      N
       -1.81030906847938        3.56749254417975       10.58916094990328      C
       -3.62329357986010        1.71121698263808        9.83100837004556      C
       -3.65410170241554       -0.96415119232866       10.46116256482297      N
       -1.74083514559449       -1.75654264012159       11.79700188551382      C
       -1.80420151053476       -4.05678750842225       12.96553189055509      C
        0.06022658356347       -4.75622428455966       14.59948510038727      C
        2.11066862620784       -3.15116516029433       15.26753398699436      C
       -2.18882592481840        6.24113504941544       10.45556216056898      C
       -4.45346259374448        7.01906187718779        9.33180285075203      C
       -5.97124615125448        5.26476324399343        8.17150196562671      C
       -5.50464667295100        2.65661378351077        8.43785411675486      C
       -1.00163767217679        8.29076516876593       11.51884624785398      O
        1.68647041989662        6.17996569323270        7.46040131340513      O
       10.73307564062668        5.53408314463718        9.88422054357862      C
       -8.38346140757297        5.92718276833432        6.97738429771397      C
        8.64445222649591        3.28541670917073       13.59569590568548      H
        6.90585499507269        7.37679253261416        7.32876007981770      H
        3.41200380328883       -3.79301586346725       16.61787739416795      H
       -3.50506957624452       -5.23592789093117       12.74122056458734      H
       -6.69101207598273        1.37465872588864        7.58992902383524      H
       -5.20353733676572        8.92836619110458        8.94595700729483      H
       12.10545374886718        5.64862127627730       11.83957745703588      O
       11.88671376608620        6.05403407540761        7.48477726400661      O
       14.32660965020548        6.83888223067508        7.56667393787428      C
       -0.00579656902383       -7.12076055880436       15.88400660209184      C
       -1.95973467497338       -8.54201209282099       15.71307365378532      O
        2.13673064972343       -8.05163417541342       16.91562564700049      O
        1.61955142856146      -10.43465896285270       17.68101152913916      C
       -8.49719587859981        8.33346641621183        6.75116455957042      O
      -10.07086787395918        4.30880744827233        5.87615896952488      O
      -11.94650249486644        5.51680788555433        4.53511440271462      C
        0.10853699415779        7.85203431628875       13.92426724464029      C
        2.31944810326061        8.48741171986400        6.36223629325102      C
      -11.57938223074961        7.59877330138509        4.69978646869311      H
      -13.79252489529934        5.07388505649472        5.51542328759223      H
      -11.69620021630084        4.87563803377603        2.69519091003997      H
       -0.41972335410252      -10.53960830676922       17.91747775386757      H
        2.18464092759305      -10.39481032713692       19.72475703582955      H
        2.27630781958576      -12.37427008586243       16.57725530000425      H
        1.85732506419088       10.10053076919356        7.63580864932160      H
        1.13932107324664        8.73859312208560        4.79110596689900      H
        4.24235812519029        8.46326578634813        5.36633522814351      H
        2.14756418958506        7.79763192812042       13.54865226213871      H
       -0.42940572489439        5.91244471340129       14.42304717023046      H
       -0.31442191909916        9.73330275869073       14.96211762427227      H
       14.53239247727902        7.58230830491650        5.57474047742572      H
       15.30863313064646        5.27056504174542        8.12797312990977      H
       14.45316332727861        8.15319882818704        9.17527620571475      H
$end
