$coord
       -8.34380345158774       -0.41373494850762       -1.64489098078141      C
       -6.94083415384931       -2.17933208650389       -0.10518335923157      C
       -5.44592966880088       -1.27776979699421        1.93485743015564      C
       -4.20570421647042        1.17166851240884        1.30555108499944      C
       -5.34784279339969        2.90180850873824       -0.38664721792946      C
       -7.48386990180061        2.06192893659909       -1.74609967516997      C
       -4.42055855753946       -2.81437500728765        3.76397407539134      C
       -1.89491128703075       -2.43505555246936        4.47259282764614      C
       -0.57239127278717       -0.28160423458583        3.55560078418439      C
       -1.79794400929197        1.58353205535297        2.18695817507819      N
       -5.84551188331527       -4.74608785261367        5.04791539272187      C
       -4.38579480613671       -6.63897416160934        6.22125533963279      C
       -1.87989862203837       -6.17907818139046        7.00792308727909      N
       -0.62117151978223       -4.20683250274136        6.02399364747602      C
        1.83159916370876       -3.53647030459293        6.70965538966487      C
        2.98295074930348       -1.34480727565435        5.89260147502311      C
        1.94903144321634        0.22225383044947        4.25866186638156      C
       -8.65703195721771       -4.98994391615836        5.37660933696256      C
       -9.70969268705735       -7.27293123929316        6.12305127908472      C
       -8.12826278418354       -9.13383180100488        7.24185067067551      C
       -5.55416484266118       -8.77387933323045        7.40341302987333      C
      -10.10929610727938       -2.77730152646523        4.50025299632595      O
       -6.90091511714261       -4.62537869415533       -0.56856166064922      O
       -8.67696230782826        4.17654252336887       -3.31871203864035      C
       -9.32361116692672      -11.60342654269918        8.10535546164269      C
       -4.45672779973686        4.64294249112075       -1.15955165698437      H
       -9.58913383299044       -0.58807332018134       -3.28084425111295      H
        2.78523469497464        2.00453689499437        3.61053829655518      H
        2.57406640096193       -4.97994086277525        8.00961232743146      H
       -4.20393076475160      -10.17147868901141        8.06193778403269      H
      -11.66683051898807       -7.29229904653250        6.46304521486811      H
      -10.81562603138114        4.08355301464293       -4.06481706432142      O
       -7.08368311534380        6.09637705498796       -3.73800957774652      O
       -8.48703059070093        7.80161399925704       -5.48957215773396      C
        5.57854910262507       -0.83130666814716        6.71315550937963      C
        6.76765818032534        0.95517275561172        5.90746319498991      O
        6.46155136829990       -2.42903051534982        8.40995179777878      O
        8.83810020946875       -1.47494344794301        9.57992942023926      C
      -11.21677452697985      -12.54998844042841        7.21316923223573      O
       -8.22221280153119      -12.70193506906096       10.16741856880030      O
       -9.17339616096791      -15.12371355759520       10.80358664084866      C
      -12.44905863297204       -2.68283628219317        5.44640914824728      C
       -7.75607298421162       -5.82710666312328       -2.74788108330468      C
       -7.92892166471776      -16.01325391764230       12.10796489629286      H
       -8.84421753293335      -16.32517625666877        9.10357687483564      H
      -11.17015882960374      -15.46915382182507       11.66987911917794      H
        8.72324124940559       -1.88550517032739       11.66857113001648      H
        9.02500644265890        0.50719821311072        9.13741418715377      H
       10.56519715131687       -2.47179662063281        8.80436122776435      H
       -7.28533229229211       -5.28360696771647       -4.81660826543635      H
       -9.88796631626279       -5.81978560146612       -2.61413246426592      H
       -7.03924331975209       -7.63845167365653       -2.35679964608860      H
      -13.30305320189841       -0.80062938448354        4.81852862002803      H
      -12.31652348051541       -3.23531998905093        7.53014296794251      H
      -13.55441129812546       -4.15761497235293        4.70052037104823      H
      -10.36052089936436        8.19326595023741       -4.61853264341718      H
       -8.50874993476113        7.01168891112234       -7.42049633713861      H
       -7.53788231902613        9.33185577128973       -4.71830724835839      H
        6.34095708879981        6.88240746248708        7.58373192121000      C
        3.91915332119207        5.98109593268115        7.19004698065666      C
        2.76340469898331        4.32953522547214        9.17869831299039      C
        4.21252605399620        3.56236109530273       11.19493022493355      C
        6.60349007413179        4.65282238573789       11.54902585053281      C
        7.78460680660419        6.10720534605727        9.65716287465645      C
        0.18112953642299        3.51369735333545        9.38441806290437      C
       -0.45561702698551        1.23259671185172       10.54575232678193      C
        1.32032397303911        0.03783099232046       12.16234040408625      C
        3.58479168198906        1.45252248381602       12.49573062393071      N
       -1.75633727643387        4.78805955140881        8.30894643091956      C
       -3.94441458814699        3.33395118271211        7.90335625523987      C
       -4.42010277246107        0.89365848018219        8.54431011606728      N
       -2.79248544380283        0.05063107685483       10.18552368192457      C
       -3.33646599813570       -2.34126515832046       11.19147188192458      C
       -1.65542540614333       -3.47352333711301       12.76798670071736      C
        0.71453910513051       -2.36178934152613       13.26113962845787      C
       -1.89158459861174        7.54491633216225        8.10468481631727      C
       -3.79674760396079        8.66966565252048        6.78452563205523      C
       -5.73802035041008        7.24730068520843        5.85141539334951      C
       -5.87217197042005        4.63412004531284        6.53136616200582      C
       -0.21588825081266        9.02397431353332        9.56740944144862      O
        2.26977326966104        7.01953564653573        5.24085356803312      O
       10.76041468005054        6.30185530986286        9.52153150577817      C
       -8.03882788768988        8.24995607848071        4.49782598020562      C
        7.82642326646166        3.58404414979606       12.96065078463114      H
        7.63043955461343        7.42703356737825        5.95792762193727      H
        2.23808164280934       -3.24085824078068       14.33399491833954      H
       -4.87645581652441       -3.40006691092853       10.35458244361869      H
       -7.65220356383617        3.78104552272960        6.41298204379118      H
       -3.46023259555955       10.55157718655659        6.03559760093067      H
       11.98845874622055        4.80711707819704       10.81332369225071      O
       11.62870075386760        8.40271697260917        8.42151147429292      O
       14.42765094769707        8.34064097623242        7.99367894972010      C
       -2.30949664567298       -5.92546771009372       13.52431421397888      C
       -4.53822791976953       -6.68053239441630       13.06627163346384      O
       -0.48034562437656       -7.27579001770198       15.02366789808629      O
       -1.98658711358440       -9.17535277816623       16.45343217840881      C
       -8.66484464633374       10.42911769454489        4.06653827008687      O
       -9.63613151611418        6.14801873764753        4.10123819906450      O
      -11.57122186603314        7.07005063537477        2.57888045234333      C
       -0.25071680175096       11.62826383693709        9.10044068280055      C
        3.44494361170500        9.20133337129662        4.16670469640214      C
      -11.57397516781022        6.01905740519386        0.70758695040488      H
      -10.85044599236097        8.87100346494395        2.03791016073262      H
      -13.32291960706712        6.44923687200672        3.57647998697978      H
       -3.85736550534039       -8.62329575277595       16.74600480761555      H
       -0.88925068652289       -9.61089180094728       18.07369765690844      H
       -1.99863321142499      -11.03093062541887       15.60728750830837      H
        4.52683695352265        8.35464333380911        2.61442224905172      H
        4.92141676076737       10.09062273216450        5.56566358926490      H
        2.06591202461481       10.47006390407237        3.13467546406944      H
        0.64871220207341       12.29805644749653       10.73009697907216      H
       -2.12437919896458       12.44085996267340        8.59761467659129      H
        0.98292205324882       11.95120156303973        7.53121395472819      H
       15.20356180422303       10.18004260779055        7.56331812779896      H
       14.59898623459530        7.07821678643802        6.28441426929897      H
       15.45497220091135        7.22055156202796        9.64373890596566      H
$end
