$coord
       -8.83335979602534       -0.41339563448461       -4.64115468950373      C
       -7.95033221369511       -1.49330266689013       -2.36921419281026      C
       -6.03265172349336        0.00047678796067       -0.89836124860860      C
       -4.69158890458846        2.12112830522684       -2.15394010206156      C
       -5.45944783713414        2.87008567309663       -4.53897053749243      C
       -7.49120525887118        1.57081168033060       -5.59493481331841      C
       -5.01018954077460       -0.47687432196035        1.59593201104747      C
       -2.47421788440563       -0.28277611545451        1.91575761112913      C
       -1.25044616805656        1.57841380163233        0.37969167326294      C
       -2.38962689783531        2.97872395370410       -1.51812035147514      N
       -6.15769897298026       -1.77890865940391        3.60815394182932      C
       -4.67173381822455       -2.89562803617841        5.53051264923707      C
       -2.15652233537953       -2.73351860629524        5.76012407141889      N
       -1.13678178649022       -1.24621531627061        4.13257543199711      C
        1.53305226238107       -0.52475971707230        4.24391805101534      C
        2.69869446014344        1.06310738473512        2.55573307511789      C
        1.37767030974736        2.04103145299544        0.51437846853950      C
       -8.95437429879800       -2.19375992125541        3.66490434686338      C
       -9.98407949349887       -3.48151405833853        5.78405134384976      C
       -8.47148019160436       -4.14500941891366        7.79945713518136      C
       -5.91496856887395       -3.98495390593410        7.71725359574417      C
      -10.65268228523517       -0.91170164791328        1.94103144289310      O
       -8.01455714507060       -4.20427479878631       -1.85237240596907      O
       -8.02358123559772        2.49918839096537       -8.25128889646091      C
       -9.68991330323924       -5.63345739618873       10.10276313938185      C
       -4.30192698648411        4.01898704142988       -5.89687036088568      H
      -10.34920713619748       -1.21741634946015       -5.90146571700188      H
        2.22169343830236        3.49671759552572       -0.47715578038056      H
        2.30655742393875       -1.19111921362181        5.95213868512130      H
       -4.80606322191456       -4.79202057679564        9.20696511610313      H
      -11.96296970294765       -3.90959536212782        6.00565492129286      H
      -10.10228601025009        2.20397041087689       -9.24410179805598      O
       -5.92668118169554        3.55668037586321       -9.39344915665555      O
       -6.28977734272998        3.08052028973736      -11.84496304032092      C
        5.52032106409959        1.68516569640534        2.85579851840475      C
        6.19632513925811        3.30089605807335        1.34950728920615      O
        6.95387635607981        0.51521119794964        4.51430798798587      O
        9.48053611432147        1.20629176905443        4.05326629724512      C
       -9.02965366878371       -7.78016888656738       10.00018634820665      O
      -10.91094795613485       -4.36461743497818       11.74653376073697      O
      -11.69806574418648       -6.18195841861644       13.61083661534141      C
      -12.62612772263081       -2.54131208401744        0.93273371615708      C
       -5.73488999329901       -5.45648967481705       -1.62826210312135      C
      -10.23207829569142       -7.47169651600421       14.16665143532565      H
      -13.37650841719508       -7.28169104462117       12.86491789611024      H
      -12.21059098682413       -5.03422054586572       15.49958373076611      H
        9.95271857893717        0.71473451600898        2.16690824482225      H
       10.92188447827330        0.23537566352078        5.24790414870903      H
       10.14050773471635        3.15075938203447        4.34637902046829      H
       -4.67072128357217       -4.41837111762408       -0.24486320499075      H
       -4.67028887367260       -5.18272343495199       -3.29995154973521      H
       -5.61039404592694       -7.53944668317780       -1.30150997221600      H
      -13.29247319888069       -1.56483950319716       -0.59257075603744      H
      -14.00845749929761       -2.99879514787130        2.32678191279515      H
      -11.57620384944914       -4.45584775163555        0.66802555706256      H
       -7.70614866674737        4.28849429131630      -12.77793274206432      H
       -6.87690627916250        1.14954468744390      -11.98898287400619      H
       -4.42306927902082        3.09862683446832      -12.75953283284948      H
        6.07724943524648        4.72259514320537        8.62721666197726      C
        3.55062830027934        4.04223047029661        8.85886419224999      C
        2.89494433817169        2.31684577596250       10.88733466858315      C
        4.82709711764061        1.55210570472264       12.69518284522623      C
        7.14022561702707        2.88829928737550       12.59027897503817      C
        7.85468753147789        4.43199765411988       10.57121022945460      C
        0.28772312976192        1.50829805665132       11.43267000554616      C
        0.17980107435646       -0.72942428250561       12.73146787904531      C
        2.40245301833236       -1.54807254516978       14.12375941637922      C
        4.55401381699767       -0.16456721582880       14.55641765047588      N
       -1.92420776825171        2.53852619200403       10.28332048489575      C
       -4.06061039625884        0.94527285194976       10.55844404375540      C
       -4.42976557093826       -1.28432225948948       11.84610127903788      N
       -2.13354796801572       -2.08779279976554       12.84486198904739      C
       -2.14851414160771       -4.20844194253687       14.45276101749310      C
        0.25451232978807       -5.32142958928327       15.18198403945402      C
        2.44620868922021       -3.86691609529531       15.25780053008084      C
       -2.36240403423251        5.08140818456448        9.64392442001645      C
       -4.60670594956113        5.65375441985562        8.53012238387237      C
       -6.69172458081920        4.08019466956265        8.31691013632536      C
       -6.41955861485492        1.77059648453276        9.35485520072374      C
       -1.07264363053661        7.37231491838631       10.21363718472648      O
        1.75391449793046        4.40469478842923        6.86256215547631      O
       10.29382154149216        5.75336283244380       10.38391260527282      C
       -9.22205962122322        5.09699641261766        7.18405058898198      C
        8.45590852649094        2.79048557151493       14.08330352137246      H
        6.73283656298558        5.77220989909611        6.99495652994920      H
        4.01421133567666       -4.61635978167891       16.20575200769116      H
       -3.76985787341418       -5.59486969377267       14.27393402911200      H
       -7.83160273217876        0.52236319171998        9.16970723521674      H
       -4.92100346665236        7.56938106799327        7.88535957762396      H
       11.08572878172658        6.42547783919381        8.19763744979238      O
       11.27231776253971        6.38026374258491       12.58530221769233      O
       13.33170184818156        7.92653462542102       12.53525005279786      C
        0.07639531106342       -7.76620836524910       16.61042879707669      C
       -2.12839513285725       -8.81171893664534       16.48595371026680      O
        2.00111982403457       -8.59124171683399       17.95442830273758      O
        1.56743408955619      -10.85180823375681       19.17579317926090      C
       -8.96872730713458        7.12939393094636        6.16011671409160      O
      -11.68395486099837        3.82663040580422        7.29101401684035      O
      -13.56469138925454        5.29310168148799        6.52457853555932      C
       -0.63621835072226        7.25041090503971       12.97947934731805      C
        2.01143116507777        6.48723282094550        5.40346202823330      C
      -14.06042754041581        6.60061492323573        7.99207958543704      H
      -15.40149698513073        4.10742292850044        6.57401277110759      H
      -13.31579693474726        5.57365995586791        4.62302026396405      H
        0.77714897293752      -10.84951256049834       21.15993872684048      H
        3.52202965216442      -11.79521856645631       19.70556119906297      H
        0.25461535609980      -11.86794278290396       18.11018987301361      H
        0.86607481208185        6.25346336919542        3.61927001004301      H
        4.00800552835793        6.76791219728556        4.73921402311627      H
        1.62811634810948        8.16737110354014        6.42830098225552      H
       -1.84758625253513        8.65178020453415       13.91122551095955      H
        1.24277383398389        8.08249522347949       13.61615416350031      H
       -0.73106446127568        5.37758498565872       13.87154707892372      H
       13.94031538971206        8.31533348610714       14.55243941878528      H
       13.06616100883629        9.61630270182518       11.32488566563517      H
       14.96723084765185        6.76958742920269       11.64136747495074      H
$end
