 -1.0
 -0.39049842276406D+01  0.42825972419458D+00  0.11671072269443D+00  0.37789517894130D-04 -0.18559369022563D-04  0.31734423102867D-03
 -0.31909201632031D+01 -0.19727605894715D+01  0.87595728309123D+00  0.29312067754808D-03 -0.69785764488337D-04 -0.24496568847469D-03
 -0.14970331495382D+01 -0.22853404272767D+01  0.29484418779004D+01  0.24655621059491D-03 -0.64468074956492D-03  0.39280806707518D-04
 -0.62921365446514D+00 -0.10790714077513D+00  0.42221695548218D+01  0.36729696689012D-04  0.19844428387653D-03  0.71604441928414D-04
 -0.15181778696798D+01  0.24226434866373D+01  0.33646541777389D+01 -0.35756626436230D-03  0.12495873570414D-04  0.15631289783279D-03
 -0.32759609778572D+01  0.26156390469056D+01  0.15516594909445D+01 -0.16666512141279D-03  0.21303642556415D-03  0.83261881758503D-05
 -0.78053763852018D+00 -0.46457096638086D+01  0.37242160435704D+01 -0.39221255919746D-03 -0.31913304932149D-03  0.49276254045503D-03
  0.14857923689373D+01 -0.44390104236321D+01  0.52157838286971D+01  0.75179851344761D-04 -0.17690234464722D-03  0.13639043900454D-03
  0.25288539874524D+01 -0.20708783360659D+01  0.60802945869468D+01 -0.17630048361918D-04  0.40238739798588D-03 -0.23051528341560D-03
  0.13573743741891D+01  0.16804450577540D+00  0.56695561377096D+01 -0.42349026124310D-03  0.25638729946230D-03  0.19853256727319D-03
 -0.18351455670723D+01 -0.70108029441720D+01  0.32839522878631D+01  0.23605216085451D-03 -0.54823357298477D-03  0.71984183232749D-03
  0.82950869617219D-01 -0.90066035294614D+01  0.35842926550668D+01  0.18683609424614D-03 -0.15136158612447D-03  0.63516707537585D-04
  0.22005066330837D+01 -0.89094527573914D+01  0.50383189405697D+01 -0.31589770433757D-03  0.33429084849167D-03 -0.36667669506249D-03
  0.28821424176768D+01 -0.66586434592863D+01  0.57938691907016D+01 -0.11713457148116D-03 -0.28144369355270D-03  0.17146245535988D-03
  0.48151910529899D+01 -0.65728906395434D+01  0.73947402138828D+01 -0.35598529788622D-03 -0.41700443664329D-03 -0.24826030527335D-03
  0.56902105141924D+01 -0.45035761009124D+01  0.85510354247452D+01  0.35207546759242D-03 -0.20371686507720D-03 -0.51772587358982D-03
  0.48746850997316D+01 -0.21082362372765D+01  0.75328662363520D+01  0.22005339385857D-03 -0.92064101636993D-04  0.95499296256323D-04
 -0.41923519561472D+01 -0.78857489246378D+01  0.23341010992033D+01  0.89405961643261D-04  0.18066384151521D-03  0.31113931022943D-03
 -0.44370648916686D+01 -0.10314505944014D+02  0.13429645233808D+01  0.44761014191900D-03 -0.33679762999571D-03 -0.18260182423086D-03
 -0.23053963430775D+01 -0.11854094272449D+02  0.82365538754112D+00 -0.18485100743226D-03 -0.51594732502014D-03 -0.12260826371505D-03
 -0.14701141374409D+00 -0.11287961991210D+02  0.21820789072580D+01  0.36133017076524D-03  0.30093199464580D-03 -0.20666091382420D-03
 -0.64248872153405D+01 -0.65358985870028D+01  0.29372607513254D+01  0.10836524094894D-04  0.84366407985976D-04 -0.97891972832936D-04
 -0.39963354161389D+01 -0.38234813234551D+01 -0.77844437888863D+00 -0.15528269136451D-03  0.36400823326178D-03  0.60509125443534D-04
 -0.41596618149198D+01  0.51907428934194D+01  0.84146024798657D+00 -0.28293333608081D-03 -0.54694854706128D-04 -0.11828545633058D-03
 -0.24802920984791D+01 -0.13837975692494D+02 -0.11109104612685D+01 -0.37115834683948D-03  0.10311356288694D-03  0.18650861125524D-05
 -0.82448051649038D+00  0.40741151065774D+01  0.42340359187986D+01  0.93407260695925D-04 -0.94803238105661D-04  0.76919231533026D-04
 -0.50948695898850D+01  0.74318961059170D+00 -0.15431050210475D+01 -0.60076115492925D-03 -0.33259302590002D-03  0.51683964415187D-03
  0.56058129461450D+01 -0.22892728423078D+00  0.80942150341644D+01  0.12797765157884D-03  0.31374409814076D-03 -0.73421872429182D-04
  0.61544880228818D+01 -0.80225890485076D+01  0.74065267204560D+01 -0.16529755573888D-03 -0.52670992703208D-03 -0.47405305100418D-03
  0.11633144461026D+01 -0.12811637382467D+02  0.24897608511262D+01  0.26789113525872D-03 -0.48758798272179D-03  0.23296418204948D-03
 -0.63326008321650D+01 -0.10819467595600D+02  0.58217304996826D+00  0.63808747184724D-04 -0.86387865350350D-04  0.20592100578126D-03
 -0.59814881794323D+01  0.57811445014762D+01 -0.58140222821992D+00  0.23685949705776D-03  0.39495410759568D-03  0.10924238088129D-03
 -0.22633609648723D+01  0.68466324744010D+01  0.17608250479220D+01 -0.26525989344251D-06  0.57637748738924D-04  0.76360205143118D-04
 -0.31600763533890D+01  0.92401853733076D+01  0.13043960688362D+01  0.38021522698611D-04 -0.57905111137986D-03 -0.27752573529567D-03
  0.79364281166670D+01 -0.47211268620237D+01  0.10244953150095D+02 -0.29595887467928D-03  0.34264351165122D-04 -0.25761901575352D-05
  0.89969025617522D+01 -0.30025597882665D+01  0.11348095477880D+02  0.61953653467127D-04  0.32533121897462D-03 -0.13643638471429D-03
  0.91861699124875D+01 -0.69702400604649D+01  0.10083702027770D+02 -0.36760050662605D-03 -0.77709218724602D-04  0.26917198288827D-03
  0.11355679267712D+02 -0.71595563185254D+01  0.11610388186301D+02  0.44713749412489D-03 -0.22458610492805D-04  0.83174323684308D-03
 -0.45298708259357D+01 -0.14521992097657D+02 -0.17896746369611D+01  0.52473408659838D-04 -0.40750187023039D-03 -0.15040545982300D-06
 -0.31808130288487D+00 -0.15173538230800D+02 -0.14789680550128D+01 -0.73148802697657D-03 -0.10027364045716D-05 -0.83333712181203D-04
 -0.78221196887114D+00 -0.17593870305522D+02 -0.23101751892228D+01 -0.32761926865109D-03 -0.31818720340692D-03  0.24306386610132D-03
 -0.63017446117482D+01 -0.52628565964855D+01  0.53847702967573D+01 -0.57961127925758D-04  0.14418146066074D-03 -0.15081933453559D-03
 -0.47017643804715D+01 -0.33420298753803D+01 -0.33147949195641D+01  0.22400822280515D-03  0.28135737247667D-03 -0.21694102288812D-03
 -0.69626788510289D+00 -0.18861916895245D+02 -0.77452934462494D+00 -0.15850843652493D-03 -0.48740544518914D-03 -0.44196322702101D-03
  0.90020095329985D+00 -0.18195539851567D+02 -0.33191462861767D+01  0.62634211982861D-03  0.19131311352937D-04  0.17729901847634D-03
 -0.23645002948458D+01 -0.17595495682452D+02 -0.36280635432257D+01 -0.13778480157837D-03  0.65841157984653D-03 -0.72535282343056D-04
  0.12111932743977D+02 -0.90098017977542D+01  0.11170740033297D+02  0.17170803888373D-03 -0.13691544521257D-04  0.40761796327730D-03
  0.10901167698164D+02 -0.70577686222616D+01  0.13707550604987D+02  0.43891445746296D-03 -0.41382539557966D-03  0.48581590748962D-03
  0.12645140202246D+02 -0.55694138677254D+01  0.11141704272621D+02 -0.23420694141383D-03 -0.83573003839803D-03 -0.13425302421449D-03
 -0.38250746597980D+01 -0.18898670273096D+01 -0.46012587290762D+01 -0.47918641825656D-03  0.49265880458967D-03 -0.54196172007499D-03
 -0.66618003376143D+01 -0.25068310843438D+01 -0.34790161327112D+01  0.37197564153211D-03  0.65085800343020D-03 -0.99866230356634D-03
 -0.46636169752597D+01 -0.51706760651381D+01 -0.43981083500627D+01  0.39067238282414D-03 -0.21568003671696D-03  0.26202595763345D-03
 -0.55965224218774D+01 -0.34738099060704D+01  0.50766621832847D+01 -0.41024127886178D-03  0.94345782443490D-03 -0.44082822398953D-03
 -0.52220094316876D+01 -0.63390565227103D+01  0.66668158678797D+01  0.25617032192526D-03  0.33488542325718D-03 -0.21442778036638D-03
 -0.81505052258186D+01 -0.51618311996777D+01  0.61963091337713D+01 -0.39533545598776D-04 -0.10229785071461D-03 -0.10439108522219D-02
 -0.38266578857311D+01  0.10021563252222D+02  0.31688971498685D+01  0.36003147072746D-03  0.16463301663227D-03  0.87967395526890D-05
 -0.45287696642847D+01  0.94391605713008D+01 -0.24508372738440D+00  0.12375336269788D-03 -0.38316986794203D-03  0.33075233840759D-03
 -0.14726352096268D+01  0.10505664730096D+02  0.84300659095102D+00 -0.44934709493321D-03 -0.60916779280691D-03 -0.22280420208046D-03
 -0.84645328036355D+01  0.10670055852687D+02  0.72017427289695D+01 -0.48751170147203D-03 -0.12412862468009D-03 -0.15836113324352D-03
 -0.72668958899339D+01  0.83664619722030D+01  0.77341304887709D+01 -0.22386855831489D-03 -0.18647816264804D-03 -0.64022890548300D-03
 -0.48260279217168D+01  0.81303332649565D+01  0.89887396924844D+01  0.59536898827492D-03  0.27175544450428D-03  0.35895669940568D-03
 -0.30772436377816D+01  0.10035910044627D+02  0.89538042491135D+01  0.42790881674904D-04  0.57678141328543D-03  0.19542367543509D-03
 -0.40974815753549D+01  0.12265460973513D+02  0.79100566772955D+01  0.43795610344901D-04 -0.10490585076497D-03  0.45889910709590D-03
 -0.66403345533271D+01  0.12561844156983D+02  0.69831155157191D+01 -0.36222059349554D-03  0.10123701512528D-03  0.90385304225135D-04
 -0.36539481585141D+01  0.57929915807119D+01  0.98180208230453D+01 -0.19176284754515D-03  0.63398937815779D-03 -0.33031715759204D-03
 -0.10813292251309D+01  0.56547260299012D+01  0.10152250339856D+02 -0.25488911592049D-03 -0.78536498921983D-04  0.19836630238172D-03
  0.43694825354930D+00  0.78131228512039D+01  0.99059381432811D+01 -0.33805903340360D-03  0.32127918521277D-03  0.10126354119763D-03
 -0.65943442313626D+00  0.10043508296201D+02  0.97214324463188D+01  0.15114577068717D-03  0.29502028873331D-03  0.12878134815866D-03
 -0.50423190345633D+01  0.36583567100344D+01  0.10749063971336D+02  0.19559340929364D-03 -0.25397255989545D-03  0.11319218033943D-03
 -0.37324151839543D+01  0.12530692317682D+01  0.10693693301097D+02  0.71084618931961D-04  0.13322061345231D-03  0.28780718163020D-03
 -0.11883083055061D+01  0.10843561713888D+01  0.10612900699321D+02  0.12497581574735D-03  0.10303807917878D-03  0.65717768552831D-03
  0.15872692948078D+00  0.32385009935345D+01  0.10541439330631D+02 -0.99360938124921D-04  0.68863526326863D-04 -0.32593306272907D-03
  0.28495037262185D+01  0.31375592764805D+01  0.10519143469386D+02 -0.30917266078882D-03  0.36744368494613D-03 -0.21429391911399D-03
  0.42183877629437D+01  0.53113157258705D+01  0.99846698398430D+01  0.33850106253866D-03  0.44204971151138D-03 -0.64071113004764D-03
  0.30243245733839D+01  0.77064828908441D+01  0.95444215638509D+01 -0.20927583574454D-03  0.70695663954619D-04 -0.28309881473926D-04
 -0.74850574664038D+01  0.35729950183152D+01  0.11806486594689D+02  0.82562546852570D-04  0.25303582651185D-07  0.33552079326057D-03
 -0.87042824609597D+01  0.12321164423949D+01  0.11772425901672D+02  0.16350239694208D-05 -0.20706295350238D-03 -0.10309662892830D-04
 -0.76851391645143D+01 -0.11696662123104D+01  0.10951447627359D+02  0.31283195207437D-03  0.92890804838229D-04  0.34357584290279D-04
 -0.49938185793240D+01 -0.12218610784433D+01  0.10578626857875D+02  0.18848341238017D-03 -0.39922763058693D-03 -0.40296673462039D-03
 -0.85527867301357D+01  0.58894197047913D+01  0.12390622773431D+02  0.97258101469599D-04  0.17926796241067D-03  0.11950037022619D-03
 -0.87366365880406D+01  0.61790505506722D+01  0.73940919457798D+01 -0.10217569951979D-03 -0.17230450045653D-03 -0.33326859718745D-03
 -0.70301324728703D+01  0.14929448371748D+02  0.57087724908336D+01 -0.20138397935927D-03 -0.35127725569392D-03 -0.47412021155622D-04
 -0.93036999545051D+01 -0.34781580231809D+01  0.11220730504705D+02 -0.27010326274923D-04 -0.10233417077578D-03  0.25598582775779D-03
 -0.29330880342061D+01  0.14028932482019D+02  0.75099727149999D+01  0.50422299489790D-03  0.42322031857546D-03 -0.52114554332005D-03
 -0.10335208152263D+02  0.11157979647879D+02  0.67725357512498D+01  0.47790139897056D-03  0.61554470450006D-03 -0.62589127079899D-03
  0.42188353995106D+01  0.93821643431371D+01  0.93706084261681D+01  0.57487121503363D-03  0.35086644794150D-03 -0.76949850703085D-03
  0.39684643713110D+01  0.17928220454824D+01  0.11226524131976D+02 -0.65396796165155D-03  0.15900364024736D-03 -0.79440345891070D-03
 -0.39428921938134D+01 -0.27571584266394D+01  0.11419087651494D+02  0.31298490001500D-03 -0.58328485279551D-03 -0.17952450423331D-03
 -0.10758288910409D+02  0.12232723881363D+01  0.12297328589453D+02  0.23603290058459D-03  0.25880499900496D-03 -0.37546476379161D-03
 -0.52664826157988D+01  0.16217638794692D+02  0.49139023784960D+01  0.25708297519130D-03  0.26989777350370D-03  0.52052438038135D-03
 -0.94041878482969D+01  0.16020044810100D+02  0.56355950678514D+01  0.31198764618802D-04  0.21806565881510D-04  0.60107076620319D-04
 -0.91001943930318D+01  0.18188241717161D+02  0.41060232497831D+01 -0.17386035666185D-03  0.48468538885051D-04  0.49676418938287D-03
  0.69642491193910D+01  0.49658402546526D+01  0.97280992913255D+01  0.41948273686990D-04  0.13613347754300D-03  0.24256525253899D-04
  0.80845711529561D+01  0.65278321989695D+01  0.83793506859729D+01  0.26134431139950D-03  0.46791875548794D-03 -0.33107483755788D-03
  0.80108141858318D+01  0.26001510843348D+01  0.10422779948444D+02 -0.60859942065894D-05 -0.26040069968898D-03  0.11839796986580D-03
  0.10629033109026D+02  0.21819421541716D+01  0.96871253915523D+01 -0.11569192603941D-03  0.46375970075758D-03 -0.68512871383751D-06
 -0.95480131195258D+01 -0.51139664294401D+01  0.96014452955655D+01  0.40011339394111D-04  0.12354942553370D-03 -0.13420494619070D-03
 -0.10334390736227D+02 -0.37524502440082D+01  0.13538327531479D+02  0.42389181930039D-04 -0.53436605378754D-05 -0.29599384216006D-03
 -0.11637043072496D+02 -0.62812989415221D+01  0.13482505298046D+02 -0.47776814571609D-04 -0.53186985625387D-03 -0.44010661375724D-04
 -0.11212484019927D+02  0.58855282979953D+01  0.13083025323694D+02  0.99407505234309D-04 -0.47255094366870D-03  0.12869014175803D-03
 -0.81699007719415D+01  0.42341690499795D+01  0.55684188254700D+01 -0.11224819687280D-03 -0.72609297656334D-03 -0.34156741000910D-04
 -0.12453232983444D+02 -0.64272634932007D+01  0.11615737865272D+02 -0.26469529047535D-03  0.14749693973717D-03 -0.14470843773516D-03
 -0.12885649177637D+02 -0.62852741910273D+01  0.15085903484253D+02 -0.51051418368138D-04 -0.42768535514569D-04  0.18467467366855D-03
 -0.10099966847914D+02 -0.76724477551616D+01  0.13775262517680D+02 -0.65354334218134D-03 -0.63135490138743D-03  0.88091745166970D-04
  0.11579777331800D+02  0.39660362221629D+01  0.87315358558456D+01  0.92610790253213D-04  0.74001969480050D-03 -0.46840135706085D-03
  0.11000460258053D+02  0.13247553220555D+00  0.90020299023850D+01  0.57159512556645D-04 -0.55321002611092D-03  0.11924580798100D-02
  0.11590139152805D+02  0.17565187027643D+01  0.11478672331691D+02  0.13495468065058D-03  0.60827037755754D-03  0.25993265916490D-04
 -0.77207426084956D+01  0.52132736103058D+01  0.37227296684738D+01 -0.34769207170041D-03  0.46246418713355D-03  0.21523394734043D-03
 -0.10236017402696D+02  0.34602019640011D+01  0.55483557362052D+01  0.50853975901706D-03 -0.88915990163987D-04  0.55010354781587D-03
 -0.68367157743205D+01  0.27288345842573D+01  0.63667837419415D+01  0.67276104806116D-03 -0.59075051520088D-03 -0.67449233211120D-03
 -0.11895111736696D+02  0.43782033554212D+01  0.14269471191178D+02  0.97852410301247D-03 -0.52718693428424D-03  0.46079159412377D-03
 -0.12072635136094D+02  0.58243218845780D+01  0.11202816736936D+02  0.25315025933081D-03 -0.14028888205708D-03 -0.55448177934494D-03
 -0.11666164619360D+02  0.77303446111515D+01  0.13992678001584D+02 -0.23981502204630D-03 -0.55837139651613D-03 -0.15719405591201D-03
 -0.11101907539025D+02  0.18298776440076D+02  0.31918057619183D+01  0.36521041354346D-03  0.67153845146299D-04 -0.41625816716109D-03
 -0.73567818348789D+01  0.17918138415681D+02  0.28259488381662D+01  0.14399378539497D-02  0.52695409747120D-03 -0.11886043546518D-02
 -0.87115931746039D+01  0.19826456923783D+02  0.53368475156001D+01  0.21906782257610D-04 -0.47814470378204D-03  0.22523164116261D-03
