# indices of neighbouring atoms (max seven)
2 6 27
1 3 23
2 4 7
3 5 10
4 6 26
1 5 24
3 8 11
7 9 14
8 10 17
4 9
7 12 18
11 13 21
12 14
8 13 15
14 16 29
15 17 35
9 16 28
11 19 22
18 20 31
19 21 25
12 20 30
18 42
2 43
6 32 33
20 39 40
5
1
17
15
21
19
24
24 34
33 56 57 58
16 36 37
35
35 38
37 47 48 49
25
25 41
40 44 45 46
22 53 54 55
23 50 51 52
41
41
41
38
38
38
43
43
43
42
42
42
34
34
34
60 64 85
59 61 81
60 62 65
61 63 68
62 64 84
59 63 82
61 66 69
65 67 72
66 68 75
62 67
65 70 76
69 71 79
70 72
66 71 73
72 74 87
73 75 93
67 74 86
69 77 80
76 78 89
77 79 83
70 78 88
76 100
60 101
64 90 91
78 97 98
63
59
75
73
79
77
82
82 92
91 114 115 116
74 94 95
93
93 96
95 105 106 107
83
83 99
98 102 103 104
80 111 112 113
81 108 109 110
99
99
99
96
96
96
101
101
101
100
100
100
92
92
92
