$coord
       -0.13513697687568        0.44800624083815        1.05481820841644      C
       -1.42566596018603        2.27028826198905        2.53676405313546      C
       -0.11955945117793        3.16937272678789        4.69301311108797      C
        2.10720416687052        1.82654449794896        5.46127143671810      C
        3.28605138809448        0.06210588867512        3.98755823031669      C
        2.22789209639464       -0.59625758577727        1.71015638364311      C
       -1.02371694615656        5.12165008876095        6.16918920743976      C
       -0.50198782963442        4.93385420618931        8.73345946341450      C
        1.53865761464559        3.26392076637148        9.41609128470123      C
        3.07440432157527        2.00062513667682        7.85535678737262      N
       -2.70554869831816        7.11337819679504        5.30635223491132      C
       -4.16004761786764        8.48145021594760        7.13815962225748      C
       -3.87336881845751        8.13615927216911        9.69202713861174      N
       -2.11045784625488        6.43702800485237       10.39238585601018      C
       -1.14022874446951        6.34058922708830       12.93300859737185      C
        0.45642454512346        4.54933490169770       13.72244814605059      C
        2.04797453810694        3.15706505797470       12.09710774578703      C
       -2.72563893812931        7.95441139585959        2.71174929859961      C
       -4.79653872371695        9.34822116212032        1.84281653161006      C
       -6.35593512361274       10.54695985853356        3.62605257154723      C
       -5.95985646072097       10.13330132441224        6.09450780785359      C
       -0.72343653457422        7.15719544255425        0.96321812929895      O
       -3.67184514028411        3.23466204996880        1.75520760440902      O
        3.50647780963695       -2.61827361026624        0.17737440000462      C
       -8.53861018004308       11.90190376008527        2.70092662937814      C
        5.22822135704080       -0.61447130679035        4.42650082336166      H
       -1.13248292964299       -0.52521796451683       -0.31778561830992      H
        3.69871522042842        2.05792219736830       12.75219010637723      H
       -2.30445455853407        7.44103559060252       14.24158109810827      H
       -7.27688780119862       10.65536560116941        7.52259465983084      H
       -5.13347831328832        9.36578337809251       -0.27369737147549      H
        5.56082068246651       -3.29763213615364        0.94572822789832      O
        2.48166931282436       -3.16202262803666       -2.07639270751027      O
        3.74560222979784       -5.04769346405596       -3.42954627039895      C
        1.12583513089374        3.59723404110794       16.29825266650023      C
        3.05727977408853        4.44292199606524       17.18416620066495      O
       -0.65594270443395        2.23178600996329       17.34527992156948      O
        0.01615301367628        1.85878388213893       19.99398623116888      C
       -9.49764337435771       11.13467774225619        0.76259523325807      O
       -9.52700128920741       13.87978282801155        4.17882204394291      O
      -11.42571174987576       15.29758267410731        2.98907470758961      C
        1.73157788276220        7.56573823886188        1.73752662984407      C
       -4.50781593623285        2.63589519585005       -0.61060247535478      C
      -13.16728902062415       14.19631910449958        2.35256778173130      H
      -10.67497225168075       16.03983453500283        1.15357961595398      H
      -12.04196886871454       16.82294860138824        4.24850050743641      H
        1.71469022912551        0.73508972865166       19.84128773174603      H
       -1.54489677993021        0.67331521548432       20.70934670265916      H
        0.64609313194327        3.66923516876964       20.73418310400986      H
       -3.52685166116109        3.72841209963190       -2.03874204267091      H
       -6.40600092123362        3.11293284405440       -0.69181194771938      H
       -4.31352153986684        0.74796547362247       -1.09884173651721      H
        3.00724838707771        8.35928306788959        0.25476939760712      H
        2.52197476841155        5.61359224531261        1.92182451551777      H
        1.71490452784096        8.88161437364015        3.24566695453552      H
        2.28787363194446       -6.06439187990058       -4.36805139841369      H
        4.44237217459274       -6.06285063495221       -1.82609430217831      H
        4.99579577008907       -4.12483936262654       -4.68060346287104      H
       -0.07694296359075       -7.56566855837642        1.65917449936379      C
       -0.20929470982199       -6.41833913696093        4.08026289911860      C
       -2.51410791325151       -5.09956974403468        4.81499749898393      C
       -4.37327584615425       -4.81133951342821        2.95099315618197      C
       -4.08218668697606       -5.74813262280215        0.49780299546843      C
       -2.06681580701355       -7.25812515111222       -0.09313090518731      C
       -2.77179346113036       -3.50641359807065        6.99074863241501      C
       -4.50084511953157       -1.59287889249473        6.96030316369780      C
       -6.19460391267349       -1.43452274318315        4.84186335533691      C
       -6.29299313342757       -3.13477645217990        2.96650531123479      N
       -1.60095192890560       -3.91776432196081        9.38928899029201      C
       -2.03051277897172       -2.07541393454854       11.34008577854268      C
       -3.40888039176102        0.01667292027478       11.02384089489075      N
       -5.00563598069648       -0.11768061316043        9.13998443982277      C
       -6.86722461746843        1.80112005866784        8.91907559540204      C
       -8.47769383369711        2.15295702722650        6.87832495105759      C
       -8.24267157829888        0.42434392368654        4.93793868879999      C
       -0.45110012443916       -6.25915674358358       10.28315995843668      C
        0.92358815272337       -6.29149702684880       12.41363040405410      C
        0.73869077534183       -4.31613454899685       14.27196123132825      C
       -0.91808491047589       -2.39740302105312       13.75826704060410      C
       -1.21567962349925       -8.54780677928815        9.04234712175323      O
        2.00269151772554       -5.92967616889809        5.32015980509388      O
       -1.95998044520952       -8.69305044188410       -2.50112343101352      C
        1.87583443858381       -4.44750755842872       16.86528064069595      C
       -5.81193454872878       -5.64572278485160       -0.97547060334937      H
        1.36730056763294       -8.85133180982182        1.12591028107538      H
       -9.53347144297711        0.49287179510301        3.15948886224037      H
       -7.03064975370628        2.95007671545863       10.62721117170239      H
       -1.38233766448427       -0.88850332676301       15.10051753830513      H
        1.85897658609522       -7.93953839206124       13.02909630538219      H
       -0.28835400668326      -10.26504803007926       -2.87376015136447      O
       -3.73441353735126       -8.21252577806942       -4.41070222556484      O
       -3.58029959321254       -9.98687798080989       -6.37113863736590      C
      -10.13174030577680        4.36852843302098        7.11653948839908      C
      -10.66042145167629        5.18883152591230        9.22650537473930      O
      -11.53694483016941        4.88021753818292        5.00542594117188      O
      -12.93933582021439        6.99431450122403        5.48537763525644      C
        1.52600082893422       -2.84354549245110       18.46488507526023      O
        3.09372471365237       -6.69269035894834       17.14438368105350      O
        4.30863662103233       -6.57839890973859       19.44198623892861      C
       -4.01205403430853       -8.81525907485596        9.71687940292305      C
        4.02329858555230       -7.22201246429144        4.36661754551026      C
        4.45760216377636       -8.50132334090689       20.25011262877162      H
        3.22561049559465       -5.32045761788431       20.64159181826464      H
        6.22547556724642       -6.01503830729624       18.77541637770769      H
      -14.62725936581801        6.72524190066952        6.65852382799848      H
      -13.24149980674203        7.92416846923842        3.62047717114325      H
      -11.62962592441770        8.20944463953482        6.47737957918740      H
        5.70754268138156       -7.03242412077068        5.55273829293476      H
        4.44758325436540       -6.67482774592828        2.42671311359098      H
        3.56929946131332       -9.25286037112995        4.35500839095463      H
       -3.76604473666731       -9.58547291385091       11.69469584495929      H
       -4.95797045607108      -10.03030664463086        8.29500816712101      H
       -5.04110547840336       -6.95767523595209        9.73543103329892      H
       -4.49042348970574       -9.44737628338889       -8.14117130986002      H
       -4.79561565503858      -11.58615073312419       -5.93749662415911      H
       -1.61858766024499      -10.85732866096231       -6.41970680815974      H
$end
