$coord
        0.31360422600578        0.49362650253319        0.29465262517867      C
       -1.04114615041839        2.23609754281311        1.91980720071664      C
        0.10729322870116        2.80932674060361        4.33078505992987      C
        2.36909295660096        1.34620343891679        5.09357734125450      C
        3.44243872274793       -0.24214258644377        3.28392891510518      C
        2.57125482979943       -0.56808769387314        0.96456296859950      C
       -1.02721094328878        4.55358854380057        5.96247384519465      C
       -0.27535407672028        4.45475020390205        8.52560861219494      C
        1.64588014814037        2.69283001054854        9.17768421008649      C
        3.13402082272016        1.46290564573063        7.48119560294184      N
       -2.54867406135690        6.68329052021222        5.30843035778916      C
       -4.10082260446595        7.86008084479493        7.20465230169927      C
       -3.68311581908257        7.38908556735985        9.60714775243318      N
       -1.90213902278167        5.69172854411204       10.31577478300303      C
       -1.34116865889479        5.09424738053487       12.79640811687189      C
        0.52150269039326        3.48659963447275       13.68717950136292      C
        2.17837925490584        2.56753571350657       11.91976089480494      C
       -2.61201110130095        7.71408626788065        2.78749316462643      C
       -4.63340446713833        9.36598682535253        2.22210844248646      C
       -6.23946889233282       10.28776204630809        4.14011974151238      C
       -5.99837709382732        9.52240756565811        6.56959971766118      C
       -0.61163401833363        7.25404558897169        1.09312419226669      O
       -3.53121458782977        3.17552822910108        1.28850597660732      O
        3.45136939305872       -2.41336242499777       -0.78372955051822      C
       -8.25996637262904       12.09700882361887        3.45130380228395      C
        5.02051143201777       -1.43530310992824        3.97956156397864      H
       -0.55487024783291       -0.32700394551639       -1.33027000253799      H
        3.53539808961409        1.13678079936502       12.55657963714772      H
       -2.51683722821252        5.67228274398321       14.39676945660449      H
       -7.22078835841094       10.29372108392342        8.00121698276163      H
       -4.81538689073553       10.29553239187076        0.40667636402257      H
        5.39019305887639       -3.52499829917399        0.02885751827385      O
        2.44834827006333       -2.86597032667278       -3.24976413901787      O
        4.33669193917797       -3.87201107421429       -4.96350330410486      C
        1.35537660929440        3.00434389231433       16.50263906829668      C
       -0.12044358358308        4.09230083541510       17.86004693494467      O
        3.08374816247325        1.17508355482646       16.99417181335991      O
        3.00500263615859        0.74014420733354       19.65445856676795      C
       -9.69427312810385       12.68144512724689        5.15940736530356      O
       -8.40584798393766       12.88046976623371        1.08565470729353      O
      -10.06799541773940       14.94926338051543        0.60051489210167      C
       -0.94113292630385        8.12465007357033       -1.36056841009669      C
       -4.73281301501904        1.84192737202336       -0.57878400478097      C
       -9.16908410735877       16.07277613183505       -1.11900194915139      H
      -10.15997011407025       16.18587473624453        2.24727925879214      H
      -11.81647219840429       14.29012070192575       -0.10740966745443      H
        2.16131804538369       -1.19927965325505       20.29500984607160      H
        1.88026550678032        2.19230721427620       20.63250744014984      H
        5.04524352445685        0.61501123986221       20.41422126833492      H
       -6.72229757716521        2.11283529997756       -0.64552830575468      H
       -4.28469875322789       -0.17552669667001       -0.56186210680820      H
       -4.08383366650029        2.43511147503745       -2.46794890982325      H
        0.89576888723342        8.32390986558244       -2.24772955153431      H
       -1.71060081960662       10.06130840553405       -1.68887227089492      H
       -2.22852300743646        6.83090387420121       -2.26249364320981      H
        4.56701861077015       -5.88301385814970       -4.76025001435774      H
        6.00658056877406       -2.66304724171678       -4.77041506196003      H
        3.37658006290891       -3.63590468441331       -6.72646428349985      H
        0.26476599285897       -6.57110338144873        2.44522230706832      C
       -0.17316240263700       -5.49117485879767        4.85741003193698      C
       -2.60729306817799       -4.32610805143581        5.17663780640030      C
       -4.10677380841239       -3.83279089761150        2.94858071126518      C
       -3.47115284030583       -4.95044400019241        0.69199487114100      C
       -1.31985344122321       -6.27940106488410        0.22627608484817      C
       -3.55928438581906       -3.64047890213307        7.56574512200158      C
       -5.07607121830267       -1.44205048343915        7.45021883302895      C
       -6.29979963228098       -0.85024183641361        5.12923667307928      C
       -6.02163652027088       -2.22488778973316        3.00992066473928      N
       -2.23281333831599       -4.04061876932635        9.86433873382583      C
       -2.58335808896039       -2.18219775681761       11.87388168598375      C
       -4.25292242839909       -0.30493192628478       11.83722573228498      N
       -5.50260532524763        0.08856473603072        9.63715035621181      C
       -7.11833230713368        2.10839029503386        9.40299187771986      C
       -8.54703198030880        2.55233201045947        7.26089282239128      C
       -8.01131443123612        1.13003121324757        5.14354177663797      C
       -1.01229101608670       -6.43896284916134       10.46533629194521      C
        0.08754478406668       -6.76766567418747       12.82004157330120      C
       -0.33168453140856       -5.02751607072220       14.79989125521689      C
       -1.75320361016187       -2.83551289166887       14.29932355078909      C
       -1.49177632326088       -8.54657480074209        8.88251296909571      O
        1.87622753394163       -4.90345720244713        6.39512807954012      O
       -0.88995545456038       -7.47213407652866       -2.31641107538635      C
        0.38225482881816       -5.39709591870847       17.51817068815453      C
       -4.60786232829331       -4.58509015210967       -1.08159944360662      H
        2.08659823340699       -7.19633143376522        2.12165732588882      H
       -8.72014813987302        1.60364438331830        3.35284059427156      H
       -7.22091591411632        3.71041053699812       10.80978036451178      H
       -2.09033293201669       -1.63534084662577       15.97144823339280      H
        1.20161309266892       -8.27672908963748       13.50656135399468      H
        1.10547342443647       -8.51949849302004       -2.80422823608533      O
       -2.77232242442784       -7.49996649928188       -4.07791581976755      O
       -2.33454723223132       -8.83539092022164       -6.31741092048117      C
      -10.48582488133028        4.62901577286285        7.34771624062611      C
      -10.64944847594056        5.79327387697658        9.34425015879713      O
      -11.55686500919383        5.51474777548492        5.24710204026425      O
      -13.02728258680555        7.73834079339227        5.94990846020734      C
       -0.23435895094125       -3.81863716859994       19.05763680873535      O
        1.86262616111954       -7.56063842569021       17.86568661379919      O
        2.38046696762950       -7.72192916505032       20.58465759999367      C
       -4.04802627533211       -9.44982525553911        8.54124921313607      C
        3.91402862836172       -6.76990654165970        6.26122212009939      C
        3.49389814314908       -9.41465514129786       21.05033191677582      H
        0.64777135539573       -7.62201101982821       21.59871877987809      H
        3.54491271487748       -5.98604725801858       21.10867612491333      H
      -11.73771937883418        9.14633857446460        6.69847031558054      H
      -14.13937930846804        7.15129156220134        7.62252412395828      H
      -14.33955442073111        8.16819165130915        4.38316163895221      H
        5.10463972322684       -6.40856612896192        7.82782205005766      H
        5.00298859816999       -6.54594649579754        4.52692255805604      H
        3.12445626682102       -8.66771213956798        6.24545891184180      H
       -4.44057424006387      -10.36753114352655        6.71251930409925      H
       -5.36161234030250       -7.90863411333248        8.72075274846135      H
       -4.62629183283653      -10.73538110670948       10.18128942003939      H
       -1.08147334981293      -10.41968346947463       -5.75278652686359      H
       -1.44913551251320       -7.65838716890279       -7.85079614230215      H
       -4.02799439593063       -9.70951052005233       -7.04644551075823      H
$end
