$coord
        0.09130505954497        0.25445156443551        0.67229241557122      C
       -1.43714834698313        2.06029617978461        1.89149974814024      C
       -0.50705431056534        2.58307475198245        4.43126528305910      C
        1.37629413327372        1.27377740675034        5.68477870840398      C
        3.01305830716725       -0.07456639866079        4.11354101154266      C
        2.33707971323779       -0.66723903171717        1.64020701361509      C
       -1.52741921821264        4.53286002593189        6.06056103983840      C
       -1.17486793320243        4.54785515561113        8.59505113041414      C
        0.70930973448523        2.96941976193437        9.59836817766925      C
        1.85205224791093        1.30069244680944        8.18686765331958      N
       -2.75390490136130        6.85986538168702        5.04967904535020      C
       -4.52076839481816        7.97604980654754        6.86043339959964      C
       -4.21750601788636        7.76848348192076        9.39081864963538      N
       -2.30610825182268        6.33630131353990       10.24084544410158      C
       -1.86312117694341        6.22771435247674       12.82413437296950      C
       -0.22657117037939        4.45303908784105       13.71378961908210      C
        1.16343008408426        2.95613662965568       12.06005208708864      C
       -2.65325584126173        8.01428148382983        2.50672007364362      C
       -4.88857183040309        9.34500372970859        1.76741607522891      C
       -6.81985036422409       10.06800416383486        3.41877830055675      C
       -6.43408061183134        9.62415348313366        5.87974288486733      C
       -0.67384550684825        7.49113979324228        0.81368450267312      O
       -3.80744071832144        2.87117568740168        0.94785398128436      O
        3.83262736290199       -2.26218280872627       -0.18321041670693      C
       -8.99216696133225       11.28333299971680        2.38794186718922      C
        4.59120332983592       -0.92483747608500        5.00822319865688      H
       -0.60002607847367       -0.53374760207590       -0.93534017450199      H
        2.55613585314035        1.49917205925692       12.69947377304947      H
       -2.64603675972666        7.52099475033156       14.19828665845434      H
       -7.89960879892301       10.24768530185235        7.12929112086705      H
       -5.11311034576648        9.74104435435709       -0.20522010537565      H
        5.76118314494612       -3.51113535163112        0.37858081485735      O
        2.70931658163648       -2.59668489040430       -2.43194055511407      O
        3.83372033019700       -4.40453463851907       -4.04391596724778      C
        0.36509458980508        4.18716816787695       16.43757901051396      C
       -0.81717711329016        5.50072243665316       17.86184877968912      O
        2.42712216591253        2.64208098130228       17.06612729062365      O
        2.75971231770181        2.22392178269789       19.67647629684992      C
      -10.41146491836481       12.44682651135762        3.70057228640983      O
       -9.36596901899398       11.24442550331187       -0.23198293087471      O
      -11.33511836119572       12.72900822136656       -1.27708929705813      C
        1.80383429000365        7.40419061239702        1.84625947742621      C
       -3.95063941283823        2.76136717815654       -1.67557798075889      C
      -10.84960215489352       14.31967163500481       -2.46583031768252      H
      -12.24503396416085       13.41634567336335        0.35485361814588      H
      -12.60904331668013       11.24053221523988       -2.17140046049765      H
        0.93969731541676        1.05909831198813       20.33409146483785      H
        2.96034785981575        3.89800613212987       20.82993985472893      H
        4.51808195280058        1.15464182074137       20.12667872804797      H
       -2.03642779588516        1.92294197464220       -2.44454411957846      H
       -4.35491020654573        4.51933584559811       -2.51612467883820      H
       -5.44846334790195        1.46455823010130       -2.14135094565519      H
        3.10233639449489        5.90294929891014        0.85056350698306      H
        1.64959810146141        6.95269104488361        3.78753127959681      H
        2.66156243517783        9.40270807229295        1.76123286160375      H
        3.08951490005451       -4.27091451916851       -5.93224730089223      H
        3.56674563202469       -6.16013184239424       -3.04475162131614      H
        5.84529847599369       -4.25127583979497       -3.68488165550572      H
        0.08274175118788       -6.72713555866595        1.98212892781858      C
       -0.03384105703195       -5.42405198022043        4.40009293782728      C
       -2.46039408779719       -4.22729823353640        5.06803119838498      C
       -4.24558885153195       -3.76496221663398        3.07677935358762      C
       -3.84071584730011       -4.99783650228769        0.75967148314304      C
       -1.84905042294568       -6.45715475947249        0.17925353588745      C
       -2.67212940538716       -3.01324628108906        7.52286883482881      C
       -4.75154089367261       -1.34854080438922        7.54873073415004      C
       -6.25923255459204       -0.67548323689251        5.37979608072662      C
       -6.08474674326423       -2.01498981747504        3.15185332808582      N
       -1.87546326081513       -4.22512920164855        9.91527244028351      C
       -2.11731634303736       -2.59895402701677       12.07795819167879      C
       -3.66010904380721       -0.47129036146930       11.88488743878398      N
       -5.33039545268294       -0.14789022177189        9.98415693741295      C
       -7.32776363592331        1.58155141599027       10.11291624618696      C
       -8.60088149951340        2.47358298172017        7.92650414133382      C
       -7.91714328620048        1.43224274872546        5.58674969427633      C
       -0.76880224114257       -6.49598623531459       10.47244434552714      C
        0.87554879408613       -6.66438917616705       12.58911731675040      C
        1.32513979698701       -4.77172288371521       14.35768406878551      C
       -0.35616460743794       -2.75701575915663       14.16517398984130      C
       -1.32076341698732       -8.82421701129968        9.19615727824534      O
        1.98051484386762       -5.12620257767789        5.93163274076970      O
       -1.81970629752549       -7.67674691130718       -2.35531737234552      C
        2.97232307674843       -5.39565278433223       16.55288707672121      C
       -5.31114491814596       -4.42685400126877       -0.53913401658719      H
        1.82081489501328       -7.55937754097898        1.24902451959909      H
       -8.73363803556638        2.11915134461057        3.87948519624765      H
       -7.99878166897842        2.26293674725255       11.86968082662464      H
       -0.16132325294592       -1.15258964904233       15.35908302737304      H
        1.82018968916427       -8.32613716363917       13.11108555387146      H
       -0.30422868755285       -9.24849874212858       -2.90938370051631      O
       -3.75627873083382       -7.12952026179984       -4.07403345158322      O
       -3.21160777270279       -8.31569100591267       -6.36194354887881      C
      -10.55243475747512        4.50344767855430        8.09839351557732      C
      -11.12525408229065        5.02487753420763       10.25039716093505      O
      -11.27748713403742        5.98903030866154        6.16220374511822      O
      -13.07954762293510        7.79631261967608        7.02698214585857      C
        4.25220420594906       -3.89998301105233       17.74542816290423      O
        2.68156406044028       -7.92056482577783       17.09610955841629      O
        4.04857275094604       -8.65618547317530       19.13091070430739      C
       -3.89712673533465       -9.22342137308307        8.78367759165422      C
        4.05815712650075       -7.00344749905253        5.66315011120737      C
        5.66615080303309       -7.51688801660863       20.00164555307800      H
        4.53358081465062      -10.71549704128305       18.77637766076628      H
        2.67132681931144       -8.67006036564049       20.70614783333674      H
      -12.12265787839562        8.99962788791783        8.53737350882184      H
      -14.42359825748075        6.71110070111364        8.26512865608171      H
      -13.70177287057371        8.81771075545906        5.39955670638826      H
        5.30884441748658       -6.43726354985925        4.07439081399970      H
        3.32702517119620       -8.88288049461007        5.37736005324943      H
        5.16842158937837       -6.91031854288822        7.46010185227036      H
       -4.87934091456788       -9.49964403555104       10.59123116415903      H
       -4.16254742977968      -11.03632434398059        7.51632486342594      H
       -4.73345212916826       -7.55980898520109        7.71972150095558      H
       -4.57963410436255       -9.81081012524946       -6.85161566088636      H
       -1.38564336460082       -9.16143128735141       -6.27542517043505      H
       -3.26630840653381       -7.05597526529376       -8.03120467474758      H
$end
