$coord
       -0.64264687578811        0.81280396842492       -0.20553990229381      C
       -1.94692246302015        2.27807440610633        1.57839828537901      C
       -0.62843216515987        2.97235974209187        3.78089322500372      C
        1.47746921073762        1.50094118413624        4.64975577012038      C
        2.66894625541291        0.04094475418555        2.65428807238213      C
        1.73997425453394       -0.08554007552181        0.17449723144797      C
       -1.39901629921086        4.68590566479751        5.73236045642605      C
       -0.53594045774283        4.52532418489678        8.27197587096414      C
        1.23133214190026        2.48341038371507        8.82058634421820      C
        2.23570597609442        1.02854131769453        7.01888033925688      N
       -3.07841129015091        6.68312590908897        5.24623036145499      C
       -4.56006667079967        7.67688941661699        7.39607783738481      C
       -3.66131877676563        7.49249468131793        9.72280977943901      N
       -1.75620435405592        5.85300371113090       10.13578718930132      C
       -1.05978844369187        5.28128403205872       12.62031972791283      C
        0.98225954726255        3.74624641054090       13.23077060923702      C
        2.09634444577634        2.40514333963622       11.33966643085090      C
       -3.22738618473606        8.09457366071236        2.88668978477510      C
       -5.30738173658412        9.73651449496213        2.36671519568192      C
       -6.95114736302598       10.36538050759062        4.31217151459028      C
       -6.36149467017523        9.57125516532470        6.78809447891012      C
       -1.39183149669518        7.65665221957654        0.89691937209739      O
       -4.50047579896374        3.13843040073707        1.46097318488567      O
        2.95348814243637       -1.76014366135222       -1.63524528389008      C
       -8.92097894259591       12.16377361137365        3.46985197809234      C
        4.32369609071995       -0.95822923458795        2.96683868538752      H
       -1.51600094607634       -0.26463154686388       -1.75925694432249      H
        3.54689836066135        0.98689695277508       11.82363960879382      H
       -2.11798258212094        6.02926156489539       14.22816878158610      H
       -7.45656406948578       10.22250486595289        8.48260424322985      H
       -5.19348086848809       10.93316732111127        0.73252514697525      H
        4.99801827859942       -2.79135718127866       -0.97496135170192      O
        1.80459590002051       -2.15219744789566       -3.78520612030181      O
        3.08211133514878       -3.82717484409431       -5.28309113270245      C
        1.50676830852084        3.18571249270164       16.01336443187025      C
       -0.00608829496392        3.88285204154766       17.65732465357191      O
        3.68604039302996        1.96334064031479       16.52947093156254      O
        3.97786397253486        1.75084773095928       19.16176538803963      C
      -11.08659042711997       11.62927182673673        4.20014768125202      O
       -8.31888931439941       14.24425809091280        2.10952468626387      O
      -10.25790974167433       15.73976937692904        1.25034734041745      C
        0.90625817855813        8.99108097443038        1.21614518422933      C
       -5.97799003999595        2.37697106576892       -0.63235388419190      C
       -9.67237354325727       16.45032531767324       -0.56524766799406      H
      -10.29705011187924       17.62658311937539        2.34863629366553      H
      -12.00451128139411       14.52633161848699        1.24230353373927      H
        2.71470592663051        0.47605970281168       20.00445782458707      H
        3.84362879413600        3.66057586200174       19.92968782955595      H
        5.76180231159125        0.65271174077792       19.24863179700408      H
       -7.78484584294548        3.36060132382702       -0.33427043841009      H
       -6.35636569830737        0.26862497424541       -0.49077404842598      H
       -5.05964902226745        2.90715866949952       -2.30228192734355      H
        1.23746272407373        9.08498324021675        3.27526233206198      H
        0.52173076702512       10.85592465906645        0.19183540417432      H
        2.73458838757661        8.16269153043224        0.83902303464957      H
        1.71585455952779       -4.11504321672758       -6.78982773430280      H
        2.96842346073223       -5.69237928939319       -4.46990794170392      H
        5.02783918707835       -3.24129126587456       -5.55005629083930      H
        0.83366532363220       -6.95676050168914        2.42054126553813      C
        0.26353150237391       -5.91184211974111        4.76857744998609      C
       -2.11073953418850       -4.86163291295426        5.31270554007219      C
       -3.77921006156564       -4.46261981862102        3.09599228566972      C
       -3.18838091209621       -5.39748979779596        0.70498637418985      C
       -0.98065080423625       -6.76415620894619        0.40425020043485      C
       -2.93886746819254       -3.75354122026744        7.69236193038543      C
       -4.80626519981957       -1.84952953212648        7.62312436397734      C
       -6.18546625599327       -1.63894009332438        5.37159883196373      C
       -5.75298116025855       -2.87265499424227        3.24031976621400      N
       -2.09687367984164       -4.09964505217430       10.22519415278754      C
       -2.49506714191363       -2.31959241848626       12.26444285342120      C
       -3.90750256869302       -0.27744904895333       11.82875883574909      N
       -5.16355063904935       -0.13744845294212        9.56490746888186      C
       -6.97225560904543        1.75639374081828        9.28267289024425      C
       -8.45560288044672        2.04294669053377        7.17225434199232      C
       -7.90929259865231        0.41706407647687        5.10380417029545      C
       -1.36432301823204       -6.67441613409856       10.93318874374068      C
       -0.20039820078901       -6.81389207535532       13.34228874377632      C
       -0.28390225356555       -4.80504797226604       15.11994631267204      C
       -1.64386932208714       -2.58109550486179       14.72246947880764      C
       -1.44431926138247       -8.92936701196805        9.52612630352013      O
        2.27211019354769       -5.64147621336104        6.52588114330096      O
       -0.36165002777961       -7.97476147428015       -2.01204242701679      C
        0.90689199302713       -5.13809597115354       17.54457429294081      C
       -4.40895820348017       -4.87890249885112       -0.92746068547543      H
        2.38634743905976       -7.99459617662742        1.59431498787276      H
       -8.43940853408493        0.92783129854427        3.27770995367151      H
       -7.02303796344291        3.24763954652053       10.66255117438182      H
       -2.00200212907597       -0.99869020134055       16.00563172975799      H
        0.62316164522620       -8.58729934031369       13.80971670255634      H
        1.84183084918466       -8.62742464906231       -2.31416960394144      O
       -2.35409131568369       -8.37816430651750       -3.48963618999461      O
       -1.68224085738732       -9.49441943571187       -5.83110753562963      C
      -10.16609256623052        4.34633387474621        7.01744170779360      C
      -10.30112890108654        5.79639853821476        8.80773263513092      O
      -11.30812206447733        4.79538878121445        4.76059779491583      O
      -12.69579892075979        7.04699050112494        4.70076101259828      C
        1.88860720979715       -3.31105262142726       18.72639912787237      O
        1.35312267761521       -7.56727276533705       18.65201717125344      O
        2.34134309026814       -7.42927670000949       21.13817380138920      C
       -3.85934376862259       -9.78821200392649        8.69139748521819      C
        4.68260778318573       -6.77432541033260        6.08908807335459      C
        4.37467959749127       -6.89875425197414       21.38551939733804      H
        2.11858001093900       -9.16030450151027       22.02891971858160      H
        1.06175334924602       -6.28208370893235       22.07081062007459      H
      -12.06575497877651        8.14883462681883        6.28037002091617      H
      -14.68754012424386        6.73145408882390        4.36016576917553      H
      -12.08349415848354        8.30751098648402        3.17063069514463      H
        6.00883938998586       -5.99062063874187        7.57490207291744      H
        5.32142190584904       -6.55949075130876        4.22288538880946      H
        4.47218261909481       -8.75083281103328        6.52637124899639      H
       -4.48370436264323       -8.93337715494451        6.90749896343835      H
       -5.42666237899038       -9.22161573399764       10.10270520150446      H
       -4.02698325446635      -11.95842507788057        8.45904515164552      H
       -2.16894711096175       -8.41321614972214       -7.49875063169152      H
       -2.84657972254750      -11.19619356353546       -5.76811753267346      H
        0.35852887824701      -10.17661165876798       -5.83358867755461      H
$end
