 -1.0
 -0.50855090079312D+01 -0.75947760626619D+00 -0.17201971851043D+01  0.77731728676694D-04  0.36223738546672D-03 -0.84320278720698D-03
 -0.34390115744863D+01 -0.23283755851167D+01 -0.37033161087933D+00  0.10754368370190D-04 -0.48711539417788D-03  0.71862639942350D-03
 -0.18084454533401D+01 -0.88123106326145D+00  0.14414932703266D+01 -0.16868107311567D-03  0.10750681055809D-03  0.15505441777709D-03
 -0.99809258510848D+00  0.16813783778073D+01  0.55990947005444D+00  0.50982507857564D-03  0.17230839591261D-03  0.65753217045977D-03
 -0.27999970291697D+01  0.33012414050076D+01 -0.57899032843401D+00  0.12702289080785D-03  0.15868692405421D-03 -0.52556652959465D-03
 -0.47127060287240D+01  0.18358349865110D+01 -0.16319260490716D+01 -0.55205595726867D-03  0.11381901496602D-02 -0.27125064425028D-03
 -0.64930905106363D+00 -0.20570562270633D+01  0.37104271812856D+01 -0.28044561084680D-03  0.19972110028154D-03  0.17422086554821D-03
  0.15763907404525D+01 -0.64962215521231D+00  0.44445897745400D+01  0.11389677620399D-03  0.30973343083432D-03 -0.13996583535838D-03
  0.22468513193430D+01  0.17218133011751D+01  0.34277043234062D+01 -0.30281019334252D-03 -0.36029581397113D-03  0.84068767305646D-03
  0.13617984930798D+01  0.25056007515825D+01  0.11052991933001D+01 -0.21077082995602D-03  0.61090829037715D-03  0.11861764613232D-03
 -0.15080157743519D+01 -0.40577979976618D+01  0.53218462843396D+01 -0.48882830010389D-04  0.19135166883317D-03 -0.62095097482250D-04
  0.41513120679985D+00 -0.51630970114265D+01  0.68061889337975D+01 -0.13790138589529D-05  0.17172074102072D-03 -0.40157946206095D-04
  0.26321763468334D+01 -0.41338341438574D+01  0.73927004065540D+01 -0.24668924715111D-03 -0.39827165922513D-03 -0.18785333651911D-03
  0.30197905489172D+01 -0.16169768937444D+01  0.63895499840234D+01 -0.17024807159691D-03  0.13625414682801D-03  0.17214655443235D-03
  0.52605708505784D+01 -0.43940325369422D+00  0.69408073621771D+01  0.13523902818075D-03 -0.16433366748408D-03  0.18238828280328D-03
  0.61127371346154D+01  0.17357204391124D+01  0.59103758265523D+01 -0.10862640656266D-03  0.23918281337006D-03  0.16967480183286D-03
  0.45663541597143D+01  0.27704887174704D+01  0.41142161490059D+01 -0.32451409970732D-03 -0.54107675043888D-04  0.12720382993763D-03
 -0.37517745266758D+01 -0.54101916446385D+01  0.49925952299638D+01 -0.41318618266193D-03  0.47068752657614D-03 -0.34132919345406D-03
 -0.38519577028444D+01 -0.81231794754971D+01  0.58945438103993D+01 -0.60895535286114D-03 -0.19256702578685D-03 -0.17207662945887D-03
 -0.17439850197539D+01 -0.93385983837572D+01  0.70563208362382D+01 -0.27987638896243D-04 -0.36427110185651D-03 -0.21605421646189D-03
  0.32923012642725D+00 -0.78416111088898D+01  0.74867059834794D+01 -0.84039496144137D-04  0.13623724430760D-03 -0.36862739191119D-03
 -0.60214983457124D+01 -0.41343395696414D+01  0.40188476725057D+01  0.79963592587527D-05 -0.93022284744320D-04 -0.25753124659556D-03
 -0.30880068074919D+01 -0.49601379327445D+01 -0.40235493610238D+00  0.34048004708756D-03 -0.67507656967075D-04  0.14426198545294D-03
 -0.66988791219643D+01  0.35409152842345D+01 -0.27843944916310D+01 -0.40560218296007D-03 -0.28604337048348D-04  0.11103320013478D-03
 -0.22321374694182D+01 -0.12112808780590D+02  0.74517630378083D+01 -0.46992091820199D-03  0.50709529384788D-03  0.56623552262615D-04
 -0.24991738531825D+01  0.53853764021683D+01 -0.44231304777793D+00  0.21266900462947D-03 -0.31127940818957D-03 -0.66554616371433D-04
 -0.65700405514947D+01 -0.18552452952767D+01 -0.25294060072391D+01 -0.49374257999028D-03  0.76411222485578D-04  0.10507182927337D-02
  0.49243526486025D+01  0.47319283974281D+01  0.32944202597911D+01 -0.58491595918303D-03  0.78559186895004D-03 -0.37100743039676D-03
  0.62472801518559D+01 -0.12934593838719D+01  0.85762571272911D+01 -0.25085050168001D-03 -0.87170219067860D-03  0.48321667718499D-03
  0.22314093022371D+01 -0.86158564516175D+01  0.80456069586375D+01  0.74019957368908D-03 -0.80993942010539D-03 -0.59499084016890D-03
 -0.54747588108904D+01 -0.91579974720088D+01  0.54130334165424D+01 -0.52871684115446D-03 -0.12417575719107D-03 -0.11685769078044D-02
 -0.87037407320786D+01  0.37184518640549D+01 -0.15932715786662D+01 -0.75290897873957D-04  0.31982011591303D-03 -0.92398412277857D-04
 -0.60065081341103D+01  0.51817742276259D+01 -0.48755819366469D+01  0.20991544603477D-03  0.29083305381788D-03 -0.14530675949678D-03
 -0.45471798140408D+01  0.43138955613958D+01 -0.69061620238997D+01 -0.68586032084971D-04  0.46375793672435D-04  0.40048501911573D-03
  0.87524393102323D+01  0.25366445677489D+01  0.61196884063316D+01  0.45170494022442D-03 -0.64275104187504D-03 -0.19927253687931D-03
  0.95238457878048D+01  0.17334591268239D+01  0.80793910599224D+01 -0.27199768595015D-04 -0.29868546622851D-03 -0.29550092550971D-04
  0.98711167515779D+01  0.40683144375338D+01  0.42136325064433D+01  0.35622283338836D-03  0.30329410755207D-04  0.72876983740513D-04
  0.12058891184784D+02  0.54787725090804D+01  0.46295705798580D+01  0.65782559894612D-03 -0.31594655181944D-03 -0.64881531798428D-03
 -0.37638355237011D+00 -0.13650430015898D+02  0.74291521041154D+01  0.34832208324609D-03 -0.69348250040952D-03  0.80232491893374D-04
 -0.45030925295984D+01 -0.12600612554019D+02  0.66899838744310D+01  0.11879563095754D-03  0.25081732732420D-03 -0.23455127150814D-03
 -0.50973876613383D+01 -0.15069868510347D+02  0.58976034229594D+01  0.37093442042870D-03  0.45533869424741D-04  0.36980636517179D-03
 -0.68446006913236D+01 -0.23556614580330D+01  0.58169878738310D+01  0.10793802877358D-03  0.76138326814766D-04  0.52717764617531D-03
 -0.44391613266117D+01 -0.60145746612006D+01 -0.22885752638856D+01 -0.29619472641908D-03 -0.34567914958184D-03  0.12301202790440D-03
 -0.72704948709877D+01 -0.15325306519425D+02  0.62401874910019D+01  0.36637148346898D-03  0.41926153342314D-03  0.57711564363468D-03
 -0.43011020872570D+01 -0.16497714653928D+02  0.70788193001611D+01 -0.19122804262812D-04  0.47854812710560D-03 -0.40998571328465D-03
 -0.42421637799330D+01 -0.15313834203287D+02  0.40814369905640D+01  0.21835355822970D-03  0.12461575030309D-02 -0.34041581665649D-03
  0.12636889182879D+02  0.65182702254790D+01  0.28491958610447D+01 -0.13180108774136D-03 -0.10217902855924D-02  0.11263541572762D-02
  0.13264706780403D+02  0.42806017360182D+01  0.56918651997383D+01  0.22580496151241D-03 -0.32551276385737D-03  0.26633969640627D-03
  0.11450835071192D+02  0.69106717849095D+01  0.58071936057663D+01  0.12436277927110D-03  0.21811385165369D-03 -0.47576921759217D-04
 -0.39266748014049D+01 -0.45063387290689D+01 -0.36336146411378D+01  0.58851728145688D-04 -0.28674554573673D-03  0.52056184596255D-03
 -0.61977806000478D+01 -0.60468857026851D+01 -0.14053004771599D+01 -0.34933267982850D-03 -0.11829010136445D-02  0.77558446196238D-03
 -0.37784751779031D+01 -0.79900166579152D+01 -0.24770416644910D+01  0.11560943000618D-03 -0.53174848829441D-03  0.32117450912319D-03
 -0.84605867672290D+01 -0.34716892981641D+01  0.65063346048079D+01  0.57416549912417D-03 -0.11524099297299D-03 -0.88205840910024D-03
 -0.75122490489101D+01 -0.66931926869790D+00  0.51084984629173D+01  0.33118496549821D-03 -0.14011954946186D-03  0.48201457306211D-03
 -0.54044222972026D+01 -0.17813280536768D+01  0.71729384890752D+01 -0.33438287022162D-03 -0.71370546675313D-03  0.55901126625844D-03
 -0.56654170379639D+01  0.25181988508406D+01 -0.75957550774197D+01 -0.32668250688036D-05  0.42402231681205D-03 -0.51723636131735D-03
 -0.26171224317932D+01  0.41845661312275D+01 -0.62188499530430D+01 -0.32589185362967D-03 -0.85320030134898D-04  0.74221457594754D-04
 -0.39303506649664D+01  0.59801194514625D+01 -0.82384455173435D+01 -0.36737079877426D-04 -0.52226240739332D-03  0.28318766651985D-03
 -0.45172225838541D+01  0.74514206232899D+01  0.47015425865669D+01  0.42260982591167D-03  0.33749359762397D-03 -0.39601922382432D-03
 -0.46763349409891D+01  0.52041091053031D+01  0.62454809428968D+01  0.73852446576149D-04  0.18211186973163D-03  0.11207535252379D-03
 -0.28022072818445D+01  0.46516246769822D+01  0.80507152183476D+01 -0.92469121393936D-04  0.27608584266288D-04  0.20751168754643D-03
 -0.63127331787118D+00  0.61235654169183D+01  0.81579090054420D+01  0.18516037662613D-03  0.35368324811590D-03  0.54742398811727D-03
 -0.63185821645104D+00  0.83025869825588D+01  0.67434556567716D+01 -0.27276684117698D-03 -0.51457665349884D-03  0.72060110461792D-04
 -0.25765452431325D+01  0.89824326499819D+01  0.51566150306001D+01 -0.22301319470421D-03  0.78192049607274D-04 -0.14200162972407D-03
 -0.32939719691661D+01  0.29977156235733D+01  0.10317925446445D+02  0.47929369952042D-04 -0.32565720224217D-03 -0.79535108357040D-04
 -0.11859142479110D+01  0.19806386037099D+01  0.11555557448624D+02 -0.33815433113886D-03  0.69702504396037D-03 -0.20938035555669D-03
  0.12164575185501D+01  0.30129772071205D+01  0.11032533520658D+02 -0.26028332652549D-03 -0.14533509360427D-03  0.27998173864948D-03
  0.15035074284320D+01  0.50244721002274D+01  0.94137492106913D+01  0.10731152782136D-03 -0.45476509730052D-04  0.96873826383565D-05
 -0.59078259445332D+01  0.21569921600949D+01  0.11068945387752D+02 -0.93178312788564D-04  0.52457155734917D-03 -0.16702231701995D-03
 -0.59828137357555D+01 -0.23235227784587D+00  0.12367377444117D+02  0.53003284992103D-03  0.14975318493355D-04  0.79854806732903D-03
 -0.40374272060116D+01 -0.10551236980729D+01  0.13558071132178D+02 -0.22570463968109D-03  0.31238631302333D-03 -0.78829070067964D-03
 -0.15214423676071D+01  0.11141249709485D-01  0.13287125801745D+02  0.17090466931966D-03 -0.31796643106897D-03 -0.43839716207635D-03
  0.58605179798739D+00 -0.11157035770506D+01  0.14362117785330D+02  0.22740658901150D-03  0.17407473350277D-04  0.16540957282337D-03
  0.29984819309322D+01  0.10005455710579D+00  0.13992258884641D+02 -0.15635602313162D-03 -0.85903604282943D-04 -0.11808899988333D-03
  0.34492083622466D+01  0.21459778426510D+01  0.12379450979385D+02  0.59919803373460D-03  0.23970936353587D-03 -0.10421479358548D-03
 -0.81039542177642D+01  0.35284808081328D+01  0.10664239448425D+02  0.14085075580617D-03  0.28741896812412D-03  0.17298929729716D-03
 -0.10400244114755D+02  0.23674356779110D+01  0.10731182637491D+02  0.19375646250311D-03  0.79491086151414D-03  0.89623316746892D-04
 -0.10551956439035D+02 -0.29655031346286D+00  0.11309762381920D+02  0.22018066336924D-03 -0.57051982290512D-03 -0.20208643784018D-03
 -0.83494285656751D+01 -0.14142707409300D+01  0.12175077495420D+02 -0.10528025959505D-03 -0.78006710235131D-04  0.95316061343067D-04
 -0.81366464623348D+01  0.60398441842132D+01  0.10072442199276D+02  0.25548089844367D-03 -0.12097917341823D-03 -0.31260251425599D-03
 -0.63599151554380D+01  0.32476262449458D+01  0.55380942853757D+01  0.31393614544153D-04  0.15298299815127D-03 -0.38042757670345D-03
 -0.23668921483768D+01  0.11059871606673D+02  0.33905684066067D+01 -0.11306610854610D-03 -0.30074421669634D-03  0.16022877381430D-03
 -0.12995524377674D+02 -0.19118341136384D+01  0.10836682646962D+02 -0.10563307411504D-03 -0.23197190186549D-03 -0.11359147907943D-03
  0.13194182978510D+01  0.94259796699343D+01  0.69258466712957D+01 -0.64264584976807D-05 -0.74496568256793D-04 -0.21732736867447D-03
 -0.56823156770770D+01  0.76226470903114D+01  0.31851748140711D+01  0.83940425016287D-03  0.38991152503431D-03  0.11146476878347D-03
  0.54569195844815D+01  0.26862528187237D+01  0.11970037946818D+02  0.10513630913547D-03  0.87851712025216D-04  0.16378181122064D-03
  0.45746047450884D+00 -0.30427643093857D+01  0.15148046486815D+02 -0.54876171171215D-03 -0.54323054334412D-04  0.97435420622080D-03
 -0.84097408532579D+01 -0.33913164771203D+01  0.11645762643701D+02 -0.76212723391059D-04  0.20320783311903D-03  0.32450247787744D-03
 -0.11817768559544D+02  0.34870555313041D+01  0.99178007176399D+01  0.10393662285217D-03 -0.26413056752036D-03 -0.95109925316535D-03
 -0.41237150217890D+01  0.11949111181569D+02  0.22945747347635D+01 -0.39115265081559D-03 -0.27569750445063D-03 -0.31346767206702D-03
 -0.30146759829170D-01  0.11831762886321D+02  0.25785091543491D+01 -0.26495454887995D-03  0.67791592638686D-04  0.17516123070469D-03
 -0.35889355796638D+00  0.13527446631760D+02  0.54783834115792D+00 -0.23132877294416D-03 -0.53507211054550D-03 -0.99495019904628D-04
  0.53957725862316D+01 -0.12451102281957D+01  0.14919871827642D+02 -0.90360646729405D-03  0.11575158459081D-03  0.80592820568543D-03
  0.55998798602000D+01 -0.26978084883990D+01  0.16742508339610D+02 -0.37361783725077D-03  0.42485102706317D-03  0.15386180980628D-03
  0.75075732571422D+01 -0.87523842455213D+00  0.13158459905645D+02  0.84096912781754D-04 -0.15067777257328D-03  0.42378403750578D-04
  0.96563393981182D+01 -0.24693993747080D+01  0.13757034711660D+02  0.65180022044337D-03  0.39770849253718D-03 -0.21502073126724D-03
 -0.14232421631880D+02 -0.17865860190299D+01  0.89218750201092D+01  0.26560680589428D-03 -0.11513413518582D-03 -0.39139558066188D-04
 -0.13841659805495D+02 -0.33662576395667D+01  0.12771129279721D+02  0.22411068318539D-03  0.17627830210623D-03  0.26873769407147D-04
 -0.15715467065272D+02 -0.54031318379089D+01  0.11805227884486D+02  0.14920179687352D-04 -0.59674458722670D-03 -0.28859324607459D-03
 -0.72028122861392D+01  0.75101572364938D+01  0.12245078502234D+02  0.13058717393458D-03 -0.12686823033735D-03  0.20662890470873D-03
 -0.87404852014086D+01  0.41902558943336D+01  0.47667419728339D+01  0.42685625760717D-03 -0.25652707627151D-03 -0.16981882012622D-03
 -0.15725289718079D+02 -0.58910779069458D+01  0.98342662105250D+01  0.41656942423730D-03 -0.13024879851619D-02  0.83056853447628D-03
 -0.17524229737736D+02 -0.47340194074344D+01  0.12541269002240D+02  0.64413878319461D-03 -0.23472552230350D-03  0.32072446108410D-04
 -0.15120170458428D+02 -0.69820301859942D+01  0.13007659685520D+02  0.19802540347847D-03 -0.55537031359519D-03  0.95905680850962D-03
  0.90373602299145D+01 -0.43227516090068D+01  0.13201075222810D+02 -0.51535815641250D-03 -0.29827447755015D-03 -0.11816557358558D-03
  0.97549724819401D+01 -0.31654098082097D+01  0.15808166774521D+02 -0.72266585260437D-04 -0.81035876890788D-03 -0.57349910055522D-03
  0.11572960605277D+02 -0.19417725181892D+01  0.13298813641533D+02 -0.16452589855358D-03 -0.21464323363403D-03 -0.48198425092033D-03
 -0.10045150083780D+02  0.32282816945187D+01  0.59288716433143D+01 -0.34560075088510D-03 -0.46467288350476D-04 -0.58416732935279D-03
 -0.95457462368071D+01  0.36599594787930D+01  0.26039393427364D+01  0.34290600950088D-03  0.71856979969868D-03 -0.53953285623721D-03
 -0.92578738732887D+01  0.61130848289532D+01  0.59741657290541D+01  0.10527142913309D-02 -0.30014412371558D-03  0.10890103663855D-03
 -0.84793226715277D+01  0.69113304694984D+01  0.13786528358827D+02 -0.14259988496417D-04  0.91819413300636D-03  0.16444841909841D-03
 -0.76417221944914D+01  0.94916975863251D+01  0.11672540692375D+02  0.39541614062143D-03 -0.98085623958615D-03  0.53060326345525D-03
 -0.52355755596163D+01  0.77787470679651D+01  0.12861569918190D+02 -0.16433675454948D-02  0.62544754248302D-03 -0.63335595919649D-03
 -0.89640492225199D+00  0.12410060711791D+02 -0.11425535013099D+01  0.37684311498466D-03 -0.18410661514334D-04  0.17149808080386D-03
  0.11999169018605D+01  0.14639137877327D+02 -0.71764509970690D-01 -0.92285851085337D-03 -0.28600331810105D-03 -0.72992822162236D-03
 -0.20872863182276D+01  0.14691573036627D+02  0.14862535874668D+01 -0.61178493495635D-03  0.12663806017080D-03 -0.45612395863426D-04
