 -1.0
 -0.78355981187791D+01 -0.22807776170801D+01 -0.13414264913696D+01 -0.10599776591989D-03  0.14359672452180D-03  0.29180251712544D-04
 -0.56201551932437D+01 -0.35291024111496D+01 -0.55642334591384D+00  0.33208760285999D-03 -0.33710757761424D-04  0.38048587918138D-04
 -0.39739352816260D+01 -0.25092790053419D+01  0.13970913050629D+01 -0.58910072895966D-04 -0.65182376443236D-03  0.26061491249310D-03
 -0.42800087695764D+01  0.20821236557909D+00  0.16751983104443D+01  0.13585132399849D-03  0.39569609914634D-03 -0.24312171087356D-03
 -0.66257445151780D+01  0.13345969645937D+01  0.93777369383788D+00 -0.31791654295961D-03 -0.57691366969857D-04  0.36860562212669D-03
 -0.84948285610059D+01 -0.82268777300746D-01 -0.70377971447635D-01  0.13393326766704D-03  0.17336549826296D-03  0.76426751314934D-03
 -0.18765829268416D+01 -0.36002095117593D+01  0.27360415419313D+01  0.29021265094779D-03 -0.29355395247297D-03  0.17768418473901D-04
  0.49859985348027D-01 -0.20460549546489D+01  0.34605650661557D+01  0.56340392547810D-03  0.40452909310649D-03  0.10143713720386D-03
 -0.53706832752709D+00  0.52757930925005D+00  0.33340041870318D+01 -0.16267850081341D-03 -0.12352955882501D-03 -0.13751173854379D-03
 -0.27984448292727D+01  0.16010442866679D+01  0.29502059270203D+01  0.30888335872259D-03  0.26584914554626D-03 -0.67765956379944D-03
 -0.14502881898511D+01 -0.60857094771082D+01  0.33272307529366D+01  0.63144964048177D-03  0.35686214777363D-03  0.56199357476587D-04
  0.87988978189413D+00 -0.70046239803128D+01  0.40521353639304D+01 -0.53678458710021D-03 -0.44353437563139D-04 -0.32593789962205D-03
  0.26505909795428D+01 -0.54719415930095D+01  0.50096679973967D+01 -0.44979176916537D-03  0.72006625259203D-04  0.25450201042021D-03
  0.24411719108559D+01 -0.30113140754755D+01  0.43293211529287D+01  0.20092905029911D-03  0.48666287286081D-03  0.52318435165441D-03
  0.43060256278363D+01 -0.10635776849635D+01  0.48308284187913D+01  0.35677937421622D-03 -0.28385429825999D-03  0.31361979158590D-03
  0.38936880167524D+01  0.14461437033719D+01  0.44224018276442D+01  0.11927578069588D-03 -0.20883273460741D-04  0.35927289675002D-03
  0.14025905807869D+01  0.21732507892936D+01  0.37264586391502D+01  0.14260650065473D-03  0.10300650333324D-03  0.22521555293001D-04
 -0.34940111402987D+01 -0.78085906737504D+01  0.36275611352738D+01 -0.86359996056076D-05  0.46500281672826D-03  0.55299970176742D-03
 -0.29165495883492D+01 -0.10574144236687D+02  0.39984644921079D+01  0.32883201851626D-04  0.16598427266292D-03  0.61671900494602D-04
 -0.26728217271360D+00 -0.11315867210720D+02  0.39982984704069D+01  0.13266549804072D-03  0.12945922359002D-04 -0.67836439959353D-03
  0.14257464874881D+01 -0.95073789555692D+01  0.45875562421742D+01  0.68267221329318D-03  0.36603610099023D-03 -0.41235599699346D-03
 -0.60115671856461D+01 -0.71538598431444D+01  0.39142924166979D+01 -0.25258020884569D-03 -0.31752638674441D-03  0.75190356354220D-04
 -0.47928910956946D+01 -0.52883830400415D+01 -0.23875437621619D+01 -0.12194898020384D-03  0.16696526309615D-03 -0.17422776441742D-03
 -0.10582878782859D+02  0.15993007458211D+01 -0.13313265566916D+01 -0.61828049164757D-03 -0.63116970944040D-03  0.50981478164807D-04
  0.37125041696017D+00 -0.14186693220378D+02  0.43930046156228D+01 -0.40395614411341D-03 -0.52386382808258D-05 -0.42220783606749D-03
 -0.67796010549833D+01  0.31583524386500D+01  0.13294240107530D+01  0.18194138368912D-03 -0.84217931673948D-03  0.31952441157308D-03
 -0.91896308889131D+01 -0.31384435619076D+01 -0.26052675154212D+01  0.61752004015911D-03  0.18035114706487D-03 -0.12558526928507D-02
  0.90518312356714D+00  0.41381618823252D+01  0.33751694298035D+01  0.65777669486594D-03  0.48371739693531D-03 -0.67610572247274D-03
  0.61512640517009D+01 -0.18990132175931D+01  0.54443254186994D+01  0.50377380910747D-03  0.10309473659580D-02  0.11652627974892D-03
  0.33862461953573D+01 -0.98954424854441D+01  0.49835626781754D+01 -0.38442585439501D-03  0.13155714644460D-03  0.32114169170945D-03
 -0.45474865374639D+01 -0.11667014954341D+02  0.39169585799094D+01  0.53411254136661D-03  0.30217129266510D-05 -0.45239551576495D-03
 -0.98902792681588D+01  0.33492943802817D+01 -0.25138795516909D+01  0.30357790109096D-03  0.14822530158904D-04  0.54878942926434D-03
 -0.12735230639788D+02  0.68569103875877D+00 -0.92957380529953D+00 -0.44311649770237D-03  0.33817475482679D-03  0.41527555386628D-03
 -0.14199188617257D+02  0.19272421672198D+01 -0.28497996497522D+01 -0.76654770078024D-03 -0.97183146118603D-04 -0.86264304381245D-05
  0.58233914688187D+01  0.36819888635507D+01  0.42767654804645D+01 -0.10166657156860D-03 -0.57919550090605D-03  0.20851950899398D-03
  0.81032735572226D+01  0.32901232530903D+01  0.46314879422076D+01  0.15008185745035D-04  0.11613745031025D-03 -0.49856664769858D-03
  0.47051721479239D+01  0.60170494573463D+01  0.38799483599602D+01 -0.30606246571683D-03  0.11832605071071D-03  0.37530759317634D-03
  0.61211237519980D+01  0.79244645334179D+01  0.46094334434750D+01 -0.67147066419964D-04  0.32009757836603D-03 -0.72529773597366D-03
 -0.85430652327868D+00 -0.15437701457550D+02  0.57177155374114D+01 -0.14056759181047D-04  0.20223525154172D-04  0.48816142763887D-04
  0.25214568220585D+01 -0.15000685932267D+02  0.28943075064791D+01 -0.21722095221509D-03 -0.19922668170909D-03  0.31142347406020D-03
  0.27420300775723D+01 -0.17532163405548D+02  0.34949121949297D+01 -0.35421912685967D-03 -0.21068145919138D-03  0.45631945601518D-03
 -0.67952182975549D+01 -0.59979869065128D+01  0.62082152547828D+01 -0.22491165044430D-03 -0.15579414054644D-03  0.14978326064891D-04
 -0.22150152456447D+01 -0.55890167970075D+01 -0.28512800970727D+01 -0.48886311919400D-03  0.26297007212943D-03 -0.58142600857803D-03
  0.42739619340980D+01 -0.18286866754595D+02  0.21212141480989D+01 -0.54403459148720D-03 -0.60849020558266D-04  0.84609262195322D-03
  0.12225661884256D+01 -0.18664013217743D+02  0.29094083407233D+01  0.11010267098757D-02  0.91346306157508D-04  0.40711636307553D-04
  0.31557896621706D+01 -0.17687658122736D+02  0.56541889425021D+01  0.46361163603013D-03  0.33923695523918D-03 -0.37736299815846D-03
  0.59390969300006D+01  0.78126251703076D+01  0.67746712595336D+01  0.41420754000851D-03  0.28094135313442D-03  0.10402795315844D-03
  0.57460237160248D+01  0.99489727312953D+01  0.37505441951754D+01  0.72997687867156D-03 -0.93283062827927D-03  0.78009111841268D-03
  0.82876596523298D+01  0.77305303835785D+01  0.45096599531848D+01 -0.29989363389618D-03  0.31087685722027D-03 -0.52217672971158D-03
 -0.16583670938865D+01 -0.73873641323914D+01 -0.21937866430054D+01 -0.33711719109889D-03 -0.24923100825618D-03  0.53565775884147D-04
 -0.81329370101213D+00 -0.43905916910100D+01 -0.18897684727757D+01  0.42087304287216D-03  0.51256459479842D-03  0.16005450399996D-03
 -0.19951934690860D+01 -0.56083635264783D+01 -0.49172430878557D+01  0.98911426107420D-03 -0.61900168859520D-03  0.49945836718811D-03
 -0.49813246331065D+01 -0.56168723656237D+01  0.71027380006230D+01 -0.67952774561990D-03 -0.30570153017481D-03  0.32525679071528D-03
 -0.82216650778517D+01 -0.72506933840560D+01  0.73464232789824D+01 -0.55411604892572D-03 -0.45630572354060D-03  0.20881527119596D-03
 -0.78954368711395D+01 -0.42770372230531D+01  0.56023389147140D+01 -0.58937093939679D-03  0.82399458532697D-03  0.88885853683117D-03
 -0.16162976321424D+02  0.10248803958433D+01 -0.25936827839098D+01 -0.22205846808279D-03 -0.54348307902265D-03  0.34779953565742D-03
 -0.13117203269863D+02  0.15884205540699D+01 -0.46837122003982D+01 -0.47269539219606D-03 -0.37609071703826D-03 -0.12424153902716D-02
 -0.14547155307047D+02  0.39188845881802D+01 -0.25546622547798D+01 -0.12466232945896D-03  0.34096213322982D-03 -0.11558110143388D-02
 -0.48603909335352D-01  0.10535937215840D+02  0.97983207554076D+01  0.29834395553235D-03 -0.32160893502894D-03 -0.27087913170262D-04
 -0.11290471766083D+01  0.83426722753053D+01  0.90083160167011D+01  0.65546720055477D-03 -0.17466158188726D-03 -0.14739013866020D-03
 -0.77246451555853D+00  0.62008823523283D+01  0.10605567209548D+02 -0.95271411438517D-04  0.34667517340089D-04 -0.80712190823623D-04
  0.38581146924510D+00  0.68100488328768D+01  0.12892508978941D+02 -0.51669810800543D-03  0.45526955899218D-03  0.56707034575411D-03
  0.72794958134136D+00  0.93743473103512D+01  0.13946794762443D+02  0.55972241040672D-03  0.22512449788567D-03 -0.13782084535711D-03
  0.48397141779402D+00  0.11332906088068D+02  0.12286684721313D+02  0.25750158961182D-03 -0.11923362437530D-03  0.16227489288897D-03
 -0.16361584062788D+01  0.37548392577469D+01  0.99450020054215D+01  0.60040677699065D-03 -0.38921441827203D-03 -0.22574319759260D-03
 -0.70536747751992D+00  0.20367894847592D+01  0.11617649433389D+02 -0.14166111913059D-03 -0.32382336902142D-03 -0.56493457173086D-03
  0.10330282270060D+01  0.26902958344367D+01  0.13453589175360D+02 -0.30649140842415D-03  0.33469465261488D-03 -0.89437069798979D-04
  0.11336180624541D+01  0.49512028011684D+01  0.14515634595699D+02  0.12243134020932D-03  0.16853324899580D-03 -0.17891355286335D-04
 -0.40909325967244D+01  0.30893074757418D+01  0.87713656388528D+01 -0.30398147278258D-03 -0.39077014488104D-03 -0.31791133191002D-03
 -0.49464011290274D+01  0.38766250305233D+00  0.91384643020669D+01 -0.21732906059494D-03  0.31159592655797D-03 -0.64268743514075D-04
 -0.30988712483138D+01 -0.13246814993125D+01  0.97453848195825D+01 -0.49668856833789D-03  0.12978613090876D-03  0.30698575997440D-04
 -0.11737354515979D+01 -0.40442398429416D+00  0.11113802792691D+02 -0.52388959148057D-04  0.51907872511262D-03  0.25251267533679D-03
  0.10176208268203D+01 -0.21986524680731D+01  0.11246723807716D+02 -0.55185315890402D-04 -0.46622527198126D-03  0.11364010779752D-03
  0.28632926573751D+01 -0.15321123145551D+01  0.12677731020717D+02 -0.67264937057841D-04  0.38151836345095D-03  0.16270635414592D-03
  0.28223612897757D+01  0.58722916881540D+00  0.13970653647391D+02 -0.19045834795687D-03 -0.32513251302054D-03 -0.39087253722496D-03
 -0.62794758869431D+01  0.47290438596618D+01  0.87184908476905D+01  0.23251293573171D-03  0.18988615716935D-03 -0.22969321506692D-03
 -0.84271771355723D+01  0.37940829348134D+01  0.73283388866881D+01 -0.13358450273544D-03  0.58240365968181D-03 -0.58568407588397D-04
 -0.89139912556326D+01  0.13916361053772D+01  0.74403626314907D+01  0.44296541083319D-03  0.63383658078354D-04  0.36228371756172D-03
 -0.72521173643310D+01 -0.56358420166306D+00  0.83400581908273D+01  0.58842403745934D-03 -0.34890255633911D-03 -0.47153446214817D-03
 -0.60354119832709D+01  0.70705947986670D+01  0.99441093961090D+01 -0.20999538201721D-03  0.98291069068749D-04 -0.17529396418099D-03
 -0.25200968499668D+01  0.79556361485308D+01  0.66626552524940D+01  0.99156329924828D-04 -0.27567699290518D-04 -0.54862513989228D-03
  0.83185097846840D+00  0.14031321381184D+02  0.13083075652016D+02 -0.85962918100305D-04 -0.19165808877515D-03  0.52750813632726D-03
 -0.11231123021042D+02  0.19387541390367D+00  0.62413247239380D+01 -0.38121541399209D-03 -0.17606634333910D-03  0.13268524482625D-04
  0.16800125215669D+01  0.96837499116122D+01  0.15785127090417D+02 -0.84044061277123D-03 -0.47336582061310D-03  0.41308202279756D-03
 -0.33343686104585D+00  0.12150936977497D+02  0.87276626464990D+01 -0.11086307020745D-03  0.60973459867331D-03  0.99078528379107D-03
  0.43017918317458D+01  0.10057017007926D+01  0.15414343539022D+02 -0.39198655656840D-03  0.59167137774999D-03  0.18846162141745D-03
  0.79512038075784D+00 -0.38264248958601D+01  0.10031662943301D+02  0.34205677826149D-03  0.17114467989269D-03 -0.43479048730633D-03
 -0.76395822534569D+01 -0.22464323969232D+01  0.93030111204520D+01  0.11701632649250D-02  0.30053346826112D-03 -0.34602974655951D-03
 -0.97009676465881D+01  0.51488049015435D+01  0.66368378219413D+01  0.16330346220966D-03  0.14483507070216D-03 -0.72267594641394D-04
 -0.82070562703514D-01  0.15791339775687D+02  0.11695788823981D+02  0.38736813495423D-03 -0.44282765822509D-03  0.44805699349422D-05
  0.16146981812448D+01  0.14730241527976D+02  0.15369934992552D+02 -0.47103040078998D-03 -0.23854929974194D-03 -0.19839802025115D-03
  0.13176214799198D+01  0.17294040331812D+02  0.16136462046334D+02  0.26290155438748D-04  0.85749826011949D-05 -0.81401380054812D-05
  0.50721416915932D+01 -0.35572194008245D+01  0.12635717878583D+02  0.62910634582001D-03 -0.80544517277180D-03  0.16574416356834D-06
  0.68219951690794D+01 -0.33591668518977D+01  0.14277083914165D+02  0.72965392461890D-04  0.45431507033297D-03 -0.24793994007956D-03
  0.44726480429396D+01 -0.52077852773663D+01  0.10745771028594D+02  0.62691150525603D-04 -0.68657332601627D-03  0.12288974925652D-03
  0.61979930303844D+01 -0.71008930191110D+01  0.10663245186296D+02  0.12528502082429D-03  0.32348209361457D-03 -0.14761965075030D-03
 -0.11619113246309D+02 -0.18596122272682D+01  0.67580648151707D+01 -0.36539643740477D-03 -0.14627980654928D-03 -0.52762540736988D-04
 -0.12531731749214D+02  0.18859745757339D+01  0.51696347174293D+01  0.52414131720712D-04  0.20895267404424D-03 -0.28215623035786D-03
 -0.14964852564756D+02  0.75389303337980D+00  0.42657448392301D+01 -0.17713093276935D-03 -0.19882021417488D-03 -0.35949315755783D-03
 -0.86835433340699D+01  0.81528610978681D+01  0.10313364208999D+02 -0.64726882748970D-03  0.91419711803515D-04  0.76899722821862D-04
 -0.23765594855091D+01  0.10053714399599D+02  0.49848164326805D+01  0.44773341917278D-03 -0.60666061015101D-03 -0.31998164968032D-03
 -0.16486679926392D+02  0.20192447018692D+01  0.41900908089376D+01  0.52978981022386D-03 -0.36802325890119D-03 -0.57305418668992D-04
 -0.14839873533818D+02 -0.11746045220630D+01  0.51230568437312D+01 -0.51006460349631D-03  0.71614866668975D-04  0.52131702380822D-03
 -0.14353569231462D+02  0.53705082989848D+00  0.22530137876008D+01  0.58429871725495D-03 -0.89359063078788D-04  0.39216048079781D-04
  0.58355304936646D+01 -0.78433824733233D+01  0.87577070383997D+01  0.48971291507336D-03  0.34172726051080D-03 -0.24537844717699D-03
  0.58963174638991D+01 -0.80187412670924D+01  0.12396963486212D+02 -0.79945909402661D-03  0.40992000615881D-03  0.68604445226929D-03
  0.78533539374662D+01 -0.60562518980082D+01  0.10480352236698D+02  0.26377557573873D-03  0.10352816849789D-02  0.47986025595748D-03
 -0.23101748675036D+01  0.11943696382011D+02  0.58099904866386D+01 -0.21173034762726D-03 -0.66744626710170D-03  0.47778972692905D-03
 -0.35640994638363D+01  0.97562160632741D+01  0.35478857913499D+01  0.43095173135582D-03 -0.94832725933392D-03  0.11513049597959D-02
 -0.24312893158191D+00  0.10018118880428D+02  0.45101200899199D+01  0.41510718891469D-03  0.64360093045570D-03  0.17448357135888D-03
 -0.81883849337502D+01  0.99299328270815D+01  0.11371221857879D+02 -0.85960974925042D-03  0.21605595651879D-03  0.57146562976891D-03
 -0.98853993496385D+01  0.69746420407730D+01  0.11350045277250D+02  0.17053321912979D-02  0.28746520995166D-03  0.59820407362561D-04
 -0.90894962554602D+01  0.82911244454025D+01  0.82379746982238D+01  0.65028889038615D-03 -0.35984451146206D-03 -0.72555216278905D-03
  0.22137782834526D+01  0.18588761882767D+02  0.14877995997511D+02 -0.10420112538348D-02  0.13687468344804D-03 -0.14046002971717D-03
  0.18697168943618D+01  0.17800205599317D+02  0.18206025816103D+02 -0.21341724621031D-03 -0.20157133828730D-03  0.12020514153452D-02
 -0.57452676429271D+00  0.18066461185878D+02  0.16391176743622D+02  0.17234223978741D-03  0.41461662491413D-03  0.49095285269797D-03
