 -1.0
 -0.50625449997894D+01  0.95249838498154D+00  0.36569006549461D+00  0.27652220864710D-03 -0.12132706671285D-03 -0.12294034908049D-03
 -0.29332706097132D+01 -0.61447761304590D+00  0.11552195631270D+01  0.65655066981186D-03  0.24504451178591D-04  0.14730474437892D-03
 -0.74737222027938D+00  0.71063326269249D+00  0.18674480618152D+01  0.89042650952151D-04 -0.50565357755587D-04 -0.35193671604868D-03
 -0.27388249439327D+00  0.31619299438717D+01  0.67308378371619D+00  0.32567579101515D-03  0.50408613676148D-03  0.97113026676506D-04
 -0.23830323238934D+01  0.42042275820850D+01 -0.87690426891851D+00  0.43377508953638D-04  0.77997294608268D-04  0.17197561796591D-03
 -0.46390689787590D+01  0.31120775766475D+01 -0.88522156400728D+00 -0.30539380649625D-03 -0.25672484576148D-03  0.33785340306765D-03
  0.12614311937755D+01 -0.67901535677274D+00  0.32709954317060D+01 -0.28668581648405D-03  0.66185559117231D-04 -0.42147659076549D-03
  0.36766403132208D+01  0.36470236544880D+00  0.27012163815439D+01 -0.27517541617264D-03  0.10969368386545D-03  0.90742793399463D-04
  0.39047650636035D+01  0.26433318064399D+01  0.11409906475139D+01 -0.25861599988408D-03 -0.20627741392677D-03 -0.10364420071077D-03
  0.20478855395192D+01  0.39456327985417D+01 -0.13469192738043D+00  0.18664735123150D-03  0.55263361641338D-03 -0.58605310435001D-04
  0.84992658857909D+00 -0.25112713611287D+01  0.51773306319266D+01  0.32666086511105D-03  0.85708298408604D-04 -0.64906937480136D-03
  0.29759061302245D+01 -0.41061588141965D+01  0.55231886527488D+01 -0.19126465722966D-03 -0.41655172311038D-05 -0.73648700562501D-03
  0.54040038421472D+01 -0.32208540375738D+01  0.51237491201193D+01  0.30254905661854D-03 -0.48395801489214D-04  0.28161880379051D-03
  0.57631998639445D+01 -0.91894751781763D+00  0.38221309256574D+01 -0.21043578385393D-05 -0.32741176620228D-03 -0.20290099797014D-04
  0.79466303846794D+01  0.39582134374100D+00  0.40652702378423D+01 -0.11278724353131D-02  0.36282614734559D-04 -0.52650761044180D-03
  0.83501985299477D+01  0.26059285300110D+01  0.27091793914029D+01 -0.17963919533777D-03 -0.52749843627618D-03  0.23319384867678D-04
  0.63021170901444D+01  0.37367182952352D+01  0.12048483179255D+01  0.16745194913110D-03  0.10348110439813D-03  0.38684573530329D-03
 -0.15379179726183D+01 -0.32288591859400D+01  0.62893279797991D+01  0.45066878952550D-03  0.16216828662854D-03  0.18875778405658D-03
 -0.19474950680552D+01 -0.55329847051593D+01  0.74881248576706D+01 -0.46284209141756D-03 -0.45578798727932D-03 -0.47782612120034D-03
  0.13904682763175D+00 -0.70783050129654D+01  0.78274912337288D+01 -0.66638630343754D-03  0.36250522916579D-03  0.73799204672014D-03
  0.26451963037936D+01 -0.63940593149053D+01  0.68379156217922D+01  0.45459301666989D-04  0.86999688124430D-03  0.11434608190414D-03
 -0.35971658385971D+01 -0.17722135158715D+01  0.58640007196108D+01  0.84735292272403D-04 -0.13001929127609D-03 -0.23171887222017D-03
 -0.29706758099457D+01 -0.31046945774005D+01  0.12462900623961D+01 -0.78845505211304D-04  0.22349096829110D-03 -0.39062019428554D-04
 -0.67423390930923D+01  0.47145326697951D+01 -0.18671086657190D+01 -0.92172794931713D-04 -0.22525975779014D-03  0.46641744632898D-03
 -0.25328959026458D+00 -0.94489306889343D+01  0.92453793538321D+01  0.42004804715950D-03 -0.17519095743171D-03  0.34777279401983D-03
 -0.20856125610130D+01  0.61746628686110D+01 -0.16254368685177D+01 -0.31901746005534D-03  0.66535007455781D-03 -0.38161747522445D-03
 -0.68539409668755D+01  0.24597590367666D+00  0.79628834671138D-01  0.40296926167385D-03 -0.13484459381596D-02 -0.55969661617334D-03
  0.70626978521584D+01  0.51893885139203D+01 -0.15872669263513D+00  0.51622436164398D-03  0.79102681045953D-03 -0.82451605147603D-03
  0.95724971049388D+01 -0.57379709933181D+00  0.50707578668183D+01 -0.18141036994628D-03  0.38647589557753D-03  0.32616449965813D-03
  0.38678352331877D+01 -0.79603852549079D+01  0.70165900141239D+01 -0.15598485027015D-03  0.55992328029052D-03  0.29743239440198D-03
 -0.36296517811451D+01 -0.57617965989573D+01  0.88438274242128D+01 -0.67262511360111D-03 -0.10242904228411D-03 -0.34600754243388D-03
 -0.89331062257322D+01  0.39346267672081D+01 -0.20912763216582D+01  0.12718657140925D-03 -0.13250082964592D-03 -0.18893430243350D-04
 -0.62563890528767D+01  0.71127619490757D+01 -0.25652951293511D+01 -0.29374989010208D-05 -0.14021607797531D-03 -0.51925318615193D-03
 -0.86395749801229D+01  0.84179599613104D+01 -0.27846824994132D+01  0.14559106584520D-03  0.48390130106008D-03 -0.32746894736916D-03
  0.10982650786103D+02  0.36458839302461D+01  0.22697151397910D+01 -0.53068998876585D-03 -0.50369116777856D-04  0.49927229449665D-03
  0.12872823217811D+02  0.28892199766681D+01  0.33009608186014D+01  0.13451076863584D-03  0.24403959371663D-04 -0.74922291534082D-03
  0.11395627739907D+02  0.58760238355635D+01  0.72742328210989D+00  0.18398927436525D-03 -0.34844141291521D-03 -0.12779462971421D-03
  0.10793629928814D+02  0.79974526901684D+01  0.23259161435580D+01 -0.21358768849161D-03  0.29690077333323D-03  0.21706525035027D-03
 -0.19115642096231D+01 -0.94832488552192D+01  0.10804348380371D+02 -0.68964054328201D-04 -0.20267853596530D-03  0.50443369055333D-03
  0.10801328465805D+01 -0.11752296277184D+02  0.85410883260311D+01  0.56118457673686D-03 -0.27408568282625D-03  0.51973469482165D-04
 -0.36556343694779D+00 -0.14024938300590D+02  0.86852681557311D+01  0.20534538948014D-03 -0.44502113391451D-03  0.57313181110681D-03
 -0.59246074144750D+01 -0.29012141744403D+01  0.60276335705743D+01 -0.11959863918239D-03  0.20480467983711D-03 -0.11082430843702D-03
 -0.49648248655002D+01 -0.38079758475750D+01 -0.36762697886517D+00 -0.24748881170988D-03 -0.23949978020989D-05  0.80828038942645D-04
 -0.20773711922744D+01 -0.13649057655592D+02  0.99585421711829D+01 -0.74926806431142D-03  0.33287716749323D-03 -0.16791216085783D-03
  0.62187476087559D+00 -0.15422540043175D+02  0.99058893419464D+01 -0.26394334919831D-03  0.19406147782249D-03  0.76314285884709D-03
 -0.51606182563624D+00 -0.14870881306852D+02  0.67881700448409D+01  0.42725181430931D-03  0.76788719544280D-03 -0.32247036488322D-03
  0.11655424478458D+02  0.97640368321920D+01  0.14783830289284D+01 -0.11042649487632D-03 -0.64538930653047D-03  0.40825319725321D-03
  0.11646313030752D+02  0.77539404834761D+01  0.40547426643375D+01 -0.34029847321277D-03  0.44696585574232D-03 -0.14189579643215D-03
  0.89402521230568D+01  0.84064833948009D+01  0.22988268559716D+01  0.47444617554806D-03 -0.96680525150660D-04 -0.16777191340660D-03
 -0.43752150865043D+01 -0.57246880464141D+01 -0.14574156847456D+01  0.52147821035099D-03 -0.19439657681865D-03 -0.69528305091403D-04
 -0.54010536104647D+01 -0.24793208440710D+01 -0.19379646318965D+01  0.43903559888365D-03 -0.33897680603427D-03 -0.44132299853561D-03
 -0.68839619959560D+01 -0.42457043852586D+01  0.58648363000992D+00  0.52960294251380D-03  0.14439034775572D-02  0.51148291486727D-03
 -0.59161645617178D+01 -0.34030179905016D+01  0.78826164585150D+01 -0.44922893982534D-03 -0.60249498294829D-05  0.32475486218013D-03
 -0.62551788828978D+01 -0.43526197604961D+01  0.47137890577614D+01 -0.30531211846914D-04  0.10961731140291D-02  0.50274487172579D-03
 -0.74385075792140D+01 -0.16167331822466D+01  0.58050730951232D+01  0.96321492036043D-04  0.44903199070661D-03 -0.36179020612892D-03
 -0.95658462832455D+01  0.72000446283109D+01 -0.40021081484225D+01  0.32434441941560D-03  0.42408535485793D-03 -0.49868727703201D-03
 -0.83015985147877D+01  0.10005675061187D+02 -0.40106164694537D+01  0.13471225145442D-03 -0.61454837024094D-03 -0.65765000660265D-03
 -0.93355758749063D+01  0.84347784665412D+01 -0.80192664721748D+00  0.28773453589428D-03 -0.48445315477514D-04 -0.14954970309064D-03
 -0.59003865990970D+01  0.68082648353873D+01  0.52533082108621D+01 -0.17958517891790D-03  0.38992050795275D-03  0.39682951876260D-03
 -0.62525350054282D+01  0.45059192981322D+01  0.66627954300143D+01  0.16175686287035D-03 -0.57132633597056D-04  0.69185165040631D-03
 -0.42348792068229D+01  0.35845600132238D+01  0.81404831079365D+01  0.75359439923619D-04  0.22683174767528D-03  0.13601742904859D-03
 -0.16997431983157D+01  0.44082973228408D+01  0.78848785476378D+01  0.88294713901474D-04 -0.69295053585173D-04  0.39013364787124D-03
 -0.13923793749308D+01  0.66817208065244D+01  0.66914341857861D+01  0.28089262215241D-03  0.34451119683511D-04 -0.15386723275696D-03
 -0.34798889399291D+01  0.79141703521759D+01  0.56580258559203D+01  0.24714068216295D-03 -0.15128824098895D-04  0.18747106518473D-03
 -0.44290976749023D+01  0.15805953352058D+01  0.98269034187372D+01 -0.15201180404568D-03  0.41547022177829D-04 -0.30100828173021D-03
 -0.22450302933840D+01  0.49292588223972D+00  0.10771618768120D+02  0.17185787258557D-03  0.24497271423362D-03 -0.31422331720278D-03
  0.17848505204682D+00  0.16099141904281D+01  0.10508788007520D+02 -0.20822231116194D-03 -0.45930635371511D-03 -0.24252208731505D-03
  0.43742234196396D+00  0.35480050537324D+01  0.90624992069521D+01 -0.27586128083838D-03  0.28492895930612D-03 -0.12426841971937D-03
 -0.67557432059955D+01  0.31268937339918D+00  0.10815896916353D+02  0.58558485571017D-04 -0.39138048300345D-03  0.42061976088248D-03
 -0.66708035840656D+01 -0.22996441364272D+01  0.11629519793686D+02 -0.56128969112964D-03  0.26970711386756D-03  0.14199661821189D-03
 -0.45496202482114D+01 -0.34807624035851D+01  0.12207602051222D+02  0.23034592026755D-03  0.23839876262217D-04  0.82671002048898D-04
 -0.25884649461621D+01 -0.18750634515442D+01  0.12259091723566D+02 -0.26315263938700D-03 -0.75492485836019D-04  0.23426332557392D-03
 -0.25188830823920D+00 -0.27475037716194D+01  0.13320467205289D+02  0.32975463983947D-03 -0.26558145030041D-03 -0.63608407729480D-03
  0.20365759192389D+01 -0.14186905822418D+01  0.13139145852841D+02 -0.30337494617894D-03  0.13350415565689D-03  0.17517697748928D-03
  0.23222258144581D+01  0.74848949038647D+00  0.11695893630194D+02  0.22307300130914D-03  0.34935056072530D-03  0.36287291001699D-03
 -0.91462497556836D+01  0.17537128349221D+01  0.11385926771298D+02 -0.15798291428563D-04  0.59041992102461D-04 -0.37943219750888D-03
 -0.11270521064272D+02  0.23994914552738D+00  0.11751766309936D+02 -0.63037362003230D-03  0.12940094775894D-03  0.27582471081403D-03
 -0.11357517125374D+02 -0.24017740914304D+01  0.11702635216109D+02  0.73330702937713D-04  0.67466055141248D-03 -0.51032830087062D-03
 -0.89833035125798D+01 -0.38052085602179D+01  0.11609829322897D+02 -0.12361949169449D-03  0.31123139902736D-03 -0.55496826742604D-04
 -0.94195164347709D+01  0.44357596667059D+01  0.11467388872033D+02  0.32815460716075D-03 -0.22763684855742D-03  0.10735689096393D-03
 -0.84695502844795D+01  0.31139311998794D+01  0.65560183898875D+01 -0.95862457709377D-04 -0.10707470620187D-03 -0.66154676194043D-03
 -0.28738750110767D+01  0.10208826362967D+02  0.43357461800857D+01  0.12510772841210D-03 -0.26166414300514D-03  0.20791832544957D-03
 -0.13971002745136D+02 -0.38139521165921D+01  0.11342382257456D+02  0.96216758596484D-04 -0.13981189144185D-03  0.65903182688100D-04
  0.60375514346973D+00  0.75341969844200D+01  0.68900534096349D+01  0.22844658857443D-03 -0.19539987932056D-03  0.42089450585571D-03
 -0.74346017035875D+01  0.71504496121719D+01  0.38260537475616D+01 -0.76172939329814D-04 -0.39583280596934D-03  0.12797378799693D-03
  0.42059466190350D+01  0.11410896370636D+01  0.10928628738426D+02 -0.30997427540596D-03 -0.25457377928225D-03  0.26869258957648D-03
 -0.21911299624170D+00 -0.45634704236517D+01  0.13948901702182D+02  0.70263471856787D-03  0.52994336097809D-03 -0.34483490374680D-03
 -0.88151243336409D+01 -0.57752185979859D+01  0.11315677097091D+02  0.70976237085321D-03 -0.21859279857741D-04 -0.55564122769251D-03
 -0.12857525579588D+02  0.12680188748039D+01  0.12384419113550D+02  0.63801271454120D-05  0.92783632489390D-03  0.27768361293038D-03
 -0.13975545063700D+01  0.11696027878240D+02  0.53566451882247D+01 -0.18271791718613D-04 -0.12833930483733D-03 -0.18787349868792D-03
 -0.39302490918883D+01  0.10506945303086D+02  0.20861023850121D+01 -0.37098303825725D-03 -0.42873464323850D-03  0.16019204855566D-03
 -0.28707038542792D+01  0.12647575209153D+02  0.27820662889036D+00  0.23411556599658D-03 -0.16842821693186D-03  0.35037057584870D-03
  0.42793171405611D+01 -0.29552268984666D+01  0.13993278438448D+02 -0.77796385836750D-05 -0.52768764670118D-03  0.78226624390299D-03
  0.62870085954744D+01 -0.22266478133196D+01  0.13196665609523D+02  0.12359339536638D-03  0.17419518708068D-03 -0.41086309747798D-03
  0.39656491136511D+01 -0.54844897945142D+01  0.14867750811571D+02 -0.47494848036270D-03 -0.38724920822588D-03  0.18130044073097D-04
  0.62459985166460D+01 -0.69120084103605D+01  0.15061782105846D+02 -0.19057890906036D-03 -0.26998513786903D-03 -0.30759845259933D-03
 -0.15929337683741D+02 -0.30576513490096D+01  0.12265046425097D+02  0.35706096942651D-03 -0.10603136876736D-03  0.56224996106115D-03
 -0.14089707979381D+02 -0.58345746019157D+01  0.97500903722266D+01  0.15530159618895D-03 -0.32086289422839D-03 -0.68268778086932D-04
 -0.16140089045395D+02 -0.74465217002936D+01  0.98643531319907D+01 -0.81801183987624D-04 -0.11201148851975D-03 -0.14650611354254D-03
 -0.74561646993112D+01  0.58784286310947D+01  0.12469341365228D+02  0.66313305777674D-04  0.21184527882789D-03  0.19746572667605D-03
 -0.10640094466154D+02  0.40784025358312D+01  0.55591145472966D+01 -0.24823138948486D-03 -0.21879870873307D-03 -0.32182059923023D-03
 -0.17245753800826D+02 -0.66956438537193D+01  0.11277146787690D+02 -0.73810691312132D-03  0.43613348371296D-03 -0.44871598967168D-03
 -0.15981677009913D+02 -0.92962891933336D+01  0.98682098947206D+01  0.23819426536139D-03  0.37491219017973D-03 -0.28637709902099D-05
 -0.16795988840875D+02 -0.69717512907269D+01  0.79850464732177D+01  0.15368110156732D-02  0.31287444247883D-03 -0.67093194993267D-03
  0.74491096132915D+01 -0.56194401914369D+01  0.16076907041805D+02  0.46802299079025D-03 -0.13163898965627D-02 -0.83764600783363D-04
  0.66917912485995D+01 -0.82472827537723D+01  0.13525747553077D+02 -0.82658725505740D-03  0.67764124177393D-03  0.15859806264650D-03
  0.54860229869980D+01 -0.83441442229730D+01  0.16429507178944D+02  0.60674133487517D-03 -0.17635664263583D-03  0.83096973588502D-03
 -0.12321831989932D+02  0.32044741398519D+01  0.60889646928828D+01 -0.18724742600223D-03 -0.85355679486095D-03 -0.73026065150482D-03
 -0.10931096687456D+02  0.47800406773608D+01  0.35845614529496D+01 -0.83685213836946D-03  0.18587133736031D-03  0.65333397758549D-03
 -0.10700607843216D+02  0.58765171148245D+01  0.64989797390677D+01  0.61763201584830D-03 -0.77150172279768D-03  0.46313133038916D-03
 -0.58930532000557D+01  0.46298933521566D+01  0.12459562995880D+02  0.68172420792207D-03 -0.62588671938722D-03 -0.49197486828192D-03
 -0.77954147178135D+01  0.61590191123993D+01  0.14490569098562D+02 -0.26307607004638D-04  0.25682818128561D-03  0.64199967359397D-03
 -0.69126589700557D+01  0.76774312967716D+01  0.11671010919453D+02 -0.23777736962573D-03  0.48718121804327D-04  0.43412062363244D-03
 -0.14716320829380D+01  0.13837986749863D+02  0.12653181861767D+01 -0.59195237029516D-03  0.53870492202537D-03 -0.63183357956543D-03
 -0.44199099178525D+01  0.14000863561215D+02 -0.97141595865618D-01  0.10747729337126D-03  0.83799745171339D-03  0.11842642753094D-02
 -0.22110546245017D+01  0.12215999909717D+02 -0.15979276727552D+01 -0.65700701214575D-03  0.76481728698686D-03 -0.58645906869956D-03
