 -1.0
 -0.24459476581015D+01 -0.97982320264781D+00 -0.13810741110041D+01  0.29111457302023D-03  0.81035292073496D-04  0.56249151287339D-04
 -0.29457296828961D+01  0.96490413834427D+00  0.34026913610026D+00 -0.28208486003174D-03  0.45461369865561D-03 -0.19249021819702D-03
 -0.91471398344992D+00  0.17549710780447D+01  0.20077750270213D+01  0.25130737440454D-03 -0.19526224275649D-03 -0.10663896882468D-03
  0.11805260292196D+01  0.68958704712936D-01  0.23644991995492D+01  0.86279678959192D-05 -0.70248522034689D-03  0.10010027524340D-04
  0.14933354980557D+01 -0.18170088318451D+01  0.59093704176842D+00  0.24493117751624D-04  0.65896428852376D-04 -0.26364418174081D-03
 -0.67234127449834D-01 -0.22889976753496D+01 -0.13815383788088D+01 -0.27679261630648D-03 -0.10849591599843D-04 -0.57995497355928D-03
 -0.93965967092114D+00  0.38423272072331D+01  0.38181980777787D+01 -0.16764656907432D-03  0.35843514267743D-03  0.54355399252301D-03
  0.57370727345812D+00  0.35785510475250D+01  0.59804719724753D+01  0.21416583528929D-03  0.21736208783524D-03 -0.13220593860787D-03
  0.23838280648993D+01  0.16455271697654D+01  0.62582406196565D+01 -0.29064444300632D-03  0.69173799697850D-04 -0.14407705038013D-04
  0.27781550526709D+01 -0.86741069375899D-01  0.43464232392100D+01  0.96974009765002D-04 -0.43244257895244D-03 -0.17813955221368D-03
 -0.20546759772676D+01  0.62503447642570D+01  0.35783620850845D+01  0.17642923206367D-03  0.63102085672004D-04 -0.30686223606972D-03
 -0.23877902432138D+01  0.78986199555684D+01  0.56923323195597D+01 -0.18683314882968D-03  0.18841516211273D-03  0.69738121054011D-04
 -0.13805838603951D+01  0.72377392039404D+01  0.80558445524220D+01 -0.15553816121200D-03 -0.83514446087424D-05  0.26547627787556D-03
  0.34557136500592D+00  0.53294312241114D+01  0.80715176448387D+01 -0.27457043235060D-03 -0.13069840981725D-03  0.14380696017628D-03
  0.18473934648102D+01  0.51055678388623D+01  0.10225475464766D+02 -0.79495271799379D-04  0.29862458873328D-03 -0.18865430529088D-03
  0.36509682020039D+01  0.32859827294641D+01  0.10459930103034D+02  0.41497200812612D-04  0.36507218574069D-03  0.47242979143272D-04
  0.37762847207104D+01  0.14798546772779D+01  0.84953020357812D+01 -0.47357987967173D-03 -0.10729825652967D-03  0.40884390823318D-03
 -0.29235355013352D+01  0.70396341433410D+01  0.10729592931682D+01  0.22681927812965D-03  0.47251931290730D-04  0.18011314538983D-03
 -0.44485300899460D+01  0.91951376157557D+01  0.12171061896135D+01 -0.35618985113247D-03 -0.10670323837789D-03  0.10299586889109D-03
 -0.51974694929400D+01  0.10464973633206D+02  0.33612719815128D+01 -0.20688666731575D-03 -0.15490527810898D-03  0.27035151451521D-03
 -0.41365480180114D+01  0.98027834698231D+01  0.56587778820498D+01  0.25422305597473D-03  0.46751562894638D-04  0.49584973563733D-03
 -0.21938875647200D+01  0.56023015858677D+01 -0.96832564276189D+00 -0.93929984834945D-04 -0.53325303928863D-04  0.31237647756773D-03
 -0.53367418395091D+01  0.20911967862002D+01  0.46269630473679D+00  0.92987792285755D-04 -0.11285272369436D-03  0.15302074890699D-03
  0.63467718577248D+00 -0.43689603667393D+01 -0.32125027321850D+01  0.21750727880356D-03 -0.77855852011936D-03  0.21476766566483D-03
 -0.70938512465537D+01  0.12576540994415D+02  0.31375473740587D+01  0.44679714662659D-03  0.33761261806048D-03 -0.71040367569101D-04
  0.30473619336470D+01 -0.32528940728702D+01  0.54398697532532D+00  0.48445827402592D-03  0.42718960453051D-05  0.48012519531587D-03
 -0.37954666002270D+01 -0.16337734989816D+01 -0.27742937718656D+01 -0.20833380121792D-03  0.24929313107146D-03 -0.21987454185123D-03
  0.52252009274987D+01  0.38645134284793D-01  0.85888068725822D+01  0.18026945044155D-03  0.17903478902734D-03 -0.78697182335519D-03
  0.21609647843115D+01  0.66642551255678D+01  0.11526757891545D+02 -0.22809762000570D-04  0.21870089203946D-04  0.79983147921346D-04
 -0.43705484923839D+01  0.10842256510161D+02  0.72927083126642D+01 -0.67729497577737D-04 -0.53300818672227D-03  0.92922871899325D-04
 -0.52564124077165D+01  0.98619363004415D+01 -0.49866549943516D+00 -0.76318922194056D-04 -0.14815680507173D-03 -0.90400057053054D-04
 -0.74772326398987D+00 -0.44103117934940D+01 -0.50356191847245D+01 -0.53835001918726D-04 -0.41791477928925D-03 -0.46706548362324D-04
  0.26160806914202D+01 -0.57327926960833D+01 -0.24406453239690D+01 -0.21635062414593D-03 -0.22802478061566D-03 -0.24529925621052D-03
  0.29087886509799D+01 -0.76906806187400D+01 -0.41709380173483D+01  0.10263478824229D-04  0.13911059501512D-03  0.65697985743581D-03
  0.53316373107459D+01  0.27286089429012D+01  0.12636749187215D+02 -0.17741871879443D-03 -0.27126202055541D-03 -0.46971013201300D-04
  0.74577716419914D+01  0.18925061126221D+01  0.12250686800734D+02 -0.23740564902880D-03 -0.78257549465845D-04  0.14775952417739D-03
  0.44251176854882D+01  0.32802641704370D+01  0.15055622176524D+02 -0.19085361696241D-03  0.26689226707437D-04  0.11636935294240D-03
  0.59522593433449D+01  0.24165052778743D+01  0.16953567758617D+02  0.30973233770189D-03 -0.16743322730996D-03  0.10570764846722D-03
 -0.71672784571689D+01  0.14439749300793D+02  0.44937408046755D+01  0.94723350033069D-04  0.10418781387425D-03 -0.34590470865626D-03
 -0.88343865096926D+01  0.12050862681996D+02  0.15187981187668D+01  0.81884105272106D-04 -0.16305451887369D-04  0.80514063689707D-04
 -0.10498980250679D+02  0.14049169176497D+02  0.11677061382036D+01 -0.27823639656270D-03  0.53904833203750D-04 -0.44039311128758D-04
 -0.36707181069322D+01  0.61508521124117D+01 -0.30692225111118D+01  0.92411167631405D-04  0.35563221718719D-04  0.17356830983293D-03
 -0.75897293432840D+01  0.10697064239329D+01 -0.60765561758760D+00 -0.21294753014010D-03 -0.99007554130391D-04 -0.32462733791111D-04
 -0.11791592677156D+02  0.14353759162076D+02  0.26719682241568D+01  0.30831769272288D-03  0.38056335765045D-03  0.48961799170983D-03
 -0.10992739904880D+02  0.13705558975029D+02 -0.81998325282711D+00  0.35106454319832D-04 -0.34034973398582D-05  0.27723012623023D-03
 -0.93637368672490D+01  0.15885761610888D+02  0.10274621183512D+01 -0.42556233059013D-03  0.31703051807902D-03 -0.13637434863367D-03
  0.48850003135679D+01  0.10187200893166D+01  0.17894513620876D+02  0.67190732921183D-04 -0.53159880760760D-03 -0.21420095124566D-03
  0.66416414212101D+01  0.40712169127652D+01  0.18103195813173D+02 -0.86569855850045D-04  0.46004357009235D-03  0.34886545261888D-03
  0.75937036026833D+01  0.14664694324557D+01  0.16299702398417D+02 -0.95755403365333D-04  0.46891045992851D-03  0.58566128975846D-03
 -0.75370316882164D+01  0.48267906652700D+00 -0.25506867737027D+01 -0.95798847600456D-05  0.44418335554058D-04 -0.78083606113416D-05
 -0.90576799999108D+01  0.25125567165169D+01 -0.45987643942558D+00  0.85559357660693D-03 -0.15147749211261D-03 -0.54526286116766D-04
 -0.80426762160917D+01 -0.54951008483369D+00  0.70061336088677D+00 -0.22537128832630D-04  0.28536342254115D-03  0.14244075934521D-04
 -0.56029979164998D+01  0.65284985001074D+01 -0.24816257515201D+01 -0.49572182509296D-03  0.30065199039525D-03 -0.47075412045619D-03
 -0.35976537855345D+01  0.43994357830001D+01 -0.41337361809410D+01  0.29561252698811D-03  0.67101679242258D-03 -0.85909367023555D-04
 -0.28546133640184D+01  0.75663673616333D+01 -0.42705874112134D+01 -0.14031080104189D-03  0.37629309229314D-03  0.18477391958155D-03
  0.15649261812166D+01 -0.91939222985912D+01 -0.35993164055442D+01  0.13310747841755D-03 -0.46669727306815D-03  0.46619855817520D-05
  0.47988401575810D+01 -0.86243525165634D+01 -0.41777440348094D+01 -0.72281092643950D-03 -0.15610061386473D-03  0.83142245234879D-03
  0.27915442786711D+01 -0.70634877086138D+01 -0.61070834701602D+01 -0.47619710905709D-03  0.43233893248647D-04 -0.46405187116542D-04
 -0.15377178815277D+01 -0.72779670550414D+01  0.41246397089306D+01  0.21377057140087D-03 -0.33364217218640D-04  0.10786901469622D-03
 -0.12762324069338D+01 -0.58145568208328D+01  0.63133597995659D+01  0.13999134417583D-03  0.11580354360744D-03 -0.47649504012726D-05
 -0.33380129696986D+01 -0.41135869473005D+01  0.69723823904802D+01  0.69179018401314D-04  0.11350928480967D-03 -0.12018687416572D-03
 -0.52874927382324D+01 -0.36382773668682D+01  0.50845158358725D+01  0.13135652278910D-03 -0.19303594698065D-03 -0.59509358878954D-04
 -0.54607059310763D+01 -0.53732473976492D+01  0.30665560308334D+01  0.26716079179366D-05 -0.21275607745291D-03 -0.24461781869073D-03
 -0.37038046197324D+01 -0.71565141047380D+01  0.24994081010338D+01  0.20170612592814D-04  0.15779092697263D-03 -0.81558721902380D-04
 -0.31828819733522D+01 -0.24702838789419D+01  0.91393959750882D+01  0.20397350933642D-03  0.23280049114108D-04  0.25507942044139D-03
 -0.46599153438079D+01 -0.18839284602953D+00  0.89287410174013D+01  0.16486567016912D-03  0.19751839335604D-03  0.22415293929482D-03
 -0.64746641715936D+01  0.12659739852768D+00  0.68597556229812D+01  0.29595751872117D-04  0.20694610009414D-03 -0.11554586043695D-03
 -0.69188254617725D+01 -0.16701332737823D+01  0.51806315455975D+01  0.30492865993763D-03 -0.39438373837473D-04 -0.20960863442874D-04
 -0.22513353729861D+01 -0.28072272460517D+01  0.11573879594789D+02 -0.29151850550181D-03 -0.18765113587777D-03 -0.13472408260804D-03
 -0.19419648940847D+01 -0.64596009890364D+00  0.13168144119334D+02  0.21864222281708D-03  0.74243706643312D-04  0.97671889993344D-04
 -0.26881306897108D+01  0.17823953446580D+01  0.12663407200932D+02 -0.29169887200492D-03 -0.35839687197048D-05 -0.15929248380771D-03
 -0.41571459497411D+01  0.19037251281715D+01  0.10687482499274D+02  0.14965126376072D-03  0.14618099335663D-03  0.20795141986220D-03
 -0.53871036489411D+01  0.41548703943695D+01  0.10178410723505D+02  0.32866859619409D-03 -0.54684112145364D-04 -0.71202552058452D-04
 -0.73188748587496D+01  0.44021089024631D+01  0.82149500111023D+01 -0.21136510823285D-03  0.28217396873494D-03 -0.18819652152344D-03
 -0.76926204426775D+01  0.24979466566379D+01  0.65061976351004D+01 -0.21036110903913D-03 -0.56527801378625D-04 -0.14462668565751D-03
 -0.19046005329489D+01 -0.53610454626244D+01  0.12612532052962D+02 -0.27630566942864D-04  0.74525803188073D-04 -0.52541741230015D-03
 -0.59519480356568D+00 -0.54282491395540D+01  0.14924178137892D+02 -0.27755764814946D-05 -0.13831246081366D-03  0.26523647425726D-03
  0.10772751896134D+00 -0.32675899234159D+01  0.16295804190865D+02 -0.12551259308663D-03  0.13381282659944D-03  0.16623977675261D-03
 -0.68118739412955D+00 -0.97774145072017D+00  0.15533525772712D+02 -0.21876241195882D-03 -0.10385559558860D-03 -0.22591493548594D-03
 -0.31445281868038D+01 -0.74234502578618D+01  0.11487357733570D+02  0.13613851878950D-03  0.26300254313763D-03 -0.20226904959631D-03
  0.79975743284651D+00 -0.57839703812263D+01  0.78613682275665D+01 -0.23156471371902D-03 -0.13321204171555D-03 -0.46380809134493D-03
 -0.36249198731617D+01 -0.87125880377741D+01  0.22914534732273D+00 -0.24101748352337D-03  0.20291659203694D-03  0.33575559262129D-03
  0.17917707327303D+01 -0.34667221358892D+01  0.18349545946001D+02  0.27397730457234D-03 -0.16733374741611D-07  0.18301166327311D-03
 -0.72911838378287D+01 -0.49885501288078D+01  0.19867197819512D+01 -0.33105724120375D-03 -0.34846696795327D-04 -0.39233127596691D-03
  0.86943075764797D-01 -0.84950393890708D+01  0.35130093256835D+01  0.20022509380984D-03 -0.73946499964962D-04  0.49418413707734D-03
 -0.94246199539701D+01  0.25200337845542D+01  0.53951069984947D+01  0.11804883858305D-03  0.21108535831999D-03 -0.98134042656469D-03
 -0.50283051927103D+01  0.59207726728810D+01  0.11334234019400D+02  0.34406428612036D-03  0.64928916449433D-03  0.54130930278879D-03
 -0.13241850935302D+00  0.82420242387121D+00  0.16254463764469D+02 -0.26375991489534D-03  0.87504506119667D-04  0.16149978555542D-03
  0.89055995806610D-01 -0.71164334468393D+01  0.15484338024125D+02 -0.50091873932036D-04  0.13132951043912D-03  0.35114125440551D-04
 -0.17443884764208D+01 -0.10005493164303D+02  0.15787865553066D-01  0.69764197622053D-04  0.69373701200832D-06 -0.17680320187484D-03
 -0.57823296939694D+01 -0.89992378500885D+01 -0.13828892505468D+01 -0.13388925684340D-03 -0.19077147640262D-03 -0.36138772879606D-04
 -0.54595507460263D+01 -0.10281925972034D+02 -0.36807816074167D+01  0.17795866816138D-03 -0.13530259586285D-04  0.41826802313163D-03
 -0.89323528348664D+01  0.66813782402782D+01  0.79489966042207D+01 -0.15733469688106D-03 -0.15449176330970D-03  0.14458676617633D-03
 -0.10679683219039D+02  0.66509831978393D+01  0.64227964671939D+01  0.30598904378595D-03 -0.12739386822064D-03 -0.30003928213421D-03
 -0.82428737104075D+01  0.87786912998369D+01  0.92699319413167D+01 -0.74907985761317D-04  0.85126128359345D-04  0.10929057871991D-04
 -0.10060106047652D+02  0.10740378982783D+02  0.92199253452834D+01 -0.42411807958640D-03 -0.29866311560249D-03  0.15718856552390D-03
  0.27932134860263D+01 -0.16056537672683D+01  0.19416692651136D+02  0.19056743374555D-03  0.11930732357664D-03  0.23999611330949D-03
  0.23488279807927D+01 -0.58907937204953D+01  0.19086863762605D+02  0.28036350531932D-03 -0.20218053130911D-03 -0.37140314877746D-03
  0.39345347862235D+01 -0.57820252913478D+01  0.21260613880510D+02  0.18044759756122D-03  0.16002105985845D-03  0.55236415326315D-04
 -0.35098459724602D+01 -0.96035478573867D+01  0.13234622899431D+02  0.24838896774654D-03 -0.13557449928141D-03 -0.17355919218865D-03
  0.30197331669852D+01 -0.67817870975814D+01  0.66591011927892D+01  0.39129739058167D-03 -0.42483491597973D-05 -0.33134494183430D-03
  0.57085237593199D+01 -0.48704095097839D+01  0.20697508923202D+02  0.94646873279505D-04  0.25571024520412D-03  0.15240869386538D-03
  0.41588105680419D+01 -0.77792642099418D+01  0.22110749392031D+02  0.15555004355686D-03 -0.59595714648791D-04  0.63206850294166D-03
  0.30572469440125D+01 -0.47135215827264D+01  0.22715548550572D+02  0.17652968874545D-03 -0.28433917995679D-04 -0.91244466753501D-04
 -0.95490549995421D+01  0.12208046799475D+02  0.78578170766003D+01  0.22047474955017D-04  0.19756114793401D-03  0.15740168629525D-03
 -0.10165926238702D+02  0.11750601695619D+02  0.11132832906177D+02  0.16655950232618D-03  0.93427550345869D-03 -0.53517875481008D-03
 -0.11815128161865D+02  0.98526231080323D+01  0.85801740408937D+01  0.22821088405323D-03  0.14098486914493D-03  0.58618868823266D-04
  0.29053729389754D+01 -0.65196231530674D+01  0.44778996222823D+01  0.12852667061875D-03  0.34465860880044D-03 -0.10232987675497D-02
  0.33639478854472D+01 -0.87718371185883D+01  0.71337911995949D+01 -0.50459715617571D-03 -0.87547041837097D-04  0.33761396956739D-03
  0.43593304490004D+01 -0.55765043036578D+01  0.75608009302511D+01 -0.36643041186000D-03  0.31117245535661D-03  0.86421476896462D-05
 -0.16214959735100D+01 -0.10700524320477D+02  0.12988616532225D+02 -0.10270019464824D-03  0.50486350413674D-04  0.10398399197154D-02
 -0.50925710839329D+01 -0.10921548826049D+02  0.12916805858817D+02 -0.61001655227422D-05 -0.40343930240624D-03 -0.47793171302282D-03
 -0.37639863130309D+01 -0.87455410307734D+01  0.15178799817319D+02 -0.46529225451246D-03 -0.18317602314256D-04 -0.55607131808761D-03
 -0.52030897949389D+01 -0.12263296703737D+02 -0.33104969306008D+01  0.12172009573506D-03 -0.20607418891612D-04 -0.20393440823529D-03
 -0.38103032072546D+01 -0.94786200879506D+01 -0.47234708137241D+01 -0.26434178796699D-03  0.37117185058948D-03 -0.62192490699462D-03
 -0.72193234857419D+01 -0.10435515083556D+02 -0.49035522392086D+01  0.15912533273838D-03 -0.43058678280046D-03 -0.27391648575040D-03
