$coord
       -2.58527991035841       -0.59279893353929       -1.68588601406065      C
       -3.02261152534414        1.22868022064699        0.18064099894283      C
       -1.05666073710535        1.58545615666229        2.05384537932799      C
        0.94514103144534       -0.11865067898752        2.22217281602778      C
        1.48368238976165       -1.63411281343468        0.08592993230995      C
       -0.29403585595947       -1.96341963112187       -1.81048665852695      C
       -1.18648365529054        3.54914093297148        3.88315479758473      C
       -0.07418977455693        2.87873428752978        6.18094248579419      C
        1.79312985913787        0.79442590446228        6.26035805341511      C
        2.48129471468690       -0.33654025207403        4.15493260400291      N
       -2.35722046146060        5.93252721625112        3.85613186057958      C
       -2.79952985094674        7.18475292826868        6.13517357537488      C
       -1.71998836504524        6.46663874612534        8.38059274893396      N
       -0.25989627324338        4.45836618016378        8.26068879987564      C
        0.88967015683538        3.81728713780741       10.49962881181341      C
        2.67644292468212        1.88133690655704       10.66497566848659      C
        3.07087719852367        0.40142486475073        8.49365513424709      C
       -2.94940604121588        7.20413391379627        1.49944403959521      C
       -4.36614158228491        9.47398645171986        1.70567382826262      C
       -5.17521991426616       10.45647525508919        3.99542766889696      C
       -4.31742842612343        9.33499065401310        6.19923545942502      C
       -2.16243656581125        6.29244805170987       -0.95795124567545      O
       -5.37969607770819        2.57996329658079        0.23312020675957      O
        0.01994122054221       -4.21929971419567       -3.42446614967132      C
       -6.69324557134174       12.83489143826673        3.96756784484022      C
        3.13430987821982       -2.72023102323370       -0.11120885090714      H
       -4.01553828561029       -1.08043915556544       -3.09921267326122      H
        4.44845978432009       -1.03263647395773        8.48599476144508      H
        0.64524996519526        4.86414202438143       12.13561873822020      H
       -4.73036827505652       10.40894998112551        7.89330506627065      H
       -4.74468577099533       10.62925176389581        0.03412680168922      H
       -1.06211756499189       -4.36553017958697       -5.46416070596398      O
        1.53018087891245       -5.93734571926120       -2.52015645449471      O
        1.95342264211623       -7.67420944705592       -4.40708855058290      C
        4.11213872478663        1.59299704340294       13.06064715565637      C
        6.03645572338735        0.30341917062787       13.07900406846950      O
        3.37755696174199        3.19046297548646       14.90492270783022      O
        4.63442112713912        2.76959825776662       17.14689985261450      C
       -7.81312899287693       13.62182212292761        5.81420793050526      O
       -6.57185457657536       14.15534001920477        1.72327831453374      O
       -7.57373484440056       16.40356377180741        2.23197207459403      C
       -0.92614527097528        8.15831679399304       -2.58736046810888      C
       -6.70945896179925        2.45812401341775       -1.83362150826100      C
       -7.32699412962851       17.88610657568726        0.68972572699010      H
       -6.51654346218209       17.04569150306380        3.92776496379056      H
       -9.44252814833641       16.25520843845785        2.84103357162674      H
        3.80528625814488        0.96653274075573       18.05491772861294      H
        4.08193909602601        4.27546589048008       18.37332950470037      H
        6.78494141405740        2.75243957295950       17.08911339418879      H
       -5.36656555441228        3.04115668735850       -3.22931912511335      H
       -8.17501152720765        4.01507163102124       -1.63551147865263      H
       -7.27285176792108        0.44983653874139       -2.25576759292974      H
       -2.05542749474774        8.49077509925980       -4.39401591599975      H
        1.07774232076619        7.49143944698879       -2.97993616766736      H
       -0.39143289899505        9.90285100434471       -1.35626886038641      H
        2.42681529228013       -6.58772506517872       -6.14441970745286      H
        0.24924322305895       -8.74172623442836       -4.56644317804601      H
        3.34786763172732       -8.96537412323033       -3.86397854524080      H
       -0.70746657655506       -7.13804785049063        4.18282715987206      C
       -0.53230166910607       -5.29822384036916        5.93448079412978      C
       -2.81435039158570       -3.79582664003340        6.56927246963140      C
       -4.72624093500540       -3.77772725387545        4.67070999472828      C
       -4.97553398402788       -5.91753716329387        3.08247267707058      C
       -2.87903158541464       -7.42143867823833        2.66111977817049      C
       -2.98756675777242       -2.05947661862323        8.71646508036127      C
       -4.90003514838597       -0.08617230623680        8.53065816192502      C
       -6.45917719089274        0.01140544847168        6.28483675014122      C
       -6.42522767450541       -1.80491671001377        4.46268682975721      N
       -1.69152766782357       -2.41762795615150       11.05893838161796      C
       -1.97231009126859       -0.42328300782180       12.80792049072818      C
       -3.56611840615569        1.61757893575319       12.50410385902570      N
       -5.12215959072893        1.76177336967564       10.43466504992313      C
       -7.14315031449856        3.52583773334090       10.22265799157534      C
       -8.61229599065928        3.74099354641430        8.05053985066976      C
       -8.38975301701383        1.91676620472894        5.99086992653848      C
       -0.90112523194990       -4.87285176883487       11.88015015252480      C
        0.22519426645760       -5.09970140291854       14.24158722477976      C
        0.34080477570170       -2.96362481967466       15.78196013608844      C
       -0.64012376714881       -0.73163559998829       15.17227419968399      C
       -1.45780707775976       -6.91562527230513       10.38016442413300      O
        1.78496195473705       -4.77154512784974        7.21104492869871      O
       -3.02755725597469       -9.43216248952947        0.71255432159627      C
        1.31375055381135       -3.21671351823849       18.22893692256415      C
       -6.60066564839096       -6.01489504265332        1.82591604608035      H
        0.99639193372581       -7.98359295380383        3.45263434959876      H
       -9.57111451609189        2.01505946367098        4.30448271793648      H
       -7.51911424935037        4.65061581241798       11.88135235489798      H
       -0.33354460941856        0.94578221906903       16.20899373334475      H
        0.86851574913662       -6.81137053080944       15.10214305182166      H
       -1.14810273490608      -10.66773908733725        0.24933808179671      O
       -5.29769994059995       -9.47773024951547       -0.50093548226603      O
       -5.44937223957691      -11.59962787579657       -1.93366005311215      C
      -10.13329439015064        6.01391859492720        7.78525754262205      C
      -11.44100495313272        5.99701658010456        5.94810858327967      O
       -9.81133642899953        7.91388723668158        9.48247896428607      O
      -10.95257314545621       10.23425695555860        8.77464951144131      C
        1.39127839601139       -1.37725724358409       19.64273017491626      O
        2.31264142059764       -5.54849750099611       19.17802228023026      O
        3.07206338893035       -5.51851149379255       21.80575578128240      C
       -1.18947502013867       -9.21635014760737       11.43140355519320      C
        3.88245508511049       -6.61696991194416        7.24506909314975      C
        2.39084803099153       -3.72601795391502       22.48214327514305      H
        5.08006142700452       -5.40379994551232       22.09277341475141      H
        2.03645556262815       -7.23804964397523       22.63677249315437      H
      -12.68792748794241       10.09783199531843        7.89653704901204      H
       -9.68078267609067       11.21519064386470        7.57117784905464      H
      -11.20867488362816       11.14123937229403       10.60611242627988      H
        3.68425418593958       -7.39644984552780        9.22370408363820      H
        5.68761329606652       -5.51369759509235        7.27250936632083      H
        3.84610407171383       -8.32566811553926        5.77430379170807      H
       -1.96264820836026       -9.20110345000394       13.42513546966198      H
        0.73047241847291       -9.86437331774857       11.59148562684191      H
       -2.29192504168912      -10.64834776270849       10.24049157729860      H
       -6.85514012594342      -11.35503729407684       -3.63649327969125      H
       -6.10206801979037      -13.26943808728693       -0.66332118576414      H
       -3.76160432848484      -12.14179001059342       -2.92816542104893      H
$end
