 -1.0
  0.31149763819741D+01  0.15942433330923D+01 -0.27208413734173D+01 -0.62650549725914D-03 -0.29155002625013D-03  0.48434739732203D-04
  0.12658798936825D+01  0.19500424038270D+01 -0.80356818202355D+00 -0.83112841091940D-04  0.14772182683801D-03 -0.12296145953816D-04
  0.19264989386174D+01  0.20721948289150D+01  0.18698307065418D+01  0.36157628477282D-03  0.23677138038444D-03 -0.80777606531449D-04
  0.42726579685909D+01  0.82928481276975D+00  0.26193974518358D+01  0.33771054133556D-03 -0.18921355237450D-03  0.36208453259473D-03
  0.61615587996772D+01  0.72812784138050D+00  0.78093762486081D+00 -0.33014094676850D-03 -0.40383975200601D-03  0.19053471044817D-03
  0.55965805886300D+01  0.13145168811508D+01 -0.17511180937458D+01  0.68074866669905D-04  0.11341599854331D-03  0.61815776754680D-04
  0.39032527360683D+00  0.30702242394050D+01  0.38275754943848D+01 -0.20739816833461D-03  0.24204963775334D-03  0.62277509880738D-03
  0.11244647601299D+01  0.27129209423108D+01  0.62620292922410D+01  0.36687636584815D-03  0.29821039487737D-03 -0.33797795484072D-03
  0.33877880254676D+01  0.13106327670759D+01  0.66153537748353D+01  0.22300408293605D-03 -0.14357682196179D-03  0.35289764135618D-03
  0.50523007925417D+01  0.33713891933619D+00  0.49943183987089D+01 -0.62027137189068D-04 -0.34921890928140D-03 -0.13474374632975D-03
 -0.16491197678588D+01  0.47988042728755D+01  0.33596290014211D+01  0.95188836925044D-04  0.13595984874801D-03  0.20924211253436D-03
 -0.34365885185916D+01  0.52483004761566D+01  0.54037955056991D+01 -0.25007149129973D-03 -0.33459546329709D-04 -0.21792235208583D-03
 -0.28168299069596D+01  0.47880977063249D+01  0.78960871954345D+01 -0.37638623382276D-03 -0.15974222431720D-03 -0.19477894124364D-04
 -0.56937571359743D+00  0.34860345287126D+01  0.82616124531359D+01  0.29567501186400D-03  0.20433262672224D-03 -0.29055605365874D-03
  0.79640121000903D-01  0.24567413139797D+01  0.10657367418764D+02  0.10439060503169D-03  0.21034701466468D-03  0.48629504024964D-04
  0.23118212686234D+01  0.11968376024902D+01  0.11084364926720D+02  0.49638916819075D-04  0.96411847744455D-04  0.24309583368379D-03
  0.38300133124498D+01  0.57989948159873D+00  0.91518669289128D+01 -0.14221302983013D-03 -0.47274120376516D-03  0.15566865923935D-03
 -0.18594683845969D+01  0.64313180690884D+01  0.11700675119696D+01 -0.49080539271977D-03 -0.18610362890898D-03 -0.75872132235124D-04
 -0.39010252058004D+01  0.80230974880504D+01  0.97025057039754D+00  0.31841460568289D-03 -0.82285360012770D-04  0.73660362184615D-04
 -0.58180890382214D+01  0.80614536590533D+01  0.28309695128062D+01  0.16646827256009D-03  0.18091611100045D-04  0.38245561444470D-03
 -0.56043591615805D+01  0.66362108900015D+01  0.49427378166055D+01  0.23235401589402D-04 -0.10427628154577D-03 -0.60929533165904D-03
  0.37654393627072D+00  0.68634628290729D+01 -0.14078868526935D+00  0.18287462267943D-03  0.49602103239409D-04  0.15741420621191D-03
 -0.14327004122681D+01  0.20751856213367D+01 -0.12841715930462D+01 -0.79981113142868D-04 -0.20187222102282D-03 -0.28531414602331D-04
  0.76110842368261D+01  0.59109814081975D+00 -0.36642390253461D+01  0.80737607433473D-04  0.70402878770362D-04  0.10243246673906D-04
 -0.79931555175346D+01  0.98200009817660D+01  0.26730802019867D+01 -0.13613288093773D-03  0.95204288078394D-04  0.32756242089508D-03
  0.81242001955103D+01  0.30780868914396D+00  0.13854287755752D+01  0.39581906723124D-04  0.45552621769114D-04 -0.14785922241125D-03
  0.24130306336137D+01  0.96915829051871D+00 -0.44841477634321D+01  0.15373124860884D-03 -0.11632541914246D-03 -0.98538105149640D-04
  0.54677240495456D+01 -0.43721705847581D+00  0.97115173157485D+01  0.57120544268346D-03  0.24005404262488D-03 -0.13512835543837D-03
 -0.11780461979236D+01  0.27960545427549D+01  0.12321890471107D+02  0.56394117214137D-03  0.24428587200332D-03 -0.32345008570815D-03
 -0.69361769181075D+01  0.69008205666684D+01  0.65645380756762D+01 -0.49398651379122D-03  0.75137013236371D-03  0.18112653670643D-03
 -0.40039415629699D+01  0.93476655452839D+01 -0.47609205042879D+00 -0.29947653800845D-03 -0.24126473483569D-03  0.74003417087140D-03
  0.79143338436765D+01  0.18825949496038D+01 -0.54248808567773D+01 -0.22345767026865D-03 -0.13433322631656D-04  0.30263518902584D-03
  0.88750074193410D+01 -0.15889469453564D+01 -0.32206932442059D+01 -0.22191267682180D-04 -0.85124516160564D-04  0.28174910464191D-04
  0.10087766778707D+02 -0.22126744533950D+01 -0.53410572311934D+01 -0.46381955614632D-03 -0.83871850787339D-04  0.31772935709330D-04
  0.28586149726495D+01  0.89534947190580D-01  0.13630738461263D+02  0.32606409292967D-03  0.15333931804273D-04  0.74408612794802D-04
  0.30970158005424D+01  0.16718058789446D+01  0.15302384843659D+02 -0.33887546358154D-03  0.15122979474761D-03  0.14771981026083D-03
  0.29021994310281D+01 -0.24431765570566D+01  0.14047438358425D+02  0.39070252444081D-03 -0.13197312116055D-03  0.89638761416416D-04
  0.30788049636640D+01 -0.27099210276421D+01  0.16674698982286D+02 -0.16647125730238D-03  0.13835885219389D-03  0.19323716555356D-03
 -0.81364975229947D+01  0.11421695062082D+02  0.93822041473255D+00  0.29702064260875D-03 -0.57397586362798D-04 -0.37177842543412D-04
 -0.98483645353896D+01  0.96947736051996D+01  0.46528040760191D+01  0.74154415885644D-04 -0.43148764017789D-04  0.12075769306094D-03
 -0.10998091521296D+02  0.12020465619815D+02  0.43025691922022D+01 -0.13336589883362D-03  0.32960506801522D-03 -0.20982812335154D-03
  0.25914903767274D+00  0.76770366109493D+01 -0.26865628773972D+01 -0.28791957739814D-03 -0.22785218525496D-03  0.26704109893434D-04
 -0.22991908029521D+01  0.19495606832048D+01 -0.38263653153597D+01 -0.28937105952694D-03 -0.20735604215066D-03  0.41743603221834D-03
 -0.11346121922762D+02  0.12553138661684D+02  0.61713584996154D+01  0.28562240743771D-03 -0.27150553625187D-03  0.23777023323211D-03
 -0.12793191344693D+02  0.11910384190807D+02  0.34361118707230D+01 -0.32087386313138D-03  0.31230042027348D-03 -0.37649428121368D-03
 -0.97581427529244D+01  0.13381772402964D+02  0.33168075255408D+01  0.16717972124666D-03  0.33131733920263D-04 -0.41260979992214D-03
  0.14069511002933D+01 -0.31234111998696D+01  0.17674099136804D+02 -0.56547789320885D-04  0.81946778187787D-03 -0.37273348071280D-04
  0.39403178764930D+01 -0.99924746039248D+00  0.17528781699543D+02  0.45828306264700D-03  0.34011434830929D-03 -0.10627462075500D-03
  0.46090910276597D+01 -0.40186246795704D+01  0.16771598919716D+02  0.65297905354735D-04  0.28988352242181D-03  0.36017992557383D-03
 -0.30178160296347D+01  0.55388517010921D-01 -0.42245472358605D+01  0.10571075621912D-03  0.35562057998159D-03 -0.69022786688989D-03
 -0.87083767572534D+00  0.26822730473118D+01 -0.50869035183804D+01  0.14333189174494D-03  0.46639674634138D-03  0.19261118670243D-03
 -0.39622919031598D+01  0.31599701060450D+01 -0.37653443995954D+01 -0.27611628303410D-03 -0.46963233317637D-03 -0.41039591458851D-03
  0.82311057555823D-01  0.97983109133560D+01 -0.27393197514062D+01  0.34100562508613D-03 -0.14973037335309D-03 -0.21399971861226D-03
 -0.10956742137235D+01  0.68347072758516D+01 -0.42445093064506D+01  0.50547817759263D-05  0.13206949226091D-03  0.76756715966318D-03
  0.20135363560987D+01  0.71947519587073D+01 -0.34007099944589D+01 -0.66218958607607D-03  0.24464091508134D-03  0.20191606940766D-03
  0.89705467762853D+01 -0.32869066798469D+01 -0.65080399902445D+01 -0.89001305188472D-03  0.95020189879139D-03 -0.14120389412900D-03
  0.11689369938591D+02 -0.34664478526309D+01 -0.45620262177799D+01  0.24924797027107D-03 -0.11238819245478D-03  0.16918329409437D-05
  0.10792742323046D+02 -0.73802028934182D+00 -0.64742613841884D+01  0.22009393424935D-03 -0.24050890773118D-03 -0.78923365889349D-04
 -0.72355021216871D+00 -0.40661505889433D+01  0.40433572896181D+01  0.29181258662850D-04  0.22877068973494D-03  0.73904360844319D-06
 -0.15137993724533D+01 -0.36029896216231D+01  0.63680832540307D+01 -0.61146547694798D-03  0.11208666740114D-04 -0.26557978562751D-04
 -0.39535474315747D+01 -0.26052324221740D+01  0.68141841297164D+01  0.23686815660729D-03  0.55964779540138D-04  0.21908289256493D-04
 -0.53915918479825D+01 -0.18777739040589D+01  0.46672263854995D+01 -0.18059712499336D-03 -0.12785508829572D-03  0.32224156190986D-03
 -0.44137589423254D+01 -0.25433781589720D+01  0.21413844389223D+01  0.33924057834288D-03 -0.11615627622252D-03 -0.40684952471903D-04
 -0.20609273728284D+01 -0.37253382343878D+01  0.18674484342395D+01  0.75186300592456D-04  0.25338975983089D-03 -0.75832835484241D-03
 -0.51767283873710D+01 -0.22104932373181D+01  0.92239696091381D+01 -0.15206801755243D-03 -0.26517999639658D-05  0.24176698368784D-03
 -0.72495598808930D+01 -0.57142167870622D+00  0.93510930389595D+01  0.31146874930197D-03 -0.13155146396059D-03  0.15076889770312D-03
 -0.82067543948531D+01  0.31086182096031D+00  0.69050117776949D+01  0.25276550391379D-03  0.29532703332091D-03 -0.53358767481703D-03
 -0.74316406027572D+01 -0.51826016200743D+00  0.45916633587965D+01  0.11341022844930D-03  0.16036751738802D-03  0.10163858527367D-04
 -0.43172724821416D+01 -0.29937468369359D+01  0.11634616815480D+02  0.31393898181715D-03 -0.36842087582956D-03 -0.22506447674424D-03
 -0.50077356746715D+01 -0.16714801430468D+01  0.13940681037464D+02 -0.15814858539507D-03 -0.10903838818524D-03 -0.22108598290799D-03
 -0.70261245453476D+01 -0.11813684525940D+00  0.13923189295140D+02  0.23491999254481D-03  0.34766037196164D-03 -0.68355214652269D-04
 -0.82295059847343D+01  0.28859560042100D+00  0.11699764451713D+02 -0.37057451034532D-04 -0.13124087667525D-03 -0.27886244361902D-03
 -0.10277804828914D+02  0.19512223898492D+01  0.11552284679930D+02  0.16780961816144D-03  0.73692837852127D-04  0.78006337062305D-05
 -0.11536558139103D+02  0.26684288077262D+01  0.92784165085926D+01  0.23645260472818D-04 -0.15400261804945D-04 -0.26222165646341D-03
 -0.10326049273768D+02  0.18293890330753D+01  0.70540184971482D+01 -0.24024363802887D-04  0.23900071259628D-03 -0.30633497969033D-03
 -0.30310409334987D+01 -0.53810626740726D+01  0.12032892851975D+02  0.13687531514810D-03 -0.45756245765181D-04 -0.15144248762283D-03
 -0.23075242865366D+01 -0.61954354048409D+01  0.14431302293546D+02  0.36919475657202D-04  0.44452972023375D-04 -0.30928456416299D-03
 -0.26221743359958D+01 -0.46941454569925D+01  0.16562679408538D+02 -0.35713644889999D-04  0.75209708879422D-04  0.30951845741048D-03
 -0.41853535448589D+01 -0.26108399596260D+01  0.16298583175973D+02  0.50046144407080D-04 -0.22405434459886D-03 -0.23705659158601D-03
 -0.31353159467176D+01 -0.71822581013264D+01  0.10006965539046D+02 -0.14961569878026D-03  0.11292755482919D-03  0.42034377666575D-04
  0.12455562553407D+00 -0.38642042795767D+01  0.84541889329181D+01 -0.29722500093171D-03 -0.24316647428328D-03 -0.19322258394631D-03
 -0.85478038195164D+00 -0.40759805246591D+01 -0.62448957546242D+00  0.20245822298863D-03  0.38386980396902D-05  0.38603229357795D-03
 -0.20548948918121D+01 -0.57006865275091D+01  0.19123777303521D+02  0.30412617760365D-03  0.26526570252876D-03 -0.56459563043560D-03
 -0.51465951744655D+01 -0.18962302117633D+01  0.35619031194394D+00  0.12029347062318D-03  0.21495523183417D-03 -0.67623646857429D-03
  0.12785389145941D+01 -0.46609581608346D+01  0.39274397834771D+01  0.54882236686912D-03 -0.54795000417832D-03  0.26283162193823D-03
 -0.11142992345665D+02  0.23926715416220D+01  0.51992514593024D+01 -0.34609401456249D-03 -0.26820006029505D-03 -0.43137471933603D-03
 -0.10523238664051D+02  0.29124639687233D+01  0.13288205437796D+02  0.41098608698209D-03 -0.35168733080132D-03  0.32472754883270D-03
 -0.48930103699110D+01 -0.17644639250111D+01  0.18108816096795D+02 -0.35830128933057D-03  0.57549428790076D-03  0.30630166096391D-03
 -0.12195043828456D+01 -0.78984628784753D+01  0.14571257736614D+02  0.21756420913230D-03  0.38310346494187D-03 -0.39713951261238D-03
 -0.21982509194559D+01 -0.45888385537498D+01 -0.23577796402158D+01  0.37351449319062D-03  0.29471805011263D-03  0.33830492666569D-03
  0.18142135060318D+01 -0.40519608550286D+01 -0.77411497273542D+00 -0.24244872773893D-03  0.39979155204857D-04 -0.17124678812003D-03
  0.25821756669806D+01 -0.48413243791288D+01 -0.30941562378172D+01  0.20923689392289D-03 -0.19111128778617D-03 -0.22260722328335D-03
 -0.13910353455389D+02  0.40883836681780D+01  0.92378017054844D+01 -0.21307273887685D-03  0.20931035472098D-03  0.33090186651993D-03
 -0.14937224911636D+02  0.47531482216129D+01  0.11129259191862D+02 -0.24905849398028D-03 -0.37756036098744D-03  0.98416967300578D-05
 -0.14693380938407D+02  0.45202932233488D+01  0.67765489084404D+01 -0.35151615297012D-03 -0.31516410129795D-03 -0.71402116215764D-04
 -0.16792103955201D+02  0.61951845663700D+01  0.68912422139890D+01  0.23937905881989D-03 -0.94345944097408D-04  0.14300160050455D-03
 -0.60094108361467D+00 -0.75046039166467D+01  0.19277907968224D+02  0.17707426950043D-03 -0.19037045095719D-03  0.19031238348263D-03
 -0.33420447082042D+01 -0.47584052944085D+01  0.21237152857235D+02  0.15321897353244D-03 -0.19352534933713D-03  0.11584699094118D-03
 -0.17659921641199D+01 -0.52961294003502D+01  0.23270198270013D+02 -0.25319944126637D-03  0.21373318204681D-03  0.17903028106283D-03
 -0.28419485425684D+01 -0.97597988367175D+01  0.10672287662559D+02  0.57387322291383D-04 -0.13698236846578D-03 -0.13616549112013D-03
  0.21711892324613D+01 -0.55183199488302D+01  0.80832751572339D+01 -0.13319728697941D-03 -0.50442839328002D-03 -0.46345138023820D-03
 -0.27062551688411D+01 -0.45109687369447D+01  0.24988336843597D+02  0.65779451121029D-04 -0.36911089177781D-03 -0.20907327809538D-03
  0.14598781457024D+00 -0.48809229437269D+01  0.22819790540169D+02 -0.46842414734939D-03  0.33279424082916D-03  0.70557324284455D-03
 -0.18410374201370D+01 -0.73425955841742D+01  0.23763091072590D+02 -0.83385975562538D-03 -0.15172027594904D-03  0.23155585490094D-03
 -0.16147176868982D+02  0.81315619628153D+01  0.68136676416075D+01 -0.48816133192037D-03  0.37126997413526D-03 -0.61607275938050D-03
 -0.17762265311327D+02  0.58988100753757D+01  0.88364333467961D+01  0.13011025972292D-02 -0.75270029862349D-03  0.78651914503342D-03
 -0.18039993027841D+02  0.56031638728733D+01  0.53429147196049D+01  0.13037572193331D-03  0.83420385536194D-03 -0.79878890339379D-03
  0.13258709147110D+01 -0.74151162929513D+01  0.77313854191539D+01  0.11062639356633D-03  0.62594308221202D-04 -0.63222804030726D-04
  0.35913854375197D+01 -0.53376664851734D+01  0.96424170549321D+01 -0.40724358304656D-04  0.56174412811766D-03 -0.60938704604552D-03
  0.34409323838086D+01 -0.49340869897114D+01  0.65384977389685D+01 -0.43043680762812D-04 -0.56965055600311D-03 -0.51938321218677D-03
 -0.43274946183506D+01 -0.10162903436527D+02  0.12121702356323D+02 -0.49221301049558D-03  0.38545392547838D-03 -0.34618308534083D-03
 -0.10105833052894D+01 -0.10250061199011D+02  0.11494826037472D+02  0.46013311738847D-03  0.13936830602512D-02  0.11785322236573D-03
 -0.31862846981933D+01 -0.10943037019679D+02  0.92080580592895D+01 -0.11215569524955D-04  0.19808731913980D-03  0.77745740010224D-03
  0.19297692311524D+01 -0.67293625090232D+01 -0.35083320438016D+01 -0.26850129339394D-03 -0.37078547252918D-03 -0.77745381072389D-04
  0.46928683078544D+01 -0.47503350015106D+01 -0.30106485731009D+01 -0.51515052969159D-03  0.50601255815130D-03 -0.49365078082301D-03
  0.20162336582008D+01 -0.33696857634141D+01 -0.44041913247694D+01  0.47433863779249D-03 -0.32909096622867D-03  0.73267337664240D-03
