$coord
        2.06144067041710        0.88192912149895       -1.07702881293281      C
        0.14700462933483        1.69481522867931        0.53497404072271      C
        0.75006541415682        1.79860010001507        3.19724439001190      C
        2.96536058216159        0.62178523830083        4.16194671729683      C
        4.74779993814339       -0.30902441960109        2.41832095633931      C
        4.39827266659169       -0.11878089912528       -0.09105327971277      C
       -0.56502338085154        3.48536180033286        4.75706337758831      C
        0.00838063387560        3.31420290266672        7.31099794351720      C
        2.07115124172167        1.86273607152999        8.17271172218232      C
        3.28349465821506        0.16142906672443        6.72693078769192      N
       -2.39630249194216        5.49150489358126        4.14624982780990      C
       -4.21057948148485        5.95904019760296        6.03649911555295      C
       -3.69046177690846        5.75750918276722        8.64105503306252      N
       -1.71001285159976        4.51361205479330        9.20864720924264      C
       -1.17064697829039        4.30435300265895       11.73892586043630      C
        0.74263467557107        2.83698799930667       12.44007042528044      C
        2.26693510090260        1.51986168825090       10.77367936161721      C
       -2.33314716527338        7.05122854599800        2.05462076998801      C
       -4.39052755513958        8.47305924729437        1.20699159018581      C
       -6.57217292539783        8.79225549821172        2.75418816078937      C
       -6.36969518759031        7.47294156000127        5.08542453426900      C
        0.16632163039218        7.29768911177555        0.86718521922224      O
       -2.33977680762950        2.25101369107382       -0.24700411657287      O
        6.60947387042718       -0.97084889760712       -1.63599723014991      C
       -8.80882060556363       10.65499952510137        2.03340895642547      C
        6.43314467753987       -1.15236870438823        3.28041432843852      H
        1.87987141858654        0.63639993788107       -3.09232097497697      H
        3.51325275167836       -0.03676432643204       11.46272947114383      H
       -2.57631144991843        4.96504296740768       13.09456724745565      H
       -8.13987727873055        7.78056946333885        6.07300989161858      H
       -4.39658616232346        9.34522227597939       -0.54222696644318      H
        8.21124155820269       -2.28173930209699       -0.70648135495711      O
        6.03921938736163       -0.35856317859551       -4.15854922111030      O
        8.01078840640193       -1.08182598422517       -5.73453071075496      C
        1.48581207437033        2.30048228833222       15.22110131574175      C
        0.00219163030401        3.14903082505023       16.79055023441530      O
        3.44404721570560        0.56704704272646       15.66055150348637      O
        3.26955617538901       -0.12536205516862       18.18339177904861      C
       -8.37115794146678       12.13078804094979        0.32683274141109      O
      -10.96869414595675       10.65943863773463        3.35145354696878      O
      -12.63370087085181       12.60537189970300        2.63996106127502      C
        2.11979797818275        7.81334537866798        2.44940721549833      C
       -2.82270797399747        2.38558756615385       -2.84673868893828      C
      -11.90890104134635       14.21306694688685        1.99269405761320      H
      -13.53602728026500       13.43305811002320        4.31905694951249      H
      -14.28648722999357       11.90243633641498        1.61207590657787      H
        3.59100447417279       -2.13200342774469       18.29832756374220      H
        1.71890564427217        0.49412106625462       19.35409373113007      H
        5.05048643694913        0.81655264453050       18.95814890508855      H
       -2.09163040141193        4.31383294451415       -3.49093587091443      H
       -4.88114355422746        2.64953612298096       -2.68458984838070      H
       -2.29656309224441        0.77010810802115       -3.97589122450986      H
        3.71160475653259        6.54720407721959        2.15836240863622      H
        1.52234881772356        7.92353604868434        4.33325359948687      H
        2.92951283466477        9.61400071358845        1.89267828684576      H
        7.11011982285566       -1.59228456002990       -7.49642198539680      H
        8.72462651732135       -2.92559877999893       -5.00570859607324      H
        9.43776341597436        0.30604720504285       -5.97166753611514      H
       -0.22779548269726       -5.19472887313001        2.51834201415339      C
       -0.84571865050555       -4.69718873078570        5.12031463999207      C
       -3.18223791114800       -3.32017755873954        5.72240095329910      C
       -4.70901331833260       -2.41021896234677        3.60951809494530      C
       -4.03867942508118       -2.87207135603549        1.04433638128368      C
       -1.90710817566933       -4.31997516453955        0.47850196583973      C
       -4.07639491383311       -2.72588507497965        8.17903854699813      C
       -6.11030636304324       -0.96384127326752        8.40441340582066      C
       -7.67437266393951       -0.39669172184921        6.29568909125703      C
       -6.87616516441212       -0.97720022686447        3.91034421962670      N
       -3.06047502900412       -3.79190915432420       10.43193070048480      C
       -3.18077588156681       -2.05969434614095       12.64834484426599      C
       -4.84323492766328       -0.09056634031940       12.80923389327693      N
       -6.36853157186253        0.31375747559457       10.75320110821475      C
       -8.23320710694051        2.17771608670744       10.90411574883556      C
       -9.87967847931239        2.70570308796194        8.92907350172113      C
       -9.48050138610738        1.45029973419539        6.62039549851700      C
       -2.82714519296165       -6.44721544598002       11.20037027697507      C
       -2.15381701295202       -7.02130887044108       13.60663230368915      C
       -1.75209889217708       -5.24930802977240       15.47619462573393      C
       -2.25571868529808       -2.71395793800465       14.92967072658585      C
       -3.50455439663046       -8.18946059722773        9.48061506685507      O
        0.90881357140802       -5.16473315435768        6.96127419925218      O
       -1.54863068086852       -5.10272778619642       -2.03743281507382      C
       -0.56175673657675       -6.33782710110111       17.90586143012481      C
       -5.24468220185337       -2.43388668366078       -0.40184876051652      H
        1.04426936122998       -6.60713278932689        2.08407437251047      H
      -10.64810624736868        2.16954175767372        5.04743272739542      H
       -8.51213343021784        3.15956238404845       12.67293267674609      H
       -1.95489551112806       -1.31448201336086       16.29038853317180      H
       -1.87136528938046       -8.94964508335854       13.96365790010078      H
       -3.06281184257406       -4.89888125392634       -3.79414416645868      O
        0.84640018004682       -6.02420355665929       -2.58568362079788      O
        0.85940832701806       -6.97518784491970       -5.00468113099261      C
      -11.93153886522133        4.58126783525731        8.90452618094290      C
      -12.37075479654038        5.92466988836812       10.71052792878698      O
      -13.38022069253363        4.69607553460635        6.77058436176083      O
      -14.87648210831945        6.85043094876248        6.69845342484187      C
        0.45676247209252       -8.40817115829629       17.67655015083080      O
       -0.30861446691311       -4.86599440415269       19.97167238344183      O
        0.91515572633199       -6.03242314567463       22.17767217109819      C
       -2.82966940317165      -10.68411911774103        9.88877085521699      C
        3.43589512727309       -5.90291492877923        6.11870017698366      C
       -0.33284479905618       -7.58776564945806       22.75716984809548      H
        0.99153179239478       -4.61657214923215       23.65642830989714      H
        2.99527335793533       -6.45245231122351       21.70273924117210      H
      -13.65711566418532        8.39621421016328        5.84712349522032      H
      -15.54203809764849        7.24611787107086        8.77551384798574      H
      -16.40911424699804        6.65351382135180        5.50954056199091      H
        3.64375216528106       -7.90980532111380        6.22204879910763      H
        4.85331906521726       -5.19743493176296        7.35136697279564      H
        3.84305398780449       -5.06326692341076        4.27508066837523      H
       -0.86514732316464      -10.94268726787240       10.74245035702676      H
       -3.09334452217621      -11.89275501131359        8.25772332475217      H
       -4.28558511977307      -11.51147475969808       11.07287886996851      H
       -0.67147744802033       -8.17924485499502       -5.03522887449209      H
        2.50009226649619       -8.08696530555027       -5.45631760905357      H
        0.62105482901730       -5.35187799904617       -6.20173978843180      H
$end
