$coord
       -0.85878352048031        1.95937627939208       -1.52639703217103      C
       -1.97941641996450        3.26830980854309        0.37378082872801      C
       -0.85854533979633        3.11061592276595        2.81186772830236      C
        1.14567359576910        1.33937731048880        3.34690506924086      C
        1.98395639734311       -0.11696654775099        1.42068495002583      C
        1.13123193319648        0.22997973526439       -1.02794362592964      C
       -1.55228752542677        4.48863513866209        4.99260300047447      C
       -1.02613135206499        3.44593721457719        7.40534071679199      C
        0.80466070269429        1.47874245058204        7.58417552615735      C
        2.09878327680973        0.58798589346557        5.60771848919927      N
       -3.20078730056894        6.55133622058703        4.87978056354346      C
       -4.40085657021078        7.40365058744478        7.18758408805932      C
       -3.58313480633053        6.59088131642430        9.63090696079315      N
       -2.07277625136976        4.52299377113961        9.63586893767948      C
       -1.29082719404237        3.53330938461679       12.00891658770542      C
        0.44521924362591        1.58884197405782       12.20898135745183      C
        1.38891576383919        0.48167145924416        9.93528025729887      C
       -3.11667602425850        8.53834605788672        2.99408080373622      C
       -4.91567365419310       10.43243682669575        2.94862425012347      C
       -6.19191591133290       11.06008264355822        5.03558558153891      C
       -6.13455175816363        9.49348291470964        7.05751493322661      C
       -0.68530807774873        8.61472206071185        1.84429469915514      O
       -4.08968626094003        4.63114374780813       -0.17452588488968      O
        1.92792493538725       -1.43787908094817       -3.30404017047817      C
       -8.19061064399527       12.97217630161851        4.76702936307355      C
        3.42320617081436       -1.54596300494047        2.05553447248307      H
       -1.87948163965369        1.47134643569335       -3.27105068937538      H
        3.14974420027048       -0.51865360543030       10.08243043609231      H
       -2.28863638550094        4.15686873125884       13.65417427435966      H
       -7.43613620151766        9.89125114531749        8.58712028980192      H
       -4.81526785961024       11.89001946643452        1.54108437798743      H
        4.14132261988625       -2.05500675739318       -3.30101158427371      O
        0.06779805699861       -2.16171663161608       -4.89402288851311      O
        1.29850735361572       -3.22898676521462       -7.02653179880861      C
        1.18102800239271        0.53771850211385       14.61899869931776      C
       -0.10787068718839        0.81240985558023       16.44368180174872      O
        3.49563753689023       -0.58673052276656       14.47858525233747      O
        4.11495244056758       -2.00597940761673       16.54193822492840      C
       -8.00602255780656       14.48671487796975        3.02537220648384      O
      -10.16472115587561       12.97263205027001        6.52649057747809      O
      -11.84316377473898       14.83573341715345        6.18109848230858      C
        0.93712031655385       10.86455359901779        2.07251819612632      C
       -5.11813733244985        4.46747711947045       -2.63338485049771      C
      -13.32665333912927       13.73017281016522        5.06115708230986      H
      -11.02620619901042       16.27158029007245        4.78632105659152      H
      -12.18880742185282       16.09507625731291        7.85794351203304      H
        4.81730935987635       -3.88393631600414       15.82525843945684      H
        2.38272307155973       -2.47763060536228       17.62320435268215      H
        5.30496041327634       -1.01791632565347       17.79558113793493      H
       -3.74016733287603        4.75359799735424       -4.17085224533340      H
       -6.70897955307582        5.63812351414951       -3.32213856550170      H
       -5.89622218483192        2.64101030240300       -2.72147010720143      H
        0.65829339108392       12.21832015628009        0.64356534025822      H
        2.88707762505437       10.31691217010308        2.13586673113953      H
        0.62595043946540       11.69766014673967        3.92331292117743      H
        3.46582780364444       -3.54317363575852       -6.69237365537159      H
        1.36654000680350       -1.94656554301086       -8.76022589508569      H
        0.34867629476930       -4.99477719123880       -6.97368066289363      H
        2.48201945384248       -6.23965618636538        4.19939355387459      C
        1.20759118683985       -5.19048418826272        6.36372539197526      C
       -1.45725475792616       -4.31295275762522        5.94561110132886      C
       -2.38842797774708       -4.04026042898431        3.37231645213611      C
       -1.09722846612710       -5.19008572756032        1.52864172413482      C
        1.20202753164030       -6.35766840925604        1.91662067489050      C
       -3.06718496165811       -3.43553283698584        7.87804325579907      C
       -5.18256093989029       -1.81250812611642        7.15020454068608      C
       -5.62796500089531       -1.47805570193791        4.43699698423779      C
       -4.38431003176420       -2.75936877062350        2.57800940311338      N
       -2.92640418848255       -3.97646072927900       10.56078079594291      C
       -4.29358484416503       -2.35252526022291       12.21773815028683      C
       -5.76474430729387       -0.35362743350266       11.48017935574676      N
       -6.09954213817424       -0.11768251053387        8.96858753225798      C
       -7.64471515535770        1.85914663381763        8.16371192480498      C
       -8.24865391262502        2.04586628665307        5.57841896471782      C
       -7.55655000891336        0.35712505920651        3.78419844227691      C
       -2.00032786952071       -6.41919455682062       11.45045983322891      C
       -1.67503594080156       -6.65087418841672       14.12584105747430      C
       -2.65242663109063       -4.85361365006862       15.89087805749555      C
       -4.05506338589692       -2.88459756075928       14.81344549115639      C
       -1.30277598746821       -8.35303080967149        9.80790402797092      O
        2.19880204284072       -5.11237264118782        8.87655360966976      O
        2.72451155078670       -7.50139361904653       -0.25485617030729      C
       -1.71962518108526       -5.15835983235150       18.61645175358707      C
       -1.83111013006176       -5.16544066421781       -0.52553938666755      H
        4.57088107108694       -6.69903342002585        4.37673335482935      H
       -8.21568049609994        0.67011328218195        1.82314846063117      H
       -8.44550089476506        3.09923379487151        9.56395979792529      H
       -4.73279556335192       -1.31907959931652       16.09214857616461      H
       -0.54521088691977       -8.19999978427909       14.97639504597978      H
        1.81097128115366       -8.92706763006905       -1.77652366744689      O
        5.27044964252905       -6.77452843064625       -0.02540957823665      O
        6.61329297269109       -8.10206919638135       -1.82865002418552      C
      -10.07824370989388        4.18615367982131        5.15565254274481      C
      -11.11934736582193        5.29443679366900        6.79383968124111      O
      -10.37504573158118        4.52396069678032        2.76820473461259      O
      -12.02196347212148        6.67785251894241        2.19460520833886      C
        0.54929227493532       -5.46931197679921       19.14190752942004      O
       -3.46654900398004       -5.21648570254315       20.47556084873164      O
       -2.18978784433460       -5.64505948694078       22.76084710037204      C
       -2.78724140049901      -10.58003056915288        9.59539652882971      C
        4.20021738506671       -6.72988841831728        9.39618678764634      C
       -3.18903996597780       -7.17713735147086       23.73316622199894      H
       -2.06660410721293       -4.02849225519177       23.95168786440214      H
       -0.29753840346007       -6.32308662357726       22.30416659964438      H
      -12.71279318338610        6.32191183363034        0.13560708279815      H
      -10.98105444135475        8.36891672427550        2.34839336917773      H
      -13.17813811518528        6.61594060788098        3.82260447211423      H
        3.27681635221829       -8.64290965246083        9.59423105116322      H
        5.25211821498238       -6.51383354458230       11.16177648529055      H
        5.48764024509004       -6.92556237614510        7.77298474349441      H
       -1.65336192706195      -12.27997524051091        9.15933235667184      H
       -4.07087469299586      -10.48608037285322        7.77412532505949      H
       -3.73206723024747      -10.84645816419922       11.38995729373687      H
        7.82170165397583       -6.93811650062432       -2.87560276255510      H
        5.38245595519474       -9.02444728899983       -3.15057053484447      H
        7.84121732379068       -9.45567452583087       -0.76947458531438      H
$end
