 -1.0
 -0.59846048853969D+01  0.14523115171305D+01 -0.24309814057990D+01 -0.20053486235127D-03 -0.13694395863105D-03  0.10042137205675D-03
 -0.46612885060213D+01 -0.30497079250674D+00 -0.87452630556342D+00 -0.14500174455385D-03  0.29306072067827D-03 -0.51340265108916D-03
 -0.26113008570743D+01  0.53738094263215D+00  0.77402787112671D+00  0.71409322148490D-03  0.41322175446073D-03  0.22027122375425D-03
 -0.14133428637168D+01  0.28019283462512D+01  0.47042336692600D+00  0.25328395415836D-03 -0.59350364640601D-03 -0.19235127823868D-03
 -0.29102536473971D+01  0.44772993875998D+01 -0.12056183655541D+01 -0.30299021979975D-03 -0.20843487181498D-03 -0.49672546128735D-03
 -0.52283342979574D+01  0.38343333529009D+01 -0.25905889698678D+01 -0.39550113655500D-03 -0.76554871782969D-04 -0.11326317463687D-03
 -0.16677720469897D+01 -0.12382362962840D+01  0.26476403876519D+01 -0.10292478477120D-03 -0.22286802909304D-03 -0.29781372571997D-03
  0.48492896312716D+00 -0.26557947983480D+00  0.40092241413485D+01  0.23317105421184D-03 -0.17029701931076D-03 -0.12995824775129D-03
  0.14938261080428D+01  0.21766294393553D+01  0.34378360518078D+01  0.38309502189021D-03  0.19699840331829D-03 -0.32780311967658D-03
  0.35729142226648D+00  0.38264283916171D+01  0.18657696966008D+01 -0.11419444644382D-03 -0.56900805017582D-03 -0.51117963350445D-04
 -0.25042107275163D+01 -0.38303522810342D+01  0.35204292944546D+01  0.38017700344078D-04 -0.31556101573892D-04  0.24503670284369D-03
 -0.75225405454010D+00 -0.53102060739643D+01  0.48885716478346D+01  0.31815599787632D-04 -0.51054347752352D-03  0.71747640095027D-03
  0.11684403762040D+01 -0.42527483852928D+01  0.60942995163420D+01 -0.54335943469418D-03  0.12676959315604D-03 -0.42365769513968D-03
  0.20397843642924D+01 -0.19091433136958D+01  0.55156794889370D+01  0.29643338660153D-03  0.20332798402403D-03  0.45818324552451D-04
  0.44080171005916D+01 -0.11555436979039D+01  0.62997547429425D+01 -0.32020528944977D-03 -0.18611037743332D-03  0.41487959334838D-03
  0.53486043438998D+01  0.12342323998700D+01  0.57192444051351D+01  0.17536003614211D-03  0.59168169410922D-04  0.16067166494872D-03
  0.38629558144127D+01  0.28654910034698D+01  0.44124731081102D+01  0.47846025962951D-03  0.17627993171544D-03 -0.19805325457166D-03
 -0.51003644360793D+01 -0.47546564788740D+01  0.32016385514159D+01  0.62229818480517D-03 -0.11500004750350D-05 -0.29358534249246D-03
 -0.53104157698317D+01 -0.74194669986788D+01  0.31227738860193D+01 -0.55840322237094D-03 -0.16458556187371D-03  0.97474906815578D-04
 -0.33499609254430D+01 -0.89883529973692D+01  0.42256739986354D+01 -0.18706357913579D-05 -0.24333440615837D-03  0.33698355677028D-04
 -0.12502588054198D+01 -0.79615181922996D+01  0.50077767465760D+01 -0.92335618100076D-03  0.99369488390104D-04 -0.25485706711409D-03
 -0.71974325974361D+01 -0.31334687111803D+01  0.36154212678585D+01  0.28585993491664D-04  0.33447989283190D-03 -0.22236177285316D-03
 -0.50730229244956D+01 -0.29109875239690D+01 -0.10061964256488D+01  0.84165875848862D-04  0.35480983183652D-03  0.60931331915967D-04
 -0.65946616766722D+01  0.61373483249961D+01 -0.37015794197678D+01  0.64799443657457D-04  0.16232410456949D-03  0.21520274302840D-03
 -0.37672469129543D+01 -0.11830613680661D+02  0.45860574153196D+01  0.10468445564748D-03  0.66309300153314D-04  0.32289271424856D-03
 -0.19815495277287D+01  0.64237958156401D+01 -0.96435851268098D+00 -0.76396632566853D-03 -0.32550374884058D-03  0.61477283482495D-05
 -0.74244257354704D+01  0.86581832896543D+00 -0.36844478827852D+01  0.12366508913787D-03 -0.53041386794357D-03  0.15535770716757D-03
  0.46752718075500D+01  0.45486805607181D+01  0.35081274573958D+01 -0.99441013947487D-03  0.48683371018969D-03  0.26410620470024D-03
  0.56421689847952D+01 -0.26173853824204D+01  0.70434212736023D+01 -0.13415976192739D-03  0.46729274432539D-03  0.50841147974387D-03
  0.98267592442281D-01 -0.92588380863419D+01  0.56837553895745D+01 -0.47059077853002D-03 -0.14330523637900D-03  0.19529789481075D-03
 -0.68365861068050D+01 -0.83628200169864D+01  0.22580140261942D+01 -0.90371303859704D-03  0.47858140820075D-03 -0.30957048027665D-03
 -0.59887019181135D+01  0.83306893462976D+01 -0.36466698245606D+01 -0.48608528346015D-04  0.14299186961444D-03  0.17485567957687D-03
 -0.88839201670840D+01  0.54828804266028D+01 -0.49516863099628D+01 -0.16984906223620D-03  0.12955369417000D-03  0.36331867215627D-03
 -0.10533003972181D+02  0.75834740792223D+01 -0.52276609696717D+01 -0.34075526465377D-03  0.61639414345587D-03  0.12244345889110D-03
  0.78785793228080D+01  0.19245350236075D+01  0.60604114485750D+01  0.42813170336941D-03  0.21070128626021D-03  0.20505781672197D-03
  0.93879206826121D+01  0.36789730130491D+00  0.69211097424358D+01 -0.14776312700388D-03  0.37996581597847D-03 -0.42824936994061D-03
  0.80456426483612D+01  0.45589921488035D+01  0.60843147019253D+01  0.12909097944014D-03 -0.15497299592757D-03  0.16485461060088D-03
  0.10265179610803D+02  0.52532073611128D+01  0.74404913100294D+01 -0.41778988185644D-03  0.55993426103220D-03  0.38755552683534D-03
 -0.58540850674439D+01 -0.12655804073296D+02  0.43963183064287D+01  0.46693893368002D-03 -0.15310140815036D-03  0.15223202896339D-03
 -0.15596405859241D+01 -0.12949247456800D+02  0.51495245699930D+01  0.31203506084669D-03 -0.87446426308082D-04 -0.21319405673031D-03
 -0.21658767815279D+01 -0.15259964265780D+02  0.56401285814151D+01 -0.29970790500988D-04 -0.17964506753827D-03  0.20099341484499D-03
 -0.80647424199917D+01 -0.25185060032103D+01  0.60549187656640D+01  0.26511148893242D-03  0.15230718339352D-04 -0.33504762413383D-03
 -0.47320650723856D+01 -0.42564384218599D+01 -0.33667433899065D+01  0.16497900868254D-03  0.36672000467260D-04  0.12103019308407D-03
 -0.66056196308873D+00 -0.16470147354699D+02  0.48063526591391D+01 -0.34166641393824D-03 -0.70253900286412D-03  0.61422758299877D-03
 -0.35173648331296D+01 -0.15934195214750D+02  0.42736340461563D+01  0.36776231268817D-03  0.76239573748256D-03  0.83237290025130D-04
 -0.20454046674117D+01 -0.15515862014635D+02  0.76299383885345D+01 -0.20709326444774D-03  0.18663321798146D-03  0.39382349891335D-03
  0.11417345873185D+02  0.37480552629599D+01  0.80921608870543D+01  0.35965227415856D-03 -0.16948047574563D-03  0.52124327631002D-03
  0.98925160962807D+01  0.65951899512041D+01  0.89678604659418D+01  0.27081280324319D-03 -0.47162394754113D-03  0.36098274404613D-03
  0.11459614666917D+02  0.63436237783041D+01  0.61868913181127D+01  0.48525600876918D-04 -0.33884365087354D-03 -0.13127351296262D-03
 -0.26567431536300D+01 -0.42092113407691D+01 -0.40473525007857D+01  0.17330313109465D-03  0.31539572523343D-03 -0.50998902849824D-03
 -0.61557292867827D+01 -0.33659670382769D+01 -0.45421247134829D+01  0.73208300521798D-03 -0.16825328219558D-03  0.14432140983758D-02
 -0.50129685928247D+01 -0.63099606007327D+01 -0.30007111691395D+01  0.52891717786258D-05 -0.22939283264575D-03 -0.62126763675170D-03
 -0.78541596627246D+01 -0.39471233589596D+01  0.74628402890411D+01  0.26751801171796D-03 -0.45476787981862D-03  0.27803879142231D-04
 -0.99399466773834D+01 -0.21088575376568D+01  0.61106666172174D+01  0.17140182962923D-03  0.60830316075817D-03  0.36194818858380D-03
 -0.70134737339843D+01 -0.78660681797586D+00  0.65350513694113D+01  0.24672719385950D-03 -0.22506179789863D-03 -0.58156239688544D-03
 -0.94631759197404D+01  0.87261695409674D+01 -0.66616912183061D+01  0.37210883203147D-03  0.51518550202047D-03 -0.47726281622893D-03
 -0.10997216863370D+02  0.88872600155831D+01 -0.37151852402293D+01  0.53147198297542D-03  0.26800936424551D-03  0.60434251514731D-03
 -0.12217150625497D+02  0.68092433274135D+01 -0.60644582922682D+01  0.10684169623120D-02  0.68343625199255D-03  0.75497629689989D-04
 -0.40307395590209D+01  0.68402783642218D+01  0.57075886444450D+01  0.16699702878781D-03 -0.13840304114367D-03 -0.77903194176025D-04
 -0.42220533508319D+01  0.48047880625220D+01  0.72557092417219D+01 -0.54102735734377D-04  0.38076290306212D-03  0.16948300918486D-03
 -0.22536546396502D+01  0.43800072736728D+01  0.91242699155353D+01 -0.13611054534975D-03 -0.46075349168019D-03 -0.93729154677042D-03
  0.31213761946831D+00  0.54038689671769D+01  0.87161130214251D+01 -0.58398792386497D-03 -0.15599487388330D-03  0.36536008610949D-04
  0.34505679388394D+00  0.68788302974331D+01  0.67167997012316D+01  0.18415210972024D-04 -0.54888021087990D-03  0.12830384397589D-03
 -0.16208931647244D+01  0.77993297003115D+01  0.54297581883984D+01  0.22891426128383D-03  0.31841635035839D-03 -0.14639797753750D-03
 -0.20206193474820D+01  0.26085804744728D+01  0.11183973082311D+02 -0.28866872827153D-03 -0.10071057802634D-03  0.11397934971404D-03
  0.25545589220716D+00  0.12631383287492D+01  0.11881603802721D+02 -0.10494403756345D-03 -0.53598672813376D-04 -0.55546005321425D-03
  0.26144820096175D+01  0.23973635832463D+01  0.11104166106578D+02  0.45463380366057D-03 -0.16587627968018D-03 -0.15619696626739D-03
  0.28601314912999D+01  0.44108629801377D+01  0.94746129922306D+01  0.19144374005640D-03  0.22519688933799D-03 -0.24055331495566D-03
 -0.42519855533354D+01  0.15318890129102D+01  0.12099229006503D+02 -0.72797422400453D-03 -0.18896035199495D-03 -0.21244969321497D-03
 -0.40906251655972D+01 -0.83473671295667D+00  0.13230054553786D+02  0.90980164526524D-04 -0.81837889418726D-04 -0.25168710462526D-04
 -0.19644083536225D+01 -0.20916525684326D+01  0.13780977611685D+02 -0.54454780629230D-03 -0.10917393474862D-03 -0.13957197502007D-03
  0.20957408883147D+00 -0.10597014236647D+01  0.13302585286925D+02 -0.32509538726067D-03  0.44416784629331D-03  0.10204994717573D-03
  0.25691338105902D+01 -0.24931073654415D+01  0.13479661096688D+02  0.81357565119335D-03  0.13422588380052D-03  0.18713321403030D-03
  0.46311984434288D+01 -0.13603571742225D+01  0.12522648352223D+02 -0.21498749459165D-03  0.30806694837093D-03 -0.21970289389038D-03
  0.46891575636991D+01  0.94614127341432D+00  0.11501844619756D+02 -0.22534880290639D-03 -0.54061054645311D-04 -0.62399734262114D-04
 -0.67073210357172D+01  0.29481053146778D+01  0.12468956622777D+02 -0.50714612244596D-03 -0.24158967355867D-04 -0.11893977976204D-03
 -0.88320303109677D+01  0.14135088474237D+01  0.12714048506094D+02 -0.17457349776279D-03  0.25026355587876D-03  0.36432860290212D-03
 -0.87734108511535D+01 -0.11172294436434D+01  0.13490511317651D+02  0.13264393057931D-03 -0.17239004939423D-03  0.90506413771551D-04
 -0.63661600267908D+01 -0.22109638149179D+01  0.13618462852144D+02  0.19545907232423D-03  0.24542963333150D-04  0.62330019996019D-03
 -0.68366693319251D+01  0.55767286404865D+01  0.12169458895904D+02  0.16928302761853D-03 -0.30452138914409D-03 -0.63714196252732D-04
 -0.62793560816321D+01  0.31274073267173D+01  0.71165716825849D+01 -0.36431756088993D-03 -0.61725099365140D-05  0.50305043697578D-03
 -0.11630666818077D+01  0.94539723411587D+01  0.32137753006051D+01  0.22896691109748D-03 -0.20223369524395D-03  0.38667216636766D-03
 -0.10883575586485D+02 -0.25694365457225D+01  0.14208285986683D+02  0.98261958851543D-04  0.17463163896170D-03  0.21877550677478D-04
  0.21385498182032D+01  0.78056776853256D+01  0.59748523328955D+01  0.48494422445842D-03  0.13327189538586D-03 -0.16174691739359D-03
 -0.51788852290060D+01  0.72898803911002D+01  0.40699878955377D+01  0.75214201468941D-04 -0.43433233586463D-03  0.86140816910559D-03
  0.64270720636431D+01  0.15903853648641D+01  0.10808015811252D+02  0.42489334719300D-04  0.47446067259227D-03 -0.33450066378394D-03
  0.22639224816118D+01 -0.45029043584804D+01  0.14259814844459D+02  0.49508934100757D-03 -0.33102675404949D-03  0.35726389731406D-03
 -0.64766401128719D+01 -0.43505710040534D+01  0.13637390095579D+02 -0.59606825751860D-03 -0.16609227043957D-03 -0.11191481325960D-03
 -0.10529461198783D+02  0.25460104549804D+01  0.12407059750581D+02  0.92709402763739D-04  0.27639394544472D-03 -0.22508444152930D-03
  0.81237835974494D+00  0.10758760758538D+02  0.30191556230062D+01  0.23361214880353D-03 -0.33180373003926D-05  0.14139621429862D-03
 -0.29906984557424D+01  0.95086134138977D+01  0.13126346169425D+01  0.38380431697029D-03  0.11188862634309D-03  0.90189253977563D-04
 -0.25812448531037D+01  0.11806828161373D+02 -0.32384185999004D+00 -0.43243993223372D-04 -0.53617387813058D-03  0.10059664087083D-03
  0.69337964199763D+01 -0.28004928416481D+01  0.12843663861737D+02  0.20486529853391D-03  0.24726396628369D-03 -0.30747125722233D-03
  0.68246241665854D+01 -0.50800524874089D+01  0.12875734362590D+02 -0.13679865869220D-03  0.52433252855700D-03 -0.31496545060824D-03
  0.89365806041309D+01 -0.11329621691268D+01  0.13381513177767D+02 -0.27759931831367D-03  0.11787938701322D-03 -0.14454158982983D-03
  0.11152065818863D+02 -0.23482346548726D+01  0.14163918432938D+02 -0.21870319083068D-03 -0.88068778743897D-04 -0.67109068622220D-04
 -0.10546646804368D+02 -0.49458381991181D+01  0.14133258564626D+02  0.27466749924507D-03  0.12747294289929D-03  0.84876522567968D-04
 -0.13056379042840D+02 -0.13168918732509D+01  0.14788951311857D+02 -0.18240646955391D-03 -0.32040129328459D-03 -0.53621234610837D-04
 -0.14950924553588D+02 -0.30839499677937D+01  0.15355775275277D+02 -0.98889841644471D-04  0.17995223604519D-03  0.19854920600544D-03
 -0.89623573519265D+01  0.67869654027305D+01  0.12729294853974D+02  0.21859529545761D-03 -0.14367202986896D-03  0.28440724857916D-03
 -0.79468412080592D+01  0.33247773691490D+01  0.50785481935798D+01  0.25106226729359D-03 -0.59629442311527D-04 -0.25953270074339D-03
 -0.15070419262022D+02 -0.30875172743046D+01  0.17518120395364D+02 -0.32077917521427D-03  0.14963249841609D-03 -0.39826293213114D-03
 -0.14615157606708D+02 -0.50848020970244D+01  0.14562371934861D+02 -0.77735331930281D-03  0.48404885574902D-04  0.54360239588398D-03
 -0.16731904627417D+02 -0.23841658971079D+01  0.14832458315913D+02 -0.11419651431497D-03  0.38863095403846D-03  0.33395753264728D-03
  0.12546608140537D+02 -0.16485140515899D+01  0.12881303586604D+02 -0.46786808553940D-03 -0.70251674982939D-03 -0.38068871914558D-03
  0.10678928028842D+02 -0.42813450073490D+01  0.13800743341040D+02  0.87379053311594D-03 -0.10310227313882D-03 -0.77792092577726D-03
  0.11527511135556D+02 -0.18421994061592D+01  0.16240539164557D+02 -0.39342948912320D-03  0.59038922671565D-04 -0.28910276231894D-04
 -0.84542964838267D+01  0.13620038712868D+01  0.45848130424627D+01  0.74268409252627D-03 -0.70599965283393D-03  0.36182169378881D-03
 -0.71134111496187D+01  0.39317824987641D+01  0.32471680006765D+01 -0.20213702264519D-03 -0.12690261608187D-02  0.37099654340914D-03
 -0.98546161731321D+01  0.40842964646437D+01  0.57967554612142D+01  0.20666991619373D-03 -0.31611111643720D-03 -0.17171312376934D-04
 -0.10156260735684D+02  0.59143554162835D+01  0.14413578103303D+02 -0.79998027071184D-03 -0.12662096866118D-02  0.12868342224938D-02
 -0.10197632785166D+02  0.70463616871991D+01  0.11041044511739D+02 -0.26210925250990D-03 -0.32559390893954D-03 -0.11639115555046D-02
 -0.88363775514157D+01  0.87476417906627D+01  0.13476496601714D+02 -0.30444438011758D-03  0.73921408146185D-03  0.16414804986477D-03
 -0.21243160597358D+01  0.11286213733138D+02 -0.22251856784099D+01  0.16253923617526D-03  0.11941237391283D-03  0.24695274026948D-03
 -0.94518717048647D+00  0.12878775038089D+02  0.21261039698691D+00  0.29072945224363D-03 -0.57571599213726D-03 -0.72833217593918D-03
 -0.41812659368894D+01  0.13040563207671D+02 -0.17253490484994D+00  0.62626813799061D-03  0.15291903962359D-03 -0.17294661349061D-02
