 -1.0
 -0.81079641078676D+01 -0.25629911839836D+01 -0.23144003650400D+01  0.27697865864896D-03 -0.23290999946888D-03  0.25107726951955D-03
 -0.59575369632235D+01 -0.35379723077067D+01 -0.12501488915857D+01  0.63427372988679D-03 -0.49936971210839D-04  0.70818536407788D-03
 -0.47197222080190D+01 -0.23403978966326D+01  0.71778270497713D+00 -0.34241541847630D-03 -0.13016579717168D-03 -0.30876613891428D-04
 -0.46534240368638D+01  0.39273477625923D+00  0.59719874501501D+00  0.24436460852355D-03 -0.81188504976788D-04 -0.17882744688514D-03
 -0.65185868201966D+01  0.13611016841826D+01 -0.10126849143017D+01  0.78758439628093D-05 -0.46923638251318D-03  0.36867628166839D-04
 -0.84843473701521D+01  0.66955332491117D-01 -0.21884368325958D+01 -0.41971242709187D-03  0.32239800582947D-03 -0.33835087931014D-03
 -0.31760974436136D+01 -0.35038091065513D+01  0.25300158196504D+01  0.11986557057999D-03  0.48291938420498D-03 -0.80313285282672D-04
 -0.11547783441263D+01 -0.20132785713195D+01  0.32976733177718D+01  0.10123414078107D-03  0.18152670944675D-03 -0.40126316265059D-03
 -0.10091690092862D+01  0.54784343778539D+00  0.25892060958200D+01 -0.42719860970573D-03 -0.10666505329470D-03  0.59259816190978D-05
 -0.29225818002885D+01  0.19321144368673D+01  0.18769887504382D+01 -0.30243274062417D-03  0.12135736983914D-03  0.61337526937417D-03
 -0.34388246442259D+01 -0.59011675887530D+01  0.35654869332915D+01  0.32046412612874D-03  0.62452511711906D-04 -0.26607618033250D-03
 -0.16114138570779D+01 -0.67075662196484D+01  0.55132460264843D+01  0.47920511348629D-05 -0.56240168065401D-03  0.15244207307126D-03
  0.51289300653257D+00 -0.52323893083917D+01  0.60400212906822D+01  0.10294691098921D-03 -0.17246406444371D-03  0.33715091660292D-03
  0.70546728287381D+00 -0.29549575355413D+01  0.49919247831160D+01  0.62532269943725D-03 -0.12125938136283D-04 -0.45511366500007D-03
  0.29364953181318D+01 -0.17183188756773D+01  0.56852437992102D+01 -0.12416123300754D-03 -0.47059022547329D-03  0.19243250810094D-03
  0.33797248214935D+01  0.74704812457433D+00  0.46797034709386D+01  0.27024097976040D-03  0.12743111324382D-03 -0.39065998230418D-03
  0.12145958517795D+01  0.17080912739267D+01  0.33692483668962D+01 -0.46013589772534D-03 -0.88325310742459D-05  0.39828406969554D-03
 -0.57913994492498D+01 -0.71062341395936D+01  0.31185912380434D+01 -0.20871455748251D-03 -0.32396320954262D-03 -0.30234702657199D-04
 -0.57301170773649D+01 -0.96372200790988D+01  0.37053492300029D+01  0.23054510973206D-04 -0.16502233044637D-03 -0.45256977944392D-03
 -0.37658446610364D+01 -0.10617048357510D+02  0.53841055068086D+01 -0.23731763543001D-03 -0.59948909291684D-04  0.34486078776942D-03
 -0.18632487445656D+01 -0.92395706414451D+01  0.63990216154965D+01  0.23563131893664D-03  0.52980066157661D-04 -0.65195887963705D-03
 -0.82730329325386D+01 -0.61231152349577D+01  0.23344069148722D+01  0.47189766745625D-03  0.13836703898971D-03 -0.18624643943356D-03
 -0.50789981574955D+01 -0.57692894718662D+01 -0.19896412753483D+01  0.40981795277653D-03  0.21150955179844D-03 -0.64371579521269D-04
 -0.10610806711974D+02  0.17577063982527D+01 -0.28439222354836D+01 -0.34010664041911D-03  0.96313644553538D-04  0.56520350451540D-03
 -0.42436840480014D+01 -0.13015251348641D+02  0.66288783212707D+01  0.13478228513396D-04  0.44663705873264D-04  0.32325328113455D-03
 -0.66487047387351D+01  0.33749713993065D+01 -0.91210198642448D+00 -0.15446055266712D-03 -0.13820887626935D-03  0.22782636392171D-03
 -0.92465575610661D+01 -0.35996278482713D+01 -0.35046599737322D+01  0.50084905552705D-03  0.53026791072886D-03  0.10554902758825D-02
  0.14994663758210D+01  0.37855597795889D+01  0.28581756896428D+01  0.41153221868403D-03  0.10995495315491D-03  0.43149868312297D-03
  0.42901275354536D+01 -0.28032655299077D+01  0.66842135748535D+01 -0.44809124762363D-03 -0.17962126977550D-03 -0.10956357797890D-02
 -0.29161628362848D+00 -0.10145275131982D+02  0.73882513804221D+01  0.36221838765894D-03  0.10720880411088D-02  0.16508330299611D-04
 -0.70492550792293D+01 -0.10977654481031D+02  0.30289761286027D+01  0.14087743395920D-03 -0.33116877166368D-03  0.34868144342886D-03
 -0.12708805239809D+02  0.10233949980447D+01 -0.35571357601355D+01  0.10726626330487D-03 -0.18984152792178D-04  0.21412025122394D-03
 -0.10036969093707D+02  0.42921927010218D+01 -0.27320911423192D+01  0.22518284864438D-03 -0.10986170542162D-03 -0.49707027221418D-03
 -0.11799608699222D+02  0.58515369805228D+01 -0.39665932525185D+01 -0.61319855499530D-03  0.41409035111645D-03  0.12711013398420D-03
  0.58778130480224D+01  0.19105089873868D+01  0.49671123750997D+01  0.16219318603565D-03 -0.11882060319241D-03 -0.26162370257677D-03
  0.65514890148879D+01  0.32804766577041D+01  0.32430364539984D+01 -0.15305389234036D-03 -0.83878923085580D-04  0.51744013772833D-04
  0.69862447687542D+01  0.17102009190733D+01  0.73061261883210D+01  0.22915400720685D-03 -0.18172092560941D-03 -0.47950301027763D-03
  0.90961691209761D+01  0.33692930100347D+01  0.72381343362460D+01  0.23884096488586D-03 -0.27947035845750D-03  0.20264546050239D-03
 -0.43207404662533D+01 -0.13269989188312D+02  0.89462054297000D+01 -0.16597347088707D-03 -0.12959543755957D-03 -0.27845773041235D-03
 -0.48308725435784D+01 -0.14909309961056D+02  0.49476780827182D+01 -0.72533581655197D-04 -0.29127502385277D-03 -0.29773165825641D-03
 -0.57345812537859D+01 -0.17052864645982D+02  0.60598278101702D+01  0.11979311365985D-03 -0.15821827872113D-03  0.76976474719386D-04
 -0.94380131873285D+01 -0.39315127469567D+01  0.35013325355238D+01 -0.34360571954939D-03  0.13059162629178D-03  0.65614539357059D-03
 -0.62864762467900D+01 -0.74168915890254D+01 -0.37854684001880D+01  0.11893383149346D-03 -0.50624212866055D-03  0.53200356448109D-03
 -0.56364830041163D+01 -0.18853525719384D+02  0.48089340290908D+01 -0.12047610346267D-03 -0.66766287520325D-03 -0.17761238711423D-03
 -0.77410864257916D+01 -0.16898626912485D+02  0.65497751202611D+01  0.19046585535528D-03  0.40001214703119D-03  0.48903849226051D-05
 -0.45712422269231D+01 -0.17185433892689D+02  0.78381000741289D+01 -0.14795474929311D-03  0.21812782902627D-03 -0.53367641904155D-04
  0.10786930651144D+02  0.27745730395634D+01  0.64597293824187D+01 -0.62465047045365D-03  0.98954929944305D-03  0.77932981212241D-03
  0.95857304725278D+01  0.44328224791501D+01  0.90372941191246D+01 -0.10011662310218D-02  0.26992642656390D-03  0.22688354727241D-03
  0.85620735334118D+01  0.50443615322889D+01  0.60604249452235D+01 -0.29345250388724D-03  0.66371295010400D-03 -0.10369917053331D-03
 -0.74578085978195D+01 -0.82494731485327D+01 -0.24475251963629D+01  0.24139485721794D-03 -0.29819332011775D-03 -0.25622695423632D-03
 -0.47514959525549D+01 -0.86207188568328D+01 -0.40814861656862D+01  0.43557312723088D-05 -0.37475754777479D-03 -0.54074246280497D-03
 -0.74319331436433D+01 -0.65889113143118D+01 -0.54731570881700D+01 -0.50116117210655D-03  0.25439156640305D-03 -0.17916801779140D-03
 -0.10992006811021D+02 -0.45616279640307D+01  0.45724671134419D+01  0.14344005143844D-02  0.16424291705326D-03  0.33031168491719D-03
 -0.10104650776817D+02 -0.27507396862971D+01  0.18439328634982D+01 -0.65104903614131D-03 -0.48712521251817D-03  0.64865658137890D-03
 -0.81399591565559D+01 -0.26680944800191D+01  0.46580693185633D+01 -0.73143119125287D-03 -0.20732756497219D-03 -0.45562348000121D-03
 -0.13510693878797D+02  0.51448826673410D+01 -0.46500257879617D+01  0.11755849292760D-03  0.26733047113396D-03 -0.66251906675253D-03
 -0.10689067604885D+02  0.60909266570074D+01 -0.56871904669140D+01  0.16718707902536D-04  0.26624930203276D-03  0.12188452948567D-02
 -0.12067127149643D+02  0.75113660273866D+01 -0.30460203437704D+01 -0.28713696308880D-03 -0.27657476788066D-03 -0.59981110538169D-03
  0.20766309396738D+01  0.99233200873681D+01  0.87888137131763D+01 -0.61467378262955D-03 -0.20141139901074D-03  0.42464021241866D-04
  0.56359959220315D+00  0.78295452102755D+01  0.83496682029756D+01 -0.82346487513432D-03  0.15818620054185D-03 -0.11387330454077D-03
  0.91891728190091D+00  0.58659612021302D+01  0.10390734489915D+02  0.67442671823824D-04 -0.37820809410751D-03 -0.67815088068424D-04
  0.32342522243582D+01  0.60595806126945D+01  0.11935706810341D+02  0.99179586802357D-04 -0.29289623272751D-03 -0.38215733664447D-03
  0.43521503429973D+01  0.83096995582131D+01  0.12454037088433D+02 -0.14605280083106D-03 -0.20272630546125D-03  0.19651477659730D-03
  0.36369432288220D+01  0.10352769719102D+02  0.10912145860780D+02 -0.33871164595327D-03  0.32303732935871D-03  0.20558070365721D-03
 -0.64411946705016D+00  0.36302763957102D+01  0.10550399030145D+02 -0.33426838534934D-03 -0.43194496314059D-03  0.57335164415294D-03
  0.55372222599156D+00  0.15289678856107D+01  0.11650535852568D+02  0.40654679558599D-03 -0.18776014529247D-03  0.90095797442354D-04
  0.29907919161215D+01  0.17645153177919D+01  0.12662638651753D+02  0.19451308184529D-03  0.48405266889483D-03  0.23547668950568D-04
  0.43655922193197D+01  0.39449218607622D+01  0.12702920264338D+02  0.27987542991235D-03 -0.58968175213649D-03 -0.12183002628034D-03
 -0.28725876354931D+01  0.31982054884134D+01  0.92184711072892D+01 -0.32266466990776D-03  0.13478963294991D-03  0.37133033369251D-03
 -0.35954947987669D+01  0.62944522732966D+00  0.86208072005736D+01 -0.10223656586247D-03 -0.94905436495448D-04  0.40145742659483D-03
 -0.23185130560264D+01 -0.13604543279464D+01  0.97123004558696D+01 -0.17308244106403D-04  0.52139686820401D-03 -0.14696693537666D-03
 -0.37500655762995D+00 -0.93657472753635D+00  0.11289737929330D+02 -0.25559410213530D-03  0.20089099550352D-03  0.16181217766787D-03
  0.89027540507458D+00 -0.30051481969133D+01  0.12318785581087D+02  0.29538107748045D-03 -0.11783217251577D-03  0.17528826546241D-03
  0.31483105651987D+01 -0.26499407638400D+01  0.13560026254731D+02 -0.31028070957211D-03  0.10952793046562D-03  0.26996715349029D-03
  0.42811243463252D+01 -0.37892460663459D+00  0.13659114896822D+02  0.26245663271080D-03 -0.49183888232713D-04  0.17675472729572D-03
 -0.47919979319428D+01  0.51749919635328D+01  0.88807622959292D+01  0.58977965004616D-04 -0.21826466804938D-03 -0.14302191270003D-03
 -0.69010209607157D+01  0.49174028230003D+01  0.73637683952984D+01  0.14604284589820D-03  0.83607232522175D-04 -0.20620690421618D-03
 -0.75294586324613D+01  0.22995663854306D+01  0.67225617387508D+01  0.11889374344656D-03 -0.37932234718150D-04  0.15498949002526D-03
 -0.60304169029623D+01  0.35520762452534D+00  0.74441938102738D+01 -0.98628740035452D-05  0.12250070953025D-03  0.16014426130075D-03
 -0.42271335595367D+01  0.73164045293595D+01  0.10173526792156D+02  0.48660523750304D-03  0.80958708469716D-04 -0.38151741034121D-03
 -0.12232884839264D+01  0.73849058890906D+01  0.63308643106157D+01  0.19527630451917D-03  0.24887693088169D-03  0.48360766408455D-03
  0.42208836877251D+01  0.13287862253995D+02  0.11102694354580D+02  0.23562308374113D-03  0.22724588113021D-04 -0.20262814184130D-03
 -0.10098443817656D+02  0.22149909315257D+01  0.61056982362212D+01  0.56449535882259D-03  0.14088051579927D-03  0.23378512374747D-03
  0.56465930759539D+01  0.84394421076824D+01  0.14148516205656D+02  0.73700650343868D-03  0.25182281702069D-03 -0.36039134378735D-03
  0.23163764574680D+01  0.11105137888160D+02  0.70290892226210D+01  0.34769274072382D-03 -0.18368509576185D-03  0.12067092093888D-03
  0.60575516517177D+01 -0.50072263412735D+00  0.14770331434785D+02  0.33105497198702D-03  0.57090135840920D-03 -0.35824270162764D-04
 -0.23513168430682D+00 -0.49066412812362D+01  0.12792500160406D+02 -0.31885425349068D-03 -0.19727444526224D-03 -0.52825070613301D-03
 -0.69104697237313D+01 -0.17189769254343D+01  0.73891281629823D+01 -0.55070413389901D-03 -0.36069119046593D-03 -0.95178691026060D-03
 -0.81944253895759D+01  0.65651122608677D+01  0.71625055381485D+01 -0.55156421975114D-03  0.80031452264694D-03 -0.59763996926064D-03
  0.49893579559398D+01  0.14349216534734D+02  0.13061449654823D+02  0.87639619510624D-04  0.56688239501714D-03 -0.15667368466241D-05
  0.36547044848053D+01  0.14581939542221D+02  0.90042079567293D+01  0.15033347258034D-03  0.43904265182588D-03 -0.33992384705000D-03
  0.42113003783079D+01  0.17224558674847D+02  0.93080708179210D+01 -0.40275754684541D-04  0.77882505900453D-04  0.49088651406833D-03
  0.41349546088308D+01 -0.50218532136914D+01  0.14866352767991D+02 -0.20920890193803D-03 -0.30486605946319D-03  0.24695519397307D-03
  0.27544102105789D+01 -0.68871682856811D+01  0.15186569969754D+02 -0.37015947107304D-03  0.15261284129504D-03 -0.39717719408435D-03
  0.65080258734088D+01 -0.44226090588444D+01  0.15915019108723D+02 -0.22707469317600D-04  0.38771840810989D-04  0.80667688061161D-06
  0.73052523100202D+01 -0.64344186003481D+01  0.17568454345698D+02 -0.28498296493077D-03  0.14041020733245D-03 -0.14796497559619D-03
 -0.10994958335479D+02  0.12100858943610D+00  0.54931756138099D+01 -0.22642457561037D-04  0.37449535332414D-04 -0.41631161051561D-03
 -0.11584081958066D+02  0.42366734985036D+01  0.66698740992845D+01  0.29350449045166D-03 -0.17640456289023D-03 -0.27964526909662D-03
 -0.14136791379317D+02  0.41990363803935D+01  0.57570938571581D+01 -0.13351454793880D-03  0.85796219322358D-05  0.15541950381753D-03
 -0.59353354405024D+01  0.89555971465303D+01  0.11524717289689D+02  0.83218572982339D-03 -0.77909616195146D-04 -0.70922010341295D-04
 -0.36134130920932D+00  0.83805372958491D+01  0.38252238548405D+01 -0.78812654880378D-03  0.12279427831681D-03 -0.94016182736669D-04
 -0.14373262503870D+02  0.57148221846777D+01  0.40873864072478D+01 -0.10594936717058D-02  0.62953372324031D-03  0.56034313546077D-03
 -0.15234932421596D+02  0.52174789807874D+01  0.72364362183556D+01 -0.58434499037010D-03 -0.15985816164202D-03 -0.33641848675622D-03
 -0.15329596775572D+02  0.23978536088620D+01  0.59663135744025D+01  0.43973633822499D-03  0.69471745425431D-03  0.50961363264075D-03
  0.88797383798626D+01 -0.59285872101687D+01  0.18969684583431D+02 -0.84619883785538D-03 -0.27346353725532D-03  0.18166661973850D-04
  0.81750426702549D+01 -0.78474422550660D+01  0.16428431212357D+02  0.53766878407576D-03 -0.33550295865419D-03  0.70506117046348D-03
  0.54238676032709D+01 -0.71367719027450D+01  0.18443077881441D+02 -0.28133308104630D-03 -0.35226447501813D-04 -0.13649790891126D-03
  0.15224760258949D+01  0.76533255450092D+01  0.33792218520934D+01  0.18896336974710D-06  0.11743024803014D-04  0.65758338159041D-03
 -0.85995077710437D+00  0.10439458081053D+02  0.40214843912796D+01  0.21716870099138D-03  0.55359776530129D-03 -0.52386472611863D-03
 -0.17083156682916D+01  0.76621480352051D+01  0.23678659617243D+01  0.24707424863263D-03 -0.28868177874824D-03 -0.97758589108076D-03
 -0.71952108534661D+01  0.79243988011949D+01  0.12633075247051D+02  0.37830043737666D-03  0.13792999041327D-02 -0.97764674004295D-03
 -0.69985076891172D+01  0.10245448517961D+02  0.10090863749988D+02 -0.10517464499924D-02 -0.76527565339027D-04 -0.39678497199735D-03
 -0.49555419377620D+01  0.98711495696767D+01  0.12999470926967D+02 -0.62304920019856D-03 -0.46923656785347D-03 -0.54965612838123D-03
  0.58012255211875D+01  0.17924809890500D+02  0.10222567130693D+02 -0.24945353194444D-04 -0.13076399672336D-02 -0.74046479275368D-03
  0.29696779577566D+01  0.17857696145924D+02  0.10927105797971D+02  0.13353870702533D-03  0.40403016676957D-03  0.10042797466893D-02
  0.36287883291450D+01  0.18441578911725D+02  0.78193393183953D+01  0.74248831441324D-03 -0.26099955333953D-03  0.24004968076048D-03
