 -1.0
 -0.55492618849693D+01 -0.27874699032702D+01 -0.19150526955889D+01 -0.94329567351784D-04 -0.41704313515327D-03 -0.11718712467196D-03
 -0.38498107269857D+01 -0.38239610221520D+01 -0.42141143860062D+00 -0.53026997027609D-03  0.17239220394924D-03 -0.10664205096367D-03
 -0.22169453050935D+01 -0.18228281787919D+01  0.94815690631047D+00  0.27402819087250D-03 -0.17804049913830D-05 -0.23195005864633D-03
 -0.20512280674596D+01  0.67683806749324D+00 -0.67928463629786D-01 -0.14254201236310D-03 -0.15210701776607D-03 -0.97341904806055D-03
 -0.36108954393044D+01  0.11496234431286D+01 -0.23222117471121D+01 -0.10140955085094D-02  0.17607130315839D-03 -0.23933243229554D-03
 -0.55688620354622D+01 -0.31344466732895D+00 -0.28368999184773D+01  0.30064862431783D-03  0.29119354866392D-03 -0.41677495540738D-03
 -0.51546493336308D+00 -0.26495174766462D+01  0.27777520235292D+01  0.54386888954333D-04 -0.13966915089480D-03 -0.16878387030334D-03
  0.15870304533636D+01 -0.10149522594351D+01  0.30884377685928D+01  0.32542679052106D-03 -0.23131958799114D-03  0.37563106707883D-03
  0.17161277955202D+01  0.13226434966248D+01  0.16425256653559D+01  0.64238626791920D-03 -0.13429621427879D-03  0.74417693538618D-03
  0.14373460625097D+00  0.20075191491620D+01 -0.82799303783875D-01  0.17773671720907D-03 -0.82818341351144D-04 -0.82075738474471D-04
 -0.96528651987609D+00 -0.44364061256397D+01  0.47670233761833D+01 -0.14878680949672D-03  0.21496044936691D-03 -0.28589716754608D-03
  0.12279127286361D+01 -0.53095744451791D+01  0.61251628386093D+01  0.10038372601494D-04  0.55589514755808D-04  0.16113423712407D-03
  0.35296164425068D+01 -0.39585148679811D+01  0.59943248906377D+01  0.35892762787795D-03 -0.77554756512193D-03  0.28995352162341D-03
  0.35989752621274D+01 -0.17435194757493D+01  0.46372319806057D+01  0.13313363640748D-02  0.19498573134826D-03  0.66432299759057D-03
  0.54795540394691D+01 -0.99123330326942D-01  0.48656362111245D+01 -0.70262898316419D-03  0.28153939838304D-03  0.35535618122313D-03
  0.60051172102885D+01  0.20463740106529D+01  0.33957717082365D+01  0.10399311381195D-03 -0.29228558965947D-03 -0.67343711571293D-03
  0.40002968588901D+01  0.26404877660256D+01  0.16584200179438D+01  0.35423681236736D-03  0.17220006596984D-03 -0.52719898792127D-03
 -0.33304253453548D+01 -0.56357780467537D+01  0.51266323414708D+01  0.10352340522133D-03 -0.62751450651742D-03 -0.97365663014080D-03
 -0.36040872271163D+01 -0.78569089687727D+01  0.66059390906180D+01 -0.50321851673416D-03  0.16251150427192D-03 -0.11559605959213D-03
 -0.14107336928526D+01 -0.92128779857999D+01  0.75012657181802D+01 -0.20403409122818D-03  0.77553441930106D-04 -0.21658854355048D-03
  0.84958386885454D+00 -0.77448543900445D+01  0.71953589637140D+01 -0.76594190135252D-03  0.44876788709003D-03  0.28434904019353D-03
 -0.54303638829473D+01 -0.43523396913627D+01  0.44235968894485D+01  0.15804648466088D-03 -0.36815437235911D-04  0.41448579897094D-03
 -0.30447063819405D+01 -0.64425855251970D+01 -0.70614917188827D+00 -0.32081685968154D-03  0.31243887012420D-03 -0.69575458360688D-04
 -0.72279899897413D+01  0.61580338746611D+00 -0.46510077112293D+01  0.10150852787829D-03  0.10392883446895D-03 -0.10438509807562D-03
 -0.15582029659107D+01 -0.11928869051668D+02  0.84779942034122D+01  0.57205104869718D-04 -0.87119617881907D-04  0.65030221069275D-04
 -0.35106691763073D+01  0.31985956763966D+01 -0.29099010697287D+01 -0.76725241441322D-03  0.13254127460276D-03 -0.47881010889769D-04
 -0.68258754254952D+01 -0.40882052227296D+01 -0.28742861874249D+01 -0.31160552098730D-03  0.12094175713756D-03  0.32633914218350D-03
  0.37097047217772D+01  0.43727084646283D+01  0.89981700833878D+00 -0.46364698573350D-04 -0.44331782250345D-03  0.31761638099225D-03
  0.70295617260914D+01 -0.81502093328315D+00  0.58904788432957D+01 -0.81100188976945D-03 -0.56412505400014D-03  0.43979664288370D-03
  0.23657097336476D+01 -0.86502664325235D+01  0.83575816567183D+01  0.96305180319088D-04  0.22052564472121D-04  0.54586500935157D-04
 -0.54853925011504D+01 -0.83922097907004D+01  0.69711369603429D+01 -0.31107990938784D-03 -0.50778068577790D-03 -0.93839818643225D-03
 -0.90751745986421D+01 -0.65868535245148D+00 -0.50718482610290D+01  0.30003087696006D-03  0.32965097566600D-03 -0.32312039738616D-03
 -0.67326558601900D+01  0.30461802288069D+01 -0.56242783258451D+01  0.31289413100821D-03  0.59465884332331D-03 -0.33923750910226D-03
 -0.63099046380457D+01  0.27414493002584D+01 -0.81463706012830D+01 -0.40926588781795D-03  0.34598965276297D-03  0.14900765525061D-03
  0.82771247141812D+01  0.37029613296998D+01  0.29282157518078D+01 -0.17060630025816D-03 -0.39615823724625D-03  0.33944974458706D-03
  0.10148901639243D+02  0.33849938145124D+01  0.41875021171678D+01  0.85784925974522D-03  0.21309344049227D-03  0.70709807792840D-03
  0.83618558418468D+01  0.52947490092245D+01  0.82867429140440D+00 -0.21285056346573D-03 -0.13446126474729D-03  0.42443653119883D-03
  0.10865662982431D+02  0.64380281307544D+01  0.66006737021974D+00 -0.51786547517672D-03  0.10034596117801D-03  0.34886779323369D-03
 -0.36299083373703D+01 -0.12987344730554D+02  0.82760112805639D+01  0.49095873883883D-03  0.27434829231831D-05  0.20760079770065D-03
  0.48045325011075D+00 -0.12987912429984D+02  0.99728158542551D+01  0.18876571449843D-03  0.57873037456314D-04  0.13778841146720D-03
 -0.51371741738156D+00 -0.14677855763449D+02  0.11901736663560D+02 -0.19063805092153D-04 -0.30849737264790D-03  0.46550677968197D-03
 -0.73847158144020D+01 -0.57536177352468D+01  0.32910010746997D+01 -0.46261658115865D-03  0.34376783932407D-03  0.17048906108536D-03
 -0.56115310344238D+00 -0.71626134338457D+01 -0.11872235114512D+01 -0.28136760599426D-03 -0.34476412706255D-04  0.13453568432676D-03
 -0.87608172863495D+00 -0.16576919575728D+02  0.10842731260563D+02  0.46758223064506D-03  0.28160106897720D-03 -0.96586921131658D-04
 -0.22045536528523D+01 -0.13614209747486D+02  0.12178494168540D+02  0.28551880179849D-03  0.40320610446607D-03 -0.91398778053645D-03
  0.64303844385015D+00 -0.14664395766371D+02  0.13538521937812D+02  0.83515980125829D-03 -0.39758783744659D-03  0.38433532526277D-03
  0.11149041505603D+02  0.80021280047912D+01  0.20486206449269D+01  0.13047149184639D-03  0.10278748605292D-03  0.36420132480170D-03
  0.10667662641681D+02  0.74841100472024D+01 -0.10134861066632D+01 -0.31386784462163D-03  0.42265819016688D-03  0.44543839236869D-03
  0.12087944219609D+02  0.48995348475211D+01  0.42881732026381D+00  0.83347607437070D-03 -0.70810353900723D-03  0.55060071637061D-03
 -0.45320501525509D+00 -0.86643461790898D+01 -0.25748323272362D+01 -0.79395644974859D-04  0.30254755003146D-03  0.55292853595702D-03
  0.48902982908467D+00 -0.80992630080162D+01  0.53835798666856D+00 -0.84902522305337D-03  0.20862806770898D-03 -0.96828474013464D-03
  0.79697122816254D+00 -0.55916302317035D+01 -0.14553955796957D+01 -0.61597639630703D-03  0.54388609056916D-03  0.32981335144587D-03
 -0.85081361684175D+01 -0.43860854761161D+01  0.22741691501116D+01  0.57015622270712D-03 -0.10102134602363D-04  0.38484132322489D-03
 -0.82843388457301D+01 -0.70974381574850D+01  0.43996610225774D+01  0.13588975582565D-02 -0.10879942757361D-02  0.13251087619948D-03
 -0.64725606267142D+01 -0.69212154111884D+01  0.16771236639830D+01  0.50164243411601D-03 -0.19732158400825D-03  0.16486357437157D-03
 -0.49335477348711D+01  0.43861079047374D+01 -0.87858146373982D+01  0.22561646456478D-03 -0.39566296011201D-03 -0.41304843783563D-03
 -0.79190290596874D+01  0.26954439787120D+01 -0.92151421389097D+01  0.44544739963285D-03 -0.36637013236878D-03  0.36876613095657D-03
 -0.51665377075641D+01  0.88998496138553D+00 -0.84518241187176D+01 -0.58641861106110D-03 -0.28050209790163D-03  0.35456961212342D-03
 -0.25889406504771D+01  0.74824177456122D+01  0.44118474272614D+01 -0.25925396184143D-03 -0.24784698998964D-03  0.47248902652538D-04
 -0.39779724623274D+01  0.57324256525212D+01  0.59650398183875D+01  0.17411121835980D-05  0.41756988163209D-03 -0.26308260368821D-03
 -0.27827005662401D+01  0.43278958640523D+01  0.81065797253176D+01  0.41381789529654D-03  0.41979254883057D-03  0.13720496731081D-03
 -0.12876440336308D+00  0.42592971415875D+01  0.78846616628233D+01 -0.25604207713194D-04 -0.27468998224995D-03  0.19535346360450D-04
  0.12607532696009D+01  0.60574965366932D+01  0.63683201069197D+01  0.33264276876639D-03 -0.61643688182363D-03 -0.11729952777130D-05
  0.37103182830340D-01  0.76489054616510D+01  0.45880175562287D+01 -0.33895622887580D-03  0.17612053664535D-03 -0.22957480783964D-03
 -0.39509393366437D+01  0.27271312452266D+01  0.10062958821606D+02  0.45904586746915D-04  0.51262848757390D-03 -0.10592182801561D-03
 -0.23910992345708D+01  0.13234114213648D+01  0.11626550577913D+02  0.30849282360272D-03 -0.35474986423515D-03 -0.13151975573065D-04
  0.18800797121636D+00  0.12616508657273D+01  0.10881212595457D+02 -0.94943810940769D-04 -0.16065953037568D-03 -0.16058219958937D-03
  0.14174141685384D+01  0.31346242976544D+01  0.95087693052787D+01  0.22899040519145D-03 -0.46448710965723D-03 -0.18018109679834D-03
 -0.62401204731615D+01  0.34762435096982D+01  0.11395733454457D+02 -0.21277768388448D-03 -0.13341946741823D-03 -0.32375502226373D-04
 -0.71588301888912D+01  0.18051564469996D+01  0.13412943624351D+02 -0.11415243400582D-03 -0.14656095721299D-03  0.43305695063680D-03
 -0.59747081112062D+01 -0.33796069323453D+00  0.14029832962337D+02  0.13179282978273D-03 -0.24194341438697D-03 -0.14520439927085D-03
 -0.34628769760489D+01 -0.36647286105629D+00  0.13417684475658D+02  0.37260914157661D-04  0.35946315705563D-03 -0.99025336274358D-04
 -0.19154129037595D+01 -0.24176082155365D+01  0.14004020365087D+02 -0.20658641798661D-03 -0.42925747162470D-03  0.29122468713866D-03
  0.77605020170463D+00 -0.26284527170223D+01  0.13461907657585D+02 -0.11674382769551D-03  0.12065595646791D-03  0.13265358929722D-03
  0.18539386597604D+01 -0.83999397314316D+00  0.11672826021314D+02  0.69061474367381D-03 -0.44502779108293D-04 -0.37294937082923D-03
 -0.77466055779237D+01  0.55816482760807D+01  0.11107407630659D+02 -0.18735142432805D-04 -0.24132544695898D-03 -0.16147192395741D-03
 -0.10014649353821D+02  0.61103856518299D+01  0.12478131211333D+02 -0.56379911461369D-03  0.47573930753256D-03  0.37034441207276D-03
 -0.10603873956852D+02  0.45152625748496D+01  0.14453947223826D+02 -0.15323628498055D-03 -0.18192581005470D-03  0.24820095368200D-04
 -0.91193533851565D+01  0.24022707500403D+01  0.14856970239158D+02  0.49297864674246D-03 -0.43254809966383D-04  0.99595655425484D-04
 -0.67460280458842D+01  0.78743438764366D+01  0.10024182429664D+02  0.46272234412957D-04 -0.36752957985933D-04 -0.14239741250806D-03
 -0.65580380744042D+01  0.56413749479978D+01  0.53250302118982D+01 -0.27622319191364D-04  0.19431208726388D-03  0.21570847809603D-03
  0.16731808177853D+01  0.98078572908508D+01  0.34509814977795D+01  0.95925593879066D-04  0.36303227064178D-03 -0.28198381718438D-03
 -0.12222268449643D+02  0.56497377294275D+01  0.16248834319466D+02  0.19001374395734D-03  0.35386320714514D-03  0.16033445953825D-03
  0.31871988192364D+01  0.64464007061953D+01  0.65320644215717D+01  0.43803718789061D-04 -0.27187575189434D-03  0.32450098650003D-03
 -0.36319795581318D+01  0.87383560906481D+01  0.33159291426240D+01 -0.66862070682619D-03 -0.82887730053364D-05 -0.48756362725855D-03
  0.39257308324775D+01 -0.87095837904344D+00  0.11321645222396D+02  0.40214050331690D-03  0.51618803965507D-03 -0.33643229223191D-03
 -0.28181760585253D+01 -0.42779303602262D+01  0.14424667500841D+02  0.88729030195484D-03  0.67129804894376D-03 -0.10172626163663D-02
 -0.96786116013301D+01  0.13029449585593D+01  0.16362241627938D+02  0.73921913500671D-03  0.66101830840113D-03 -0.80350056824843D-03
 -0.11059324997109D+02  0.78724455729498D+01  0.12210189859239D+02 -0.59462800047979D-03 -0.32601679516403D-03  0.33799618548345D-03
  0.40681659789102D+01  0.94835531310678D+01  0.29168502635482D+01 -0.42628790400199D-03 -0.33182107857604D-03 -0.19578759150805D-03
  0.21373532963216D+00  0.11742183349044D+02  0.29821520939316D+01 -0.53432887190033D-03 -0.43943343884266D-03 -0.34987722604279D-03
  0.13227250394219D+01  0.13608267859092D+02  0.14326670593577D+01 -0.53797895220570D-03 -0.49208525702900D-03  0.42774447279858D-03
  0.18667830317726D+01 -0.51775220996447D+01  0.13829822107211D+02 -0.54791260310073D-03  0.51430823741996D-03 -0.35757815632692D-04
  0.33569420883845D+01 -0.53597559963328D+01  0.15723975222256D+02 -0.41089203857564D-03  0.46269797652117D-03 -0.17465838292105D-03
  0.10643196651092D+01 -0.73594405545580D+01  0.12690244376488D+02 -0.30906853140721D-03 -0.12924489749449D-03  0.66727175566321D-04
  0.27250994086270D+01 -0.93563887897569D+01  0.13314624405737D+02 -0.45817981032680D-03  0.42023285857229D-04  0.12130397204331D-03
 -0.13807282711231D+02  0.70605583313305D+01  0.15402493221812D+02  0.16880311631470D-03 -0.82899244640354D-03  0.13379236909604D-03
 -0.11720051089555D+02  0.53023196455105D+01  0.18824299672196D+02  0.54336135006382D-03  0.22542573563726D-03 -0.10007966105866D-03
 -0.13197749973972D+02  0.72799463917678D+01  0.20238557446309D+02  0.68362967962333D-03  0.24263376925503D-03  0.22666257648261D-03
 -0.89333677798040D+01  0.91123838403662D+01  0.85174755249390D+01 -0.29255032221045D-03 -0.67315461072758D-03 -0.14790893219389D-03
 -0.74627184967082D+01  0.31056945435533D+01  0.54630439985218D+01 -0.34121031237661D-03 -0.18007522866110D-03 -0.30982873101035D-03
 -0.12712813852010D+02  0.70157265732771D+01  0.22088835124833D+02  0.60274982257791D-03 -0.55529734663379D-03 -0.32549549297979D-05
 -0.15210803969620D+02  0.67975469470521D+01  0.20315141344412D+02 -0.12397583278477D-04  0.25658720312418D-03 -0.40205551493748D-03
 -0.12953164580490D+02  0.91141946330027D+01  0.19323066523701D+02 -0.15639794434219D-03  0.14604001143933D-03 -0.65753544661443D-03
  0.46611260964925D+01 -0.84379530349691D+01  0.14036093398469D+02  0.10699642731735D-02  0.14411022204940D-02  0.54816227615005D-03
  0.27960528145823D+01 -0.10449281233997D+02  0.11615302551633D+02 -0.65128238795220D-03  0.14314509880836D-03  0.46321664102039D-03
  0.15755466158891D+01 -0.10552178734339D+02  0.14536408549327D+02  0.15320319584269D-03  0.15762478147194D-03  0.17738145662113D-03
 -0.95078733644618D+01  0.31442191811408D+01  0.59259093301406D+01 -0.74475927960069D-03 -0.34766637113749D-03 -0.15770433819654D-03
 -0.67161512103109D+01  0.24188718894136D+01  0.71117356533547D+01  0.12081466622761D-02  0.32818983564260D-03 -0.79898406307224D-03
 -0.72986794302680D+01  0.23801286889573D+01  0.33514015352318D+01 -0.77543525780074D-03  0.15569400115331D-02 -0.71876520507396D-03
 -0.10297826576817D+02  0.96104352823017D+01  0.97323509889527D+01 -0.86841951269003D-04  0.68123274742922D-03  0.15035149510113D-03
 -0.95663386184832D+01  0.77077760801864D+01  0.72034560632496D+01  0.73676114916564D-03  0.33699936204576D-03  0.12264198557563D-02
 -0.82984403155389D+01  0.10488430876635D+02  0.69986762868174D+01  0.18611730916636D-03 -0.18269384843958D-03 -0.60854457308278D-03
  0.53411602844848D+00  0.13360920422291D+02 -0.40518496839936D+00  0.39402811692802D-03  0.20528828306928D-03  0.57119557151280D-03
  0.33897540111335D+01  0.13119150837494D+02  0.14638427127937D+01 -0.12374237128595D-03  0.17702953573575D-03 -0.13759428566136D-03
  0.10636175128693D+01  0.15548102152160D+02  0.22440812813015D+01 -0.20912128736966D-03  0.19665079399847D-03  0.34670330965337D-03
