 -1.0
  0.49692178089137D+00  0.10754366426363D+01 -0.10169215988879D+01 -0.73751869324063D-04 -0.10044924308067D-03  0.29049218434118D-03
 -0.10585805803129D+01  0.22755791004737D+01  0.83151784466609D+00  0.26247207328988D-03 -0.12667257146005D-03  0.30815861773846D-03
 -0.58301958022059D-01  0.26483645869564D+01  0.32871420328980D+01 -0.26416663056009D-03  0.17818666347338D-03  0.20630753668553D-03
  0.21724073064169D+01  0.13312831241333D+01  0.39274869109918D+01 -0.24239417383514D-03  0.67499165076026D-04  0.11749444400037D-03
  0.36916110656454D+01  0.25155278510884D+00  0.20714196664490D+01 -0.96844132094070D-04  0.87091960803920D-04  0.16974266070851D-03
  0.28846286725386D+01  0.11506512022413D+00 -0.46009611564851D+00  0.45332884068969D-03  0.34058796833403D-03 -0.15617126965344D-03
 -0.13025812301679D+01  0.42132364901051D+01  0.51545539766187D+01 -0.12926548043291D-03  0.39512094933368D-03  0.23714150404624D-03
 -0.88098949474436D+00  0.36661225674893D+01  0.77339278389899D+01 -0.17230879431454D-03 -0.31244456977003D-03 -0.24780046559654D-04
  0.11867838872634D+01  0.21722815569108D+01  0.83429219653142D+01  0.10647198495980D-03 -0.16482983564417D-03 -0.24078180801399D-05
  0.25304287734622D+01  0.84250378493142D+00  0.64601688016146D+01 -0.19030057727700D-03 -0.45430896508629D-03 -0.24513517290719D-03
 -0.28767162160051D+01  0.61898722995350D+01  0.44778330268107D+01 -0.96077708128570D-04  0.23098903283502D-04 -0.48161561555350D-03
 -0.43404338771015D+01  0.71262068888247D+01  0.65143243585413D+01 -0.19487649618166D-04  0.14768358245669D-03  0.22828566627970D-03
 -0.44857582157271D+01  0.61647045515286D+01  0.89474387175369D+01  0.42528712116006D-03 -0.80250911570561D-04 -0.24078598435859D-03
 -0.24012006831358D+01  0.50186201177841D+01  0.95463138625788D+01  0.29302724203374D-04  0.26516672929122D-04 -0.13642352290282D-03
 -0.17322216550540D+01  0.43748999641569D+01  0.11998917899333D+02  0.57252765844188D-04 -0.17912425781782D-03  0.85015738344131D-04
  0.24125023095311D+00  0.27487938131063D+01  0.12633852578677D+02 -0.15773684599209D-03  0.35928632718195D-03  0.10060888810776D-03
  0.17727838800319D+01  0.15704017719485D+01  0.10937659902909D+02  0.14732781279165D-03  0.43850503941370D-04  0.31702371970848D-03
 -0.24484118423767D+01  0.77908007220106D+01  0.22716883700226D+01 -0.79110361616181D-04 -0.21162467722103D-03  0.53678806209391D-04
 -0.40237681058169D+01  0.97570984998883D+01  0.20751682464290D+01 -0.71592852577972D-05 -0.71961776976573D-04  0.16967023930596D-03
 -0.59510541391990D+01  0.10354386668553D+02  0.38380972771783D+01  0.77883567913310D-04  0.32475572959819D-03  0.20672311708217D-03
 -0.60756813255479D+01  0.90295865261981D+01  0.60697774731941D+01 -0.38189984226775D-04  0.67427096162845D-04 -0.26450173160179D-03
 -0.34626089207197D+00  0.72648404371598D+01  0.78593201641844D+00 -0.17621322637962D-04 -0.20706011434096D-03  0.38278416646680D-04
 -0.34919370974165D+01  0.31463768762930D+01  0.14518631880548D+00 -0.14674151415365D-04  0.21183555330086D-04  0.25432604829056D-03
  0.40005565901377D+01 -0.14282990883516D+01 -0.24856429121331D+01 -0.98859710786323D-04  0.25788430549005D-03  0.32615573408485D-03
 -0.77642486252139D+01  0.12230784316351D+02  0.31003042609281D+01  0.24367336610099D-03 -0.28799186421032D-03 -0.54470034937667D-04
  0.54938146574830D+01 -0.56461044810393D+00  0.26553014051595D+01  0.13030359416698D-03 -0.52150726480764D-03 -0.90515590037794D-03
 -0.46369527638852D-01  0.91397846350039D+00 -0.29892155186589D+01  0.40659489008425D-03  0.39394649902777D-04 -0.21757504579854D-03
  0.32145210755723D+01  0.73838186538832D-01  0.11350975359064D+02  0.48868340606117D-03  0.60109233728212D-03  0.17952137286930D-03
 -0.25896951420827D+01  0.56276668300283D+01  0.13518642341006D+02  0.27556477881292D-03 -0.25052209974575D-04  0.86473895961698D-03
 -0.75533183829096D+01  0.95973078356467D+01  0.75586351619432D+01 -0.40447137179874D-03 -0.36644162330967D-03  0.12758776246234D-03
 -0.37662916147859D+01  0.10604766454856D+02  0.35699343350236D+00  0.54779220686056D-03 -0.31170619496433D-03  0.33704011801439D-03
  0.32692717684954D+01 -0.11629823746574D+01 -0.47113640919505D+01 -0.11194437234271D-03 -0.22580552609832D-04  0.28713518833470D-03
  0.57620798653881D+01 -0.30761400705140D+01 -0.16886742227191D+01 -0.20339680608628D-03 -0.12786308414306D-03 -0.10599475205413D-03
  0.67213204600102D+01 -0.45206765842687D+01 -0.37039713308864D+01  0.47423477710560D-04 -0.33421300848325D-04  0.21827168046678D-03
  0.81761461171823D+00  0.21366224228686D+01  0.15248534385507D+02 -0.15359687727372D-03  0.30919979551921D-04 -0.22552721434610D-03
  0.24794952236841D+01  0.49551624820966D+00  0.15674859759922D+02  0.20711334037516D-03  0.21215653472876D-04  0.16534274410712D-03
 -0.67166470620193D+00  0.32095711297802D+01  0.17101973980658D+02  0.16233447739908D-03  0.72266288076656D-04 -0.27863541596159D-03
 -0.30740364214657D+00  0.17644291141758D+01  0.19399553797004D+02  0.13939193754018D-03 -0.36186706874075D-03  0.19220391606192D-03
 -0.91675468411364D+01  0.13340338769035D+02  0.46128840950539D+01 -0.18548006720759D-03 -0.20508313223979D-04  0.28331202963002D-03
 -0.78777854847944D+01  0.12819428591515D+02  0.57559020030635D+00 -0.23169849266422D-03  0.33058867084778D-04 -0.15585759392588D-04
 -0.92740202854256D+01  0.14948051422474D+02  0.20009433747988D+00 -0.23684250924628D-03  0.11224640923886D-03 -0.30006473652773D-03
  0.21820944091417D+00  0.93868423407846D+01 -0.81124672008096D+00  0.73145017983349D-03  0.29958900391010D-04  0.37079043565175D-03
 -0.39584534960287D+01  0.46522535191292D+01 -0.21036230988655D+01  0.86148807415603D-04  0.16105315952716D-03  0.12974093239679D-03
 -0.10984812584927D+02  0.14777442406788D+02  0.12218425247113D+01  0.29719163862827D-03  0.15442158636690D-03 -0.78517351568432D-03
 -0.98263810019193D+01  0.14913733170617D+02 -0.17745165246080D+01  0.25838455751174D-03 -0.27155829235437D-03 -0.33210806544594D-03
 -0.83672039829745D+01  0.16681071462471D+02  0.81369110594314D+00 -0.41604672213387D-03 -0.48953154244730D-03  0.49195914873297D-03
  0.15137852121478D+01  0.18972046370438D+01  0.20088927930798D+02  0.45218921957982D-03 -0.81642897785611D-03 -0.46816755648624D-03
 -0.81528527977922D+00 -0.12053557533738D+00  0.19108909257929D+02  0.14279823446057D-03  0.55186170600224D-03 -0.26333603340067D-03
 -0.14958744872246D+01  0.26496002326745D+01  0.20802276918178D+02  0.18285034488041D-04  0.20815769705934D-03  0.52531858389712D-03
 -0.21360852802006D+01  0.52389729040241D+01 -0.29215282167204D+01  0.45756168604903D-03  0.35099153934651D-03  0.14988321519943D-03
 -0.51561985068419D+01  0.63284423720488D+01 -0.18927231691242D+01  0.27992820477166D-03  0.36756904073164D-03 -0.30351087694882D-03
 -0.48893917537881D+01  0.33488739663282D+01 -0.35129814434170D+01 -0.26443993133804D-03 -0.65360243826385D-03  0.55268559261055D-03
  0.36831377361224D+00  0.11056191671618D+02  0.21933882343300D+00  0.94987559211360D-04 -0.47102158757982D-03 -0.13577305683011D-03
 -0.13805129311294D+01  0.98836923314198D+01 -0.21472197940624D+01 -0.27129161209790D-03  0.36039528832144D-03 -0.45474905271755D-03
  0.19968481655960D+01  0.87513192932567D+01 -0.18050119833544D+01  0.31555262088703D-03  0.31748197742696D-03  0.25670931547385D-03
  0.63742790153646D+01 -0.34169627233470D+01 -0.54747491915119D+01  0.22267846641757D-03  0.72713571683449D-03  0.57637704057430D-03
  0.59966575879208D+01 -0.64007668943110D+01 -0.36950848987911D+01 -0.10360302909659D-02 -0.59237662872026D-03  0.51850526256606D-03
  0.86861491673045D+01 -0.48220813255743D+01 -0.33593358686004D+01  0.64914758984490D-03 -0.40952808615972D-03 -0.32390172123693D-03
  0.16565269031616D+01 -0.65776030861779D+01  0.41189628141102D+01 -0.30006353720625D-03  0.17747574765514D-03 -0.24090629587826D-03
  0.58642553377125D+00 -0.53133318862201D+01  0.62885795001529D+01 -0.10573638953547D-03  0.10930949418781D-03  0.22924514521361D-03
 -0.19438207071183D+01 -0.41491340481550D+01  0.60785760208570D+01 -0.55458875967947D-03  0.83268915903447D-04  0.19148269199327D-03
 -0.26140151914256D+01 -0.34633241546712D+01  0.36056945562762D+01  0.34568404169901D-03 -0.10328996281752D-03 -0.17457087980211D-03
 -0.13220981032266D+01 -0.46146566121827D+01  0.16860408340730D+01 -0.22345240777748D-03 -0.15649274308878D-03  0.40282532004580D-03
  0.69840471976486D+00 -0.62355587657087D+01  0.17585404602634D+01 -0.11383138582318D-03 -0.18948995699534D-03  0.18890182858637D-03
 -0.33806473300450D+01 -0.33925366747544D+01  0.82164784616889D+01 -0.30457539060577D-04  0.73190768170394D-04  0.27234150732993D-03
 -0.52020950511218D+01 -0.15640172993043D+01  0.77170396295523D+01 -0.10672015341765D-03  0.25104168081580D-04 -0.33130191814149D-03
 -0.58415899759556D+01 -0.71637451460180D+00  0.50755981251862D+01 -0.13879086311512D-03  0.14045480522860D-03  0.68676328080357D-04
 -0.45415125832728D+01 -0.17352624422977D+01  0.31432376806942D+01 -0.33072146296358D-03  0.14834811822179D-03 -0.10713017924813D-03
 -0.31026435740953D+01 -0.43626365808460D+01  0.10700300693481D+02  0.12495076156575D-03  0.14153934038031D-03 -0.17399216122814D-03
 -0.44937414225020D+01 -0.31403577111019D+01  0.12740177144251D+02  0.22866520347036D-03  0.17785592310453D-03 -0.49313786215994D-04
 -0.61722335534519D+01 -0.13360593916891D+01  0.12268813760686D+02  0.55253953051258D-04 -0.17462137774164D-03 -0.67630856661583D-03
 -0.65187222439523D+01 -0.41212794049382D+00  0.98110346991940D+01 -0.11154846676326D-03 -0.32141041305062D-04 -0.22945933429247D-03
 -0.84474911208325D+01  0.13956613255239D+01  0.91272339618578D+01  0.10583647575984D-03 -0.16981261280968D-03 -0.17793623314789D-03
 -0.89985514394041D+01  0.20981794839436D+01  0.65976590392469D+01  0.64001564451863D-05  0.21363929436539D-03 -0.25714113568178D-03
 -0.74771306431545D+01  0.12109080607968D+01  0.45903444174647D+01 -0.90171366747946D-04  0.55705737936190D-03 -0.19163245264493D-04
 -0.22724439622813D+01 -0.69114228628425D+01  0.11380134167562D+02 -0.14591253883937D-03 -0.84084500385313D-04 -0.23709263321530D-04
 -0.18197933734503D+01 -0.75608522918576D+01  0.13961617310276D+02  0.42289335102834D-03  0.19074984854970D-03  0.15129617674569D-03
 -0.25832667616959D+01 -0.57415296849509D+01  0.15849047227925D+02 -0.62367246170153D-04  0.43859955777180D-03 -0.28746207277104D-03
 -0.39691964453812D+01 -0.36733378717574D+01  0.15237755054786D+02  0.17166282690608D-03  0.50517321118586D-04 -0.40344984734127D-03
 -0.19592510222665D+01 -0.87875285654477D+01  0.93651457845028D+01  0.26824478417298D-03  0.34873725084042D-04 -0.32203556894609D-03
  0.18974938845048D+01 -0.53312507172419D+01  0.85510032478653D+01 -0.29896122241358D-03 -0.21458028486761D-03 -0.34864406449461D-04
  0.16408017815147D+01 -0.74648873663310D+01 -0.52312581303132D+00  0.21123892401573D-03 -0.32980636380354D-03  0.29002309179309D-03
 -0.23072054916908D+01 -0.63336283688774D+01  0.18558400291462D+02  0.47563587343532D-03 -0.96337389024815D-04 -0.22754566970372D-03
 -0.22073763749370D+01 -0.44249096132418D+01 -0.20499719687366D+00  0.27465916870065D-03 -0.12200316254271D-03  0.44458018982769D-03
  0.32677225721342D+01 -0.78437432078814D+01  0.43406600496615D+01  0.24192230314647D-03 -0.65992820041141D-03 -0.22643430983323D-03
 -0.77160571959141D+01  0.18984208300214D+01  0.27030160318196D+01 -0.53521638522310D-03  0.26582549093858D-04  0.23484328771498D-03
 -0.90856351964009D+01  0.26308297557661D+01  0.10739002755044D+02  0.78308887782863D-04 -0.77413764061391D-03 -0.15315217467466D-03
 -0.44529379682501D+01 -0.22994099316197D+01  0.16740329009022D+02  0.50042527182392D-04  0.41510908781510D-03 -0.51782332106781D-03
 -0.17350674201393D+01 -0.96015043931291D+01  0.14397963691908D+02  0.27762016173851D-04  0.80773089941964D-03  0.18434037280905D-03
  0.34734542428923D+01 -0.87003456063560D+01 -0.71916465781582D+00  0.13082624131534D-03 -0.49096992902947D-04 -0.10224643622209D-03
  0.17217660937973D+00 -0.70934226575097D+01 -0.26593388613409D+01 -0.15844312821324D-03  0.11188139310095D-03 -0.22880636333705D-03
  0.11735650113106D+01 -0.78614122877742D+01 -0.50378476937105D+01 -0.49361505715618D-03  0.50244111682553D-04 -0.25064812038505D-03
 -0.10726023607716D+02  0.42303158881791D+01  0.62056132836511D+01 -0.17159338927498D-03  0.10280059465008D-03  0.23322522689315D-03
 -0.12041567966163D+02  0.50264529705927D+01  0.78383974525196D+01 -0.10521954951590D-03 -0.29793722004079D-03 -0.44419745676089D-03
 -0.10609972721998D+02  0.54618998000430D+01  0.39085958222961D+01 -0.89472123544730D-04 -0.83275487767298D-04 -0.26702306123988D-03
 -0.12085288648423D+02  0.78104958903578D+01  0.39035031799381D+01 -0.35799645169062D-03  0.20463476605354D-03  0.17312709743203D-03
 -0.27158427153997D+01 -0.84071238763010D+01  0.19485209677394D+02  0.15688141914365D-03  0.43365932716148D-05 -0.23077633920449D-03
 -0.17519366687243D+01 -0.41916425663942D+01  0.19932444347163D+02 -0.11118462933234D-03 -0.37129925811405D-03 -0.78371840597207D-04
 -0.19728956023122D+01 -0.48201668461975D+01  0.22353451433237D+02 -0.30707663078962D-03  0.59700410647530D-03  0.24559847686397D-03
 -0.18981319017465D+01 -0.11280825306293D+02  0.10166732646634D+02 -0.22378847128943D-03  0.13253366674037D-03 -0.16131206175221D-03
  0.44878238918257D+01 -0.62818000904086D+01  0.90043153625332D+01  0.12499869827270D-03 -0.19429489663979D-03 -0.12482733514131D-03
 -0.15844114041303D+00 -0.42378947116562D+01  0.23120149777184D+02 -0.22535403456569D-04  0.49380712546299D-03  0.11960416411326D-02
 -0.21229699530413D+01 -0.69715165577173D+01  0.22628653499411D+02  0.92304074981223D-03 -0.68668565631972D-03 -0.36176341552199D-03
 -0.36899724752150D+01 -0.38256013845460D+01  0.23028806859767D+02 -0.17070684900886D-03 -0.24517658552793D-04 -0.40252887345245D-03
 -0.11539710069215D+02  0.89774495555893D+01  0.55018234252737D+01 -0.80424006846348D-03  0.30012066298476D-04 -0.41939354989434D-03
 -0.14052351016630D+02  0.74338271678752D+01  0.40798581038297D+01  0.67439090007495D-03 -0.93401345035679D-04  0.58667099024943D-03
 -0.11651152727362D+02  0.84554084893173D+01  0.20153056165303D+01 -0.39425360065344D-03 -0.97747219571675D-04  0.32492525839676D-03
  0.54388913761076D+01 -0.58047383184346D+01  0.71611521971325D+01 -0.32874250746147D-03  0.34658558147382D-03  0.13327896631251D-03
  0.43321175880852D+01 -0.84532011782148D+01  0.94643319200066D+01  0.35248660007350D-03 -0.34673463644419D-03  0.41907518314986D-03
  0.52878680555696D+01 -0.51132682100094D+01  0.10505936546989D+02  0.81552654784644D-03 -0.44261133460082D-03  0.23983834832763D-03
 -0.20967519064218D+01 -0.12437259087369D+02  0.84620623323526D+01 -0.15542904092548D-03 -0.13862495884111D-03  0.33074654506589D-03
 -0.34258386707863D+01 -0.11803157177287D+02  0.11414614647938D+02  0.41036015240729D-04  0.70737295028545D-04  0.38013038830961D-04
 -0.85544122835159D-02 -0.11528321432452D+02  0.11130074266743D+02  0.31794866745890D-03 -0.36223165988444D-03  0.13061152839918D-02
 -0.40605727548667D+00 -0.84424020784107D+01 -0.61825731051150D+01  0.58843899438310D-04  0.27854207312933D-03 -0.21838681812056D-03
  0.24677523209422D+01 -0.94041598785835D+01 -0.48951283003418D+01  0.71677313399204D-03  0.20906406321202D-03  0.58697789049778D-03
  0.19613502922950D+01 -0.63256967637682D+01 -0.60195839693458D+01  0.15784542445470D-03 -0.80912979626724D-04  0.45807027624881D-03
