$coord
        1.26297683441234        1.14162936403140       -2.06168402397895      C
       -0.41472447993216        2.12980432550482       -0.23483436221931      C
        0.68666638064941        2.39061593413669        2.30606975519586      C
        2.84107960325669        1.09848544552751        3.10588418395340      C
        4.57445324514745        0.17639993301727        1.18577307808150      C
        3.75583947951401        0.44288180285179       -1.32995961653155      C
       -0.63526098973602        3.77533449454415        4.29302212836448      C
       -0.39011045676911        2.83981719257519        6.68406323556511      C
        1.71267910940792        1.32646458785384        7.25130613592958      C
        3.42295674369150        0.55454515521492        5.49968691912700      N
       -2.40859002067608        5.80474429468925        3.83374411047050      C
       -4.08831094072563        6.38850890769200        5.81819351238227      C
       -4.01776074893724        5.47601029528901        8.10790784186043      N
       -2.13592824544729        3.74872751783328        8.49730777778611      C
       -1.87103477171108        2.90969075249922       10.99093453250163      C
        0.26128042569486        1.77301645050721       11.73725236276242      C
        2.05780008339258        1.03392895154978        9.94869936176861      C
       -2.32224072438953        7.14494923435618        1.49983425982658      C
       -4.41067564624140        8.88567561056484        1.05914444166315      C
       -6.12546274298510        9.47022644870196        2.98354601440739      C
       -5.94022328459641        8.31354949999558        5.26244112146101      C
       -0.12874266979266        7.00065073828691       -0.13971787963064      O
       -2.95836043456592        2.44281014000494       -0.40160234450123      O
        5.50019868348265       -0.26510853882486       -3.34728124387220      C
       -7.60332114023503       11.86248191628029        2.47016807677013      C
        6.52388705246099       -0.57299825039442        1.57856797812034      H
        0.65550399991028        1.22706218327067       -4.07157568743178      H
        3.69037667483694       -0.00485935964387       10.57099658100167      H
       -3.72134393902069        2.58175325596231       11.94037194919778      H
       -7.13022272832493        9.04025000404318        6.69170459767724      H
       -4.53437281827111       10.33112261884870       -0.51598768199394      H
        4.84632757821940       -0.71318584386321       -5.49593337214859      O
        8.02072439225190       -0.19311050720842       -2.61873934473047      O
        9.65905556002487       -1.11162370944236       -4.55552939989781      C
        0.30314062516063        1.08434868450875       14.50442793621700      C
        2.22454320233950        0.16083944679076       15.32074596926092      O
       -1.77206034622923        1.36376229872280       16.01511660219059      O
       -1.22226409922660        1.02729319007073       18.49488635410166      C
       -9.53642007731945       12.21343909173150        3.78259620319275      O
       -6.79373310579040       13.43317951861365        0.50301056342548      O
       -8.10401726178034       15.70571053393116        0.60840804620437      C
        0.30503235156242        9.19194548197477       -1.83853706683324      C
       -4.45885870302079        1.22541907333752       -2.16709324213597      C
      -10.15497290177024       15.31286510116623        0.99110799218416      H
       -7.74342664160172       16.92035057656052       -1.04053288024464      H
       -7.64030119134090       16.92194493792390        2.27475467745088      H
       -0.61656344178818       -1.00218877567669       18.83299927047863      H
       -2.88761179364846        1.53442611293127       19.56814475081044      H
        0.34943186206601        2.29455382752695       18.94016864256029      H
       -5.98829354724779        0.37220034486252       -1.20084777524918      H
       -3.48172548903330       -0.36827098620914       -3.02419293030200      H
       -5.04081902608984        2.46688595075703       -3.68302940799602      H
        1.99887301697840        8.83115750291437       -2.91936809037273      H
        0.45513806958175       10.89908528788046       -0.65596474194009      H
       -1.20959902377257        9.29789854952431       -3.28529974376474      H
        8.93051274098909       -0.84513255613953       -6.37535057594809      H
        9.61250141302159       -3.23656466643223       -4.11019545594154      H
       11.49007320759577       -0.40749931612782       -4.30278816886910      H
        1.03524373522157       -5.41908516990171        4.56373764373504      C
       -0.11496115811096       -4.59984917634953        6.77445090663387      C
       -2.58868158263961       -3.84478130332785        6.78782548701836      C
       -3.81547761754656       -3.54015110551334        4.44786099508338      C
       -2.83111972721309       -4.59139868710479        2.22301832416659      C
       -0.34724007771694       -5.46324659720549        2.31790203311755      C
       -3.98746272633465       -3.33923449485624        8.99363664607038      C
       -6.01026832317122       -1.63562327997241        8.62835433220252      C
       -6.92817482888974       -0.84113234044767        6.16299929876449      C
       -5.99570034008228       -2.11061688452777        4.09000304774859      N
       -3.84888661551600       -4.26029362969450       11.54438523515226      C
       -4.74773745109831       -2.69104176352676       13.61508756841190      C
       -6.28045735171220       -0.70906253012172       13.23487563548493      N
       -6.89319576403203       -0.26207056425944       10.83528049425819      C
       -8.41666727787013        1.80011038363853       10.34976511709246      C
       -9.21365942349168        2.54678419547646        7.97137677515274      C
       -8.29651257573858        1.28936851617110        5.83412440937565      C
       -3.13024723964298       -6.80069444546734       12.01252796808455      C
       -2.85854700205681       -7.43165103265707       14.62564623773479      C
       -3.29350882087017       -5.76985167662634       16.52125285846272      C
       -4.17148529664458       -3.37033109869043       16.05281004140425      C
       -3.05430022537102       -8.69670766044131       10.17596719958149      O
        1.32331999215810       -4.37636555115229        8.93836642103490      O
        1.12827102009761       -6.28508399074765        0.06085830207152      C
       -2.96342997063848       -6.91851533972851       19.11760561019781      C
       -3.78461445999121       -4.55203027333806        0.37998266195174      H
        2.93416593646746       -6.02085369076026        4.47373962234465      H
       -8.19855138192677        2.11732655514729        3.78247766643570      H
       -9.03411589167262        3.00308246346320       11.80906476388970      H
       -4.89665635264994       -2.42091848702421       17.61353528980785      H
       -2.69966581295718       -9.50261528986169       14.88489678812271      H
        3.06567928214955       -7.26177138005937        0.26987136085132      O
       -0.16870468199298       -6.10444452796487       -2.15389226507550      O
        1.45735129272524       -6.62936256763955       -4.18855305273583      C
      -10.83814172780346        4.88963255124862        7.44542204111700      C
      -11.35926128024802        6.18732440820312        9.30676608639987      O
      -11.53513330240509        5.68313986456883        5.07134877122559      O
      -12.56741455003975        8.21450479947981        5.25585183174662      C
       -2.93895234185561       -9.29292364991956       19.26555600192797      O
       -2.12927084419225       -5.11253982539551       20.91032773837735      O
       -1.82462407210634       -6.43858636170477       23.29161902454244      C
       -1.18732386510331      -10.50889351131598       10.27070440053225      C
        3.89015703799966       -5.39412770128093        8.68282855823902      C
       -2.95003550225275       -8.10001877622929       23.30424758367605      H
       -2.29075909951305       -5.33547688263165       24.86902624401500      H
        0.11267050633301       -7.28279611072145       23.05173757615345      H
      -13.65118871248480        8.48467808601738        3.44184514339066      H
      -10.84701699675241        9.38726188904253        5.30577946286443      H
      -13.66937838489075        8.60948221112904        7.04761675077416      H
        4.78120155917580       -4.68116359481984       10.47290581335223      H
        4.92493913119644       -4.47408847698152        7.22578212810912      H
        3.89177445389966       -7.49723407804901        8.74663586146609      H
       -1.70829969708684      -11.91776640139543        8.76459865104637      H
       -1.14766399756344      -11.52027804644002       12.05163222006181      H
        0.67740164013218       -9.86035570904790        9.80506696389304      H
        2.73478917335144       -4.98840768048665       -4.70035576857126      H
        0.52918239846498       -6.75949059992211       -6.13739586142825      H
        2.52745996425648       -8.11590603141702       -3.57980081616133      H
$end
