$coord
       -0.08447390129879        2.12514181201334       -1.65441663918062      C
       -1.52261475846228        2.95735442765677        0.43919623914372      C
       -0.45656677201803        3.10263098650226        2.91991283255782      C
        1.68625955919220        1.39667208711673        3.29681485918921      C
        2.77736054232830        0.21698585233198        1.22962970060923      C
        2.06054992256069        0.77443647695984       -1.20994743672177      C
       -1.21320021557664        4.67075340456434        5.02542904778645      C
       -0.57432933355243        3.90215832339614        7.55128529812591      C
        1.43574934325153        1.94498714662829        7.60573639516088      C
        2.70747600353798        0.91049568946941        5.69041143281012      N
       -2.78750525749918        6.86980690956042        5.05710015370327      C
       -3.96645893575523        7.53324945442790        7.50263345613413      C
       -3.47218196765511        6.37993173979681        9.69609117973527      N
       -1.56374260703036        4.80316483233591        9.70806614012240      C
       -1.09137267659208        3.64896606154969       11.97676222649486      C
        0.79322134249925        1.79754889906265       12.12532834506402      C
        2.15184669922175        1.13740124168911        9.95274759056125      C
       -3.32143118552325        8.48395072573756        2.82833983198260      C
       -5.42204309841366       10.12885140574395        2.83282872158072      C
       -6.62542177284815       10.67046916660600        5.08348948904176      C
       -5.93477439934049        9.54889469271550        7.28848371276131      C
       -1.37220001740948        8.80064801359232        1.08037819952525      O
       -3.97535792113951        3.90993092587926        0.30306549042036      O
        3.79035766492557       -0.56600971642322       -3.11083047263302      C
       -8.59617567406413       12.66176211821322        5.37857382278957      C
        4.62149782097600       -0.61156330487041        1.21109929766766      H
       -0.95515729947406        2.28489364511690       -3.54252279347218      H
        3.39588761180523       -0.48588815019427        9.83431496527613      H
       -2.09527952268619        4.21987660296781       13.69009017255682      H
       -6.89598763614389       10.24581519051174        9.01070016613011      H
       -5.71134579476432       11.33168660897150        1.16526673993744      H
        2.90008092246855       -2.14583592473500       -4.49242248284398      O
        6.35982064168077       -0.14616720364326       -2.97263715620336      O
        7.39031242411210       -1.64081612169849       -4.73812440711239      C
        1.38908091715574        0.76062459029084       14.72901859532998      C
        2.74308255578300       -1.01391930438872       15.04041802358354      O
        0.68791000153960        2.27669262738992       16.68668483894745      O
        1.80270288892523        1.45133010336383       19.02635438481093      C
       -8.91680942278265       13.51753145052384        7.42429683279248      O
       -9.99981257042760       13.27131628669229        3.18242728779149      O
      -11.76986198089912       15.05254672535344        4.00076868931944      C
        1.22292150259261        8.96652407151124        2.10190304155467      C
       -4.76465486710166        4.80719994776410       -2.09972589601499      C
      -13.25508063154479       14.03993657754201        5.16658237812566      H
      -12.65046376789248       16.08109202113686        2.48178269651184      H
      -10.70767383842066       16.19853386029073        5.37383718044557      H
        0.65629779236719        2.58487833121532       20.45520531376949      H
        3.70811620369016        2.01558496302192       19.12677736439183      H
        1.69583862280347       -0.67233896932842       19.23454078760944      H
       -6.62300635427906        5.58176384036029       -1.75721488749962      H
       -4.84204890114382        3.22482108442624       -3.40987975217541      H
       -3.32175928135601        6.14043707331622       -2.80905673833002      H
        2.08625718656280        6.99351059677702        2.05730629324109      H
        0.81713733591505        9.49514810879022        4.03074311708610      H
        2.37137095437483       10.58380506957231        1.38049236562377      H
        6.47700332855547       -3.36850771974300       -4.53167741544058      H
        9.51649227751066       -1.80962942319188       -4.48737397686575      H
        6.92232728392194       -0.85521597361364       -6.54981269475518      H
        1.56864605276747       -7.66284793328619        4.66946872825982      C
        0.48713377008825       -6.00865240837847        6.44797905594385      C
       -1.76769733172367       -4.69000789554605        5.90790085620550      C
       -2.76203738092552       -4.58760786507711        3.37374089124634      C
       -1.46923669525020       -6.10526089504739        1.66525168448665      C
        0.49223665871563       -7.65631815403397        2.22200916599168      C
       -3.35410581270492       -3.61401185581278        7.72986080531570      C
       -5.08783056376183       -1.82952592307572        6.78611278873360      C
       -5.44492490596392       -1.44206153125599        4.15198107789892      C
       -4.55186383374560       -3.09629045942410        2.38210522566497      N
       -3.27449191982844       -4.21998516377138       10.36899581819628      C
       -4.68628665477227       -2.48466780748051       11.91570488434062      C
       -6.24934317862663       -0.66650172990049       11.01575610873748      N
       -6.58893527529403       -0.46447922291248        8.50710653174209      C
       -7.98248678699752        1.54359678775033        7.54578713561571      C
       -7.86284072570649        2.17559153612484        5.01083068237250      C
       -6.80317979914592        0.58943539740796        3.30299668383272      C
       -2.43915142465283       -6.58030970509315       11.43386530350845      C
       -2.35874680197694       -6.55414904311499       14.06783499858731      C
       -3.41133790476507       -4.75361621174442       15.69776752239546      C
       -4.39998164081447       -2.64286717745516       14.59146750362185      C
       -1.90538777596409       -8.90115716832380        9.97549917472514      O
        2.00170963142393       -5.24955864520917        8.51561893665037      O
        1.54127612738742       -9.23358905145185        0.18409594080412      C
       -2.97757725994570       -4.82109291892570       18.38127828840221      C
       -2.64140477280041       -6.36806028602448        0.06945436544117      H
        3.32658438721229       -8.63739734148317        5.20566133694561      H
       -6.68061744127553        0.84043630006504        1.21212945924622      H
       -8.85838714587420        2.84324018776924        8.73860622463565      H
       -4.85166722976576       -0.91494554931291       15.71898367569330      H
       -1.62058751503863       -8.29496000261915       14.92790063040823      H
        0.10255657257623      -10.81452317087948       -0.82551804340706      O
        4.02137134070395       -8.84583704273543       -0.39665421577102      O
        4.38805714955376      -10.13890792862535       -2.88608773122153      C
       -9.41736819139851        4.35673035977504        4.04743820681065      C
      -10.38209640060150        5.93650038316633        5.44296249086244      O
       -9.80833913069132        4.14494678017380        1.48706454698361      O
      -11.64777444587954        5.89948793634031        0.70655190755701      C
       -3.18587740744790       -6.77253938665019       19.57230175410170      O
       -2.43852483683298       -2.58445782831097       19.37567719064299      O
       -2.43010128396729       -2.74086072145588       21.98847767032445      C
       -3.48601926134459      -10.91583225406458       10.66470089958754      C
        3.49291029949904       -7.17163868514948        9.74506992632200      C
       -3.00595173177370       -0.90699069196438       22.38169849891826      H
       -0.66969630870203       -2.92431536746458       23.04355633458954      H
       -3.37700572173564       -4.41857069907586       22.76135030618604      H
      -13.22277168424785        5.30819345779026        1.71767491018707      H
      -12.01902010483668        5.76012501985813       -1.40102797534493      H
      -11.23134971230625        7.80009395982329        1.45220692143075      H
        3.38136562733868       -6.99754586575507       11.86509829128100      H
        5.55545839231087       -7.31097777336725        9.33021376928335      H
        2.77420429576444       -9.11799437992213        9.51655873917037      H
       -3.60973796956543      -12.13177215009957        9.01518524212894      H
       -5.48731564800807      -10.58299391489232       11.06734765028955      H
       -2.73076929191893      -11.56800145626119       12.63269503504616      H
        4.70604944834522      -11.98057655874263       -2.48084013662152      H
        5.78808623956444       -8.94430757430560       -4.05268212749962      H
        2.48110618191982       -9.91928453858958       -3.73155974852028      H
$end
