   -0.01816166
    0.13480699
    0.01051466
    0.09560118
   -0.02072607
   -0.00609879
    0.03498787
    0.00689171
    0.09683795
   -0.26852304
    0.01671722
    0.10301939
   -0.27567728
    0.09676214
   -0.02272384
   -0.00203116
   -0.02471778
    0.14034275
   -0.02502459
   -0.00562598
   -0.02599715
   -0.35884320
   -0.35546085
    0.39539070
    0.38747078
    0.10780018
    0.08386765
    0.12395753
    0.12195453
    0.11469250
    0.10132412
   -0.50020103
   -0.38424762
    0.03386843
    0.39888832
   -0.50096359
   -0.39749946
    0.02578659
   -0.49969969
   -0.38751917
    0.02071336
    0.03266141
    0.01077707
    0.08499037
    0.11483314
    0.09910832
    0.10244059
    0.13752620
    0.08981217
    0.06668157
    0.08025163
    0.11658045
    0.06800456
    0.06551417
    0.08945189
    0.10675037
    0.07428021
    0.08788127
   -0.02539816
    0.13482391
    0.01171163
    0.09476920
   -0.01766538
   -0.00264754
    0.03602903
    0.01028814
    0.10317497
   -0.26561857
    0.01787256
    0.09771996
   -0.26226148
    0.09754299
   -0.02537526
   -0.00244061
   -0.02338548
    0.12024738
   -0.02298826
   -0.00509377
   -0.01883445
   -0.34337640
   -0.35736710
    0.37780651
    0.38948823
    0.12585862
    0.09215492
    0.13110905
    0.12828172
    0.12722429
    0.09230179
   -0.50140275
   -0.39725993
    0.03258945
    0.37744573
   -0.47710294
   -0.38756348
    0.02619914
   -0.49274805
   -0.39890821
    0.02460169
    0.01647393
    0.01747937
    0.08036895
    0.10478836
    0.10182141
    0.10336394
    0.10672253
    0.08175906
    0.07154665
    0.09302126
    0.08004521
    0.06549219
    0.06913156
    0.08343613
    0.10338771
    0.08575727
    0.11360135
