 -1.0
 -0.75436241624641D+01  0.29421173203841D+00 -0.11858544042831D+01  0.17947111750945D-03  0.16224994060998D-04 -0.25498273769558D-03
 -0.53588978038459D+01 -0.63085169665329D+00 -0.21807251585047D+00 -0.14202778881458D-03  0.31193892814832D-03  0.17863440478558D-03
 -0.33796824112423D+01  0.10846198539177D+01  0.56736407446602D+00  0.69788303815593D-04 -0.43909754007766D-03 -0.97966150565932D-04
 -0.37834477495932D+01  0.37656940048685D+01  0.11463736692511D+00  0.30805002579042D-03 -0.12500335053530D-04  0.33046759999010D-03
 -0.60532473450065D+01  0.45004096772936D+01 -0.10090828065528D+01 -0.65720620590861D-04  0.36132059918289D-03  0.55601925171007D-04
 -0.79466779636447D+01  0.28039322788410D+01 -0.16130073710419D+01  0.20916985248233D-04 -0.11734762053864D-04 -0.65171603999027D-03
 -0.13084770551330D+01  0.41651592767959D+00  0.20970929342146D+01  0.17181168695290D-03 -0.18601369960210D-03 -0.20765917841286D-03
  0.89600654017483D+00  0.19614727031431D+01  0.20149231327632D+01 -0.24719920829749D-03  0.96953315210232D-04  0.26949415363059D-03
  0.61579789609338D+00  0.44893917481406D+01  0.10234706219305D+01 -0.13352171625871D-03 -0.57661964198264D-04 -0.20614833935422D-03
 -0.16247075016839D+01  0.54080246774133D+01  0.16095628290984D+00 -0.18175576143435D-03 -0.11115978389077D-03 -0.41517772674930D-03
 -0.11967367355035D+01 -0.18503416767145D+01  0.34183709521929D+01  0.16414346401111D-03  0.13978509231158D-03 -0.11279761457201D-03
  0.12842560186673D+01 -0.24919053223779D+01  0.43984871144363D+01  0.13105483683585D-03  0.53431567292884D-05  0.41166402091170D-04
  0.34945397048226D+01 -0.10485132602706D+01  0.41275075478245D+01 -0.30978640826467D-03 -0.20268722606006D-03  0.33239225762117D-03
  0.32666038365856D+01  0.12932905535176D+01  0.32315963423251D+01 -0.33269821246022D-03  0.15662752417814D-03  0.24901543444700D-03
  0.54408446019241D+01  0.29079959751272D+01  0.32224573704333D+01 -0.14705388517140D-04 -0.11342355746561D-03  0.24820642777451D-03
  0.51058207714981D+01  0.53610432377281D+01  0.21345240892250D+01 -0.13295116632159D-03  0.17027021219539D-03  0.41933727141342D-04
  0.27323226555212D+01  0.60739523164009D+01  0.12298456562722D+01 -0.68322637755472D-04 -0.40802321825601D-03 -0.96723588915781D-04
 -0.34322141581112D+01 -0.33835579752182D+01  0.40196808300968D+01  0.33792750484596D-03  0.72715197063574D-04 -0.34379841275471D-03
 -0.28825802474118D+01 -0.55847530145461D+01  0.54849431092212D+01  0.25610293307939D-03  0.12653983505298D-04 -0.20444033811260D-03
 -0.40117177240207D+00 -0.62587912808778D+01  0.60391795446029D+01 -0.33771393453762D-03 -0.20244519924564D-03 -0.76577864866448D-03
  0.16067870199136D+01 -0.47531084192803D+01  0.56128284535341D+01 -0.58319623148876D-03 -0.21803199770733D-03  0.29873362943917D-03
 -0.60694273796330D+01 -0.27120861191676D+01  0.36251081361776D+01 -0.12839126720416D-03  0.69048924526391D-04  0.13026400316690D-03
 -0.45693220638734D+01 -0.32086990769879D+01 -0.48181745975190D+00  0.24312386526643D-03  0.16120036667187D-03  0.21543609849331D-04
 -0.99341421677578D+01  0.39179560870612D+01 -0.32405246177861D+01 -0.41363577031999D-03 -0.35987871739918D-03 -0.13613313638083D-03
  0.78954702909644D-01 -0.86216331486903D+01  0.75831140003179D+01 -0.63483685798946D-04  0.47823883405231D-03  0.47837598424981D-04
 -0.61661235638134D+01  0.65662572964750D+01 -0.14891233073561D+01  0.15459710240134D-03  0.11701115847344D-03 -0.14973171996942D-03
 -0.88976911659445D+01 -0.93784470451042D+00 -0.21821764859179D+01 -0.28689688555827D-03  0.50570735264662D-03  0.45924900922296D-03
  0.27032210827952D+01  0.78234139981899D+01  0.20432711015169D+00  0.39359780483222D-03 -0.58629481097221D-03  0.11000601109890D-03
  0.74441511493920D+01  0.21807597454269D+01  0.34293746694755D+01  0.11496898098367D-02  0.21758777855418D-03  0.80386926312981D-04
  0.33042740023043D+01 -0.50112448377816D+01  0.69072797533870D+01  0.52184567213381D-04 -0.52323139718659D-04  0.10237658272771D-02
 -0.42848770920166D+01 -0.68965707541906D+01  0.62980509620817D+01  0.16684379619208D-04  0.21425901605016D-03  0.29030635693055D-03
 -0.10248580597061D+02  0.61829380292984D+01 -0.34552351911579D+01  0.37974930581322D-03 -0.25016137968335D-03  0.30146729519243D-03
 -0.11588508972505D+02  0.21255474436011D+01 -0.40748437712508D+01 -0.19967142209105D-03  0.35987232266316D-04 -0.23983701458136D-03
 -0.13220543641254D+02  0.28656210528971D+01 -0.59906059944837D+01  0.35121373583054D-03  0.21602823283609D-03 -0.12560503795334D-03
  0.74647218660912D+01  0.69872371908008D+01  0.19214999824532D+01 -0.59387674887830D-04 -0.28403905399744D-04 -0.18883860176713D-03
  0.92200674156271D+01  0.64456425389830D+01  0.48706756657283D+00  0.37643046945567D-03 -0.14062373900983D-03 -0.55380835923284D-04
  0.77380348540766D+01  0.90123364032764D+01  0.36311650207460D+01 -0.28508289094248D-03 -0.24478962794305D-04  0.27783114060787D-03
  0.10328420825692D+02  0.98735348827785D+01  0.33313533852181D+01  0.40051086608189D-03  0.10312092137424D-03  0.30467366707605D-04
 -0.16902131723259D+01 -0.95373911870376D+01  0.88103450419149D+01 -0.15312605165649D-03 -0.47871675372346D-03 -0.69826715278453D-04
  0.24731985351022D+01 -0.95351135522577D+01  0.78464847973610D+01  0.11921073559869D-03 -0.94997059946729D-04  0.17384758118958D-03
  0.23667061719333D+01 -0.11597925640959D+02  0.96537756452050D+01 -0.59932361158275D-04 -0.24343258339480D-03  0.79011597703512D-04
 -0.66680969027273D+01 -0.70165464632707D+00  0.52219281756881D+01  0.16645249067689D-03 -0.70469101314103D-04  0.11217475412248D-03
 -0.64503710888343D+01 -0.50752693562811D+01 -0.86567335028562D+00 -0.25713254230858D-03  0.20117648971863D-04 -0.31431037845073D-04
  0.40952973811619D+01 -0.12486674008522D+02  0.95662792904299D+01 -0.66290154581565D-05 -0.40966737686871D-03 -0.77838141163987D-04
  0.67448097752758D+00 -0.12696424533607D+02  0.95643505981571D+01 -0.27144174793221D-04  0.18762602383425D-03  0.21190444619897D-04
  0.22343850455546D+01 -0.10883174100457D+02  0.11503737708366D+02  0.11493906487531D-03  0.33649042469762D-03 -0.12347360167055D-03
  0.10585010293192D+02  0.11556912260384D+02  0.43595726899790D+01 -0.41066299581768D-03 -0.35276736514800D-03 -0.29110312650550D-03
  0.10609804202121D+02  0.10364861158367D+02  0.13518146312987D+01 -0.42488887795882D-04 -0.25252444689758D-03  0.12765308883148D-03
  0.11750555015744D+02  0.84344605171907D+01  0.36472414055314D+01  0.17578117374205D-03 -0.35871305413682D-03 -0.47308819789434D-03
 -0.54614068403837D+01 -0.67420053365777D+01 -0.14790355544396D+01  0.11489498561280D-03  0.81228044934638D-03 -0.15310801394587D-03
 -0.75796370760250D+01 -0.44361835292533D+01 -0.23406786927312D+01  0.62815224341634D-03  0.69890410260057D-03  0.41938530701203D-03
 -0.76140954012145D+01 -0.56127475514536D+01  0.78770791289304D+00  0.14443287818000D-03  0.98974764943858D-03 -0.10287553475351D-03
 -0.52542120276126D+01  0.77326787406880D+00  0.50814004371252D+01 -0.43438594436720D-03  0.29647085910419D-03  0.16481471702890D-03
 -0.72534769914320D+01 -0.92428471944717D+00  0.72156486833885D+01 -0.63103879226724D-04 -0.28051397990917D-03  0.17031446616844D-03
 -0.84136820411665D+01  0.11774406503430D+00  0.45599701886390D+01 -0.15341944639335D-03 -0.47970278434546D-03 -0.62013160502046D-03
 -0.12956940159159D+02  0.49582611806660D+01 -0.62870487856475D+01  0.16109653535773D-03  0.30419670999270D-03 -0.91063580983851D-04
 -0.15193382531292D+02  0.27891958237570D+01 -0.55099315645011D+01  0.28125856952801D-04 -0.47201057166260D-03  0.19251865466087D-03
 -0.12785692125145D+02  0.21851487248329D+01 -0.78115599307521D+01 -0.19154047912956D-03  0.55063000718997D-03  0.32729391424111D-03
 -0.70507097403016D+00  0.66360854575715D+01  0.78751325983894D+01 -0.30244177784252D-03 -0.12430883862894D-03  0.32594091978966D-03
 -0.21916241899103D+01  0.46138956646546D+01  0.85517073003214D+01 -0.83450848339281D-04  0.44061203254291D-03  0.12346629668686D-03
 -0.13054495668961D+01  0.28219016588789D+01  0.10439155104073D+02 -0.12158932300228D-03 -0.22663440939942D-03 -0.32333525946749D-04
  0.12552131547818D+01  0.29943023729260D+01  0.11192156204158D+02 -0.13172960888238D-03 -0.73785734895581D-04 -0.13670079065546D-03
  0.27560923106359D+01  0.50933642886099D+01  0.10406102970432D+02  0.11461717125932D-04  0.10712937881831D-03 -0.24650018190825D-03
  0.17665418634577D+01  0.68386320787973D+01  0.87575545045897D+01 -0.23741525371737D-03 -0.16297545923786D-03 -0.10537102099891D-03
 -0.26639784491800D+01  0.63362280715001D+00  0.11434122609624D+02 -0.25679229484483D-03 -0.50598597219638D-04  0.21348892901563D-03
 -0.11810299157427D+01 -0.13720852491661D+01  0.12302704777380D+02  0.48747129786725D-04  0.32831084169882D-03  0.19136194288689D-03
  0.14529740610050D+01 -0.11327045853179D+01  0.12762907396163D+02 -0.13201699663749D-04 -0.51576768767856D-03  0.29258606012814D-04
  0.24782268101205D+01  0.10053717571796D+01  0.12213058178756D+02 -0.91173305756809D-04 -0.16804663333035D-03  0.10757055041052D-03
 -0.54191838428306D+01  0.27368116027622D+00  0.11310999148761D+02  0.43069778929814D-04 -0.33120881284356D-03 -0.33203861701600D-03
 -0.61531214325488D+01 -0.23676829399320D+01  0.11546042423977D+02 -0.13992582931247D-03  0.79093427360416D-04 -0.19479289598805D-03
 -0.46010368688101D+01 -0.44036406042498D+01  0.11942128537596D+02  0.39727662912953D-03 -0.14222783655203D-03 -0.17430160481125D-03
 -0.21736262708771D+01 -0.38470547333796D+01  0.12399074755082D+02  0.17584642482830D-03 -0.18565989482841D-03  0.33366671190745D-04
 -0.63761795372003D+00 -0.59316556265845D+01  0.12715817706910D+02 -0.13230873291835D-03  0.22341052010183D-03 -0.16854749310230D-03
  0.17610069425453D+01 -0.55381662695274D+01  0.13481592974823D+02 -0.21356861299137D-05 -0.62423277401387D-04 -0.19264995017156D-03
  0.29074712451334D+01 -0.31480829181790D+01  0.13508800241658D+02 -0.53442076116948D-04 -0.59785534200281D-04 -0.21128619058341D-04
 -0.74151576696066D+01  0.21011861441312D+01  0.10928474093770D+02  0.15190840891909D-03  0.52530659832884D-04  0.17557473445333D-03
 -0.99724572914441D+01  0.13867151406893D+01  0.10468200293231D+02 -0.17658679569964D-03  0.17916688906360D-03  0.29707259425503D-03
 -0.10576709712774D+02 -0.11219636427632D+01  0.10306273734637D+02 -0.53774764177447D-03 -0.40620954591697D-03 -0.56067976360258D-04
 -0.87384791042253D+01 -0.29064698641693D+01  0.10744249574439D+02  0.26810256034933D-04 -0.10663891967659D-04  0.14235690738718D-03
 -0.68014212820679D+01  0.46132482562225D+01  0.11231984388744D+02  0.28027364846568D-03 -0.40110818362212D-03  0.20708542535087D-03
 -0.44725014858722D+01  0.40900534888562D+01  0.72279464659029D+01 -0.58955402180693D-04 -0.11298188168385D-03  0.75694437443620D-04
  0.31243823811070D+01  0.91379590753084D+01  0.80205918230219D+01  0.85117862677291D-04 -0.12453806741272D-03 -0.16194895495099D-03
 -0.13117990982932D+02 -0.18760696173234D+01  0.95258197865305D+01  0.30098924010034D-03  0.14949991695832D-03 -0.37700781886602D-03
  0.47835294617498D+01  0.53699620624570D+01  0.10888920201963D+02 -0.47364952576995D-03  0.46145190205590D-03 -0.46983299929916D-03
 -0.10576821578086D+01  0.77654679600070D+01  0.62229403124884D+01  0.41104374808401D-03  0.20560131960500D-03  0.21677099481604D-03
  0.49913035350134D+01 -0.30450345976832D+01  0.13404157043243D+02  0.35846211166309D-03  0.25795274755149D-03  0.49070830681365D-03
 -0.13513256796462D+01 -0.78307282657827D+01  0.12237223531541D+02 -0.31118680075571D-03  0.83889494801569D-03  0.27865719369996D-03
 -0.92527552367761D+01 -0.48420040967101D+01  0.10354115694764D+02 -0.33615081270690D-03  0.21955927306080D-03  0.11074587429979D-02
 -0.11656455116550D+02  0.25739931056507D+01  0.10428162014878D+02  0.43024451463419D-04  0.65394395733318D-04 -0.11584556203084D-03
  0.44104113801417D+01  0.10212283191965D+02  0.95773584662419D+01 -0.14669607151713D-03  0.65779115115674D-04 -0.28214332927465D-03
  0.28707840358604D+01  0.98913492605770D+01  0.54904586701682D+01 -0.85220040026649D-04  0.47631994243003D-03  0.12775054451531D-03
  0.42001355575583D+01  0.12155353142285D+02  0.50562730204342D+01  0.30243048111679D-03  0.27925902480002D-03  0.60831548272896D-04
  0.32176322065351D+01 -0.77267377080030D+01  0.14489839284498D+02 -0.18378992468064D-03  0.22409552431049D-03 -0.35775378761383D-03
  0.20288246754886D+01 -0.95147775369802D+01  0.15274083428020D+02  0.69546830019432D-04 -0.18817116482512D-03  0.88229739294893D-04
  0.58586016737705D+01 -0.75492459777024D+01  0.14733766871858D+02  0.13320278154895D-03  0.15399329757537D-03 -0.27545198594049D-04
  0.69105608875995D+01 -0.96859351896998D+01  0.16221980833010D+02 -0.70542373613882D-04  0.35017634065771D-03  0.20941089376803D-03
 -0.15020511208369D+02 -0.38741795737023D+00  0.98419744648115D+01  0.78795916587069D-04 -0.63266323901312D-04  0.19261242686781D-03
 -0.13425173059439D+02 -0.42458740433055D+01  0.87065480072627D+01  0.14304233048050D-03  0.21825850676673D-03  0.11866620622374D-03
 -0.15930992295701D+02 -0.48678215737601D+01  0.85404009081055D+01  0.31149292503935D-03  0.34264315023732D-03  0.40648593629561D-03
 -0.91105060318834D+01  0.61807770648487D+01  0.11821626857790D+02 -0.29039317810207D-03 -0.33643453298339D-03 -0.11981945945270D-03
 -0.53374646861435D+01  0.57623722703011D+01  0.53207623486164D+01 -0.42452219564966D-04  0.97744334167310D-04  0.10915879571234D-03
 -0.16265507052884D+02 -0.67835256984091D+01  0.93292821433587D+01  0.22030289109967D-03  0.75262007665143D-03  0.34662605372974D-04
 -0.16648103714743D+02 -0.46399285798666D+01  0.66286058971933D+01  0.37297782529654D-03 -0.73772751612641D-03  0.25670147736616D-03
 -0.17044992186956D+02 -0.38491529046825D+01  0.98028115421493D+01  0.62554672526782D-03 -0.84880199384964D-03 -0.47052210946112D-03
  0.85251306659151D+01 -0.10508519418416D+02  0.15279493499950D+02  0.10025558317170D-03  0.87239628063668D-04 -0.54521858322150D-03
  0.53579309856328D+01 -0.10989679811397D+02  0.16768112909500D+02 -0.12298526178734D-03  0.27437074258660D-03  0.20041787363311D-03
  0.76147674265561D+01 -0.90192999395355D+01  0.17943340294756D+02  0.14294841473879D-03 -0.17745669473388D-03 -0.52342331933892D-04
 -0.75581028603763D+01  0.57478928387887D+01  0.52309201533372D+01 -0.31343363655057D-03 -0.43388923223587D-03 -0.56932090365158D-03
 -0.46111534438874D+01  0.48553292849700D+01  0.36404764135792D+01 -0.51091988340765D-03 -0.51287893711183D-03  0.89585989368306D-04
 -0.50258551847014D+01  0.76811440999642D+01  0.59022412138619D+01 -0.10915230829258D-02  0.33938966542287D-03  0.61735005076537D-03
 -0.84248184452419D+01  0.81028426578022D+01  0.11993888512955D+02  0.30847587844408D-03  0.73030129253577D-04 -0.63551066413826D-03
 -0.97578009246870D+01  0.51570193751161D+01  0.13409580406344D+02  0.83441429716717D-03  0.38578230287494D-03  0.22458434840831D-03
 -0.10337665764198D+02  0.62132753338789D+01  0.10115657183154D+02  0.79734157574845D-03  0.37051911648310D-03 -0.18274028761533D-03
  0.50374934774890D+01  0.12353279953628D+02  0.30393355442847D+01  0.15614520103867D-03  0.24828706181975D-03 -0.92925076928389D-03
  0.57334368627434D+01  0.12068499471908D+02  0.64283248486643D+01  0.15037682336907D-05  0.32412790586734D-03  0.40284129100496D-04
  0.31888365822207D+01  0.13936428000939D+02  0.55605814222751D+01 -0.12471201918324D-03  0.32251672701188D-03  0.35445223145096D-03
