$coord
       -2.33269260167199       10.21840757329466        8.28217475102248      C
       -3.11230310448834        8.84036192412336        6.11556100287864      C
       -1.93815092371357        6.58140810308148        5.37893312471300      C
        0.09243739891174        5.70179329419295        6.97336582781019      C
        0.80859523240212        7.10648204984066        9.09093109898988      C
       -0.24643593034832        9.51374479472104        9.47142155947437      C
       -2.70737247152591        4.89528427830954        3.46679836530607      C
       -0.95900490026782        2.77116507283863        2.79210893607113      C
        0.87192907380658        1.90758179053930        4.47410428028380      C
        1.34964782826560        3.29930026085533        6.60966128260315      N
       -5.24029072949188        4.85248857500399        2.46219521777142      C
       -5.55668429101310        3.56382007430592       -0.01089368938490      C
       -3.74034716639379        1.79174214701952       -0.80349695825692      N
       -1.65247723499980        1.24781528677150        0.57817540264942      C
       -0.09118523196937       -1.04108159752143        0.19788451109812      C
        1.82693740807599       -1.89386316529403        1.69123311781158      C
        2.19945097825482       -0.40063751369400        3.79784911382391      C
       -7.39404489935304        5.98940185988680        3.58460683838633      C
       -9.45107143494073        6.46963929882647        1.99366567106016      C
       -9.54121334201522        5.24355019193007       -0.33164730950764      C
       -7.81153613107742        3.43710603757999       -1.20579086844636      C
       -7.44411057170237        6.39609975220266        6.16517197274414      O
       -4.59262328172843       10.40551966157812        4.39079556384825      O
        0.47812787977081       10.66175914628569       11.83825716864438      C
      -11.50346237854681        6.16395639798578       -2.07070680952627      C
        2.34130237728024        6.50666935248266       10.23642919888535      H
       -3.25573982315269       12.03815507353590        8.64132221218497      H
        3.51332904245666       -1.15950928394986        5.26080115208264      H
       -0.83763496636103       -2.31962590313292       -1.18108863254766      H
       -7.91363414230748        2.28804772702779       -2.88165198106104      H
      -11.01310023805016        7.64329002908398        2.45806553664316      H
       -0.69891814118194       12.08754224530492       13.12128783310166      O
        2.95075943429679       10.25942792301195       12.32589356335930      O
        3.44969403083612       11.81914566671001       14.53471176071954      C
        3.35287109398274       -4.08927472207667        0.94755511659275      C
        2.67237400191535       -5.11413824539346       -1.04447083948102      O
        4.90001285951642       -5.03506446455941        2.68199413374512      O
        6.30652736718064       -6.92665893844310        1.42491717936887      C
      -10.97797681731471        6.18570202928244       -4.28378894926156      O
      -13.82013037613063        6.90474030836002       -1.01770928802975      O
      -15.52060841612190        7.22279396803204       -3.12294108892731      C
       -9.94300408008421        6.38876683208124        7.06174226243271      C
       -6.23119906150602       12.20372493717953        5.42065247957742      C
      -17.23039179605543        8.08118598393408       -2.27114986609020      H
      -16.11793525158939        5.19528624403683       -3.72570828020900      H
      -14.68166484838088        8.33866832659586       -4.69286080901448      H
        8.15846101886426       -6.90836932252621        2.40531677109463      H
        6.46056096782633       -6.19209751255349       -0.53357049789829      H
        5.41181293438906       -8.82705417481255        1.87287203894140      H
       -5.36893872688557       13.77046603866793        6.26471944331611      H
       -7.39893563401376       11.34480456354051        6.73241305178727      H
       -7.47719960100061       12.75248547347615        4.01949734880561      H
      -11.36144404282253        4.82737888536974        6.58985376687342      H
      -10.82585069316485        8.13257468618062        6.48054394937382      H
       -9.90380018915739        6.34117156549752        8.97904035009185      H
        4.69404782064868       10.75422695913364       15.80337746945984      H
        1.59235755568731       12.30090526055503       15.67794141907071      H
        4.69393987254055       13.46282722639442       13.87970798681824      H
       -5.66364850366145       -3.24455104006001        3.48989648511947      C
       -3.42691395941834       -3.75372237905079        4.85940061155942      C
       -3.18042675959499       -2.73001011252236        7.22860683274896      C
       -4.52841472806032       -0.47180782356236        7.85291063339119      C
       -6.59296387203738        0.14066974056021        6.24089281787585      C
       -7.28451143985010       -1.36587737629399        4.22583497406077      C
       -1.44097483171391       -3.59932391642355        9.08013225318590      C
       -0.46304788027437       -1.64436451151729       10.61009445837904      C
       -1.67835562812046        0.63148195849312       10.85451480184070      C
       -3.72111946029594        1.14996150545929        9.64719014839590      N
       -0.49627392821689       -6.11245617447579        9.33583577413404      C
        2.28346888124524       -6.17811715152792       10.10752159665044      C
        3.09862105116508       -4.18341433221545       11.44757099115943      N
        1.59188451331947       -2.22562367855511       12.03631073252446      C
        2.54478116076991       -0.50542211179404       13.80331033818705      C
        1.46800537201191        1.90518506665605       14.02478896062310      C
       -0.69618796178250        2.42890569025514       12.64570060861168      C
       -1.50380294897852       -8.52355065594643        8.49611529845978      C
        0.06274101513496      -10.57423061944015        8.48417347053714      C
        2.72248674236298      -10.41690096411947        8.74109213695479      C
        3.83624001484109       -8.24253965757914        9.73729700915780      C
       -4.13864622226534       -8.64841426240195        8.05430120933705      O
       -1.34687513656040       -5.43389769294256        4.35168038139087      O
       -9.64015734072697       -0.92846136159944        2.81171595754688      C
        4.57595226992247      -12.49496759187338        8.39457585063251      C
       -7.54326784968120        1.85815445223088        6.63641105655312      H
       -5.54456042387390       -3.84500409316113        1.47658526481331      H
       -1.22866034071685        4.33763913347065       13.04141661166032      H
        4.31136538033468       -0.78149141649709       14.91925125048844      H
        5.78292643939745       -8.36369672207145       10.54570391818333      H
       -0.79455658823018      -12.37430682248594        7.76182622640965      H
      -11.31329948307192        0.27039902731400        3.80714489234175      O
       -9.78138381028870       -2.01012726215055        0.26797269275567      O
      -12.24067209182635       -2.11251095559902       -0.64415471131421      C
        2.55508046112275        3.78430298038718       15.66163629802722      C
        1.97454426174610        6.02115416966794       15.36860528719183      O
        4.46116010556356        2.81167729211026       17.30930023713167      O
        5.75767155509095        4.60200111827634       18.50704558358557      C
        6.72633433298144      -11.87785505381605        7.90640246878157      O
        3.78407079695238      -15.02512493332247        8.83642451747138      O
        5.94133314623821      -16.46379788195210        9.11534333489510      C
       -5.99323879509132       -8.56214157902909        9.94392089424457      C
       -1.41657978513231       -6.99950798121642        2.26937104245454      C
        5.54709013321235      -18.49976413938396        9.93491810960928      H
        7.46274563041584      -15.48221391334456        9.82862265855103      H
        6.78322626931445      -16.56330848678034        7.28951181171147      H
        4.70730798813594        5.68770229711635       20.01900131667436      H
        6.39878800337710        6.10428940883625       17.14284917411101      H
        7.55466400936640        3.82508985427243       19.19120310313572      H
       -2.51639939238166       -8.64075388143915        2.90473444696526      H
        0.60796028255640       -7.43659080570568        2.19015514217965      H
       -2.10870287300667       -6.47231889950811        0.30066510136938      H
       -5.99947251588224       -6.56070716824326       10.78251186135186      H
       -5.31136459323121       -9.93729616922981       11.35720422975140      H
       -7.68369877190365       -9.04726967513638        8.76088510706002      H
      -12.72595900948473       -4.25127629280930       -0.64797273422911      H
      -12.22951334634223       -1.85145316235688       -2.67021439804585      H
      -13.63839055579423       -0.68256853130482        0.13534635996084      H
$end
