$coord
       -2.93978585082618       11.05370816312151        7.36342249570621      C
       -2.87693090959481        9.19913141088866        5.48987674357141      C
       -1.78610062454168        6.61807234228588        6.08810782985920      C
        0.17357238019236        6.57314214691905        7.92520862264302      C
        0.35609330308092        8.55301073427459        9.46144439243990      C
       -1.47378334507178       10.40586474096686        9.46399892597064      C
       -2.41363976066935        4.26765162608279        4.88947214975019      C
       -0.39998734851106        2.35941134563884        4.51734966207132      C
        1.92434429217855        2.77592520189090        5.91380037158712      C
        1.87839859726615        4.75687703992819        7.59231662910931      N
       -4.64944626829748        3.82400186548518        3.52986267191253      C
       -4.52365425097283        2.24772344015849        1.41897243424206      C
       -2.52668420465654        0.67688657147552        0.95510697297683      N
       -0.48689107753524        0.59894125941114        2.45969530671711      C
        1.69098578342840       -0.72224671636947        1.92230684691643      C
        3.86510858398899       -0.41212720805648        3.40755748095623      C
        4.07367112354759        1.15038002455499        5.41387131324661      C
       -6.85153892080829        5.32993385848271        3.88490749690036      C
       -8.61941780523343        5.40947368963632        1.99507563011779      C
       -8.45567883631274        3.82655986591635       -0.17674576332572      C
       -6.40332804027434        2.28022050893479       -0.34534639140488      C
       -7.14472066649262        6.66732684778601        6.21654058646930      O
       -3.92823785032782        9.55612407000980        2.95069692234214      O
       -1.35873848566584       12.62696786328260       11.28761455634089      C
      -10.06854389503065        3.96032761272213       -2.35322261559836      C
        1.58364719803740        8.67154227349248       11.06831857326021      H
       -3.57782816730671       12.91574007301806        6.77124655529831      H
        5.77881170212186        1.73075519078854        6.17630905512403      H
        1.59560682515560       -2.31191496770325        0.58392384750601      H
       -6.22523518919622        1.04257107405797       -2.00612788680340      H
      -10.05617016125386        6.86628483868697        2.20530148507027      H
       -3.31438498706230       13.33469299242076       12.14377505371797      O
        0.98679014851875       13.63206015674764       11.62053695951534      O
        0.94964070947731       14.85561490356545       13.90856535116611      C
        6.08424404467704       -1.89382150742237        2.83486083836268      C
        6.13965787453620       -3.50978509889552        1.24996863963765      O
        8.17437860895764       -1.27420170897682        4.20324425496008      O
       10.50579202053541       -2.33163923527212        3.08517049885542      C
       -9.67769521398109        3.09067333039894       -4.54489859334805      O
      -12.24736382536513        5.45159482714483       -1.84648755741583      O
      -13.86481560338904        5.83655968443985       -4.07713539123225      C
       -9.58435012298359        6.79266293019979        7.18761563887708      C
       -5.41670557478366       11.66945952874122        2.68639551493748      C
      -14.94455754274624        7.58776012479617       -3.90981668071975      H
      -15.20078037061939        4.42359502900284       -4.33350607370193      H
      -12.40165157400958        6.03779045013044       -5.56551205296978      H
       10.38280754871278       -2.68839504416843        1.11175465701845      H
       10.75962645435286       -4.27544656522061        3.87131234219217      H
       11.94312321470113       -1.09812850758450        3.49921258622643      H
       -6.83982128141640       11.61582974886885        4.22051748053246      H
       -6.52504650449110       11.64300360174650        0.76463921598816      H
       -4.18292775905618       13.47257126025861        2.94807520682555      H
      -10.40018047834116        8.82992634367561        7.62600070260932      H
       -9.32196161849972        5.77188732314645        8.93580541290477      H
      -11.06081516060411        5.71782049277799        6.11995311663507      H
        2.90650074953562       14.74799684823150       14.57945694467280      H
       -0.35889926616978       13.68637659189971       14.96070629712289      H
        0.39123970704948       16.71647861699500       13.63321105576524      H
       -7.23319442212351       -2.98778909779269        4.18757000696157      C
       -4.89551253855182       -3.97970678464891        4.66775744398905      C
       -3.69958616912236       -3.10633841207374        6.79964977883574      C
       -4.51677804692695       -0.95007038306348        8.22475360620500      C
       -7.12433456115319       -0.20138343194696        7.80896132662235      C
       -8.47578266778793       -1.28138283518300        5.81101498697482      C
       -1.35102002135110       -4.02865557556012        7.91557733526256      C
        0.03611375465705       -2.31218916426178        9.36574468142301      C
       -1.06588114358881       -0.12889109239847       10.28501501361901      C
       -3.41167937360441        0.47843317713589       10.04613307009180      N
       -0.43523776761582       -6.57217106911561        8.04824583079426      C
        2.28158454564224       -6.86821639536809        9.11151281938369      C
        3.71519825926780       -5.09459578957354       10.08085307420086      N
        2.50024812994197       -2.98758153586513       10.39967056120236      C
        3.78342738621170       -1.25071724901367       11.98438679430108      C
        2.70680825756459        1.08614757821562       12.58327465522300      C
        0.14370015610526        1.25394432882201       12.12967473419358      C
       -1.86888725183596       -8.62623445082468        7.66514312780102      C
       -0.72047178010414      -11.02425486068101        7.88219735003256      C
        1.77343560376716      -10.93621987690359        8.59392882239950      C
        3.38534634719605       -9.03669075981510        9.12851768168989      C
       -4.37700581183327       -8.62378328359389        6.64386055388468      O
       -3.82361161181839       -5.68279395917423        2.95418098291765      O
      -11.05814360509442       -0.63856913759237        5.22248886454257      C
        3.08325254056529      -13.57281270372430        8.11617486068379      C
       -7.91584952825536        1.24845825309191        9.05570002795594      H
       -8.08565491935894       -3.27303877521775        2.41806119508650      H
       -0.76135305376426        2.87025524838855       13.03185966644769      H
        5.55482389645364       -1.66390111580268       12.75282643093462      H
        5.12050392579714       -9.35082758145582       10.19020263695293      H
       -1.71057397235482      -12.84029662699429        7.43896330103541      H
      -12.16803585515999        0.88324222299916        6.67155879913446      O
      -11.90346951343250       -1.47113363451563        2.88313583310906      O
      -14.50752582977839       -0.85893136558584        2.78503526140139      C
        4.00383822713125        2.54413197512203       14.45893094901903      C
        5.80015494060758        1.41560942866906       15.35007974558699      O
        3.01336280097289        4.79534084946627       15.18757004294447      O
        4.55278246235607        5.55848668798453       17.24284076220260      C
        5.28324519739985      -13.96826288091662        8.57983001553214      O
        1.34131862420652      -15.47059390761398        7.37999119283678      O
        2.60361000539837      -17.79356344272097        7.58142848357465      C
       -5.99762978625646      -10.83633588597588        7.29599567922713      C
       -5.56011279698624       -6.79047738119141        1.37756744602484      C
        1.13353787100304      -19.28353053288408        7.25896425796635      H
        3.71333529292429      -17.89210799224689        9.45340190409240      H
        3.68769430653087      -17.71363022398903        5.86166877522485      H
        4.54718844317174        7.72074485307823       17.27949635464892      H
        6.45359226991629        4.99055603700245       17.11206818737072      H
        3.74663577636097        4.76158490322658       18.88897392662464      H
       -4.62270704164664       -8.19102447354983        0.24722693776586      H
       -6.09551237110759       -5.33103243804988       -0.07526073639110      H
       -7.06930875683453       -7.37465206173034        2.51833648056705      H
       -5.63002452656888      -12.53449413440033        6.18711327569795      H
       -8.04970733102401      -10.30392945095245        7.25937707142795      H
       -5.77267094937436      -11.18538919289909        9.25137721144584      H
      -15.27912081858034       -0.43609390188797        4.79900178400136      H
      -15.79797362523347       -2.16934206828107        2.00334025811169      H
      -14.29456970464392        0.87039611583466        1.57906855427569      H
$end
