$coord
       -7.55671214953774        5.92795432770475        5.16622295989427      C
       -5.02178156027367        6.30873478217256        5.89556295940891      C
       -3.79783624846532        4.47803973315911        7.52402701763013      C
       -5.67416487521114        3.12485527886694        9.22017930906789      C
       -8.25496122740555        3.31649454251861        8.93495721400216      C
       -9.20624322341774        4.44446415659411        6.57408900590752      C
       -1.15281324994016        4.47221440313077        8.16938591327571      C
       -0.55242893790161        3.31113349685604       10.51370824860320      C
       -2.73086935006479        2.26804855590647       12.11170468720801      C
       -4.90824573019672        1.61435111038174       11.10183627953057      N
        1.01470648412901        5.77804575107326        7.08599062398695      C
        3.25555935034975        6.02320340469872        8.57993833880304      C
        3.66209038222056        4.97720763511813       10.79505310347787      N
        1.85458972042944        3.64472192131384       11.75880030692217      C
        2.02005976825154        2.65563521527862       14.13192282576018      C
        0.02662192248702        1.78243442550874       15.71090499170843      C
       -2.27093110005140        1.63183393534699       14.63200843340065      C
        1.27879279647603        6.16160089263570        4.35225926887187      C
        3.27642074794686        7.47036114446518        3.43775425182360      C
        5.17325633307188        8.27551072448364        4.91694824953806      C
        4.98755882094008        7.55775690731262        7.47971593433021      C
       -0.64577632010100        5.14851795045267        2.55276923025483      O
       -3.55522759888506        8.59278963084521        5.28717208682485      O
      -11.98569976788972        4.09998353853183        6.11504989685656      C
        7.64257169813574        9.14182430931096        3.78574226508768      C
       -9.70420203687118        2.60848230250537       10.02101215009912      H
       -8.16170788275984        6.67984307660192        3.32420034107123      H
       -3.82237457304655        1.18136015008007       15.91697048167240      H
        3.77363652583146        2.55719204299597       15.24044667989250      H
        6.82546263243868        7.87729367894307        8.15699161970847      H
        3.63077751753900        7.54242876960318        1.32301862294607      H
      -12.97661825423156        2.03397357649089        6.28021629326764      O
      -13.11706092931101        6.42516473759330        5.96776396538898      O
      -15.69218206774470        6.06088638786896        6.28276534166750      C
        0.69623866621106        1.57524522911759       18.50084291866409      C
       -0.99419999222129        2.10100224036010       19.92069156335775      O
        3.13973877672059        0.62914904582788       19.01048020184922      O
        4.04279208867419        0.49753032950386       21.52179985226601      C
        9.49691027801543        7.80289704506726        4.13930854750276      O
        7.69458427801111       11.21184202777116        2.22351227772859      O
        9.81888806911642       11.05155090057007        0.74125908886958      C
        0.47540847156777        5.09030358887284        0.12623241024579      C
       -4.04996145144612        9.51518225088808        2.97650084636289      C
        9.58825699948936       10.80316101052877       -1.31383690011439      H
       10.98631813929542        9.71874522823919        1.67913519768472      H
       10.75298442272297       12.76169838136174        0.83020052407165      H
        2.35013516020810        0.26637470246873       22.82999718477352      H
        4.67779806704488        2.49299751103759       21.40026732047050      H
        5.71459294481407       -0.66055872276300       21.60892079676838      H
       -5.96307176082246       10.37372984256437        3.15498179033609      H
       -3.53419028004406        8.32181070905749        1.41334090193002      H
       -2.73212270776816       10.99871405487272        2.23351053235495      H
        0.65263956348191        6.85728418803163       -1.07484909092513      H
       -0.84469711194675        3.78359276100822       -0.74598601207143      H
        2.12623437010601        3.70754573071350        0.05604963161239      H
      -17.08347068213459        7.76253392046040        5.91814385967678      H
      -16.24778139834627        4.87035229852245        7.96808705985590      H
      -16.56193960610772        4.94890783078487        4.84688777524449      H
        2.64146444219039       -3.66406187739957        0.33972194029904      C
        0.48864974925772       -4.85183111937742        1.24202245352370      C
       -0.44446497679120       -4.52307342566103        3.77821029778504      C
        1.38093813078700       -3.22616573806313        5.41964839145525      C
        3.56729263316045       -2.02160193081634        4.34932544935262      C
        4.24730002855454       -2.35543905215095        1.90277700120650      C
       -2.97736212278892       -5.05987009456680        4.65631393511353      C
       -3.11237548449883       -5.20222175838244        7.14911444198242      C
       -1.23279351155435       -3.78400468583634        8.87717518363465      C
        1.03628961270142       -2.83476690390986        7.91507911401861      N
       -5.31149646416758       -5.13260749241212        3.14589733372505      C
       -7.41540216492302       -6.30427709846366        4.53751076504422      C
       -7.38077325236236       -7.01020361151546        7.07202454354548      N
       -5.34904368956920       -6.33779626270424        8.47084884469918      C
       -5.82386546430424       -5.10707016135817       10.75832258922625      C
       -4.08231071983322       -4.09147983183681       12.37561065540188      C
       -1.82112905642484       -3.34953506033662       11.48286198936699      C
       -5.97687027300685       -4.11669980122975        0.80574977448638      C
       -7.97379775837334       -5.23973731142665       -0.74498422938440      C
       -9.91744777621135       -6.51792407487603        0.72130901939558      C
       -9.46475651907413       -6.87890042494719        3.13960637509442      C
       -4.53858490615814       -2.03574594253554        0.03731246730591      O
       -1.09440381126655       -6.27329599885841       -0.31779149060544      O
        6.51667668582639       -0.91489249311970        1.02232300162641      C
      -11.96049537398350       -7.73845887846877       -0.72049848435628      C
        4.53159774902590       -0.67193850760640        5.18017075513872      H
        3.54644883747397       -3.58747407258864       -1.41938437528189      H
       -0.66375409778874       -2.03779058022279       12.58485683954020      H
       -7.56317201988915       -5.44442474596425       11.84050202651994      H
      -10.95261660896733       -7.97851416011655        3.85856858280800      H
       -8.31510008143332       -4.76343104599571       -2.70983817167988      H
        8.20870423170508       -0.29823628361239        2.48804076252037      O
        7.32495673470873       -0.24396072502931       -1.38275858499840      O
        9.22383409469031        1.37521585680647       -1.38862309210234      C
       -4.99443708018006       -4.15007315557821       15.06297048931147      C
       -7.07923679100645       -3.66119956097287       15.59209542764067      O
       -3.12992465047152       -4.69803999340869       16.92293898532473      O
       -4.21731050297554       -4.62366820858514       19.30565790089959      C
      -12.52400435757725       -7.05004660572364       -3.02954810064893      O
      -12.85484483518964      -10.10829127363288        0.33240284045852      O
      -15.23029565189093      -10.34619126567287       -0.71098257497070      C
       -4.43598094082483       -0.00543207100821        1.93055769924863      C
       -1.24291586876049       -5.66090988924932       -2.90476861355706      C
      -16.06199256015987       -8.53872052720329       -0.68112242385947      H
      -16.13266311991778      -11.71600480721300        0.49917664571106      H
      -14.83817882477855      -10.60997535814568       -2.65610254642184      H
       -3.00927109811820       -5.84835130689261       20.70848074955036      H
       -5.88465904386004       -5.70830575826328       19.06108704410336      H
       -4.34755659229160       -2.53860227805918       19.96603989684963      H
       -1.03921793397250       -3.58228618724979       -2.97912339956853      H
       -2.98373761040815       -6.04248789436084       -3.89873278113397      H
        0.15236357135469       -6.44594132850125       -3.88683796807903      H
       -3.24000933737774       -0.72472758277136        3.53559058429156      H
       -6.48270407946775        0.22913382896964        2.36400932261777      H
       -3.68479497617384        1.70855429743888        1.37337594090400      H
        9.02687474938286        2.39860407067743       -3.18510724657947      H
       10.95869271948282        0.07982122459333       -1.61669128501613      H
        9.42512336450399        2.58489070065100        0.31521723015195      H
$end
