$coord
       -6.37833787039953        9.66972199801978        1.37060052427355      C
       -4.08226036708311        8.98586128206446        2.51312833078465      C
       -4.03717531952258        6.56325029495963        3.70784732319737      C
       -6.62896704573658        5.60794290225860        4.09659402600762      C
       -8.62136589685058        6.08524225622611        2.29539810627162      C
       -8.65192687097992        8.16561802437124        0.84368059843561      C
       -2.12662645180555        5.35735931194258        5.33853028404520      C
       -2.94828790124365        3.72495581057957        7.18909379115067      C
       -5.52993711504492        3.16494859240192        7.51242758816803      C
       -7.22640560276027        3.81416486575133        5.81409858346069      N
        0.60934033148658        5.60237284299674        5.29259891532955      C
        2.16039768255848        4.79454189273510        7.40291373872451      C
        1.19139329431931        3.81199027833073        9.48764357551027      N
       -1.37470780682744        3.22495971309322        9.38595906909633      C
       -2.35225398015285        1.65174854105857       11.32316029206393      C
       -4.85352385531460        1.01654105717656       11.29680173022495      C
       -6.50768844371144        1.89825133588972        9.52280263678754      C
        1.75162943937078        6.28504101984325        3.01514033752097      C
        4.35946793644633        6.76378554263817        2.88573506851362      C
        5.70960587963888        6.54060601688735        5.05865845602481      C
        4.62962669170755        5.46425770955568        7.21012700573495      C
        0.48553185263946        5.95498198059470        0.60273315228660      O
       -2.06081966536721       10.51511686588550        2.79817784067670      O
      -10.69143572826839        8.50571974541550       -0.90241820587262      C
        8.62741459830657        6.72949112406253        5.09351590219128      C
      -10.23533704911467        5.18757953086554        3.08874200819218      H
       -6.11275609860074       11.56669891930694        0.61138953597900      H
       -8.46411361499865        1.31965971204875        9.44474464696798      H
       -1.18104763156097        0.97957318689710       12.90121433615387      H
        5.97970313336290        5.33430017324881        8.74341735135321      H
        5.36664720817204        7.88192250253658        1.28857041332964      H
      -10.58323373122250       10.34166563447921       -2.29429769127624      O
      -12.55298006989104        6.86725710203950       -0.91109908473975      O
      -14.53656003823693        7.29742902090441       -2.45940571193560      C
       -5.67608946967963       -0.78916678655663       13.25471820440421      C
       -7.81574923955533       -1.61725097645244       13.39798848383066      O
       -3.74533187271209       -1.11089221107676       14.98398628262260      O
       -4.78081477537364       -1.84902392478513       17.32257063631183      C
        9.82018622745310        7.92044292537776        3.51306802832770      O
        9.79538126126359        5.09208365763276        6.67263321432968      O
       12.03662847082666        6.19720617131458        7.30408867545087      C
        2.06204328075697        5.89645136592486       -1.58902033770151      C
       -0.98432867111320       11.21742998547960        0.38333506322536      C
       11.95154735047774        8.08155271310067        6.68915513420957      H
       13.66328314160075        5.25911679325746        6.28434203157630      H
       12.29182093560933        6.25741553114632        9.38122485102107      H
       -3.50065691782351       -3.16171096408992       18.22297294781393      H
       -6.31616379185706       -3.22792952686533       17.28008639436499      H
       -5.03077557707281       -0.24671304832687       18.53663527013233      H
       -1.20514449282556        9.66687012407953       -1.02211964910682      H
        1.01224915282994       11.34856197875522        0.69148596471777      H
       -2.10100745649549       12.84297447594984       -0.23521389871687      H
        4.12187355485776        5.93272146079915       -1.63473721499722      H
        1.85682377823800        7.74444037759708       -2.47216430392634      H
        0.98071257226148        4.80852105766349       -3.06267482502329      H
      -14.79339601119990        9.20081586496639       -2.65648088348017      H
      -16.04632158176532        6.76862776737339       -1.48335971272542      H
      -14.46918501858055        5.94058919034744       -4.17977668397813      H
        2.31716241852468       -2.51106767607539        2.43181394028240      C
        0.49448768893532       -3.99816588806341        3.60835375314313      C
        0.15866763401368       -3.21009431538012        6.22085908480900      C
        2.10645923166785       -1.92602621842782        7.66214025671047      C
        3.88071539957667       -0.61991438570907        6.16195053959479      C
        4.05846480017574       -0.97260652161320        3.57169543131133      C
       -1.81520914454859       -4.28349957073624        7.65319258832230      C
       -1.55888328004686       -4.43719744071964       10.27644897879962      C
        0.74066567316027       -3.46939235903140       11.49041828864000      C
        2.28136370031669       -1.95732165317479       10.16199009939529      N
       -4.38477798409794       -5.40926609729460        6.61398763336597      C
       -5.94345588245369       -7.03595892766212        8.17706411507486      C
       -5.42139329632322       -7.21928895174784       10.76683484323899      N
       -3.43686118054300       -5.75865281685339       11.62512309079283      C
       -2.85482432662063       -6.43077728954452       14.16191495646559      C
       -0.69445704631647       -5.72555698741472       15.35583428959053      C
        1.08372316967623       -4.06185878346562       14.12851311269845      C
       -5.33536214656155       -4.36994376687926        4.25333745224491      C
       -7.84240372945706       -5.00279717135531        3.51941442140447      C
       -9.26343209696241       -6.44749110323148        5.28819883723225      C
       -8.53850012610010       -7.27315484126499        7.53631275800686      C
       -4.21574799137694       -2.40280163865705        2.93757344164908      O
       -1.01615839884095       -5.91875614135578        2.83715199961921      O
        6.32984193103369        0.07559492506463        2.50164685886515      C
      -11.86440114419306       -7.40517643599595        4.66157253880279      C
        5.27236256689501        0.61427885380102        7.13360692898736      H
        2.53257907914574       -2.71162218798421        0.50847885507044      H
        2.98750783678559       -4.25666033068232       14.63284853129552      H
       -3.76522050950517       -8.12935484319575       14.74550709196708      H
       -9.83455767080955       -7.72796958979198        9.28495072531546      H
       -8.74511596670383       -4.44248374746462        1.76738972373580      H
        8.12376892607920        0.40755344214942        3.98475452719978      O
        6.68234800328672        1.40900643151968        0.38117979265268      O
        9.15395715410676        2.41107523287956        0.04721889114697      C
       -0.46655124166244       -6.45171087963111       18.08940409302223      C
        1.35617991318184       -5.87491722521649       19.55153669837463      O
       -2.65829985150413       -7.91511293999260       18.66531946543148      O
       -2.74845300242360       -8.43942918074060       21.22914894519399      C
      -12.71640956879532       -7.41416608921593        2.54691577052925      O
      -13.63791264298464       -8.12865031351217        6.38807430697802      O
      -16.12464831489850       -8.61790160982583        5.57807469898860      C
       -5.67981942461678       -1.30834550694729        0.95751459967662      C
       -0.30943095188950       -7.24479974460416        0.67107600839985      C
      -17.30778747112801       -8.95857188318668        7.26798879788690      H
      -16.12589596653788      -10.48923424399910        4.27429379445281      H
      -16.84155673038708       -7.04036508841975        4.49096670093940      H
       -1.35663856530674       -9.36873174717350       22.50766587167405      H
       -4.22740343468799       -9.91113861916617       21.25097725168716      H
       -3.23595602947073       -6.72606625013259       22.28856647430172      H
        0.27503543843068       -5.85757272142666       -0.79332211281920      H
       -2.23018928674126       -8.22457693971021        0.14946834610289      H
        0.85212655576328       -9.05556039551076        1.15752515516726      H
       -7.49777453976577       -0.36491176955561        1.74618790482916      H
       -5.84655781772179       -3.00865452297826       -0.25795395723705      H
       -4.62317322426657        0.10688281701402       -0.03675181430613      H
        9.07035024838093        4.08201992975054       -1.47961932434187      H
       10.31359118392923        0.60912299569186       -0.25465980630136      H
        9.51182305377356        3.37526374870569        1.73418380112972      H
$end
