$coord
        7.42833853170368       10.47180225590310        2.10040779282110      C
        5.42099595454352        9.90888815861755        3.76584983194798      C
        3.04087624211764        9.15797275271251        2.41685924843960      C
        2.80042522672595        9.31904885730138       -0.30931375074433      C
        4.96403819811235        9.50702823043727       -1.68347611635647      C
        7.06341986637322       10.23633502537990       -0.43849276784430      C
        0.79937253715541        8.22817929232204        3.63571485146535      C
       -1.40650500896460        8.04713638514776        2.04603732970194      C
       -1.31239620440678        7.73858467609613       -0.64003688177882      C
        0.85717332899267        8.30293341769080       -1.81946787937166      N
        0.47429017180677        7.18791121554642        6.29126342871624      C
       -2.11753597535339        7.14083122968816        7.33902069910260      C
       -4.19276958175835        7.89779101288428        5.77053345300241      N
       -3.93385464788354        7.93774234794978        3.25687144130737      C
       -6.04664516531268        7.67567503567233        1.58705213483981      C
       -5.78661641182629        7.65657263646365       -0.86167803270763      C
       -3.51110086292298        7.81993292409620       -2.22089638004442      C
        2.27990826293163        5.52710417640417        7.61622759721330      C
        1.90950546852641        4.81106004587842       10.15568473159628      C
       -0.66887035819290        4.83987092901661       11.19486885070841      C
       -2.60689861894307        5.90044151578003        9.81914557828541      C
        3.85025956351048        4.09129346117308        5.95055094864879      O
        5.61841065040170        9.56814059535674        6.14234962245015      O
        9.13303544551110       11.35443033382820       -2.05697952536845      C
       -1.13936283521274        3.62085230025114       13.97218763177375      C
        5.31000034881971        9.56042576474593       -3.89775662723095      H
        9.17787935311050       11.31286803008973        2.85631287235422      H
       -3.40197013251442        8.00369246252018       -4.22372038972618      H
       -7.90377557742958        7.45823998428494        2.38871522382831      H
       -4.52632612683863        5.90659211574871       10.58167409019113      H
        3.46157829322302        3.67576529561920       10.72097676710471      H
       10.78485851138975       12.44572818558839       -0.78500847473015      O
        9.13284617042356       11.13674583425916       -4.74984399115081      O
       10.69318808982625       13.11199187238629       -5.65796485059772      C
       -7.86801330953154        6.60061362692463       -2.68723113744158      C
       -8.88005630970436        4.75432114951910       -2.08464277758618      O
       -8.44304265580631        8.25651034127010       -4.71058057072726      O
       -9.89336621390099        7.17390400569904       -6.65495400278175      C
       -3.33084813243936        3.30622764391813       14.74029821851197      O
        0.72180032368180        2.38721313460076       14.83916400171904      O
        0.05368661289643        0.88911085766331       16.85502112176929      C
        2.71579720057849        2.49075768357229        4.08971322416113      C
        7.85174055924150        8.43168314715821        6.99464018312826      C
       -1.58527743517247       -0.01704161315939       16.01826383048138      H
        0.27735741024082        1.44530793708696       18.95085895723552      H
        1.42221513482383       -0.75028779426900       16.39317371205097      H
       -9.10689990329018        5.45685927693496       -7.47939372241413      H
       -9.78472197630528        8.54115075503673       -8.25301281148045      H
      -11.78007548242096        6.63551713316689       -6.01921994758412      H
        8.74742328106298        7.29862239910435        5.48708974161689      H
        7.19155284902546        7.26222618559354        8.50225548255872      H
        9.22825988432431        9.69680383625184        8.08766275298611      H
        1.13614921657663        3.52178834028448        3.02708843453646      H
        2.11074706214468        0.54583561351792        4.75380140818500      H
        4.11820182841388        2.41939014095882        2.60953855765312      H
       12.37622958236120       13.70282850986607       -4.65397214513772      H
        9.49961538586396       14.94893627691382       -5.92745764897314      H
       11.32167911537678       12.92913132982170       -7.71269643034403      H
      -11.54451214666743       -5.90815667792650        8.83682673390097      C
       -8.93895978033759       -5.53766644852127        8.48118104399718      C
       -7.05325152698776       -6.88402539154851        9.83041744547356      C
       -8.00291659233404       -8.38745693877097       11.57284092337022      C
      -10.75967301242947       -9.13400307212132       11.82474976094416      C
      -12.43343495280011       -7.65391841767907       10.45416881915102      C
       -4.34016517673814       -7.07882679064215        9.36941944261635      C
       -2.74207074056577       -7.44274375218812       11.62672820775139      C
       -3.97097308658913       -8.40960611948999       13.64738481604268      C
       -6.58344952381834       -8.78754079451086       13.68758141972370      N
       -2.94641627559538       -6.84627087575228        7.16301433839925      C
       -0.53094322059967       -5.66335466876202        7.74606511135364      C
        0.90056789492534       -5.66621885027005        9.84885068101810      N
       -0.23194359634185       -6.77086170678916       11.89123194137517      C
        1.16739158328621       -7.23345787051368       14.24620251258116      C
       -0.18899612522687       -8.25653824414404       16.19194617336573      C
       -2.58187125817554       -8.80183927818146       15.93422363807404      C
       -4.02769398194043       -7.26262784709580        4.67732971981805      C
       -2.81237793327777       -5.71872558193103        2.89221692028653      C
       -0.79436343551334       -3.97828266899859        3.26544742321854      C
        0.43578909110342       -4.37562367261947        5.60164550928477      C
       -5.98100326711966       -9.15155833108989        4.65674593696163      O
       -7.82576449157852       -3.94868738850744        6.81932038435035      O
      -15.51509241764994       -8.22983693003370       10.26861096099130      C
       -0.53002228348094       -1.80237897074469        1.35608265324235      C
      -11.29295078077047      -10.75318276369376       12.78623697157641      H
      -12.87101214087497       -4.96719002084196        7.40124866406293      H
       -3.88929919042600       -9.58434901634664       17.23781988270603      H
        3.30807743848374       -7.33452880566897       14.07816658099501      H
        2.06133392136062       -3.19214695366902        5.65096349836074      H
       -3.45870968956637       -5.43265745888034        0.92362313520445      H
      -17.14234937386760       -6.73690373365715        9.43730255725572      O
      -16.04504919728418      -10.58684049189659       11.20698700749112      O
      -18.78781958227315      -11.23914385291686       11.01914155014891      C
        0.64548104113816       -8.54662600648448       18.83225564741785      C
       -0.68073176160638      -10.01734527194292       20.09730148782483      O
        2.91800763457010       -7.03698426079306       19.34083894042820      O
        3.99078526124681       -7.61648300432653       21.71309964090810      C
        1.08496705754086       -2.06417363872963       -0.36920752908205      O
       -2.23342997124731        0.09587710655877        2.02176013079617      O
       -3.34237579600958        0.77013187545950       -0.29235355103049      C
       -8.03154427719100       -8.35095565608315        3.12927339695917      C
       -9.62499171550288       -1.87354346208250        5.91374777164237      C
       -5.19135688323669       -0.01332308393731       -0.64968665029164      H
       -2.42983507891973        0.45042629244409       -2.02957453233761      H
       -3.35975140229085        2.83183851363641       -0.25183397570198      H
        4.72198430957806       -9.57052213777664       21.71492794906797      H
        3.30296162284897       -6.89179930822149       23.45149271580729      H
        5.96344057659352       -6.86808460666227       21.74939155725233      H
       -8.79196906397997       -1.12902102030966        4.07285383824147      H
       -9.68548141021875       -0.05718856977129        6.85370948511389      H
      -11.54369641562612       -2.38039696521042        5.40355248493171      H
       -9.30798773789113       -9.84370839103812        2.56545691125863      H
       -6.92128998234109       -7.90407376718509        1.34359263948897      H
       -8.70912984417139       -6.59716289331613        3.69886110439386      H
      -19.11299591139686      -11.91405262542041        9.01168758829856      H
      -20.03427743898160       -9.53279083600325       11.61188692159143      H
      -18.80444868982037      -12.84200942873652       12.38945390666652      H
$end
