$coord
       -0.95133000914975        3.31539158574650        4.74296104904210      C
       -2.92593378472087        5.04497189456619        4.27736827861634      C
       -2.88528446385891        6.65123624471938        1.92790453845941      C
       -0.31064417309176        7.21267453698323        0.94165111693608      C
        1.46062929570032        5.47611497719940        1.56842078265323      C
        1.20419144072125        3.39662456051723        3.29409723327626      C
       -4.88817548844231        7.98093308140236        1.04141556365049      C
       -4.27469827700439       10.48435060820157        0.18683201137309      C
       -1.51400501925157       10.93679528809245       -0.19059326808279      C
        0.44904732357184        9.24397556146618       -0.50812131339102      N
       -7.50575688503066        7.50543188938170        1.28554137722098      C
       -9.38001645352074        9.46175513080525        0.72165916745590      C
       -8.81799972233704       11.76804286932644        0.11371023937673      N
       -6.20815456480977       12.36322833388767        0.56805821660037      C
       -5.35322366479773       14.78051910269635        0.04222027603758      C
       -2.86566755808369       15.37239672768188       -0.66813591550977      C
       -1.18675623351855       13.42021359818900       -1.23181621848280      C
       -8.54694787185603        5.08221218371285        1.53722488348568      C
      -11.21758862117558        4.74842907605731        2.17970975578466      C
      -12.81226437959456        6.73030925234826        2.25289203241730      C
      -12.09617004803489        8.81971418781330        0.75042305103190      C
       -6.67183556025679        3.29809859182810        1.60477262720034      O
       -5.06163566679725        5.36611898711325        6.13517383946696      O
        3.08342221168245        1.29130034067978        3.31946850218415      C
      -15.66978467983511        6.34770336341996        2.49471300902289      C
        3.10091481462467        5.65953209491681        0.49606970133495      H
       -1.12311087373067        1.94401282354756        6.18938308362719      H
        0.80943888601469       14.07662602214178       -1.77981263917392      H
       -6.41315337789134       16.27627031704352        0.46981824181721      H
      -13.59543816443855        9.97072578502790        0.36817567282222      H
      -11.92366364527783        2.78856545622997        2.34017987037189      H
        3.27222495022295       -0.15331223374527        5.01273740232833      O
        4.81764074521798        1.41574749028035        1.23406670468083      O
        5.86651794416267       -0.94689557219693        0.70416643441872      C
       -2.02619508203104       17.97030816287051       -0.52787616369499      C
        0.14271077062533       18.65532278061790       -0.35947168355400      O
       -4.02904521396449       19.82840859812154       -0.12407208192653      O
       -2.93160407522586       22.14818137637073        0.20882994698320      C
      -17.10933165936201        8.09510973091884        3.10215725610161      O
      -16.40877792929748        3.73093291793379        1.68489657585684      O
      -19.06775481949370        3.21875520847494        1.58993596486662      C
       -7.29877796537919        1.14242159655520        0.15511620925238      C
       -6.30037256899402        3.20174492176188        6.85197038124233      C
      -19.28562309210108        1.45985565702196        0.54867324002189      H
      -19.59915800100806        4.90957294174459        0.20193403266967      H
      -19.84698133238645        2.95545106880175        3.45477195309571      H
       -2.81914411727981       22.01906019312194        2.44058160912751      H
       -4.10910338214156       23.53483748119147       -0.71734130531040      H
       -1.17848792651492       22.10808437059821       -0.93397301601191      H
       -6.38053257375165        3.79011433608314        8.98038639365606      H
       -5.15736537985469        1.31418903769898        6.60104255899702      H
       -8.17129373182263        2.89574899573582        5.95498159911803      H
       -9.30427833134450        1.19592992473197       -0.72713177342241      H
       -7.17666095691083       -0.60034465279490        1.19223138537005      H
       -5.90718746935662        0.98920529585115       -1.19459717493062      H
        5.32426577481959       -2.16829755844939       -0.73096259749851      H
        5.99249289276465       -1.90992761289183        2.43853895922838      H
        7.93220145294021       -0.44522166853115        0.44156154258209      H
       -1.68766604578346       -2.87118685771704       15.88016712447847      C
       -0.88758464570886       -3.66473828306699       13.38561564112387      C
        0.12623911594233       -6.15716421315757       13.15587714887288      C
        0.72950048782438       -7.54187525944455       15.55438293389023      C
       -0.52226043912347       -6.80768706894894       17.88706801378998      C
       -1.62328285856146       -4.42113244862847       18.13992674625246      C
        0.57927680372079       -7.37047472758646       10.59458919111616      C
        2.70022549590352       -8.69900202726609       10.60378608774262      C
        3.81123933726903       -9.54248915708301       13.14068014756742      C
        2.52704304937374       -9.40519209438191       15.30631487514135      N
       -0.87006664350915       -6.66486813041753        8.31062607020480      C
        0.41759729161637       -7.54786442197180        6.16965986340956      C
        2.74263044742052       -8.98935765626863        6.33843487743659      N
        4.03142982116473       -9.25325075316151        8.42746985273559      C
        6.42811905779481      -10.58758346178707        8.46784151424525      C
        7.24974419663256      -11.60775859407217       10.69262091140230      C
        5.71746539159161      -11.27041736274240       12.79350508082661      C
       -3.36392669616287       -5.64036160939296        7.96121285621836      C
       -4.72952283310860       -5.94269698107361        5.64781173294148      C
       -3.58920065995177       -7.32791727669636        3.64313173429181      C
       -1.09541225231738       -7.89480595310180        4.03502038166739      C
       -4.45217168705926       -4.73160836887495       10.12138759490340      O
       -0.91078208435084       -1.58605506909629       11.79217739425460      O
       -1.85278679109004       -3.13158559794376       20.60606045075290      C
       -4.81285142934450       -8.08133813236267        1.33402139985093      C
        0.28421082755084       -7.82478814784321       19.48804754619130      H
       -1.66427696108926       -0.90408531816893       16.58189916923424      H
        6.57174108090486      -12.26997545053763       14.34416598973356      H
        7.87195913056634      -10.69632476881434        7.00896718948756      H
       -0.14508752191804       -9.10902642599320        2.86876505433760      H
       -6.54918633961733       -4.89891092875832        5.82992553730171      H
       -3.06721426751639       -1.16410998051349       20.46627664796059      O
       -0.77046700011527       -4.39067043388459       22.67886840235400      O
       -0.72427595581656       -2.74773557486225       24.60886420017201      C
        9.97103285570158      -12.16356847139343       11.29677815082579      C
       11.56459304884356      -12.20936053863677        9.79294975065989      O
       10.27715154376578      -12.35200062282173       13.87393638048514      O
       12.67221750264727      -13.19721804345296       14.60513320539934      C
       -6.79603495318544       -9.32434554949890        1.58111310384998      O
       -3.64771391860819       -7.63235637343001       -0.90623657614938      O
       -2.76296520709135       -5.09426881889048       -0.87189599730102      C
       -6.45352563178799       -2.90455552490307        9.92367952175291      C
        0.78629400134859       -1.66201922933497        9.73904504192916      C
       -1.68667289751966       -4.54731396179687       -2.50897980827990      H
       -1.35375296210315       -4.87053483979153        0.68129549986438      H
       -4.49975941801900       -3.79176143301322       -0.62249762929090      H
       12.69763047726463      -15.03668193033222       15.52200637345548      H
       13.47558552240460      -11.81134862455365       16.01864980565360      H
       13.83435925145522      -13.28037567952049       12.78065706767472      H
        0.90612511240497        0.29519678893368        9.04658555599520      H
       -0.01152415785348       -2.62399161245887        8.09064876106597      H
        2.39662830062638       -2.60858312768506       10.36028630175994      H
       -5.94750756863505       -0.97096033682203       11.11430504576231      H
       -8.40230974192369       -3.88509216930891       10.56641901515581      H
       -6.92702478998010       -2.17098574671420        7.97226830389403      H
        0.00965977082229       -3.52269787191068       26.19603178895460      H
       -2.54794841112929       -1.92832344024759       24.89235406774949      H
        0.24719339594195       -1.13494734062861       24.36468899323284      H
$end
