 -1.0
 -0.57339950565369D+01  0.67360190829119D+00 -0.16210557151746D+01  0.24592784551982D-03 -0.38716728668551D-04 -0.90271246727307D-04
 -0.41986377559745D+01 -0.83945306051512D+00 -0.10047729735591D+00  0.10037002735242D-03 -0.22128921697605D-03 -0.13928118353468D-03
 -0.21337029204478D+01  0.30737471063835D+00  0.12143523845682D+01 -0.10055312812471D-03 -0.13847534001733D-03 -0.13003248171255D-03
 -0.11011834034432D+01  0.25907975455659D+01  0.19618553894050D+00 -0.38764481851477D-04 -0.84545877789091D-05  0.48163623593337D-04
 -0.26092176771095D+01  0.39815949864066D+01 -0.14100433348673D+01  0.37758434313136D-03  0.38826578554597D-03 -0.50193014572860D-03
 -0.50729682733733D+01  0.31702631260523D+01 -0.21296561139247D+01 -0.76798751259800D-03 -0.56268527136861D-03 -0.12003268468128D-03
 -0.82689678739141D+00 -0.99354865405746D+00  0.31842094607318D+01  0.11618287123844D-03  0.25595277142154D-04  0.64459692109251D-04
  0.15490012385306D+01 -0.92966457875571D-01  0.36054337355384D+01 -0.39161222522551D-03  0.22213190250236D-03  0.17323014731775D-03
  0.23910156269492D+01  0.22694233750415D+01  0.25807099503153D+01  0.22007389560353D-03  0.81949999651096D-04 -0.22793669950717D-04
  0.12110383258614D+01  0.34847179730674D+01  0.73241819881468D+00  0.29648925211390D-03 -0.20429841261815D-03 -0.39986712396024D-03
 -0.17772996883127D+01 -0.29080260286356D+01  0.48065129212608D+01 -0.29831914428091D-03 -0.30774627985307D-03  0.22334993220748D-04
 -0.23112245542515D-01 -0.44162876913504D+01  0.61237306030362D+01 -0.18535470678526D-03  0.24384920137385D-03  0.19126910337152D-04
  0.25041475419351D+01 -0.36968627425830D+01  0.64414329860919D+01  0.31269191807945D-03 -0.35442995142456D-03 -0.16633883431329D-03
  0.31595573318947D+01 -0.14732172158831D+01  0.53633078419398D+01  0.44338134016157D-03  0.17121681364211D-03  0.25782649267056D-03
  0.54029346782058D+01 -0.44762636508109D+00  0.59592551371282D+01  0.12832185025460D-03  0.16264696182115D-03 -0.15920968081369D-03
  0.60816939485537D+01  0.19468029296398D+01  0.50100433753219D+01 -0.15211729507802D-03  0.26679961389021D-03  0.32545283379067D-03
  0.45638785798005D+01  0.34221857918563D+01  0.34784369129284D+01 -0.22834611186577D-03 -0.67973952435897D-03  0.28743988661994D-03
 -0.43937644284958D+01 -0.34013402008771D+01  0.50924891906896D+01 -0.51841741453570D-03 -0.15599582916468D-03  0.75455004727426D-05
 -0.51310690055536D+01 -0.54007358644528D+01  0.65580809567628D+01 -0.10528475456918D-04 -0.20259896058737D-03  0.68861727329081D-05
 -0.34413613321651D+01 -0.71627919852804D+01  0.75516984416737D+01  0.12175768740486D-03 -0.18417140824347D-03  0.16251840440368D-04
 -0.96354401154339D+00 -0.65418440433321D+01  0.73500146587329D+01  0.24460558108392D-03  0.31862958846596D-03  0.71744884558054D-04
 -0.62305201513436D+01 -0.17709391573478D+01  0.41456176195366D+01 -0.21854802379687D-04  0.11186831365910D-03 -0.43535637166971D-04
 -0.44732690162534D+01 -0.34581044616808D+01 -0.22439051712642D-01 -0.44166182965777D-03  0.15954536184300D-04 -0.20001828626543D-03
 -0.70892428065105D+01  0.50323526249671D+01 -0.29728221381929D+01 -0.10640324635465D-03 -0.30061679228047D-04 -0.31443607428865D-03
 -0.41604017187227D+01 -0.95991233977548D+01  0.90051647179549D+01 -0.12865216746975D-04  0.50079073905218D-04 -0.12278801367752D-03
 -0.21577399583048D+01  0.58061910700243D+01 -0.19812611396309D+01  0.46561962188142D-03 -0.21776851885383D-03 -0.25428600464183D-04
 -0.72759642915392D+01 -0.97528527417326D-01 -0.25184851506234D+01 -0.73273763611224D-03  0.57929202915129D-03  0.36530834981125D-03
  0.49962235003353D+01  0.54425988160835D+01  0.29931441342134D+01 -0.79698037763033D-04 -0.13308309307347D-03 -0.42325702650666D-03
  0.66933456590102D+01 -0.15137472938201D+01  0.71921781940160D+01 -0.37731142945515D-03 -0.82762366940258D-03 -0.20414467670869D-03
  0.31723713719307D+00 -0.76013331008986D+01  0.86536971541676D+01  0.13492930950627D-03  0.76418148703663D-04  0.17936511268634D-03
 -0.71149343154475D+01 -0.57805522049145D+01  0.71017720224459D+01 -0.45889828220091D-03 -0.36019896918228D-03 -0.51587357242920D-03
 -0.93600666608353D+01  0.47136571588137D+01 -0.34892921319320D+01 -0.34223973346190D-03 -0.21888131842119D-03 -0.20664873568927D-03
 -0.58826548152968D+01  0.72832163375698D+01 -0.35097565102642D+01 -0.10919116026567D-03  0.11900725870300D-03 -0.11192185346209D-03
 -0.76313146820883D+01  0.87937448226275D+01 -0.50623761668635D+01  0.12998758898238D-03  0.89045858838321D-04 -0.43722841083199D-03
  0.87334057665137D+01  0.28280818700383D+01  0.55684349770615D+01  0.11599950606444D-03  0.30756201463599D-03 -0.25632343632139D-03
  0.10183104910360D+02  0.13880809180482D+01  0.67894688455058D+01  0.17913791394884D-03  0.33670355832711D-03  0.12359545983896D-03
  0.92243546307347D+01  0.52688954103859D+01  0.49035476823468D+01 -0.78431473090728D-04  0.87875754187346D-04 -0.19331585683266D-03
  0.11435863361800D+02  0.59813500118227D+01  0.60066885364985D+01  0.23826285506307D-03 -0.22786608822731D-03  0.17843484155460D-03
 -0.26621845380340D+01 -0.11298451099906D+02  0.92749847385981D+01 -0.27312913456415D-03 -0.38721776256905D-03 -0.23193278685742D-03
 -0.66225705388175D+01 -0.96197931663242D+01  0.96602921912020D+01  0.72711515304244D-04  0.42130607880139D-04  0.82412957041161D-04
 -0.71716207399841D+01 -0.11652711542269D+02  0.11116040034529D+02 -0.26200826296273D-03 -0.30938001803794D-03 -0.18455882351309D-03
 -0.88476191054815D+01 -0.28943443750370D+01  0.39173863606663D+01  0.16314278720494D-03 -0.25786537585399D-03 -0.21225456406733D-03
 -0.23011901334077D+01 -0.48919838590372D+01 -0.64191620163205D+00  0.44032004697505D-03 -0.43789020332419D-04  0.45782345438560D-03
 -0.60123419024974D+01 -0.13333373739602D+02  0.10587497388305D+02  0.86876768041364D-04  0.72825470273160D-03 -0.31817702544641D-03
 -0.90533255346724D+01 -0.12464985128562D+02  0.10745871828497D+02  0.23927161155133D-03 -0.31743756737735D-03  0.35998958648505D-04
 -0.69464427601788D+01 -0.11059342079739D+02  0.13104198665340D+02 -0.49032581618582D-03  0.67545083859521D-03  0.19650468581162D-03
  0.11716822100597D+02  0.79283486886320D+01  0.51492803262319D+01  0.75087337057293D-03  0.29582552653359D-03  0.66355918139644D-05
  0.12814653561415D+02  0.45306806843272D+01  0.56231330227588D+01 -0.54621293537359D-03  0.36478441908680D-03 -0.24281986336290D-03
  0.11392752931764D+02  0.62033234608056D+01  0.80920717522859D+01  0.20299410385104D-03 -0.25018855701863D-03 -0.19334182660764D-03
 -0.12094376963860D+01 -0.53272524624635D+01  0.98283329808662D+00  0.62719585752195D-03  0.37315462652365D-03  0.38455565349339D-03
 -0.10962370104597D+01 -0.38807916482955D+01 -0.19446417351629D+01  0.21006836770601D-03  0.25369709443798D-03  0.36530045213650D-03
 -0.29319400044460D+01 -0.64429151792598D+01 -0.17398638981759D+01  0.48724302370569D-03 -0.19737561306233D-03 -0.64392757783189D-03
 -0.10136197962944D+02 -0.28205259794988D+01  0.54907635472847D+01 -0.31674637783682D-03 -0.23225522689477D-03  0.61154969315069D-04
 -0.86475144323355D+01 -0.49250760602975D+01  0.35551272348488D+01 -0.25428239425760D-03  0.23010637791247D-04  0.29586576120276D-03
 -0.98515034836922D+01 -0.21606648006363D+01  0.22923537341562D+01  0.66684867091501D-03  0.41253948073025D-03 -0.17317540583247D-03
 -0.90246423368922D+01  0.79392901490561D+01 -0.64407858419053D+01 -0.91310719742775D-04  0.39948839553817D-03 -0.50917918551769D-03
 -0.64290832481554D+01  0.96975261685710D+01 -0.64127393813201D+01 -0.90847298949737D-03 -0.64905303845478D-03  0.42029821682986D-03
 -0.83094758322508D+01  0.10278231617232D+02 -0.38664069380050D+01  0.27216835624882D-03  0.13487772495978D-03 -0.74179323840967D-03
 -0.30043258243428D+01  0.68190962471063D+01  0.50351081785145D+01 -0.61488847148668D-04  0.23876669155508D-03 -0.20711812227848D-03
 -0.36901950375098D+01  0.47978633586978D+01  0.65899334009963D+01  0.31210475664840D-03 -0.27301396472855D-03 -0.21181138887408D-03
 -0.21166746833587D+01  0.39292120658475D+01  0.84943786813969D+01  0.71656924285863D-04  0.88832922992496D-04  0.53577544863956D-03
  0.45251965674466D+00  0.49851956204870D+01  0.84943094617728D+01  0.76494665269014D-04  0.12667876028316D-03 -0.19443849653701D-03
  0.90294991063618D+00  0.70645466816618D+01  0.70755946137829D+01  0.13727959149770D-04  0.16354616153734D-03  0.91803544531728D-04
 -0.75876629449742D+00  0.79273887288697D+01  0.53553717914260D+01  0.10215602381760D-03  0.31070825216878D-04  0.13855406399355D-03
 -0.27465495933351D+01  0.19239467627788D+01  0.10275602672580D+02  0.25071142124355D-03 -0.13947368004545D-03 -0.16868176463256D-03
 -0.75798464054678D+00  0.42913871638554D+00  0.10981410161011D+02 -0.48877980195956D-04  0.79543075926969D-04 -0.25183124875117D-03
  0.17453721234030D+01  0.15331896676266D+01  0.10793477005502D+02  0.90747842261482D-04  0.37182214057279D-03 -0.13534814770358D-03
  0.23034178988528D+01  0.38083700563339D+01  0.98103701495101D+01 -0.10069500417076D-03  0.19705907158028D-03  0.20262486421860D-03
 -0.51609950253551D+01  0.98074835161072D+00  0.10994570951161D+02 -0.61895269571454D-05  0.57984084302039D-03  0.36632412223146D-03
 -0.53726309439387D+01 -0.15790504705828D+01  0.11710709783286D+02  0.35093654830900D-03 -0.72321753557879D-04  0.21960551113462D-03
 -0.33395795978807D+01 -0.29964886403432D+01  0.12513689441746D+02 -0.13330748984243D-03 -0.24920064423872D-03  0.41314448778214D-04
 -0.10966211608024D+01 -0.19040069158891D+01  0.12257067205505D+02 -0.35621747586249D-04 -0.29469541239703D-03  0.28009788052821D-03
  0.11060401486391D+01 -0.33755491676470D+01  0.13044667037544D+02  0.36804843668770D-03 -0.31327498283786D-03  0.10650462322696D-03
  0.35518539392232D+01 -0.25286525029962D+01  0.12507793829239D+02 -0.17306614045439D-03  0.32586804918818D-04  0.15483496763367D-03
  0.38103763288279D+01 -0.53202847333465D-01  0.11651891213497D+02  0.26567188365043D-03  0.64501149755996D-03  0.34658184020463D-03
 -0.74583823737457D+01  0.24386107146625D+01  0.10758607356602D+02 -0.12449908680168D-03 -0.62956115800967D-04 -0.17334023452513D-03
 -0.97434206376451D+01  0.10901384825317D+01  0.10744786615079D+02 -0.16864067427011D-03  0.13338450426063D-03  0.17679446259132D-03
 -0.98857968397056D+01 -0.15554864992988D+01  0.11122442119594D+02 -0.13957276874076D-03  0.29704328199367D-03 -0.43151234326952D-04
 -0.76304852261193D+01 -0.27720043513856D+01  0.11372530202926D+02  0.87950294424112D-04 -0.10390830230453D-04 -0.22573522250263D-03
 -0.73121706349719D+01  0.51509064678166D+01  0.10621196561780D+02 -0.15213701497747D-03 -0.17748215443772D-03  0.24899880428641D-03
 -0.58770942630841D+01  0.33667468351674D+01  0.64711322727259D+01  0.27473829236857D-03 -0.51775408043027D-05 -0.28794224391021D-03
 -0.98212130767334D-01  0.10099559713076D+02  0.36832892264589D+01  0.24923573050233D-03 -0.25855802268767D-03 -0.14471080699184D-03
 -0.12289531430528D+02 -0.30179618988082D+01  0.11154679171108D+02 -0.83500057071105D-04  0.68545209533693D-04  0.11595111857828D-04
  0.27808819329668D+01  0.76733412738282D+01  0.73981272928153D+01 -0.19778925456305D-04 -0.44344501540378D-04 -0.11373201681617D-04
 -0.44895515465685D+01  0.76798152221909D+01  0.38907319983418D+01 -0.18155765161618D-03 -0.31780082354005D-03  0.34766229435195D-04
  0.55236151855005D+01  0.64565662939803D+00  0.11092179293143D+02 -0.22364900427146D-03 -0.28236973822856D-03 -0.11640767762371D-03
  0.71189367772623D+00 -0.50769500103787D+01  0.14084194427582D+02  0.70450140001854D-04  0.15180573097177D-03 -0.33037066180651D-03
 -0.77230811384116D+01 -0.46433030826179D+01  0.11977141279722D+02 -0.73487178216596D-03  0.34530538326398D-03 -0.11930431332017D-03
 -0.11569772032380D+02  0.19336602012333D+01  0.10774339209428D+02  0.10513211466915D-02  0.54467561160977D-04 -0.10032070363402D-02
  0.20637037328434D+01  0.10788328633489D+02  0.35107310829413D+01 -0.45777593945676D-03 -0.79471545130754D-04  0.13621972415947D-03
 -0.21394914288800D+01  0.11284575171250D+02  0.24611421723059D+01  0.45705196919515D-04  0.17738502053928D-03 -0.24612498541264D-04
 -0.14168471561768D+01  0.13061139205136D+02  0.53438696604819D+00 -0.58231011280145D-04  0.33199938879581D-03  0.44090051414795D-03
  0.58796330376168D+01 -0.40098320889034D+01  0.13136260274162D+02 -0.20219858137527D-03 -0.49367698937648D-03  0.29100530614211D-03
  0.56757030966926D+01 -0.59801960479870D+01  0.14287836305598D+02  0.22982613930287D-03  0.32248628056814D-03  0.65672012263282D-04
  0.82072171862377D+01 -0.30437963811622D+01  0.12390325565685D+02  0.15065592636845D-03 -0.23424481584077D-04  0.41069237172856D-04
  0.99145666597286D+01 -0.50431215449462D+01  0.12569923588173D+02  0.95231359717838D-04 -0.82176130689460D-04 -0.19061021944917D-04
 -0.14370817828498D+02 -0.20826914034098D+01  0.11182507725193D+02 -0.16559535831622D-03 -0.58455392000335D-04  0.17000806461044D-03
 -0.11925677924429D+02 -0.55807274661232D+01  0.11272121490726D+02  0.37804395140275D-04  0.13601323798740D-03  0.24709110165286D-04
 -0.14303534616034D+02 -0.68651436531041D+01  0.11197960048821D+02 -0.21615829068000D-03 -0.28536730366126D-03  0.21972691470060D-03
 -0.92612581915469D+01  0.64230639948051D+01  0.12061083221613D+02  0.11220839031913D-03 -0.46152348670533D-04  0.27926655572718D-03
 -0.75635091498236D+01  0.35741918987980D+01  0.43776167097231D+01 -0.32963813219266D-03  0.11318939561257D-03  0.19633819110388D-03
 -0.14742000311550D+02 -0.73108085807804D+01  0.91494790792722D+01  0.20041230319959D-03 -0.45508786550996D-03 -0.29499630405925D-04
 -0.15823989256685D+02 -0.54979147791918D+01  0.11578883869514D+02  0.34433604195767D-03  0.21034416420140D-03  0.56798042789205D-03
 -0.14300347991265D+02 -0.86857009780767D+01  0.12057613767701D+02 -0.49064599454344D-03  0.41292129694019D-03  0.15625893993368D-03
  0.11397434274119D+02 -0.52589416899903D+01  0.11213941728376D+02 -0.67127619866560D-03 -0.25597850711983D-03 -0.20816188254625D-04
  0.88387340887522D+01 -0.68645338830885D+01  0.12435847329094D+02 -0.25344306875199D-03 -0.10200298360973D-02 -0.31655596701319D-04
  0.10645546123199D+02 -0.46803519541663D+01  0.14346429821188D+02  0.64161759340510D-05 -0.34229630135697D-03 -0.46105917225816D-03
 -0.83433857414190D+01  0.54813146722094D+01  0.40291583293279D+01 -0.29518836036492D-03  0.41580736547468D-04  0.60855411867885D-04
 -0.90431213358727D+01  0.24952274287544D+01  0.49292138235667D+01  0.98378221775667D-03  0.52662854623384D-03  0.51197364203812D-04
 -0.67415252697065D+01  0.28837160046604D+01  0.26903572449593D+01  0.86192028273749D-04 -0.66597702097393D-03  0.82091092690170D-03
 -0.10822719716474D+02  0.67380460611876D+01  0.10573832361219D+02  0.34472781492162D-03 -0.25737549877371D-04 -0.42107696801699D-03
 -0.84092534266079D+01  0.79616148392620D+01  0.13100677264312D+02 -0.82953432842246D-04  0.24491083711951D-03 -0.27167698995710D-03
 -0.99789455079338D+01  0.50715433833005D+01  0.13423319422971D+02 -0.31996109517381D-03 -0.40029636283377D-03  0.48361847511065D-03
 -0.30724673821297D+01  0.13827925465505D+02 -0.45074046182798D+00  0.43403184329215D-03 -0.24728530465455D-03  0.45996859999008D-03
 -0.62765678343335D-01  0.12273456930652D+02 -0.83009444362263D+00  0.17610399866861D-03  0.48426482016850D-03 -0.26894396727229D-03
 -0.26434356157181D+00  0.14638380648737D+02  0.16639635797341D+01  0.14159696661813D-03  0.12090048157799D-02  0.90560232095688D-03
