$coord
       -3.36534463085726      -10.62612131233062        7.39967215152762      C
       -2.94710631786198       -8.60972386130068        5.61767784443180      C
       -4.91560141790246       -6.86294288638518        5.07259041549730      C
       -7.52100408025398       -7.90083893924208        4.89751700801091      C
       -7.89117806407745      -10.16461856496472        6.42350632207722      C
       -5.77853453834475      -11.59469813283600        7.49638079348321      C
       -4.68168462190454       -4.48417611495268        3.99923946679316      C
       -6.41462632009427       -3.55980057986769        2.09977200958646      C
       -9.03816111928666       -4.50223707718850        2.18740491570731      C
       -9.41530615784075       -6.46344524628818        3.64478608358198      N
       -2.20760188553460       -2.97901596236979        3.93828410157633      C
       -2.02288928122701       -0.91041377223065        2.07368453008073      C
       -3.44488950882481       -0.37303350883340        0.22517128686212      N
       -5.85164443885917       -1.42177779095853        0.45245291296329      C
       -7.82959362213047       -0.48094365382437       -0.76776935893463      C
      -10.29789911734956       -1.45202417087818       -0.71334292404403      C
      -11.02717054478693       -3.57471505752976        0.62620390871766      C
       -0.39918202377320       -3.36168870379255        5.96529440921039      C
        1.77755517956422       -1.94360825843888        5.71059073095775      C
        2.27251776297671       -0.31246503223590        3.66781056980911      C
        0.40190761061700        0.29443072174212        2.09157140877675      C
       -1.08844771729046       -4.98656411496647        7.83982056420260      O
       -0.52191675790078       -8.03800353624358        4.59653282619837      O
       -6.56371774597605      -14.01777697804236        8.94206122058991      C
        4.97971101554169        0.87495616479351        3.41387184681395      C
       -9.65228607515606      -10.96932190166369        6.68038884154581      H
       -1.65719556352949      -11.45920243924474        7.98378775578629      H
      -13.00166371083135       -4.04563529401933        0.83896831879688      H
       -7.32020061189569        1.49837823459321       -1.56162651786079      H
        0.93502192674948        1.51101955187759        0.43627590269676      H
        3.62267799850306       -2.85323323358481        6.31768485381146      H
       -5.39147039664246      -15.98199631987427        8.61428188850861      O
       -8.83648511911894      -14.01809413071967       10.31340685220905      O
       -8.87989733542122      -16.46026402258130       11.59794901653392      C
      -12.11848628819822        0.46547935806473       -1.89705201655778      C
      -11.56325292737126        1.97517494310021       -3.51945426680129      O
      -14.61278012246301        0.19625369196954       -1.40896216699395      O
      -15.86323368526237        2.47463236050195       -2.10924658488221      C
        5.54703545593803        1.96599882945319        1.43335108190205      O
        6.52628899731491        0.05495805601679        5.23539141883434      O
        8.67694827388799        1.38580277882081        5.42792182048094      C
        0.32759314569698       -6.18473859854801        9.93931856780377      C
       -0.04403488382977       -9.00506969035974        2.25391052245488      C
        8.02142921459887        3.43051178776555        5.66509913128390      H
        9.59667516809936        1.14513682206050        3.49900747652038      H
        9.84417029815517        0.76802492107441        6.89996896510531      H
      -16.90188670488122        2.64192836729302       -3.96614937854419      H
      -14.59165793425749        4.00111743261515       -1.79721043739409      H
      -17.26627957911123        2.93737216615240       -0.52238220938927      H
        1.97475531913724       -8.62677207255846        1.92970633996865      H
       -0.46679501936434       -7.33552264173678        0.99539751063741      H
       -0.42791521017506      -11.08829519715228        1.96543839443368      H
        2.05021867748485       -5.33538249213927       10.34982268759106      H
        0.72613189609067       -8.17092229349362        9.66226007315309      H
       -0.93167384153885       -5.93886188874829       11.56939513610315      H
       -8.23640548676848      -17.73577789189456       10.31090249319907      H
      -10.83568947452643      -16.70255313795364       12.24389806194382      H
       -7.60538225688974      -16.04247343062265       13.18624319116258      H
       -0.60033638464837        1.95718742987903       14.70032402953679      C
        0.41730099932550        2.57593517692715       12.47252553313077      C
       -1.18765806947937        3.89608377860247       10.82228480459569      C
       -3.82002688284126        4.35624677254922       11.26077124022755      C
       -4.54586998162545        3.94103657069932       13.67538424584061      C
       -3.10470678675819        2.79705840886188       15.45111807099632      C
       -0.40323586161114        4.51068396169878        8.30355022782745      C
       -2.24600353214283        4.56619605643964        6.20079421283839      C
       -4.57646401182134        5.15131756181320        7.02410754665542      C
       -5.38492021891570        5.09368922212661        9.47665203969498      N
        1.96063652320423        5.43541384644185        7.65342241839801      C
        2.68355997690474        5.79677425741394        5.07082675603595      C
        0.89358624593897        5.30334649093316        2.97895114582406      N
       -1.65359095349807        4.97038579976826        3.46105984643515      C
       -3.67317213321093        5.36833382850326        1.65943474763914      C
       -6.05450243742478        5.59649206272096        2.54029511195538      C
       -6.68112541703125        5.48351139589693        5.25125734445617      C
        3.51196401173006        6.80765787172789        9.58073368237831      C
        5.92745702644292        7.85054113720789        9.01908149502290      C
        6.76382888863215        7.59988171613062        6.44994096487942      C
        5.06909528083146        6.78401101110804        4.57357576247978      C
        2.45804196416237        7.66116515286719       11.88274198434551      O
        2.85836346140040        1.84146955806995       11.69004442920507      O
       -4.18823871792087        2.88666568148577       17.95240411725270      C
        8.99036173295066        8.61574448180156        5.36692663465850      C
       -6.45671213116554        4.30054923931828       14.00728339740416      H
        0.54916572499436        1.03419388404872       15.94232465707661      H
       -8.41961802673320        4.67903259961054        6.01935522193484      H
       -3.20099991072969        5.01470602089529       -0.32359454740489      H
        5.72438005093889        7.13737571911761        2.62166718541210      H
        7.40371027688726        8.52890041417813       10.45211592636111      H
       -6.32037073763918        3.31891430425550       18.64227819404376      O
       -2.30195553044666        2.32533936857601       19.68502051778748      O
       -3.42046985832049        2.39042567769337       22.13779665489950      C
       -8.08766855136329        5.72673782113032        0.64385644180342      C
       -9.86403502845447        4.41146893364437        1.06844052315077      O
       -8.03134525855127        7.46394619495909       -1.55706950915699      O
       -9.98934199666328        6.86016188693182       -3.44499819259850      C
        9.35533098645701        8.27078648516663        2.95740887381702      O
       10.86615992934397        9.48344131239212        6.87661808972256      O
       12.36361569827159       11.63265291981896        6.03422585629545      C
        3.66877142703879        9.96807952340457       12.58139435322481      C
        4.46563668253359        1.15701390171061       14.00811969871432      C
       11.22717416682184       13.35620878216694        5.50837232729717      H
       13.33050889796794       11.53700945895670        4.29408622646630      H
       13.90385708519543       12.23138794427384        7.32656920212832      H
      -11.73090651637412        7.92723065711450       -3.12661655230352      H
      -10.25446809183990        4.95829738470925       -3.68285707449127      H
       -9.43717568102797        7.21831943000177       -5.40887049944312      H
        4.22232291936905       -0.80436784573794       14.63513965036964      H
        4.43425381604379        2.61447233888332       15.47411641476775      H
        6.43741821090243        1.06105715426242       13.30288662892734      H
        2.14718058255467       11.07325490692841       13.32204010256846      H
        4.66171271537349       11.08237144489663       11.06863783573772      H
        5.00033118881592       10.00544938204931       14.41584520519188      H
       -3.73321971382228        0.49498804044382       22.96077181863972      H
       -5.19290407902039        3.43542403795787       22.57374435820255      H
       -1.77136618878925        3.25955259990067       23.02339611596529      H
$end
