$coord
       -5.02141181860152       -9.93783140069821        4.70378487776048      C
       -3.83552109015592       -8.03468647849468        3.36817818003932      C
       -5.41089104565492       -6.17971409316858        2.18490091534321      C
       -8.07094136370429       -6.70952629009291        2.20513674647042      C
       -9.10219578619794       -8.40043722581982        3.79693110721843      C
       -7.67327199679193      -10.11820478609000        5.00091925578863      C
       -4.35290166908869       -3.79724159918088        1.33190409173864      C
       -6.13262124421802       -2.36805765111412       -0.17131329736362      C
       -8.62802641591528       -3.52101823588225       -0.57576079503599      C
       -9.69595031619651       -5.37967829070886        0.88547133073992      N
       -1.92712771421884       -2.67431066682429        1.47559185571627      C
       -0.90237191888374       -1.00738599745081       -0.49167434764374      C
       -2.46838767356723       -0.26374030335965       -2.31420105774878      N
       -5.04350431478944       -0.43612448329052       -1.70784873133960      C
       -6.79000967062783        0.69161736174515       -3.43220571115937      C
       -9.24478423542178       -0.17676007560129       -3.77341112695220      C
       -9.94824428232928       -2.45718717340358       -2.58295972425876      C
       -0.07439911752148       -3.05729102327775        3.49948968661143      C
        2.50960488688793       -2.59940381348821        3.28961469515116      C
        3.47380054587809       -1.27811869425173        1.05184468103056      C
        1.89644322641627       -0.22596219362251       -0.75675415738111      C
       -0.77120447058653       -4.18667579229450        5.71019042380945      O
       -1.28448728559766       -8.05638101274382        2.97274680310205      O
       -8.52754879976085      -11.97636492723727        7.01377574256382      C
        6.24380617142812       -0.96053652264270        0.45459645339984      C
      -11.22261172823015       -8.67747283331857        4.02125784043868      H
       -3.76251026918825      -11.34401421137704        5.54282763425981      H
      -11.80480831271809       -2.85342097716499       -2.96887628006062      H
       -5.92539343293451        2.17573581618792       -4.70418792049796      H
        2.19272056235202        0.39307637449327       -2.56207282785791      H
        3.96686579306053       -2.75710190767590        4.80910525560009      H
       -7.29358947239842      -12.65287692782160        8.80884294387528      O
      -10.89032388380332      -12.69313724674506        6.54644602348375      O
      -11.75414684216063      -14.60416519635502        8.26497075810208      C
      -10.92502339637081        0.60128273733812       -5.92608285904519      C
      -10.01878969935863        2.01916887416770       -7.50693807366280      O
      -13.19453521307759       -0.76997695547253       -5.93027163749672      O
      -14.42748859164308        0.17502818482636       -8.13371472637794      C
        7.16059162686909       -1.34579889185675       -1.57153400990962      O
        7.46557870339815       -0.22488498360382        2.50342272784670      O
       10.13276813191263       -0.04079449702677        1.95667075465682      C
        0.60692381344788       -3.18044397026051        7.81345383751394      C
       -0.50625157336734       -9.81618446516557        1.05340306226568      C
       10.58131379611152        1.42692014413165        0.37650440723783      H
       10.94799771019456       -1.80943451810247        1.23498150995629      H
       10.97676419218361        0.55327701533184        3.65222614950783      H
      -13.76161931981379        0.78920188608034       -9.96796970336114      H
      -15.82310282160434        1.43466294706668       -7.30278889165581      H
      -15.17938975058654       -1.84434650286440       -8.74813540505306      H
       -1.40286525882924      -11.61992079155134        1.24000764889257      H
        1.31369526985405      -10.68510125543509        0.79640879882668      H
       -1.04719270917433       -8.92952191232516       -0.66529258071150      H
        1.15480080399849       -1.15315048804790        7.18650330861551      H
        2.31460283335544       -4.43109933531044        8.48547934419173      H
       -0.48215840644186       -3.06281075742958        9.74995656832263      H
      -12.40393121175676      -16.23124968803228        7.39080070722789      H
      -13.38548211421165      -14.11661925323090        9.21177976879421      H
      -10.74986131272437      -15.19567426093947        9.83723522874982      H
        0.93010845721242        5.63507430475071       18.33259344949206      C
        1.21289691287289        5.07830674244499       15.72071256140196      C
       -0.79975015361481        5.30631888682253       13.95857737974274      C
       -3.38885882491226        5.51131211007945       15.08582819741672      C
       -3.55791924655582        6.58621756332637       17.49764880071693      C
       -1.48535075958550        6.20202991722825       19.21557698953372      C
       -0.54664616731297        4.58478543346438       11.35274228721434      C
       -2.63480747360421        3.86843161973146        9.99618742754239      C
       -5.12186189348222        4.22471321539924       11.33897922228019      C
       -5.41465837630756        4.78661188608691       13.80446774837559      N
        1.78628095678576        4.74833808869407       10.32532324533536      C
        1.92460314186358        3.68447816867754        7.72600884212437      C
       -0.25120558639909        2.83868567062477        6.54937885035056      N
       -2.53090179297371        3.07038575555237        7.48293124998603      C
       -4.75881124130033        2.13871284648991        6.32308434195151      C
       -7.01561530873435        2.39327652404333        7.80506695803054      C
       -7.36453478592167        3.61082921967654       10.01021800604297      C
        3.38166850658495        6.86322904188906       10.84008856301109      C
        5.57848478535980        6.99080561082652        9.21872819607910      C
        5.66446147323825        5.66787612031370        6.93228645832357      C
        3.91476666837604        3.83451821520469        5.96254644436638      C
        3.07167254352405        8.95665054082997       12.77433855585196      O
        3.71108750883151        4.57477901602940       14.98310030873987      O
       -1.66037149672933        6.41931966762020       22.01530995723731      C
        7.76204209232537        6.65525024437638        5.06364234392833      C
       -5.15469448638249        6.64394282083181       18.47688346442534      H
        2.36044224238132        5.07743968391270       19.52254555862164      H
       -9.35804890108217        3.33250947874770       10.85253962900462      H
       -4.79029100497881        1.16064879631988        4.57830635418372      H
        3.54950847573063        3.28590699570280        4.08911780779451      H
        6.67198391207522        8.71328253156330        9.60209080434405      H
       -3.58624538402345        7.09595281441653       23.13217794974237      O
        0.57886714053367        6.02920701135896       23.31429873664915      O
        0.31408173269997        6.34528072510419       25.95032078595025      C
       -9.55326592919318        2.35298720354573        6.63487996626646      C
      -11.47082531400579        2.60544513319575        7.79761809814114      O
       -9.42792888274431        1.27617869496597        4.12522505455841      O
      -11.99945299883715        0.91193925460902        3.31423764583126      C
        8.76065870601052        5.33507032860946        3.38597472165264      O
        8.36862965712960        9.31349236952901        5.32177642620589      O
       10.33282607444666        9.58067335382793        3.55481403936000      C
        3.17908438069419       11.40188352241909       11.37626754380715      C
        4.38002475075896        1.86690223025524       15.01854419323362      C
       11.84804394911787        9.21585667731489        4.71196924879196      H
       10.22677265884248       11.66679477457492        3.51524235581913      H
       10.51909965588989        8.53313818519848        1.91962267293870      H
      -12.01137474657918        1.12111260879683        1.39650227464609      H
      -13.20766597272351        2.34477350945813        4.19920218794415      H
      -12.52620480769548       -1.02797413775943        4.14987958822127      H
        5.54808810347979        1.54313158988893       16.72607254361334      H
        5.99482912833245        1.59181964999808       13.66492508203476      H
        2.52190613883999        1.07369926748211       14.72789722726331      H
        2.09613302914491       11.30401278222699        9.72001365425226      H
        4.98385135947858       11.57209961631987       10.72093431888764      H
        2.75014126261898       12.68128603339895       12.98712309438857      H
        1.94026294275448        5.37533859824147       26.94549842654811      H
       -1.18862959267008        5.27273043014450       26.52668100614856      H
        0.30365305588532        8.39345757554807       26.13717156162446      H
$end
