$coord
       -4.49303083762538       -8.38401904143211        8.54886964277242      C
       -3.64169509959379       -6.70239291141166        6.63633326404338      C
       -5.52807356393366       -5.57999022373747        4.84465324322411      C
       -8.00122282012349       -6.70641030351086        4.99630846811475      C
       -8.91994100108582       -8.17272820167909        6.93066417837954      C
       -7.17326606632565       -9.29798062274817        8.56929317289517      C
       -5.16809584829931       -3.17286189133196        3.73022120968711      C
       -6.66912945258986       -2.86768678179367        1.64881004040892      C
       -9.03636214447424       -4.31652004553410        1.46426479615340      C
       -9.79086471715501       -6.17076105424056        3.15731125046470      N
       -3.03807647437428       -1.47305313287279        4.01799490943450      C
       -2.33158848843394       -0.40528314167883        1.72094080921100      C
       -3.62533803114900       -0.70858518822804       -0.66005477470572      N
       -5.94059802242586       -1.43233398449978       -0.41788015052399      C
       -7.73659368572070       -1.17073704762362       -2.45779730187205      C
      -10.08339741530997       -2.46688527621886       -2.46313154364792      C
      -10.80218491520467       -3.85456945996608       -0.47221319279489      C
       -1.70367816100016       -1.11977903847880        6.31975783009166      C
        0.68912428220534       -0.05007276846444        6.09287904980523      C
        1.59944931888267        0.59741358259368        3.83014665332424      C
        0.04236019593473        0.73656889862975        1.70577334792506      C
       -2.88130586434054       -1.73965006663405        8.67869650112275      O
       -1.10235574441506       -6.18419427273264        6.21584487958420      O
       -7.94362302288914      -11.54459384269416        9.84540798531528      C
        4.32613427216686        1.37714520270556        3.61728905964763      C
      -10.92146011334153       -8.52411750745398        7.31622205543213      H
       -3.06869773164162       -8.94995652804287        9.98936751189722      H
      -12.73959517710772       -4.94447124675680       -0.23387222323667      H
       -7.21973342832853       -0.54630578359767       -4.23506149235837      H
        1.03872992008004        1.16202493804419        0.05197786220215      H
        1.52105845441029        0.49131411647769        7.86446355028665      H
       -6.64018613259189      -12.76273113177187       11.26495437580550      O
      -10.36134847343020      -12.23783804112619        9.32952536513558      O
      -10.38883171347070      -14.52601704669632       10.04712665890127      C
      -12.09194753303558       -1.74703739181307       -4.13685486999929      C
      -13.08837168531382        0.24561174644737       -3.51969095538598      O
      -12.39979232829752       -3.30196760130463       -6.11743317281869      O
      -14.84057787243598       -2.77720276072528       -7.62112377917553      C
        5.09456529178919        2.20413470528294        1.65628524606744      O
        5.70203667316306        0.91395499868921        5.69511005944464      O
        8.35987602443412        1.44411246981790        5.65787511626809      C
       -5.40299361324839       -0.98636121301050        9.47895034257535      C
        0.75104708688196       -8.01574694325214        6.99496742193426      C
        8.90545338637057        1.25934277443886        3.75950378759741      H
        9.13288610824623       -0.12124160151279        7.20646306351989      H
        7.75379057172138        3.56728911792916        6.20709874011283      H
      -16.54186278690620       -2.69683868491975       -6.44112566136187      H
      -15.17268722038937       -4.29819994216993       -9.16356579216073      H
      -14.23435657979659       -1.19201918640075       -8.90847963122365      H
        1.64199367298786       -7.38689212309647        8.75113258115249      H
        2.18752029561257       -7.83926565283658        5.53323539865134      H
       -0.13973644814406       -9.85850798288341        7.04447837401799      H
       -6.07380881475245        0.58027313422913        8.60557016915177      H
       -5.04353853611621       -0.52643529285546       11.54669620740366      H
       -6.44931373853838       -2.84177718779865        9.68381433401408      H
       -9.06482839930688      -15.81573701518003        9.14585648887272      H
      -12.14285611426730      -15.55109275947498        9.61734079909512      H
       -9.64239005112689      -14.71208610571281       12.13089312176018      H
        0.81414223906490        1.87079164653425       15.16418446276263      C
        1.42415693195892        2.94812334402777       12.84092750462217      C
       -0.36425819111462        4.20327585646058       11.30978227625820      C
       -2.82538443152098        3.78497290589118       12.09771520889220      C
       -3.33047950190573        2.83846726964919       14.65326823231107      C
       -1.39618236436743        1.94059078701307       16.18562419645935      C
        0.02695963043085        5.64178249756682        8.94052203106324      C
       -2.10842079272289        5.61864264743685        7.47716763090390      C
       -4.61458641732533        4.64546148242910        8.15335845187677      C
       -4.89054179216876        4.25439900665589       10.69790349559680      N
        2.22684839860123        7.01582180229038        7.85221482067761      C
        2.18825368328301        7.57712348948648        5.26793911539268      C
        0.18248885771444        7.53955566898978        3.91578697844171      N
       -1.83831932187154        6.36381662777009        4.81192244430307      C
       -3.73558771576226        5.59013353233843        3.20032949896925      C
       -6.11388004094936        4.84865372337330        3.79062530503055      C
       -6.53010925476763        4.56333517010072        6.41865472959964      C
        4.27922465683811        8.21695993457846        9.23793490857767      C
        6.30267853515001        9.09285510928311        8.09853167317961      C
        6.62251587177509        8.69553874420353        5.44842441094748      C
        4.52108531459398        7.86718163017984        3.98138002113103      C
        3.81160287414049        7.84413843805448       11.92592060307583      O
        3.77320314178536        2.89951263439557       11.85562948636044      O
       -2.09659938159389       -0.06200575744289       18.19612103588126      C
        9.36189311665229        9.04053537893238        4.43723555879751      C
       -5.00734467553976        2.41714167686234       15.75611095818330      H
        2.40137451727008        0.82110848732684       15.87267235765185      H
       -8.22432026331968        3.67381583957422        7.16511292156726      H
       -3.56835475378557        5.72905756293592        1.06059253045379      H
        4.34032303419473        8.30652622046678        1.95482395534037      H
        7.32037936246387        9.79478017929930        9.59023491624320      H
       -4.12042676239654       -0.05106272447162       19.16701565393053      O
       -0.23515209001223       -1.66991926144097       18.63025959625661      O
       -1.16700558113225       -3.65783597189315       20.03447430643620      C
       -8.29798111067725        4.45067416572449        1.96525846059961      C
      -10.19738810879072        3.25874605782916        2.36092528224480      O
       -7.96392857927311        5.36119563509078       -0.43902980976767      O
       -9.94878195127733        4.31917010309069       -1.94885223952376      C
        9.63959624764365        9.34544295056229        2.22768683474983      O
       11.37643716807233        9.00073941107087        6.10160322375163      O
       13.84736678071594        9.52967210905949        5.26942285420432      C
        5.98425191179428        8.44456652890657       13.35678585119619      C
        5.42780718432747        0.79294547037970       12.67990481808797      C
       14.25547712269181       11.37659133162492        6.18138740887826      H
       13.76525842991433        9.70572094611463        2.89589079395133      H
       14.74864629802468        7.85422552262800        5.76688501200389      H
      -11.74178747991341        4.39716504322226       -0.72944863159733      H
       -9.02228291966264        2.56865856197691       -2.51049150571119      H
      -10.41414791179096        5.67159333300228       -3.36971527260526      H
        4.63190795255745       -1.13534933644177       12.92877005741206      H
        7.10164449003335        1.14160822014926       14.01538493173653      H
        6.81517626068952        0.50844835028781       11.14203669998263      H
        7.11007657628463       10.17111933822253       12.70850701415631      H
        7.10377272073554        6.74991730512226       14.04614829488490      H
        5.12549288422841        8.95118116038309       15.25414683749705      H
        0.48236807967792       -4.97399726155969       20.47395455356580      H
       -2.17070263114150       -4.91976515827435       18.73276662665148      H
       -2.03824803613725       -3.19128346368615       21.81813992652132      H
$end
