$coord
       -5.05791443908895       -8.02731841913366        8.58355048255584      C
       -4.06733209855838       -6.95791810765336        6.32742162083491      C
       -5.52944601368280       -5.80616583445078        4.39143202409726      C
       -8.20713905102584       -5.87757172384478        4.65057032655456      C
       -9.17649357507465       -7.06329555841224        6.91326908310537      C
       -7.83998128621398       -8.30402870894121        8.76588416543536      C
       -4.28739892787042       -4.16632331573699        2.32009038596214      C
       -5.99064665680943       -3.23857550799536        0.59024724076451      C
       -8.86953999623077       -3.61760741077779        0.88728968404814      C
       -9.81732090751138       -4.54098829354449        3.24514170307117      N
       -1.68443858549965       -2.88202794109072        1.99509573276361      C
       -1.02787134032803       -1.87753482435279       -0.31253750098893      C
       -2.63432477832123       -1.26550798853640       -2.07007441406587      N
       -5.05973808989915       -1.69615235799987       -1.47416134168225      C
       -6.75243104638892       -0.82890976432223       -3.33401538491700      C
       -9.39103458091491       -1.47824936762779       -3.32512833330370      C
      -10.37926724958091       -2.58789522716841       -1.09826484895777      C
       -0.15396683612010       -2.21757216295242        3.99495038094081      C
        2.35891383048633       -1.48999114209370        3.63955258433067      C
        3.52379810072122       -1.31650022183783        1.22277486822403      C
        1.72433591246814       -1.25276471425236       -0.66239442207077      C
       -1.20368567472633       -1.86478636163178        6.31793964381064      O
       -1.45212034327863       -7.17070210110549        5.84621348094578      O
       -8.73939449945881       -8.84481946173821       11.32493951179488      C
        6.25730388599721       -1.11914372567005        1.15662558226500      C
      -11.12253065124299       -7.04844222845067        7.11925948339563      H
       -3.76541287592516       -8.41665477007408        9.92576913958509      H
      -12.39561938979706       -2.69781624422829       -0.92520838170712      H
       -6.04002478492826       -0.19904056035706       -5.39655658168264      H
        2.11923882255814       -1.23524364701695       -2.57106579759070      H
        3.25752596216611       -0.84279718204587        5.36388287571371      H
       -9.75099311837605      -10.77581772466154       11.71642163752554      O
       -8.63380362675492       -6.84415072676987       13.00752591252033      O
      -10.26345960040438       -7.36919906213450       15.16556339154679      C
      -11.18034460906514       -0.46252234403793       -5.03074447638489      C
      -13.39370131070788       -0.82435864421804       -4.36598837333230      O
      -10.67898511830949        0.35675009092537       -7.28730421979567      O
      -12.47256141966052        0.50650840708234       -9.22311085329893      C
        7.47305941299369       -0.12338423234832       -0.63133531581984      O
        7.45779958190001       -2.34764132722928        3.02418150176720      O
       10.04906151033781       -2.01186308133856        2.92456099622532      C
       -3.95254665278650       -1.48871173896278        6.60285901151465      C
        0.16756328995297       -7.78279543376052        7.76583011653854      C
       10.72640679204552       -2.64087969654328        1.05161677843550      H
       11.01001207658407       -3.05663940974084        4.46671543537802      H
       10.48027732441444        0.06520295178653        3.07472927191525      H
      -12.07486430338372       -0.87031570164202      -10.60548631435387      H
      -12.18305699279766        2.43653365308252       -9.90908041352658      H
      -14.17929782308551        0.24928024210006       -8.16869118172103      H
       -0.90661522350897       -9.38215615268187        8.77529060899074      H
        0.54459826100579       -6.19490630116414        9.01949426768250      H
        1.88607003500501       -8.81927620923192        7.01720794899726      H
       -4.64959752498926        0.36098980342330        7.43744194682772      H
       -4.96938570290759       -2.75506783021033        7.86309966316942      H
       -4.93449670030333       -1.13360109152200        4.79729813611417      H
       -9.18131420375957       -8.04391523464527       16.73114799716705      H
      -11.65657176163558       -9.01449781132128       14.72282360300963      H
      -11.60478234277569       -5.87914086495182       15.83026779883189      H
        1.18715947415372        0.65998348134972       15.21573888412455      C
        1.31958678867908        1.61273301464611       12.73391451784846      C
       -0.86404786765336        2.37400075384604       11.19626281738507      C
       -3.39934083546302        1.62119247892225       12.16448002927426      C
       -3.50399509552635        0.57786010795246       14.63320261142838      C
       -1.28571219550983        0.29221460667385       16.14964814330250      C
       -0.68252814569508        4.43582428240386        9.31680978862266      C
       -2.90387162339926        4.42099346580831        7.81350613870400      C
       -5.38614899640098        3.56961326971374        8.74080027877431      C
       -5.48737034121670        2.17232395857421       10.97848845733358      N
        1.32843611855813        6.11240312996315        8.42600926857518      C
        1.53541138852715        6.44926370814616        5.61591046844442      C
       -0.51454323116530        6.06387540576604        4.06580061422793      N
       -2.72888174153951        5.44500842168496        5.24882300505484      C
       -4.91399911364281        5.06630078912479        3.83160302391044      C
       -7.37596598821627        4.29143419556418        4.63049619720427      C
       -7.41651002006972        3.42334175726055        7.01417957006316      C
        3.21048875470487        7.12773679364798        9.97469217235147      C
        5.37583187629500        8.21809842709899        9.03804880529711      C
        5.42207544630324        8.68794896211430        6.53504312537582      C
        3.47457473037329        8.14105549349814        4.75906742870414      C
        2.44370982822555        6.64477208160966       12.56580964763688      O
        3.86385177029479        1.41036534007097       11.72774942444675      O
       -1.57941937434938       -0.33915294308038       18.97161052064968      C
        7.85461587065497        9.49582417891020        5.73419534940460      C
       -5.28841473716691        0.32241518370815       15.61636479261631      H
        2.78364992178142       -0.00616043628157       16.33705096499097      H
       -9.05735124416843        2.28648859547977        7.28737189124699      H
       -4.44524259125497        5.36935678339020        2.00159074351825      H
        4.04918781509933        8.06720526252693        2.84997307482303      H
        6.85111692517553        8.85531804284877       10.38945718897472      H
       -3.58152635932463       -0.27866884883223       20.13658366094981      O
        0.75831099864924       -0.39530255182926       19.95043609223093      O
        1.05962711048518        0.34695924657800       22.50140546532441      C
       -9.50470913587049        4.02341115237607        2.67005815716769      C
      -11.05847292524314        2.27220288116065        2.87057010402896      O
      -10.11380044583170        5.53208901682450        0.68675002264844      O
      -12.56496781874825        5.36568915009408        0.00934962190584      C
        8.08134093042744        9.84647606590495        3.46028633095132      O
        9.60929518843564       10.01578412907377        7.56356475897053      O
       11.80663035688728       10.92050540560387        6.14545223622671      C
        4.41937320344761        7.37686046675771       14.46200519719705      C
        5.90924963224956        0.45535553643128       13.25125481849828      C
       13.35374749055215       11.37208383233556        7.41788816626870      H
       11.08688876918457       12.52798209357183        5.05294502336385      H
       12.16500060756442        9.41798570071047        5.07511683484969      H
      -13.65961834337578        4.72608753755841        1.60578904986028      H
      -13.01546902459625        3.88348846651278       -1.28860057023911      H
      -13.05611268826885        7.24952487572097       -0.70073861202993      H
        5.36726459721381       -1.56739356457601       13.54247347974285      H
        6.04439564437728        1.40728532794930       15.06779566809826      H
        7.81605561466840        0.53393072116647       12.30667206197024      H
        5.77424850620878        5.89951373678529       15.18068455633405      H
        3.27475348509189        8.06961266240130       15.90079069116265      H
        5.34067667424162        8.98123604171969       13.77343484362971      H
        2.66512964740553       -0.68275976907507       23.31132449164769      H
       -0.41101427083391        0.14813405441947       23.76039579850792      H
        1.34677486553754        2.51434700277690       22.54752848881201      H
$end
