$coord
       -5.90993710157270      -11.78257186149257        2.39454719473378      C
       -5.05908112405488       -9.29452157215781        2.08573159282265      C
       -6.53286545432558       -7.66946498086276        0.63388937323216      C
       -8.60582224021824       -8.61442997556090       -0.67880283027345      C
       -9.66399302489783      -11.07668997072563       -0.15649983820593      C
       -8.14779641187452      -12.61287416860675        1.42097438180245      C
       -5.61130328063587       -5.06617815145606        0.41466625425568      C
       -7.13581056605362       -3.58757589148120       -1.17913688979342      C
       -9.04831720205548       -4.78859806897909       -2.73074010206999      C
       -9.89595373718193       -7.08279418653488       -2.34657103548590      N
       -3.57879673179907       -3.56365497009773        1.44793077800319      C
       -2.52405183903698       -1.35659469336346        0.30578195016358      C
       -3.77283485843765       -0.51026996688067       -1.78244753244366      N
       -6.31213367102526       -1.13065615564485       -2.24192513329743      C
       -7.93829483045948        0.16369813555084       -3.86506907405798      C
      -10.08787166722913       -0.85281214360798       -5.06024651016142      C
      -10.46819327682985       -3.56268296661333       -4.53293715665745      C
       -2.57981774497853       -4.28806456189511        3.91798757962207      C
       -0.20920616238249       -3.39290573061803        4.59412434180718      C
        1.06079800835727       -1.61105163340402        2.94393057146564      C
       -0.03831951959457       -0.53118909055889        0.81149508470543      C
       -4.13903312852457       -5.95086877119603        5.48044524534145      O
       -2.11491325759675       -9.05239929239577        1.95300274619715      O
       -9.25098650286161      -14.93859731681437        2.62090258723461      C
        3.45492357432330       -0.42991182436442        4.06141762514759      C
      -11.39974526109850      -11.67689050472102       -0.95171507634678      H
       -4.55739453881128      -13.29138928535301        3.11235028415008      H
      -12.30255115912792       -4.45680011044555       -5.32806707385328      H
       -7.14434763093770        2.06885005524633       -4.41260556473120      H
        0.74118929038930        1.09372141250801       -0.25167231622794      H
        0.91248201003907       -3.95818733634100        6.34217453456666      H
       -8.58769590419252      -15.57631943399690        4.69803245195351      O
      -11.33149595059182      -15.98302279131913        1.29953671419476      O
      -13.04798985220933      -16.85145333072483        3.37900075701189      C
      -11.99483792669327        0.47613920224598       -6.44662932308940      C
      -11.46790506397304        2.65480864556893       -7.03810420749817      O
      -14.22289730259562       -0.28058062770754       -7.17292393340513      O
      -15.58396115262379        1.48513588910887       -8.49507230410891      C
        4.91190468948437        0.48132391294430        2.65248588249906      O
        4.18230249304964       -0.66131264901570        6.67889367688459      O
        6.79886427183675       -0.22102715535333        7.14563425395439      C
       -3.57759125554433       -6.12510572566749        7.99854734160891      C
       -0.57636868831717       -9.73893815848120        3.76042678456111      C
        7.67031375777985       -1.14041502356094        5.70263299285074      H
        7.47702029120251       -0.92035704929441        9.01735256211124      H
        7.33140175190824        1.79647221215968        7.07416073693484      H
      -14.42426352297381        2.03793641680360      -10.21988390340187      H
      -16.21920552070341        3.11464703276740       -7.60641476255941      H
      -17.67213661742491        0.82457929287720       -8.87057844015528      H
        0.06750333074810      -11.65604843613785        3.20258696495366      H
       -1.48267864095048       -9.52896430575659        5.49468095094652      H
        1.18138152000322       -8.71914492268967        3.87325254495491      H
       -4.82437061305108       -7.62423484261194        8.70312254557598      H
       -4.01211717114813       -4.11864962909264        8.57068309729822      H
       -1.38315740520526       -6.34260287533217        8.16310708210189      H
      -12.64116687268960      -18.75271142052469        4.23052616203317      H
      -14.85667008569634      -16.91169255184204        2.29739600043556      H
      -13.16477223010281      -15.17535443878801        4.77922804359262      H
        2.15448251809678        7.64956876425723       18.22625338154716      C
        2.58576593089070        6.24782503437392       15.88110904928455      C
        0.42399246607409        5.90424863300215       14.23805357942300      C
       -2.16028290051763        6.60098174886282       15.29237115035168      C
       -2.02182620448100        8.28817871789288       17.55024238294812      C
        0.00614341827263        8.72373484230705       18.87461973415022      C
        0.40955057370009        5.83686041436200       11.58050838399372      C
       -1.54544567992419        4.37908156089744       10.52917954834108      C
       -3.78017489412399        4.38163413022027       11.85306264815870      C
       -4.19070993232468        5.70143449448218       13.95099620644279      N
        2.31343632076749        6.67387901618649       10.02904620332212      C
        2.52784350682157        5.80904676381774        7.62390063783764      C
        0.82884081442234        4.08897651179050        6.54585574482981      N
       -1.16633240931538        3.46882730065997        8.14438786705144      C
       -3.20416121600514        1.98642934078276        7.18657511431459      C
       -5.20785014549041        1.30621731090279        8.79032005202128      C
       -5.79618751269185        2.78013541078880       10.98931113613196      C
        3.84342352261959        8.73556750478281       10.87183658767151      C
        5.92488426345580        9.03577725881804        9.35000153311539      C
        6.41076628607581        7.98954231892930        6.98891491120472      C
        4.45125745787924        6.63484580633309        6.03259957000709      C
        2.99878912348928       10.21013750051578       12.95554289454750      O
        4.70000004843817        4.93679340801731       15.07666657629236      O
       -0.14975296659841        9.63487850079736       21.50908472184760      C
        8.95929248110057        8.23977847637668        5.74026760430826      C
       -3.78524813409957        9.08559095706154       18.16739992176216      H
        3.53924725784467        7.89487605067475       19.67626686090860      H
       -7.51425936133187        2.86561303342615       11.87626610616038      H
       -3.37647477892511        1.25774611685031        5.18953131361825      H
        4.36135872798764        6.18355042365545        3.89268699085402      H
        7.53473473445978        9.85243632895353       10.27228859314231      H
       -2.13988472551582        9.46048168616167       22.72813314269375      O
        2.12594815022551       10.43197184370422       22.19087439137589      O
        2.03066118513872       11.23443104381676       24.71496120158446      C
       -7.43296101661879       -0.32453362126551        7.61053937645933      C
       -8.52834122915222       -1.88855591854932        8.85013391140320      O
       -7.61285075806283       -0.18578405382464        5.07205768225472      O
       -8.79025430951551       -2.38059249851584        4.11521996452444      C
        9.04816177425762        7.14929711094681        3.74086883500950      O
       10.77523394370470        9.60718781724519        6.73542960296018      O
       12.97658760259779        9.12475872210299        5.56840489649741      C
        4.85629336680126       11.67633702690040       13.72109625327543      C
        7.13227089780610        4.88462578320225       16.40589285231366      C
       14.46093131865636       10.71014145860359        4.98782274443345      H
       12.68927984103684        8.24827617772151        3.80389940420065      H
       14.12281585540596        7.92914862623155        6.91996379358688      H
      -10.74733276127986       -1.71057318071567        4.16234177727128      H
       -8.72716796110369       -3.98120882031974        5.42730408983543      H
       -8.27199385715330       -2.28577903407921        2.13519579043851      H
        6.80474544890596        5.34960861493592       18.44355369851883      H
        8.81293570990362        5.68174669022198       15.16947958659332      H
        7.93878225983581        3.04967766754393       16.79108813026883      H
        3.98788444419554       12.83857029503750       15.43822096698032      H
        5.31257294452328       12.89720942322898       12.06817979937879      H
        6.65320142455678       10.62965864539357       14.69850378202664      H
        1.43781432993570       13.34411076722543       24.71448117617684      H
        4.04387545988450       11.46850289323338       25.19707008269002      H
        1.30646473821622        9.55609176750404       25.66228052292806      H
$end
