$coord
       -2.60964544584786       -7.29381668751292       -3.15068344983380      C
       -1.37572396810832       -9.20042713794778       -1.77937120374603      C
        0.15791660520027       -8.68486757562280        0.43050445025397      C
        1.14330128768161       -6.10136894783971        0.57602591494149      C
       -0.15205091095995       -4.26075989888211       -0.60008049596042      C
       -1.84821986008437       -4.79163156816918       -2.73888380163424      C
        0.35836966854096      -10.34479207897892        2.57613996710465      C
        2.41332668433766      -10.06637253864322        4.11609052100757      C
        3.94462324396952       -7.89479889227624        3.64378947498923      C
        3.07708249911202       -5.76980493449534        2.31512179637202      N
       -1.34082212329453      -12.32592688255552        3.28897361386223      C
       -0.37399958334853      -14.22544347472731        4.82755207497971      C
        1.58941424130591      -13.90349349948791        6.33589755918444      N
        3.26134372047005      -11.90577320126277        5.86568869313976      C
        5.28300851749685      -11.57007896507198        7.37521193005851      C
        6.98889411568285       -9.66398006500212        6.69521905598067      C
        6.46307807669785       -7.81834308148552        4.85936344149075      C
       -4.26219859911256      -12.41368516915300        3.07052069877659      C
       -5.48429230744896      -14.65603117420882        3.42086438470768      C
       -4.06113915109862      -16.61803374493817        4.51699122665263      C
       -1.63770504276594      -16.44741913064658        5.37271816764018      C
       -5.90687027171016      -10.38695971855498        3.01156189332793      O
       -1.72506380026515      -11.60194001487663       -2.50038971051409      O
       -2.98075371686272       -2.42630958551147       -3.86515721633362      C
       -5.48183136768565      -18.88408108426997        5.71395296122858      C
        0.54966740045240       -2.48673877379148        0.07381952116314      H
       -3.52274150128934       -7.69135984261780       -4.83156928727219      H
        7.59092609271769       -6.16572782498854        4.30446227020579      H
        5.41054240638779      -12.21993504932241        9.34322843521094      H
       -0.47887543769310      -17.42682992973229        6.71008056697770      H
       -7.52433840805885      -14.65036195824619        3.99722548642680      H
       -3.61433206557904       -0.62093081850900       -2.61572728938736      O
       -3.33626254890339       -2.36403720972277       -6.61648291601586      O
       -4.32036793011799        0.06942133467805       -7.34177249117434      C
        8.92207266986107       -8.79640215392186        8.47142790162348      C
        9.27345919241774       -9.83234663805710       10.54927119928930      O
       10.40561606002532       -6.84336679108067        7.45783876903071      O
       12.38362242189276       -6.30248860277001        9.16704962808457      C
       -7.56096556535412      -19.36051334260067        4.78910545812576      O
       -4.09945741722809      -20.23586558735554        7.33261446343632      O
       -4.56209947614158      -22.73889016705990        6.81870532568113      C
       -4.95676696213021       -7.89548245180696        3.24287422762144      C
        0.21913583339894      -13.20522757518624       -2.09383960040276      C
       -3.33162949453496      -23.40258035429011        5.29662062164962      H
       -6.56288559392518      -22.98890670760863        6.05153477188072      H
       -4.40404638322113      -23.88500479419447        8.56750095283373      H
       13.24281046094589       -8.14143667984684        9.07688019210469      H
       11.47562441401571       -5.63271159668000       10.94347808466166      H
       13.76051806724812       -4.90049494527942        8.14269831416984      H
        1.33524912788108      -12.45527749055626       -0.54045001601855      H
        1.63276357447200      -13.21047912654261       -3.71357323732847      H
       -0.24044329195373      -15.15299281524137       -1.81946842623504      H
       -6.61328835452029       -6.80743368664124        3.45831836686491      H
       -4.26568003705586       -7.60140509546281        1.39677891189594      H
       -3.36260629020106       -8.36326859830164        4.52377426418895      H
       -3.93520444886942        1.66145297472437       -6.02002185501198      H
       -6.29770289444167       -0.46010356374321       -7.92360800139771      H
       -3.40356688459043        0.61390108965270       -9.16707511121889      H
       -9.98607041576911       15.07715874898059        9.23169538117050      C
       -7.51801557306592       14.14298576461812       10.01055240716322      C
       -6.89332852236522       11.47635599271589       10.28254012644197      C
       -8.86505312838519        9.87515788723615       11.04256968068533      C
      -11.18749058588700       10.73106358504888        9.82532274375895      C
      -11.83740742058713       13.04328489124666        9.13441384814070      C
       -4.45760290090242       10.32298655014555       10.34194858288298      C
       -4.00398050662515        8.65349234205150       12.30982386001559      C
       -5.98848778421279        7.21095432728061       13.20892332382851      C
       -8.54789606728553        7.75903119083952       12.56996402187647      N
       -2.37424433661004       11.12452816466031        8.87785991347836      C
        0.18430152970518       10.58720853274992        9.60683861084222      C
        0.67050620617130        9.07795385224265       11.59883443643407      N
       -1.20439633509996        7.89439920096754       12.71981955764788      C
       -1.05622490996262        6.04969759384573       14.54480720121228      C
       -3.06499194938193        4.88977896227247       15.79933272005569      C
       -5.47409656290471        5.18069874471839       14.91709839599634      C
       -2.65106691552059       12.44140997298004        6.41092371409880      C
       -0.69464871031507       13.59031357925318        5.03467136564856      C
        1.75056408842932       13.30253774121637        6.03623312916063      C
        2.21091814464496       11.96565204148551        8.20036069925419      C
       -5.03331703467058       12.34318719355047        4.99536112004003      O
       -5.31864539445207       15.50101110260854        9.74542263596729      O
      -14.42555475495287       13.76776037351021        8.08944560387097      C
        3.72188460822378       14.73997458980649        4.70143030618423      C
      -12.57103134175332        9.28594125079250        9.78131252543045      H
      -10.26674706965025       17.00642172529556        8.84939768431576      H
       -6.90104975820616        3.94703394281347       15.56110170524520      H
        0.88922396423239        5.70170245827711       14.98136739349629      H
        4.22175494821320       11.71319976924484        8.90486445329135      H
       -0.96981640212798       14.56293997118795        3.35281251401747      H
      -14.88288088736135       14.70502051340839        6.09155241348752      O
      -16.40259298504139       13.17729628922736        9.61260747583827      O
      -18.69971483230240       14.15659623688463        8.43973501515424      C
       -2.52377993145931        3.00321870218962       17.85493293744166      C
       -4.43833418001216        2.90388545076989       19.41158429896719      O
       -0.15840282737237        1.85243456984848       18.04892426925383      O
        0.29045449494163        0.57448497379654       20.25834351410435      C
        3.56633299031258       14.67691985812052        2.37038639496259      O
        5.88108274888831       15.48597047765809        5.99593188380311      O
        7.97501875888086       15.74836611629102        4.19377311704413      C
       -6.01714537264304       14.39238823102349        3.37769933714531      C
       -5.79443515194722       18.09713134281283        9.53238334048959      C
        7.47133211038339       16.74043338075903        2.45587817442421      H
        8.60054853391935       13.82851069765829        3.22966273593619      H
        9.86771611758567       16.34459945956326        4.96161225542761      H
        0.50240020242643       -1.39258739187110       20.25167833449353      H
       -1.22926555128308        0.83057146656965       21.70101227152220      H
        2.02953606965444        1.71958494164994       20.92295817027927      H
       -4.49657124909970       19.17163757822688       10.87896864276038      H
       -7.74339325839542       18.38368063917785        9.96343160448293      H
       -5.95708616851983       18.36024950060156        7.56987706971320      H
       -4.94059740392036       14.56034684094823        1.74699363463733      H
       -5.98148955158704       16.18971400976869        4.48828219139225      H
       -7.84083498201227       14.28324143574739        2.85159691569751      H
      -18.48598318206686       16.20976520683625        8.33496318792473      H
      -20.26399174795135       13.76485169662607        9.79179954495453      H
      -19.51023447758397       13.08776699246471        6.67382559492732      H
$end
