 -1.0
  0.15100539953665D+01  0.35069954070996D+01  0.54291125399219D+01 -0.38249397774696D-03  0.72007377868356D-04  0.23663355730449D-03
  0.11134364388681D+01  0.87541964307913D+00  0.53145733167715D+01  0.51655000328220D-04 -0.75695946262693D-04  0.54205037803960D-05
  0.33528817929049D+01 -0.61014816598563D+00  0.46202352444937D+01  0.35122934898347D-03  0.38200252406836D-04  0.12023495799609D-04
  0.55724665121193D+01  0.90596249420265D+00  0.37245142570256D+01  0.57656045754328D-03  0.30492355805020D-03 -0.67466797821010D-04
  0.55815044744015D+01  0.36078179462171D+01  0.42063353817476D+01 -0.31345027256320D-04 -0.13233417859838D-03 -0.51804059311599D-03
  0.36769889075655D+01  0.48409232566394D+01  0.53067642761441D+01  0.54071875574885D-04  0.89772927055261D-04 -0.32801186337455D-03
  0.31111103388424D+01 -0.30161627579720D+01  0.37529953683063D+01 -0.27691366198187D-03 -0.17826083586180D-03 -0.20546547285462D-03
  0.48362418116180D+01 -0.40649416223380D+01  0.20344146920368D+01 -0.37766285845630D-03  0.45294543818946D-03 -0.42874034258856D-04
  0.72252535984234D+01 -0.28213939134478D+01  0.18943508943932D+01 -0.19831486831927D-03 -0.24093636818876D-03  0.59675085324167D-03
  0.77253612809629D+01 -0.49161774799298D+00  0.29723717794933D+01  0.21335716613469D-03 -0.40206652853148D-03 -0.15390918368980D-03
  0.14960400144219D+01 -0.48970984415567D+01  0.49808595024393D+01  0.36752644083499D-03 -0.13798851222114D-03  0.13913854429048D-03
  0.74898052370910D+00 -0.68827413142527D+01  0.34845980766173D+01 -0.96727300655059D-04  0.90623936250197D-05  0.34377247936934D-03
  0.21468636487084D+01 -0.79260499805552D+01  0.16418937457810D+01  0.13785162903532D-03 -0.77169688865466D-04 -0.17924638501059D-03
  0.43231337717290D+01 -0.65273899089176D+01  0.10482961762381D+01  0.44057752305521D-04 -0.36383919402878D-03 -0.52312103038151D-03
  0.61821753515915D+01 -0.71940770807414D+01 -0.61047364774275D+00 -0.50375943166254D-03  0.91730015626350D-03 -0.40548174433887D-03
  0.86284003727130D+01 -0.59472939671474D+01 -0.75871112185297D+00 -0.54435741834834D-03 -0.56114407800287D-04  0.38256953596762D-04
  0.92338451401289D+01 -0.39004627910982D+01  0.67446935401541D+00 -0.12436492412797D-03 -0.20323385155853D-03  0.74740807097527D-04
  0.10753662393259D+01 -0.51850327738665D+01  0.76940532570973D+01  0.76087205601897D-03 -0.73442296322882D-04 -0.68890048858790D-04
 -0.12161584817973D+01 -0.62533145719889D+01  0.83673439822457D+01 -0.12778440829482D-03  0.12351808772989D-03 -0.24000516336663D-03
 -0.26441189823920D+01 -0.75129309316627D+01  0.65811321025975D+01 -0.48625086980188D-03  0.18940112532666D-03 -0.58818867061029D-03
 -0.13588099650313D+01 -0.81681429585858D+01  0.43667973263194D+01 -0.48018018777727D-03 -0.90047812274573D-04  0.48030744371374D-03
  0.27224622242616D+01 -0.43216408012584D+01  0.96502324533869D+01  0.14191069929637D-03 -0.12825085483393D-03  0.14214500341511D-03
 -0.94737580006104D+00 -0.61858397770599D+00  0.59306245168048D+01  0.35385391559729D-04  0.23802585155967D-03 -0.10023225845178D-03
  0.41482916630282D+01  0.76407505714799D+01  0.56668221190803D+01 -0.24815388957073D-03  0.50696108476290D-03  0.26779755550616D-03
 -0.48363569483240D+01 -0.92175445425068D+01  0.72449303963316D+01  0.46007504364196D-03  0.18538253356748D-03 -0.39870660909599D-03
  0.72289116189577D+01  0.46629209143169D+01  0.40085503741449D+01 -0.96500517636380D-03 -0.48952935174582D-03 -0.33580362223852D-04
 -0.81628527765982D-01  0.45931431367916D+01  0.59782763107365D+01 -0.40311864878283D-03 -0.50985379101693D-03 -0.27332164702245D-03
  0.11219613121736D+02 -0.32393380110765D+01  0.11873863493452D+01  0.37675086356603D-03 -0.13403990396376D-03 -0.17698295920592D-03
  0.63688612354529D+01 -0.92776911760152D+01 -0.96971493833043D+00  0.68127825016075D-03  0.42644280059566D-03 -0.29423381889200D-03
 -0.16386558389830D+01 -0.10077971047450D+02  0.35941666296396D+01 -0.61014248641972D-03  0.25250728277192D-03  0.71001316299463D-03
 -0.17085109113713D+01 -0.61718420665411D+01  0.10341887131463D+02 -0.62403608582454D-03  0.58272366471425D-03  0.11615449285499D-02
  0.64044952809686D+01  0.84497606469917D+01  0.53819812356107D+01 -0.37029299764209D-03 -0.69917706326650D-04 -0.20569753562796D-03
  0.22389005501923D+01  0.92074786168393D+01  0.62363285285893D+01  0.62793508640148D-03  0.26188362191863D-03  0.31742413332992D-03
  0.29815776118950D+01  0.11617149400582D+02  0.69217558063372D+01  0.23806498445875D-03  0.42884804499977D-03 -0.21276964255646D-03
  0.10943375534692D+02 -0.75169829964745D+01 -0.17340733336024D+01  0.15343593507558D-03 -0.17278833108652D-03  0.27332858056434D-03
  0.11246764774486D+02 -0.89081054408584D+01 -0.34502439448050D+01 -0.18571386697953D-03 -0.45618689419807D-03  0.64815103980400D-03
  0.13099668778515D+02 -0.72139509898154D+01 -0.28211920305342D+00 -0.11177103283801D-03  0.63505177972993D-04 -0.21747783117078D-03
  0.15260893859784D+02 -0.84032273152910D+01 -0.13427763772324D+01  0.20301152608411D-03 -0.37139465515187D-03 -0.26953903571563D-03
 -0.67524508341446D+01 -0.87142246753768D+01  0.62794283741625D+01  0.15297098986433D-04 -0.34128105328917D-03 -0.25522604149508D-03
 -0.42487990577527D+01 -0.10951878897836D+02  0.90360346887513D+01  0.12468565382189D-03 -0.21366351531416D-03  0.10162283985803D-03
 -0.63297106238210D+01 -0.12520523423024D+02  0.93380626896411D+01  0.22724600248833D-03 -0.12178076359307D-03 -0.23153933619919D-03
  0.16617438440323D+01 -0.24243781427396D+01  0.10921673466975D+02  0.17903952272574D-03  0.20237418205413D-03 -0.31883881357365D-04
 -0.36005476031495D+01  0.17234589144507D+00  0.53192393178814D+01 -0.26164834161851D-04  0.58417149484204D-03 -0.21893995656196D-03
 -0.55297970210503D+01 -0.14077141805957D+02  0.10640144863388D+02  0.71275254040325D-03  0.10560282604982D-02  0.57392408594145D-04
 -0.71441002259675D+01 -0.13180249242205D+02  0.75361458188325D+01  0.16067449900499D-03  0.23907293742629D-03  0.60462047511891D-03
 -0.78746693308048D+01 -0.11530821037922D+02  0.10225903248134D+02  0.10929997178019D-02 -0.14966555249543D-04  0.49049874138212D-04
  0.16881656360467D+02 -0.86496041085903D+01 -0.31119010107056D-01  0.80439842289339D-03  0.67049879288267D-03 -0.60032062332321D-03
  0.16178586332471D+02 -0.72222869958660D+01 -0.26346756098039D+01  0.34733307387445D-04 -0.49967411548663D-04 -0.19177618455571D-03
  0.14746693790133D+02 -0.10351756617431D+02 -0.16359893862322D+01 -0.93708884538402D-04  0.72223170802148D-03  0.55513657845273D-03
 -0.44795416496223D+01 -0.13760081512579D+01  0.42133250357688D+01  0.28932599452336D-03 -0.20983744637042D-03  0.81465363266800D-03
 -0.34529951652427D+01  0.19326962758492D+01  0.41969112712867D+01  0.67067682451339D-03 -0.18835967986480D-03  0.88230360513796D-04
 -0.47263419116943D+01  0.18682562764497D+00  0.70605014236326D+01 -0.90413403125740D-03 -0.65141074898672D-03 -0.12586639703394D-03
  0.29116285549902D+01 -0.10114868859059D+01  0.11598679373710D+02 -0.12105481154137D-04 -0.25658137482428D-03  0.82451042122671D-04
  0.52558482954535D+00 -0.30054393442838D+01  0.12600451517696D+02 -0.97603963312031D-03  0.78645681980415D-03  0.28274429693434D-03
  0.49931858624020D+00 -0.14187376872348D+01  0.95007169473181D+01  0.15921539864953D-03  0.34849062842602D-03  0.93915123996709D-04
  0.42439179425245D+01  0.12627097680889D+02  0.55051173482479D+01 -0.66189676152054D-05 -0.12144320448770D-02 -0.82507396656737D-03
  0.41913348450878D+01  0.11179561417053D+02  0.86348178815916D+01  0.13321287134359D-02 -0.21199214706857D-03  0.10120486108754D-02
  0.13535360925984D+01  0.12916867842720D+02  0.72352313617557D+01  0.15898509378442D-03 -0.74719995852521D-03  0.52384154559766D-03
 -0.84535297247678D+01  0.44528059946243D+01  0.18026736681592D+01 -0.15985151042058D-03 -0.14304538225719D-03 -0.49759442404559D-03
 -0.85603481187482D+01  0.34200458221119D+01  0.43061180980862D+01  0.11241017340328D-03 -0.52713191772251D-03  0.14076786907309D-03
 -0.71788594909965D+01  0.47641534870893D+01  0.61621588940309D+01 -0.32030887252142D-03 -0.16031885215634D-03  0.41996496003499D-03
 -0.52420056025239D+01  0.65787667020447D+01  0.52139063472989D+01  0.18630823425822D-03  0.17459680323148D-03 -0.21458836977252D-03
 -0.52370597240254D+01  0.76627429419836D+01  0.27359125919612D+01  0.14029158233221D-03  0.14396966078023D-03  0.21037548426468D-03
 -0.68201994867667D+01  0.64965639691360D+01  0.93881945619134D+00  0.27993312088432D-03 -0.11253513655586D-03 -0.87260024925403D-04
 -0.71059857924838D+01  0.40890967252236D+01  0.87054828088952D+01 -0.25651285580901D-03 -0.30823700267564D-03 -0.14799456148113D-03
 -0.51742850982041D+01  0.51083857584353D+01  0.10255814754528D+02  0.28414870513341D-03  0.31553616681361D-03 -0.20771130830474D-03
 -0.34048134548875D+01  0.67269832313154D+01  0.91454630129549D+01 -0.25816068947813D-03 -0.32938589885654D-03 -0.44498316562506D-03
 -0.32827135672140D+01  0.73462676786673D+01  0.66667984983039D+01 -0.37254852675079D-03 -0.25954974628416D-03  0.37834959855526D-03
 -0.91937543138038D+01  0.28034778746117D+01  0.98948465301711D+01 -0.29215931998634D-04  0.69619803286983D-04  0.28950443672281D-03
 -0.87071633477432D+01  0.20395637626053D+01  0.12413994959768D+02 -0.47556474304254D-03  0.31470026859297D-03 -0.14041385010168D-03
 -0.67352942926354D+01  0.27638495640256D+01  0.13905102856653D+02 -0.55244388545766D-04 -0.10110428162380D-03  0.84042348308454D-03
 -0.50743368058201D+01  0.44061883227380D+01  0.12890779213729D+02  0.64619269955316D-03 -0.28720765562094D-03  0.38368274174435D-03
 -0.26541131089541D+01  0.45264050487726D+01  0.13821544420857D+02 -0.31148062923302D-03 -0.69080282251838D-04  0.93602832032178D-05
 -0.67992080654796D+00  0.57975499339036D+01  0.12655519199548D+02  0.15308972021741D-03 -0.15064095224647D-03 -0.58403668128298D-04
 -0.11614817772713D+01  0.70010755813516D+01  0.10506161248512D+02 -0.11873075455323D-03 -0.10495836775844D-03  0.50744607186668D-03
 -0.11800585016842D+02  0.32460298667627D+01  0.90222189428962D+01 -0.52392627227935D-03  0.20295624289100D-04  0.15548852757359D-04
 -0.13647739082068D+02  0.19727186346150D+01  0.10359101902107D+02  0.48909759791285D-03  0.50403710222677D-03  0.13549494418199D-03
 -0.12836669738464D+02  0.20006197691961D+00  0.12262442522735D+02  0.48160765605079D-03 -0.68662314190864D-04 -0.22043358843014D-03
 -0.10391586873265D+02  0.22731469989294D+00  0.13285647804591D+02  0.33201432006406D-03 -0.86337019404815D-04 -0.55668108895027D-03
 -0.12600441963100D+02  0.51078940059156D+01  0.73442625470224D+01  0.15545638158086D-03  0.18092528871407D-03  0.12831504338217D-03
 -0.96648930420321D+01  0.12766981744981D+01  0.51178955338019D+01 -0.10138382208708D-04 -0.30528170859312D-03 -0.35702802850552D-03
 -0.67010353872162D+01  0.74735640328153D+01 -0.17127222940241D+01  0.49406637095096D-03 -0.17145550799088D-03 -0.47332889820011D-03
 -0.14740256266544D+02 -0.15026106320362D+01  0.13372118918488D+02 -0.58475135759487D-03 -0.15244990422630D-03 -0.52865164163077D-03
 -0.39629977096218D+01  0.90319319792768D+01  0.22819231787340D+01 -0.62554646111899D-03 -0.76663609012116D-03 -0.14823445716005D-03
 -0.95088521239965D+01  0.35471876273692D+01  0.30076129089150D+00 -0.15065593340520D-03 -0.27397103633034D-04  0.23079414743450D-03
  0.54108043028636D+00  0.77760115832363D+01  0.94806008471063D+01 -0.71844161122361D-03  0.86275746246284D-03 -0.31144954063879D-03
 -0.23517779321270D+01  0.34114667469267D+01  0.15475020537615D+02  0.11913761711624D-02 -0.30591138628179D-03 -0.53074290399875D-03
 -0.10334266284202D+02 -0.87541723746376D+00  0.15139655294855D+02  0.33789871106635D-03  0.33821345012794D-03  0.40262985058651D-03
 -0.15321852701607D+02  0.18528488381014D+01  0.94310637372862D+01 -0.60995935859180D-03 -0.82879914503853D-03 -0.72691469848355D-03
 -0.50734693065387D+01  0.88725313161528D+01 -0.23242462515727D+01 -0.32497655343955D-04 -0.22399880363095D-03  0.65469901674968D-04
 -0.87710553686489D+01  0.65780190185573D+01 -0.30276459751930D+01 -0.61601300933641D-03 -0.68284296091194D-04  0.16398505760498D-03
 -0.89027164759739D+01  0.69130573986578D+01 -0.56723840142285D+01  0.39916606423040D-03  0.26845308290540D-03  0.31286005874617D-03
  0.19404983510289D+01  0.53944802679080D+01  0.13579086391830D+02 -0.31200033965223D-03  0.23914956930132D-03  0.42963428295706D-03
  0.21428074991810D+01  0.32833808319488D+01  0.14268807261607D+02 -0.45201362859970D-03  0.22431497518152D-03  0.25176863044799D-03
  0.36036038908824D+01  0.72288181195807D+01  0.13002582297390D+02 -0.34581819078413D-03 -0.17605763563032D-03 -0.31735020178065D-03
  0.58027866833888D+01  0.65901621348491D+01  0.14044234668350D+02  0.68226095355673D-03  0.10213060061608D-03 -0.22564721224491D-03
 -0.17034906130435D+02 -0.11546823089683D+01  0.12944970106960D+02 -0.97178025148823D-04 -0.19507268894056D-03 -0.63378696667605D-03
 -0.13760252233785D+02 -0.35700667815786D+01  0.14405391157489D+02  0.26703395637878D-03  0.20273414374783D-03  0.50071700909033D-04
 -0.15538046022118D+02 -0.51320977321536D+01  0.15378421936885D+02  0.35169437610632D-04  0.30388575747139D-03  0.13755467543432D-03
 -0.14616271357650D+02  0.62601444622711D+01  0.84702779923027D+01 -0.10023447622902D-03 -0.84573105121020D-04  0.29855517361818D-03
 -0.10290206565848D+02 -0.45734050922955D+00  0.30944185175546D+01  0.74052793882397D-05  0.61849699706590D-03 -0.18809838117788D-03
 -0.14518188775269D+02 -0.56461907604512D+01  0.16945625595531D+02  0.92153347826335D-03  0.37129823692138D-04 -0.26096856989495D-03
 -0.15804844786340D+02 -0.68427357928178D+01  0.14272481249923D+02 -0.12076527845566D-02  0.29911210927606D-03 -0.58526192935583D-03
 -0.17180974596929D+02 -0.40691282894378D+01  0.16124470030744D+02 -0.11808128659076D-03 -0.43505519089803D-03  0.59903963418604D-03
  0.60411113675593D+01  0.74691017232859D+01  0.15895624023134D+02  0.56359325571022D-03  0.18028323111542D-03  0.29034212804938D-03
  0.72799612975437D+01  0.71188479178186D+01  0.12730143780580D+02 -0.91399711209466D-03 -0.54372123319927D-03  0.96122579557579D-03
  0.58855426555141D+01  0.45817499035108D+01  0.13976248983735D+02  0.14160471186474D-03  0.28761444953390D-03 -0.47077190913300D-03
 -0.10026537448406D+02  0.45061279609597D+00  0.13046160607487D+01  0.17125842587642D-03  0.55447904238786D-03  0.47268752478769D-03
 -0.12134864513385D+02 -0.58868615325422D+00  0.38377163010874D+01  0.22783353631645D-03  0.58230429600178D-03  0.73652268160339D-03
 -0.92795729597985D+01 -0.21002314175170D+01  0.31740130372660D+01 -0.20732142627081D-03  0.97516781526760D-03 -0.28114551808808D-06
 -0.16287643951110D+02  0.56820700268760D+01  0.73524140841869D+01  0.31797480778246D-03  0.10596926395492D-03  0.52560819382272D-03
 -0.13884793491819D+02  0.80906003193381D+01  0.85347563505075D+01  0.14939170309525D-03 -0.63645766467599D-03 -0.33238074943644D-03
 -0.14634681053645D+02  0.58050838039920D+01  0.10404010623415D+02 -0.44825359739631D-03  0.20944513988272D-03 -0.29354588584926D-03
 -0.89972860962565D+01  0.88463557667066D+01 -0.60814203993869D+01  0.24708558554381D-03 -0.11937037352173D-02 -0.28611884923430D-04
 -0.11229764547275D+02  0.63204185625114D+01 -0.58264896426980D+01 -0.44043221344030D-03 -0.19966685329426D-03  0.71393824668090D-03
 -0.72750526769045D+01  0.60487341560340D+01 -0.66911884816641D+01 -0.13240767699184D-03  0.44237641764165D-03  0.77040881973968D-03
