 -1.0
 -0.49648591239992D+01  0.11664700679405D+01 -0.15341188923765D+01 -0.17367229318812D-04  0.89485433704425D-04 -0.15115491307200D-03
 -0.35451253260615D+01 -0.65695898476084D+00 -0.17035744493620D+00 -0.12599970146624D-03 -0.38350017269677D-03 -0.21929054495200D-03
 -0.13698045712394D+01  0.46698471532605D+00  0.13423190125689D+01 -0.12224765834167D-03  0.19372602809883D-03  0.33190497177042D-03
 -0.68330508184709D+00  0.30525530158679D+01  0.70641291041490D+00 -0.13723581699946D-03 -0.10913391667078D-03 -0.46468799940962D-03
 -0.21426149170808D+01  0.45900626643218D+01 -0.76240444316183D+00  0.38826400853180D-03  0.34132558292513D-05 -0.39372429963459D-03
 -0.45283743579770D+01  0.37845508620559D+01 -0.14342630035609D+01  0.78899856918799D-04  0.38648445369174D-03  0.27904417097949D-03
  0.62524268213576D-01 -0.95520634972809D+00  0.31772649989271D+01 -0.31443004356595D-03 -0.17894151084231D-03  0.28603146169702D-03
  0.25101644203035D+01 -0.24334223422967D+00  0.31406094568169D+01 -0.18825466051766D-03  0.20621899839055D-03 -0.18090908833172D-04
  0.32309086501000D+01  0.21823129647944D+01  0.21430965023599D+01 -0.35092251931693D-03 -0.62980411232742D-03 -0.62688623530480D-04
  0.15596166759082D+01  0.39633263739778D+01  0.14678962999654D+01 -0.18464686430923D-03 -0.60009783037762D-04 -0.13489582298903D-03
 -0.68883532520173D+00 -0.30965221442474D+01  0.44018255104482D+01 -0.11750060453489D-03  0.12608738409057D-03 -0.28798623016959D-03
  0.13420549530665D+01 -0.46842337340441D+01  0.54785311347476D+01 -0.31854263308142D-03 -0.21382421417249D-03  0.18142328053523D-03
  0.38005601335092D+01 -0.39865721589655D+01  0.54152722460410D+01  0.29317452078204D-03  0.19870728119221D-03 -0.16027618413805D-03
  0.41906702342665D+01 -0.15074941835160D+01  0.49698401110928D+01  0.14867513762935D-05 -0.20438920626718D-03 -0.21371756166354D-03
  0.65604144624640D+01 -0.31601733506990D+00  0.55768595481679D+01  0.58252307688490D-03 -0.25311419011488D-04  0.29956448989888D-03
  0.69869310117078D+01  0.18508894929204D+01  0.44034878827549D+01 -0.35278270414390D-03 -0.15688671281555D-03 -0.56940337456023D-03
  0.55572655097198D+01  0.32220571169108D+01  0.27793622151370D+01 -0.26435972421879D-06  0.30493681369210D-03  0.48605882627385D-04
 -0.32389274721161D+01 -0.37991339563155D+01  0.48472924247671D+01  0.15412279996968D-03  0.69846955327409D-04  0.78660673887669D-04
 -0.36615379578695D+01 -0.62574837880349D+01  0.55777374124564D+01  0.32856732958514D-03  0.78302135228398D-03  0.83979201576508D-04
 -0.19317287245305D+01 -0.80530261597308D+01  0.58952284648303D+01 -0.12146268406755D-03  0.40533414274699D-04 -0.15856333914152D-03
  0.49662328663970D+00 -0.72450356467558D+01  0.57211325231998D+01 -0.49646233171943D-03 -0.12075986503281D-03  0.30172804376699D-03
 -0.50929244134546D+01 -0.19718944204011D+01  0.50936407495279D+01 -0.38405009458420D-03  0.42237212691897D-03 -0.66268812054294D-04
 -0.40300061744305D+01 -0.32474027648287D+01  0.60478723179981D-01 -0.15104563536483D-03 -0.47409527557434D-03 -0.31878131310430D-03
 -0.61638551589673D+01  0.54466016239852D+01 -0.30034290638484D+01 -0.38848627651544D-03  0.19318838994151D-03 -0.98848398270487D-04
 -0.23892596894313D+01 -0.10677151132229D+02  0.68821089317718D+01 -0.18939004280796D-03 -0.25380195361048D-03  0.22878899762195D-03
 -0.15820163438933D+01  0.65689654537341D+01 -0.84382657262650D+00 -0.34047445357194D-03  0.80151350473519D-03  0.89810311447650D-03
 -0.65286938777656D+01  0.30259234832428D+00 -0.24066895691056D+01  0.71483586662461D-03 -0.81275895379383D-03 -0.18442030288207D-03
  0.58686285737412D+01  0.51348581126549D+01  0.26370781953065D+01  0.24969907767759D-03 -0.44214278737331D-03 -0.34525103643017D-03
  0.79077260231190D+01 -0.10616005261109D+01  0.69418365168263D+01  0.99905652238751D-04  0.12391939833110D-02 -0.19274714556767D-03
  0.17781575219813D+01 -0.88298026963761D+01  0.58436124124191D+01 -0.39312189373588D-03 -0.56798987927453D-03  0.58230664148210D-03
 -0.56944647069498D+01 -0.66035736456145D+01  0.56710308844079D+01 -0.42845047946735D-03 -0.79942930108942D-03 -0.32026959904512D-03
 -0.79181520141039D+01  0.45798600230223D+01 -0.40729381423970D+01  0.29661570891851D-03  0.64835060763099D-04 -0.18497418860266D-03
 -0.56611532772669D+01  0.79768886517788D+01 -0.32721312118116D+01 -0.11478757108163D-03 -0.29430400083998D-03 -0.26672963120408D-03
 -0.69572456548217D+01  0.93498326422964D+01 -0.49766028797294D+01  0.28924506649203D-04  0.17790493793620D-03 -0.28232545883294D-04
  0.92556422103515D+01  0.29697037927077D+01  0.51969536838518D+01 -0.34409952966694D-03  0.12287759931882D-03  0.24867982675565D-03
  0.10966793333419D+02  0.16517679589717D+01  0.59821913189469D+01  0.97816019680089D-04  0.37146479941613D-03  0.32039783707411D-03
  0.95095317565420D+01  0.55115597056732D+01  0.49501768573286D+01 -0.40298296093628D-03 -0.35180677063828D-03 -0.36653542361977D-05
  0.12004357286221D+02  0.63543871120930D+01  0.58795172261016D+01  0.41331711041818D-03  0.43942594903166D-03 -0.21698633514743D-03
 -0.94909645367711D+00 -0.12322188564410D+02  0.63211916917394D+01 -0.95233533191895D-04 -0.27802928552937D-05 -0.35853264528373D-04
 -0.44428468142990D+01 -0.11089742816515D+02  0.84551124752412D+01 -0.17339945776646D-03 -0.31258255755449D-03 -0.43755631181564D-04
 -0.41308121941451D+01 -0.13472595092324D+02  0.95455157568280D+01 -0.25211107280563D-03 -0.19519353006087D-03  0.18297721421292D-03
 -0.76520388699067D+01 -0.27878028283110D+01  0.52111368972011D+01  0.32604456478007D-03 -0.16236112500753D-03  0.30374853746444D-04
 -0.24739721827848D+01 -0.49153670580615D+01 -0.10498517614601D+01 -0.45605895733233D-04 -0.54332600558766D-03 -0.30582428467588D-03
 -0.32555463229841D+01 -0.14733272624323D+02  0.81285681778134D+01 -0.70485083146483D-03 -0.64523045042836D-03 -0.47873112035626D-03
 -0.59016713079038D+01 -0.14135955976314D+02  0.10136853596816D+02  0.11096717801611D-02  0.34653187494318D-04 -0.50570578062157D-03
 -0.29847171743406D+01 -0.13307920803977D+02  0.11115256936278D+02  0.15549353725893D-03  0.18870911522592D-04 -0.18283740457580D-03
  0.12344000388700D+02  0.53810653875694D+01  0.76624213538703D+01 -0.20725695235139D-03  0.45276616189218D-03  0.38666156472897D-03
  0.11636322646295D+02  0.84478770249068D+01  0.59993871990031D+01 -0.37021294246694D-03  0.22681320824355D-03 -0.29046149527427D-03
  0.13505172018438D+02  0.56703993330862D+01  0.44436186244357D+01  0.60623587960436D-03 -0.89788033852396D-04 -0.66249411724011D-04
 -0.35440688493244D+00 -0.45005320325724D+01 -0.50543385572761D+00  0.61399359736154D-03  0.62138409579636D-03  0.28922099330982D-03
 -0.25717411958963D+01 -0.43016884943914D+01 -0.29032479244580D+01  0.84587975941525D-04  0.44068210194997D-03  0.32766616762062D-04
 -0.26233263186541D+01 -0.69556025590655D+01 -0.57448573064645D+00  0.57598370897435D-03  0.74236042760951D-03  0.46255520786987D-05
 -0.82854562134990D+01 -0.36256311674026D+01  0.69388028017115D+01  0.47389214946076D-03  0.40081365414239D-03  0.83618901429977D-03
 -0.79633307988154D+01 -0.39883162299595D+01  0.35565849092820D+01  0.34070740561769D-04  0.74394684247054D-03  0.92764045321369D-03
 -0.83845999101548D+01 -0.75282447612661D+00  0.48233970692119D+01  0.11173899330757D-03 -0.28718712601501D-03  0.51758019129502D-03
 -0.88150296461277D+01  0.92589132238615D+01 -0.42986349420829D+01 -0.11628421401253D-03  0.81709264585143D-04  0.46080209376753D-03
 -0.70757547195183D+01  0.86445626624753D+01 -0.68737956093516D+01  0.29303110417594D-03 -0.33431650287793D-03  0.42580195738744D-03
 -0.62136693760654D+01  0.11232910856868D+02 -0.46048484829505D+01  0.50558105000471D-03  0.56691370668054D-03 -0.24380333590375D-03
 -0.44144993823495D+01  0.69383353666908D+01  0.57007377520110D+01 -0.12061120069262D-03  0.30880653304064D-03 -0.33294591775987D-05
 -0.49811443895231D+01  0.44764075966986D+01  0.67672718231276D+01  0.32713572762591D-03 -0.38704070586974D-03 -0.28677723305630D-03
 -0.30849942872455D+01  0.34002111272726D+01  0.83935139859775D+01 -0.43301695452806D-03 -0.10893991534606D-03  0.12954208497122D-03
 -0.45031766586908D+00  0.40679963812372D+01  0.79087861850837D+01  0.15116264217387D-03  0.53575863424257D-03 -0.22265984162608D-04
 -0.43381172021335D-02  0.63498644667595D+01  0.65495076008654D+01  0.12622299838893D-04 -0.51964175017770D-03 -0.18985196942597D-03
 -0.19362403248565D+01  0.80001265096961D+01  0.57748158007585D+01  0.13022247653151D-03  0.17593161361181D-03 -0.17959035081604D-04
 -0.34291656226562D+01  0.12078837805832D+01  0.97851103094818D+01 -0.68497371627913D-04  0.45271270311860D-03  0.29452408939225D-03
 -0.14021101615994D+01 -0.36855107051609D+00  0.10682567090008D+02  0.10248759200563D-03 -0.12708452971732D-03 -0.73568550259663D-05
  0.11540632430721D+01  0.35834075598874D+00  0.10206734121915D+02  0.34628516961364D-04 -0.47212478516176D-04  0.46839283284890D-03
  0.13562844917081D+01  0.25128781695985D+01  0.88448652055404D+01 -0.16256638984843D-03  0.40857136226746D-03 -0.34221260476070D-04
 -0.58092441686904D+01  0.45314521828824D+00  0.10823216049398D+02 -0.23340848924314D-03 -0.34982069384990D-04  0.75810153685651D-04
 -0.61006402027403D+01 -0.22265717891845D+01  0.11112875096580D+02  0.51955704488541D-03 -0.31280398149298D-03  0.34379352549703D-03
 -0.43292145773794D+01 -0.38636322923250D+01  0.11856999446870D+02  0.32704015259761D-03  0.60348143293616D-03  0.84113595818072D-04
 -0.19711894877557D+01 -0.27384744699460D+01  0.11893202988905D+02  0.23164067690074D-03 -0.34491670297651D-03 -0.26070165762065D-03
  0.57006522002749D-01 -0.41434108336492D+01  0.12624724961331D+02 -0.49250472630678D-05  0.87757201725456D-05  0.16603847693622D-04
  0.24286296228719D+01 -0.35008156366100D+01  0.12132713636632D+02 -0.50959137280882D-03 -0.55523396370750D-03  0.53347233455748D-03
  0.30853832165427D+01 -0.12858372961314D+01  0.10752542700151D+02 -0.27471486475180D-03 -0.35970577564542D-04 -0.16074231118440D-04
 -0.75486645251538D+01  0.23682719690641D+01  0.11437477558319D+02  0.16393198972371D-03 -0.88483097762661D-04  0.78122130855147D-03
 -0.99734956650559D+01  0.13988383519978D+01  0.11973093914547D+02 -0.43311615108568D-03  0.38291938857606D-03  0.11115302416560D-03
 -0.10522298997946D+02 -0.11738944827072D+01  0.11746397191369D+02  0.88539852928230D-04 -0.12967822821666D-03 -0.10119955732401D-03
 -0.87159088521084D+01 -0.30322641596348D+01  0.11415520721578D+02  0.18213712942817D-03 -0.31913016810644D-03  0.47272206424709D-03
 -0.67144100370256D+01  0.48116111423411D+01  0.11491449181395D+02  0.60421529728593D-03  0.44627389132994D-03 -0.65156797096496D-04
 -0.74700031163005D+01  0.36672047109916D+01  0.65472368839910D+01 -0.46099225294719D-03  0.52281388878556D-04  0.16227777705813D-04
 -0.13463635284862D+01  0.10563308823870D+02  0.46577410744041D+01  0.37908730243978D-03  0.16655466008016D-04 -0.14824298754489D-04
 -0.13197223897660D+02 -0.16084675404721D+01  0.11430089762993D+02  0.47856055491171D-03 -0.36201375137386D-03  0.21528534933035D-03
  0.18015498892990D+01  0.73091737723252D+01  0.62694398395636D+01 -0.77283452537926D-03  0.51089240506307D-03 -0.20807851550743D-03
 -0.56561535713683D+01  0.77975960227118D+01  0.43625072755236D+01  0.39269772415474D-03 -0.39358832445681D-03  0.47678339162832D-03
  0.51124534602054D+01 -0.78463101726560D+00  0.10421997530655D+02 -0.54530513199030D-03  0.44402970684596D-03  0.32779988526218D-03
 -0.27502521054172D-02 -0.58949701414681D+01  0.13533777171650D+02 -0.58847378240589D-03 -0.30925211676616D-03 -0.90700091438492D-03
 -0.91425184510315D+01 -0.49679374136188D+01  0.11208028404909D+02 -0.28495932335168D-03 -0.49600663348126D-03  0.39597324107241D-03
 -0.11526480020279D+02  0.24615875985669D+01  0.12643252840082D+02 -0.56237346791764D-04 -0.53934607364018D-03 -0.23222681750520D-03
  0.83545691474665D+00  0.11196721503898D+02  0.49576987701327D+01  0.41644346353830D-04  0.50536736233770D-04 -0.38510160030453D-03
 -0.33062198924090D+01  0.11918791934978D+02  0.33427312135073D+01 -0.57346088420473D-04 -0.12585590566011D-03 -0.67907759789941D-04
 -0.25471667834595D+01  0.14408766523277D+02  0.25951392044302D+01  0.43255007829742D-03  0.28778112052254D-04  0.31756322659016D-03
  0.44655305125163D+01 -0.49627376757977D+01  0.13280039565122D+02  0.17352761403236D-03 -0.13320147190147D-03 -0.21777027798223D-03
  0.39536923087227D+01 -0.70271833872458D+01  0.14265161387246D+02  0.94716653799540D-04 -0.20084805449315D-04 -0.17989584838798D-03
  0.67119335388305D+01 -0.38007826992287D+01  0.13443898965960D+02  0.76490636128025D-04 -0.46897227092091D-04 -0.11199653269132D-03
  0.86208970303013D+01 -0.54787202831674D+01  0.14347176110344D+02 -0.22552772121119D-04  0.12385646649018D-03 -0.15917895156468D-04
 -0.14535534125853D+02  0.42049741020871D+00  0.11863914942827D+02 -0.55436561906931D-03 -0.48344835679981D-03 -0.13096185052862D-03
 -0.14358218106345D+02 -0.38020229665266D+01  0.11065353688478D+02  0.28893589289286D-04  0.12979972548663D-03  0.24245646761906D-03
 -0.17051940223076D+02 -0.35501503098861D+01  0.11087051941364D+02  0.81247833891363D-04  0.16745351462912D-03 -0.22935529300464D-03
 -0.83542225383573D+01  0.61656878831824D+01  0.13282545900265D+02  0.37328251937684D-03  0.10874127401112D-03  0.19594944702652D-03
 -0.93363858040853D+01  0.51947875603333D+01  0.53988690923521D+01  0.19144944606386D-03 -0.43441913676357D-04  0.69587319555619D-07
 -0.17415249281291D+02 -0.19835780648057D+01  0.12296276643411D+02  0.54633475686535D-03  0.10460018318801D-03 -0.13790751613133D-03
 -0.17852179163249D+02 -0.54445355918992D+01  0.11925936361695D+02 -0.15619300456524D-03 -0.35521389341661D-03 -0.11827194458324D-02
 -0.18233255322316D+02 -0.31420660621555D+01  0.93004558058242D+01  0.36507707337066D-03 -0.14829918079252D-03 -0.58570390019499D-03
  0.84174362974977D+01 -0.51157596010971D+01  0.16348598404734D+02  0.29460679036633D-03  0.82758343987159D-05  0.41444030619548D-03
  0.10613013345426D+02 -0.50207679610368D+01  0.13964157088319D+02 -0.48344693462011D-03 -0.10221910480547D-03 -0.13927423970761D-03
  0.81322661890921D+01 -0.72572433223249D+01  0.13957414531383D+02 -0.94306780356039D-03  0.87758188026806D-03  0.55893336230961D-03
 -0.93789334286129D+01  0.72716489957476D+01  0.55488124529189D+01 -0.41562946463445D-03  0.70191941553943D-03 -0.30566916100578D-03
 -0.10917293063273D+02  0.42104057901179D+01  0.62501560755124D+01  0.24482082384566D-03  0.39708314655673D-03 -0.64188984865398D-03
 -0.93510927743305D+01  0.47462112750161D+01  0.34002516229231D+01  0.79794810284684D-03 -0.74112972194488D-04  0.14105015947861D-03
 -0.76755337502593D+01  0.81459385093715D+01  0.13528334994490D+02  0.95972115731055D-04 -0.10388380640394D-02  0.58805388811356D-03
 -0.77367860123318D+01  0.51820937921970D+01  0.15007396044003D+02 -0.32454490166493D-04 -0.28753425701216D-03 -0.13089282602527D-03
 -0.10334303412677D+02  0.62591778375082D+01  0.13012840239143D+02  0.81469291982638D-03 -0.59997777655204D-03 -0.51402034387735D-03
 -0.78797432503967D+00  0.14290695812621D+02  0.15075708020807D+01 -0.54470042759121D-04  0.13720453968609D-02  0.44780878920387D-03
 -0.19491613370454D+01  0.15672312095136D+02  0.40520590303471D+01  0.54327933569281D-03 -0.66438027617336D-03 -0.23506986913686D-03
 -0.40228772370472D+01  0.15524693860719D+02  0.15325836109674D+01 -0.28928065246856D-03  0.30892868519594D-03 -0.59616929446197D-03
