$coord
       -4.17835165638455        1.35622238962770       -3.05320272720028      C
       -4.21493566831824       -0.21168664525554       -0.98206780045954      C
       -2.40963306316787        0.33928879402395        1.01552499339484      C
       -0.57722921641617        2.08259898102237        0.54434053644677      C
       -1.07353981139514        4.15110241152985       -1.24364241633062      C
       -2.78330739468916        3.61744589977553       -3.02729416210228      C
       -2.31834506126341       -1.00692077216241        3.34833864610504      C
        0.09572846696485       -1.06458471407291        4.44467787355287      C
        2.27370925442324        0.28625855763234        3.42224342811001      C
        1.77980557542201        2.30730042709972        1.94812241928067      N
       -4.41961112062663       -2.16989631965260        4.56420318268938      C
       -3.71081743281406       -3.97931897010841        6.24063187229700      C
       -1.37688548861989       -4.32174171938237        7.13247441162224      N
        0.52415011511458       -3.02858599961941        6.14204444631760      C
        3.08842387942774       -3.64406505654324        6.87690449081326      C
        5.16261050049115       -2.56953637777797        5.72468543419099      C
        4.72231784365084       -0.62850841657787        3.96604495837566      C
       -7.00848729554683       -1.36466113131096        3.97615525182277      C
       -8.92564143328067       -3.05760081201850        4.74745905521012      C
       -8.09227027025557       -4.89220217135934        6.54852333516315      C
       -5.60743717708944       -5.35696816216711        7.34343949036141      C
       -7.55829034414271        0.98815135875720        3.05406958010116      O
       -5.16702076400242       -2.59308037743651       -1.06775151701059      O
       -4.20812965148977        5.55326051241575       -4.58461891963727      C
      -10.09189632769144       -6.66196861815436        7.76501314465248      C
        0.12375996318422        5.75976798080792       -1.19654887540562      H
       -4.77148724129127        0.54067844554987       -4.78883939044425      H
        6.27227526400847        0.45797959376063        2.82527519052634      H
        3.39454405826799       -5.34754019879146        7.80965709243484      H
       -5.09457605719393       -6.28857822854280        9.06837180743748      H
      -10.82176739720435       -2.34499557755179        4.30861594526832      H
       -5.09433977787848        7.29305565215112       -3.32009638689021      O
       -4.22881490002904        5.33120201929428       -7.12345845437862      O
       -5.76284773220224        7.31952352161066       -8.10429694507651      C
        7.74500712385358       -3.34524642155473        6.46206114510933      C
        8.87993609836053       -4.16357092388166        4.69241362128745      O
        8.47102857817476       -3.39415633480896        8.95895906107060      O
       10.11946209532380       -5.19971981402253        9.54622870801803      C
       -9.26370704109267       -8.31763065437172        9.09995460430627      O
      -12.63175663236897       -6.24028070986996        7.10556155108069      O
      -13.92052696595609       -8.66241005358301        7.22105432940501      C
       -9.73814482743732        2.09315937696442        4.29900360299412      C
       -7.82459651852654       -2.46719572222121       -1.68165784874187      C
      -15.00592030531036       -9.01667547276534        5.49695459616073      H
      -15.29486715914833       -8.49186113302718        8.72769840354236      H
      -12.59657385872655      -10.04971958570342        7.80457392585096      H
       11.28524957977084       -4.78628683938790       11.30340712325156      H
       11.43948380011164       -5.62354751647488        7.87014450375736      H
        9.14988996100472       -6.97257334393083        9.76526858337625      H
       -8.89498974155493       -2.49685705052395       -0.05424666839251      H
       -8.03116899459750       -4.27568240150152       -2.51971737834017      H
       -8.47978604291362       -0.97378219393894       -2.76419234329851      H
      -11.50161887783185        1.46713876872239        3.48028179804744      H
       -9.84049123711410        4.01407082162311        3.95052830065413      H
       -9.67764625495553        1.24092552610172        6.18648932767110      H
       -4.73276966749999        7.95015560040716       -9.65674806298604      H
       -6.33014848850252        9.07265033706834       -7.05955137819670      H
       -7.64070886574310        6.70205060834675       -9.01062519086711      H
        0.14876693156054        6.87148885945474        4.76081101329375      C
       -1.30115772929206        5.54503127525142        6.49909711401494      C
       -0.04399229293262        4.27490819830237        8.55713505932266      C
        2.60649559789848        4.49930042274934        8.98365118205171      C
        3.99806993422709        5.74131103227931        7.10210552183898      C
        2.88039540714755        7.04460384673515        5.19251278546904      C
       -1.06860395319591        2.59765396162844       10.28709532924692      C
        0.42290452112100        0.76428397258367       11.56961588506074      C
        2.96961568901597        0.93950619844634       11.66926770161920      C
        4.17354656461564        2.98385873962006       10.64113522644744      N
       -3.86925239495078        2.21562129114134       10.65301984236855      C
       -4.60915791823242       -0.36315785255998       11.20003765316912      C
       -3.14022658663045       -2.34239276555437       11.85241328674371      N
       -0.68386430250343       -1.78330707455446       12.03957352953842      C
        0.75323636588594       -3.81545037986104       13.00032340972622      C
        3.16301246469599       -3.32697645670440       13.61979984390376      C
        4.29626885575261       -1.01316158254574       12.89921065061922      C
       -5.70899600546349        4.22580089738351       11.02941009608685      C
       -8.27980814270750        3.55968456663253       11.10034144248471      C
       -8.99946581464929        1.06340504217993       10.77407461350637      C
       -7.16704639316187       -0.94137892079070       11.12076957533908      C
       -4.69093451399995        6.58903088052853       11.44154783653726      O
       -3.88288856484359        5.57149370908262        6.47382853606666      O
        4.52021155822146        8.52174601739006        3.30824891878509      C
      -11.50991018861407        0.23656976099584       10.66381162427789      C
        6.08975071214659        5.33985272012086        6.95571640416527      H
       -0.47380548337814        7.55929160555380        2.74785142624004      H
        6.23077562881229       -0.33932337550784       13.55495869628329      H
       -0.56163950816828       -5.47242784678599       13.42368526170978      H
       -7.63950656066794       -2.70099821110766       11.06618021970775      H
       -9.66186395976639        5.12164666616061       10.83977059390836      H
        3.90922128504649        9.39637729004254        1.29879381062972      O
        6.90982068718182        8.82063318824689        4.24440468655293      O
        8.58601577732646       10.15517675863503        2.56268308173606      C
        4.56448208785330       -5.18569148760154       15.01983134895753      C
        6.81823638985407       -4.70268257417233       15.30412684232665      O
        3.45359267943821       -7.18847888226152       16.28184103124459      O
        5.26405420645389       -8.59286429971412       17.35590302174916      C
      -12.95404781007891        1.64141282618122        9.41877654225354      O
      -12.26434824773745       -1.70736108745204       12.11713211017763      O
      -14.79963413829816       -2.58903774125801       11.54908035454509      C
       -6.02338079315938        8.37964478804801       10.21539012924131      C
       -4.81436034530240        6.48101522092148        4.07717885847926      C
      -14.95753631388315       -2.63381013877466        9.52863281335132      H
      -16.27753586961246       -1.35453337836038       12.24968353923214      H
      -15.19362199638977       -4.49468305873536       12.18104545479879      H
        5.62788078682458       -8.24222453496522       19.47074280702144      H
        7.06855942530968       -8.43737528903631       16.53513425371259      H
        5.01967671798127      -10.52607401549565       16.68833528363542      H
       -3.78692595634016        8.31397335405316        3.45450860680652      H
       -6.74545272557922        7.22378778787778        4.21544686747580      H
       -4.92930062822601        5.04363240908362        2.63939828407019      H
       -7.34963298466180        7.51590076076643        8.74817955997899      H
       -4.72907435951853        9.83262448820579        9.57177502036021      H
       -7.22404330084340        9.62736687302130       11.51622820814473      H
       10.49778985108745        9.66158934708756        3.33562088757741      H
        8.24428744147222       12.06972454516225        2.63229723249055      H
        8.57575620122938        9.52080074097077        0.48872619913373      H
$end
