$coord
       -3.35193160688952        2.27971903449987       -0.89039892068768      C
       -3.98620444883126       -0.00153782267732        0.38161358696232      C
       -2.22850696848184       -0.94826933969969        2.25927527048075      C
        0.38915737919606       -0.04345715731902        2.12319510779274      C
        0.88124901337808        2.11055741266701        0.58671924702567      C
       -0.88640912489558        3.19152272513087       -1.08328339175913      C
       -2.87984350038304       -2.90954870953974        4.08416756614049      C
       -0.74319834521455       -4.12094463531988        5.28204433513510      C
        1.77853700268691       -3.06472859797201        4.74039750704249      C
        2.27109085068897       -0.87908954055981        3.63955761114795      N
       -5.41038190414871       -3.77980978011444        4.81880723213616      C
       -5.36159927847759       -6.23715173432785        6.01134677424833      C
       -3.34969077173027       -7.65599936684283        6.61101951823108      N
       -1.20397184727463       -6.48597780321231        6.52366030938313      C
        0.98393210911276       -7.86809997790048        7.17787051777961      C
        3.44255502863008       -6.88783083278268        6.76620448749160      C
        3.65936467395261       -4.47313883067578        5.99133514118537      C
       -7.54471961885922       -2.09739052929103        5.18968671582803      C
       -9.85942061487969       -3.39371884290855        5.70711043516048      C
       -9.90467600492174       -6.06047110903339        6.15631059554608      C
       -7.76201083340617       -7.19218894086624        6.62968032817656      C
       -7.22400562604236        0.43848032854922        4.66779876575669      O
       -6.11868132984023       -1.38977681636612       -0.24065009937839      O
       -0.12366232543597        5.67777282117361       -2.55124823674668      C
      -12.47347783800788       -7.28324823497444        6.49119688091892      C
        2.85590890146531        2.70733018919275        0.47241461205808      H
       -4.89256588986368        3.26426076593791       -1.95183817929780      H
        5.50056626594747       -3.51742376750202        6.08012321534342      H
        0.64770347712932       -9.64777311262663        7.87372633297977      H
       -7.88167305479492       -9.19408824976138        7.12304323600323      H
      -11.60153816190525       -2.24401789397879        6.04110754910111      H
       -1.79908589223008        6.82464579018569       -3.60702561427590      O
        2.39968931142987        6.02289022117590       -2.41934826127444      O
        2.95081039412242        8.49718336598947       -3.35636977622450      C
        5.89291259357837       -8.27460944768812        7.55048438097743      C
        7.75037223782685       -7.25483264386499        6.68627861969276      O
        5.75312156158085      -10.60475521230303        8.61098906194449      O
        8.20570495007136      -11.32729686411126        8.61535848752744      C
      -14.51203010286337       -6.19629848017165        6.50472648295704      O
      -12.06423421996838       -9.88548849189591        6.47561927823888      O
      -14.37981008500402      -10.92823168451132        6.46218789473758      C
       -9.46673863196476        1.88445278436859        3.91015308212207      C
       -6.32291591762633       -1.68953452709615       -2.96816596819139      C
      -14.26158019312278      -13.08945127450961        6.31755712406026      H
      -15.70898229837600      -10.49149877678884        5.00937047712454      H
      -15.35342369817528      -10.56650878284748        8.21777158648758      H
        8.60847005212340      -12.21369909715445        6.69921045335682      H
        8.58915574589596      -12.77150978447127       10.12976132632210      H
        9.57585000629579       -9.74576459148499        8.92123166962965      H
       -5.52835649990297       -0.04800255331995       -3.85248696854738      H
       -8.35203628787819       -2.26649811805909       -3.22381535358726      H
       -5.01933565354079       -3.25339626963796       -3.44548499107092      H
      -10.65993817435779        0.28093035227747        3.42033173452333      H
       -9.03077548743617        2.89552521990538        2.24425088483872      H
       -9.94379160591892        3.01793354523962        5.54833425276852      H
        2.10683300944489        8.63365280249050       -5.36694656925839      H
        4.76674795351850        9.03508655884762       -3.97579469747614      H
        2.14175816010803        9.85713440116304       -2.08803442311924      H
       -1.07881870388907        9.07539936746672        4.26050436248888      C
       -2.14351722198620        7.06870641961036        5.55491122560587      C
       -0.58486712627677        5.76610392356582        7.36840520247304      C
        1.99320795557328        6.57158106723342        7.61122712671988      C
        2.88630748920114        8.20859053744690        5.85313829770506      C
        1.51103717395088        9.56757974561300        4.39923592622583      C
       -1.38877470923265        3.69938587755874        8.87139108648528      C
        0.34672589896572        2.02878017506670        9.69307605154969      C
        2.98927827888412        2.81014345364517        9.81691795976317      C
        3.63376854942841        5.12172420123561        9.06919798781816      N
       -3.93657393371131        3.08776853960799        9.51313097644904      C
       -4.55820490478195        0.49785792943203       10.00261135324753      C
       -2.53426729496346       -1.15331500261054       10.84397128724388      N
       -0.28154411690339       -0.46369000329227       10.64727785264305      C
        1.54435597542602       -2.05771714367432       11.79268733472515      C
        4.08334945183716       -1.13614638631024       12.04406628713791      C
        4.63259618015699        1.13464851524414       10.96346778979620      C
       -5.83310653997430        4.90201385437997       10.10922904234789      C
       -8.29781453259400        4.04981502087065       10.50175804775288      C
       -8.78317643606102        1.62711288009123       11.20011805477560      C
       -7.01709233210720       -0.06224568863094       11.07823579420638      C
       -4.98702776327209        7.41161798476727        9.74750924822514      O
       -4.48046035754364        6.19223180608000        4.92190269425792      O
        2.50859056810328       11.97117070245653        3.09500136514525      C
      -11.17472199216053        1.04115932114990       12.24967431792538      C
        4.70793458639048        8.90295869813587        6.20798401691773      H
       -1.95324685608879       10.24444301990943        2.73309487870508      H
        6.64022754307701        1.71622918306890       10.97197429589494      H
        1.21206592754448       -3.93464360482016       12.25339202064345      H
       -7.25115174043020       -1.93899378748535       11.82362852272325      H
       -9.82516513734070        5.45802423417285       11.00306248140603      H
        1.08433373130500       13.03242757916088        1.64280774445509      O
        4.80909902158008       12.86353722797975        3.68273927355088      O
        5.11505675738290       15.30534054841019        2.78357102989938      C
        5.94712820376748       -2.80692253951486       13.10001672573096      C
        8.02906647421982       -2.20018343061988       12.57966694737620      O
        5.23634248698464       -5.05654199084443       14.29239484560782      O
        7.39835204733007       -6.67553095272621       14.63694292946948      C
      -12.80718346098377        2.63783296828018       12.79969172632641      O
      -11.63520991825772       -1.57161408220019       12.22133243549295      O
      -14.01214126771266       -2.16892236970466       12.40663966377782      C
       -3.67998876932733        8.63671029085187       11.82526704185853      C
       -5.72799361431201        7.85651447289192        3.14969820426877      C
      -15.05561943007162       -0.46627378809671       13.13194797887256      H
      -14.36028092999940       -3.34269724787439       13.97851793256142      H
      -14.89327195089080       -3.05087829499060       10.60016568102872      H
        9.01020984388954       -5.42594726284940       14.37773576705854      H
        7.46453074356982       -8.03236972808972       13.10395976137372      H
        7.40911367391213       -7.80742206334028       16.40090663094029      H
       -4.32438371200835        7.83876665283788        1.68983905157227      H
       -6.11764607038833        9.80826425924821        3.87403007007584      H
       -7.46839720019606        6.95926895631932        2.41358154624116      H
       -3.57818224023227       10.68422163195943       11.53417182486689      H
       -1.75352327393752        8.24958993780536       12.16580752076177      H
       -5.10055331302419        8.54412789489420       13.48655061086965      H
        4.50800053999578       16.62490111231627        4.15259366026638      H
        4.10065306507007       15.84562452671458        1.10256726755240      H
        7.12611321652881       15.73626786171537        2.37081188437010      H
$end
