$coord
       -3.73685826209113        1.79679002205869       -2.20363482954224      C
       -4.59718838093190        0.27626984849266       -0.40037596631459      C
       -3.15260415939826       -0.09311527987679        1.77334783487377      C
       -0.59311400449441        0.63833986807392        1.72687167361272      C
        0.19534354607515        2.41718857186666       -0.11492297609692      C
       -1.31028669612471        3.03186958497713       -2.05101546254067      C
       -3.84344446470798       -1.71276371744799        3.80897346306142      C
       -1.83887337406172       -2.89865128111184        5.09942766441581      C
        0.74290339686508       -1.76187365650111        5.00333097659217      C
        1.26443560709075        0.07060529961692        3.43413785220607      N
       -6.37997270308627       -2.68552991812540        4.40970805245968      C
       -6.31212231931142       -5.25050837544193        5.06455626585867      C
       -4.32853569077045       -6.26957007243540        6.37372607259253      N
       -2.11569990637083       -5.04391121752232        6.69081148233197      C
       -0.13813291804374       -6.04892581468278        7.85914722273381      C
        2.22555370989837       -4.93425043795241        7.82215395674420      C
        2.69935364125423       -2.64595039214868        6.56553505379390      C
       -8.68374253322806       -1.42922440017061        3.91945903678908      C
      -10.88439072173282       -2.87707207051023        3.83361389860430      C
      -10.80953093142462       -5.53176708924001        4.24836612677872      C
       -8.53788006781280       -6.72013582354172        4.97774889489936      C
       -8.70313628617616        1.20171556189204        3.89747050100918      O
       -6.70936790562838       -1.47012728991143       -0.56699274837215      O
       -0.03936175008344        4.34057259416160       -4.16493354901239      C
      -13.10598498827646       -7.00713924432039        4.14599374961955      C
        2.16656335611006        2.82279276436763       -0.45027136761751      H
       -4.77165539295142        1.59150571204740       -3.78185108584895      H
        4.44177970510332       -1.73139499078999        6.43905533122996      H
       -0.25254520703934       -8.21127377135968        8.29332254837869      H
       -8.32109983064820       -8.63897944559164        4.93699047333125      H
      -12.78352564294902       -2.10928726629251        3.55384858434560      H
        2.10486050608701        5.24440910382126       -4.13277479114573      O
       -1.64029262470668        4.90417524618464       -6.24491178194006      O
       -0.79025800460975        6.22018006149385       -8.48675624808233      C
        4.47565316659028       -6.35296060662069        8.86189977159011      C
        6.58149877428180       -5.32005706330308        9.02458121149639      O
        4.14594656809950       -8.79620915992018        9.33189294318541      O
        6.26685081212319      -10.22756364751826        9.87535649288699      C
      -13.42320344422738       -8.16621075892718        2.08370881602417      O
      -14.92007655393605       -6.77316585971703        5.92748647708151      O
      -17.02336258456089       -8.31524488082896        5.51273756594628      C
      -11.05598073805856        2.68386612275565        4.19491093349825      C
       -8.05004921150728       -1.58220105583843       -2.97674959032579      C
      -18.74913421609604       -7.13884910099088        4.66979152941763      H
      -17.92641479115238       -9.39827085197551        6.99558413715709      H
      -16.74162594734701       -9.49215300212075        3.76812557537589      H
        7.98503197770365       -9.33405226341127        9.01354758058408      H
        5.78724516640696      -12.08341943159861        8.89437102456050      H
        6.23634923593327      -10.71383621955313       11.93045394244390      H
       -6.52291090121040       -2.16999277187089       -4.36663842245204      H
       -8.73694887601836        0.28845332213955       -3.04057020153589      H
       -9.38212960117072       -2.96516192959773       -2.49706360744762      H
      -12.23308756899507        1.15874081690103        4.88249704180540      H
      -11.27413057304280        3.57165654828814        2.44326433040313      H
      -11.08873639542890        3.99426199931413        5.62256589584666      H
       -2.56750782489201        7.01706850594982       -9.48393340416628      H
        0.50402215314310        4.78602177372347       -9.61436198101918      H
        0.26313125028749        7.76068112008001       -8.03314638729582      H
       -0.48608947338272        8.70986763631027        5.35660432814502      C
       -1.17317883409173        6.42075264000666        6.61516800010215      C
        0.69467346297792        5.49540398369740        8.35089241157933      C
        3.18300939127514        6.48761796065030        8.85636517771818      C
        3.75894559237549        8.79880215379223        7.55860173967943      C
        1.78293267969794        9.93896824672101        6.13787774204629      C
       -0.00999390053859        3.20990833026361        9.73318641816931      C
        2.08456183441589        1.89488797309664       10.73532653967956      C
        4.51596493468704        2.99652575287056       10.85549638203410      C
        5.11805100925270        5.17283871093135        9.76584499146517      N
       -2.24643246346758        2.14947297275213       10.50268160037376      C
       -2.58134260140726       -0.40845786872649       10.94799257562478      C
       -0.53918850138873       -1.77348073009433       11.58601446736356      N
        1.56674527090628       -0.58970477206086       11.82979292586261      C
        3.80769250788260       -1.86538173950296       12.51521857405222      C
        6.04946894963659       -0.73443862659886       13.16947876124329      C
        6.48526196135570        1.63787758988487       12.28339510568263      C
       -4.49958956921241        3.54447165320671       11.15412300920602      C
       -6.73021522734684        2.38276529579448       11.59493488076659      C
       -6.98719185348668       -0.22022126513740       11.18665542571548      C
       -4.89850646060527       -1.64717740918431       10.98475142851440      C
       -4.01573759696398        6.05122831709089       11.57722570323417      O
       -3.38675050646035        5.09972821178455        6.63174380114478      O
        2.38403974743857       12.02799153347556        4.43928501660688      C
       -9.58558263771565       -1.19045609674877       11.32551426940811      C
        5.62656910706036        9.73901331411848        7.53919688231040      H
       -1.57897451828340        9.27033151668854        3.90039198228288      H
        8.09972350200686        2.96680050948957       12.33374443247854      H
        3.75670570234876       -3.75907302277172       12.83805016525002      H
       -4.81158491844193       -3.61582551980243       11.51843842279791      H
       -8.49261419901356        3.32867257169480       12.28477579126610      H
        0.46780812033843       13.33852171502298        3.80941686314956      O
        4.65851760241956       12.31673926379481        3.10301758077056      O
        4.52794604564309       14.03077076689980        1.34389371148680      C
        8.16635608811741       -1.91849999066000       14.32992317733262      C
        9.98870966538625       -0.69054109814712       15.13880551410474      O
        7.95042631032494       -4.33504604470139       14.58728525141604      O
        9.95476242086377       -5.47724595860546       15.73891586686621      C
      -11.47308352708371        0.07725613482270       11.07304875452131      O
       -9.42280220614103       -3.70358990497064       12.23013506477326      O
      -11.76518192437084       -4.83624954886303       12.23290506850289      C
       -6.23895336292866        7.54675127819244       11.95260273830960      C
       -5.11043896064651        6.25743644722403        4.86917847372544      C
      -11.40378739056970       -6.99675216163302       12.07557433619597      H
      -12.80963219853912       -4.25774373862247       10.58507626187729      H
      -12.51461343548492       -4.33446525193746       14.03038749800603      H
       11.60548219424337       -4.61987281820328       15.05580100060276      H
       10.02933240995912       -7.49818673830076       15.12497315465387      H
        9.86693040787167       -5.16724924627418       17.79188745618248      H
       -4.64391473917311        8.24591676767303        4.81871907719498      H
       -7.08327543459178        5.74431051491242        5.25323420851935      H
       -4.56984302721401        5.59577502339382        2.85983096341447      H
       -7.19565908184894        7.85078449418560       10.10912467337627      H
       -5.55279458917330        9.61247859991282       12.48285347582124      H
       -7.39846931259292        7.07584251964174       13.55807993080527      H
        2.99670585674629       13.36563124833604       -0.02132214963353      H
        6.40106408736091       14.28162102185194        0.71262556751710      H
        3.86728281671003       15.90506708395329        2.04824265807379      H
$end
