$coord
       -7.56292118951601       -0.39367132599411       -2.38587895162263      C
       -5.94739212358000       -1.95367687763765       -0.99140325711625      C
       -3.93375796295196       -0.75824034695171        0.36952576643155      C
       -3.15789386710333        1.79104966909224       -0.42107957840126      C
       -4.83850754800123        3.23842409036333       -1.87938321028970      C
       -6.92851077579028        2.18824250646048       -2.84114134198597      C
       -2.63007098693875       -1.79325506173966        2.48171668703398      C
       -0.34490544954310       -0.55035224333324        3.17489696679916      C
        0.39027893050540        1.83310528827446        2.15093399899136      C
       -1.19120537441451        3.11879020161888        0.68657669794350      N
       -3.88090636834411       -3.15958902835157        4.45741340473742      C
       -2.10383966851591       -4.68375844640535        5.78242345007144      C
        0.47338631295990       -4.18334407443498        5.89595688712269      N
        1.35198691815667       -1.78828437452741        4.90141525146544      C
        3.75070076569446       -0.76118510144281        5.14760022076167      C
        4.50383663095031        1.27963199946960        3.72671596449687      C
        2.92495634467825        2.46492984601862        1.98604991306815      C
       -6.50317980329183       -3.74272559573991        4.77406730791718      C
       -7.20668585133899       -5.86089124036824        6.12465777824965      C
       -5.23943819632875       -7.46343742118925        7.11202300821643      C
       -2.90843883642921       -6.70189321050985        7.27674742853651      C
       -8.18267073508200       -1.95841566314107        3.93672270927852      O
       -6.29234689814885       -4.40643183674472       -0.94776547968502      O
       -8.67238323477654        4.15163664032360       -4.32236280530137      C
       -5.80408052093423       -9.64283292942247        8.85596974610236      C
       -4.49189066228022        5.29983472760996       -2.06973369023763      H
       -8.96405524659740       -1.19271499797952       -3.46507447721842      H
        3.59102420354724        3.94841753327745        0.89961998384054      H
        5.36829461284405       -1.83099286043980        6.16222569080666      H
       -1.62507855050562       -8.06719120201678        8.25592501072315      H
       -9.13315500360783       -6.52066320081287        6.42507029293689      H
       -7.79497806109188        6.14657228716945       -5.01804318532182      O
      -11.28046657504112        3.51258931853343       -4.68986567214595      O
      -12.64230172300959        5.49487125744116       -5.67850672636462      C
        7.28784340421918        1.67058724518422        3.95591934875428      C
        8.37472310997576        3.34386490794698        2.82290676778492      O
        8.77003328056261       -0.31234133088602        5.15165496937613      O
       11.29196767921412        0.19474139614996        5.15297581711288      C
       -6.23232356479296       -9.32344960559347       11.03914417382180      O
       -5.55001187117151      -12.00545635709335        7.94028785463605      O
       -5.70176604395649      -13.79936751852348        9.86160813028226      C
      -10.73836242869801       -2.54906168190509        3.07484966759497      C
       -4.04936888545679       -5.76235652962807       -1.07589385053004      C
       -4.44762910697110      -13.29269368984792       11.49836528198796      H
       -5.20327900829723      -15.59581126017024        8.75060552795999      H
       -7.78406865201468      -14.07997629552530       10.14551887558148      H
       11.60838794067693        1.75130788829199        6.61847356495950      H
       11.85197655597363        0.75254856891806        3.20478118447853      H
       12.40811366065218       -1.64894630191592        5.51642436591730      H
       -2.53280749357432       -5.10374432625140       -2.12397447297483      H
       -4.50619242492352       -7.40622147655624       -2.29785299486432      H
       -3.19577753296747       -6.45033956199416        0.62216211212593      H
      -10.86443503790212       -4.50320983964973        2.03844885843933      H
      -11.49721046123790       -0.82410583223457        2.37312674589758      H
      -11.55659660927149       -2.89708021482200        4.78170711686554      H
      -11.79061017714764        7.12279245729309       -6.63611127363408      H
      -13.71919090214640        6.26732097991804       -4.06053968297851      H
      -13.90000111200139        4.54030375139805       -7.02458688403595      H
        3.36141848442623        7.74761276885911        8.53053286854432      C
        1.21563548171073        6.19301553165658        8.45824171121057      C
        1.11479533113617        4.08369477358884       10.03741215089368      C
        3.19592372659261        3.36151343762992       11.33593008704426      C
        5.38301915226518        4.74279761962778       11.22397889993220      C
        5.49180378826485        7.03204208198477        9.90659929628569      C
       -1.27790727187595        2.66228594095284       10.16352759165182      C
       -0.90207968604706        0.27602527289372       11.22823859160333      C
        1.54929576712768       -0.32306313795384       12.32445094296680      C
        3.39262280297518        1.34124581957757       12.91799700926041      N
       -3.83281915027121        3.36344084359137        9.85744133646262      C
       -5.69924076844027        1.46859130680796        9.61842777511422      C
       -5.33146283841358       -0.84395941734337       10.49188170093100      N
       -2.88626941027007       -1.60619644140107       11.14681761325482      C
       -2.52755830540176       -3.91190769711212       12.11587784891764      C
       -0.08136501592434       -4.54191198048850       13.04880385987159      C
        1.78160050789946       -2.85349898255719       12.91813423065947      C
       -4.68559413272601        5.93421165797256        9.60548272480787      C
       -7.20758368164900        6.49241602715372        8.93677977544240      C
       -8.64402033925260        4.59135957933697        7.93349152274393      C
       -8.08467319656525        2.24984447714784        8.63412602866936      C
       -3.19153017786512        7.90528290084338       10.54786208932630      O
       -0.58146814119365        6.48038315933493        6.66172994633611      O
        7.96773892127997        7.92635316117802        9.32130593919588      C
      -11.28753031849585        5.09368832701480        6.84500041069863      C
        7.03159824112061        4.28738927643392       12.66426000027872      H
        3.73780584525020        9.17370399861498        7.18348591871818      H
        3.62853291885742       -3.43817104429851       13.74034343135063      H
       -4.06271259841798       -5.40294358018208       12.19475501826365      H
       -9.35790564425941        0.48201987256374        8.15941932095180      H
       -7.58350824875401        8.45390119613733        8.54271038914813      H
        8.00010628013236       10.04921715101332        8.31656360404859      O
       10.09070817310126        6.42001404633328        9.47225438469841      O
       12.27735137610484        7.25353752292415        7.87097693914478      C
        0.03742426529096       -6.88241540698632       14.71000801177768      C
        1.65292145201096       -6.95549437070517       16.34888167982005      O
       -1.36341636256199       -9.02132066613503       14.34947964545965      O
       -0.39263414180569      -11.22805296916324       15.63302491032469      C
      -11.77306632012579        7.16277592272594        5.97143801248012      O
      -12.83051536187396        3.00969169710551        7.00066667146872      O
      -15.41236037211337        3.57335676334134        6.91686983022850      C
       -4.61883167671582        9.69123817156563       12.04291229663550      C
       -0.11583341338169        8.00000993802209        4.50616550985952      C
      -16.28829981882510        4.56726023582615        8.55925707230998      H
      -16.61630740625099        1.89811354972024        6.74887983450779      H
      -15.53548708669007        4.68026882339948        5.24780105550000      H
       -1.70802808049498      -12.45766317793298       16.27097127851803      H
        1.13793791842731      -10.64772443980100       17.16409318765935      H
        0.74827285377305      -12.27578031133914       14.27760595954820      H
       -1.75970496161106        7.80906855349587        3.42386781323528      H
        1.56162476432074        7.53323611485879        3.34378529915686      H
        0.06359025376405        9.72586276844284        5.64420809720155      H
       -3.73300652941769        9.85493985456859       13.97461406402146      H
       -6.67116147442986        9.61648972385812       12.45226778880918      H
       -4.11990888578268       11.63730460696091       11.35813262031404      H
       11.79803567567338        9.25109161376244        7.51624726925178      H
       12.03841044011686        6.25788434695926        5.99196243029084      H
       13.95912248491308        7.15831829932418        9.23635258729647      H
$end
