$coord
       -5.23115467225025        0.51540335778856       -2.95703343377135      C
       -4.52744941977544       -1.12994683835568       -0.86589481609757      C
       -2.27668857092835       -0.31761440106936        0.53156240151590      C
       -0.74708756051326        1.64892830349016       -0.65656934698351      C
       -1.60244363723162        3.03762493172905       -2.67544087351748      C
       -3.92834945853081        2.75656701674617       -3.69645740550952      C
       -1.58062218164416       -1.56995329803259        2.81090416512495      C
        0.93848799596066       -1.15584253114031        3.56607502403373      C
        2.60162730702736        0.59154013764810        2.14619451650479      C
        1.66827884666561        2.01762625695918        0.24391538859573      N
       -3.18147884713638       -2.90613108666550        4.42796172273088      C
       -1.94435482271939       -4.69306285154410        6.21029914328320      C
        0.63267305553643       -4.61588202999862        6.56888105118624      N
        1.82295750818252       -2.61414505099833        5.59727260337443      C
        4.33102227106610       -2.22032312753938        6.19537290960683      C
        5.93399922700435       -0.55548287736064        4.93161805933171      C
        5.12420952910231        0.64122907253658        2.71629201509109      C
       -5.93136645311953       -2.36677805078976        4.77028329869915      C
       -7.33255896768308       -4.33494286284154        6.01434740681545      C
       -6.15900611792641       -6.07033201566058        7.45784985014679      C
       -3.57632781365468       -6.36261395077056        7.56831400680354      C
       -7.06996995102710       -0.19275916693379        3.46234986299735      O
       -6.04240931044374       -3.23188887197795       -0.24177631926897      O
       -5.18359062672383        4.64227238113211       -5.42412340332984      C
       -7.91026582902916       -7.79312106782825        8.99275363800005      C
       -0.66171702525328        4.92264588110284       -2.88069591295429      H
       -6.88681083596754       -0.09594636905652       -3.85923808719063      H
        6.54265985825036        1.77726878803859        1.82706017425203      H
        5.35631153641390       -3.13067731973886        7.88681880938715      H
       -2.94047224157324       -7.72941997464928        8.92268609268039      H
       -9.24387833592759       -4.30704292482620        5.79374704789495      H
       -4.19050328947359        6.73980447989858       -5.76335388759864      O
       -7.41946393373352        4.29292609354709       -6.54689579965635      O
       -8.14376354894521        6.60094176947319       -7.72520032276039      C
        8.48351237541653       -0.03558307693560        5.86505743160627      C
        9.75094279667061        1.81981638326705        5.37083659296238      O
        9.55913049167194       -1.82534416175430        7.42927712367858      O
       11.70256136332550       -0.76662393533103        8.83963190731653      C
       -7.25689712140574       -9.91668557243903        9.74563472216968      O
      -10.41599080340240       -7.16466651215937        9.03455283252304      O
      -11.83812832910806       -9.03529116373839       10.00890544006457      C
       -9.63730605299700       -0.09903357113311        3.89019033608515      C
       -6.89478731115245       -4.48007923372075       -2.47142407352626      C
      -13.08661703535516      -10.21770383356949        8.62252522136308      H
      -13.04002669303830       -8.13927853375876       11.35813196687693      H
      -10.71486034871968      -10.40623573036882       10.99754555501415      H
       11.29672914452879        1.05525322655711        9.65680551282767      H
       13.19114354132617       -0.59091773377430        7.39974806390231      H
       12.20837369316080       -1.95164172681705       10.29080381607763      H
       -8.56929299517433       -3.64427968094184       -3.18260962777638      H
       -7.20652349540244       -6.32496822332444       -1.97964161190906      H
       -5.44150485129697       -4.75254715297534       -3.75670377013789      H
      -10.43483604642967        1.23503145867434        2.66821827842676      H
       -9.85270677362542       -0.13220482667375        5.84674409825353      H
      -10.51279181375863       -1.73611002309542        2.87391073017149      H
       -8.51086936515011        6.11342987526442       -9.73493173546445      H
       -6.51829116633475        7.88279038799855       -7.76810390382489      H
       -9.76832019741437        7.04465136677561       -6.71016901271414      H
        1.29607573434655        7.59376153209888        6.26589352083696      C
       -0.69322408118818        5.91051233640967        6.94445338611173      C
       -0.20871893412116        3.95729921324718        8.75702504401139      C
        2.26059584523013        3.83833357832546        9.62286293303791      C
        4.11160271375187        5.69379789635776        9.16455682540844      C
        3.61615924887557        7.49592215167094        7.33469097153004      C
       -2.06054416513585        2.33964520739764       10.07423255326489      C
       -1.20033963200231       -0.13209538376502       10.80569494154362      C
        1.41467639889812       -0.26150372434004       10.89567419079066      C
        2.96917746345889        1.80355293092093       10.83493880683892      N
       -4.68783309941845        2.71782857697059       10.47745968211367      C
       -6.19536037823889        0.51675420102331       10.82100269000384      C
       -5.55757589016511       -1.84015167415657       11.47265926774281      N
       -2.95800696873181       -2.07312730382271       11.43342640181661      C
       -1.82326215980148       -4.36719493673039       12.28374355899052      C
        0.76352122352027       -4.43801777853268       12.42365534364419      C
        2.36249116960527       -2.48879081300296       11.82886920499205      C
       -6.01108514714852        5.11609162615369       10.74956821605603      C
       -8.62782965045841        5.08287003582382       10.93483791985070      C
      -10.22693768809475        3.05313172636172       10.96652394960812      C
       -8.86131603711305        0.72573412053190       10.82974054249346      C
       -4.81164671948953        7.56957788511377       10.65407574611101      O
       -2.99285642842960        5.88326147150901        5.66499284396498      O
        5.61398162118876        9.00452572202414        5.89198560391657      C
      -12.99916895142470        2.81855230147010       10.93331113912316      C
        6.21920958390879        5.20986460284193        9.61471458519531      H
        0.62022610341906        9.09657473404246        4.91127455123096      H
        4.24282804976104       -2.54134468505460       12.48071081237535      H
       -2.81365717263277       -6.05403777400980       12.74605359118095      H
       -9.66006588545530       -0.84407239248184       11.48149029992704      H
       -9.47116998456205        6.92651856813372       11.04074009503652      H
        5.43672731103227       10.85086195110707        4.55115227649457      O
        8.16354174145893        8.15489242120408        6.21580577486817      O
        9.95759297963887        9.29744067936537        4.68819829163084      C
        2.10748515117342       -7.00740986961746       13.04819005676534      C
        3.83408274997661       -7.81502744054529       11.80531259267092      O
        1.35620069491786       -7.97723794421883       15.30192747691172      O
        2.40788360367426      -10.46365022404977       15.41874864512683      C
      -14.33474608499893        4.65064382137153       11.27894922105774      O
      -13.76808360404357        0.34837573352424       10.85784277437793      O
      -16.37134433850685        0.09544867049005       11.37968554701055      C
       -3.05164713905801        8.01662168771210       12.54394413888783      C
       -2.75101656232248        6.30136890497627        3.12103689800353      C
      -17.52030152454398        1.47961284692095       10.32391413648732      H
      -17.09523708647034        0.22435687899122       13.34949117693589      H
      -16.92744014725072       -1.84294965686583       10.84633195681384      H
        2.10427422267043      -11.53336510860962       17.30206366989330      H
        4.36537154911226      -10.43440176154197       15.09332418076676      H
        1.44469913520474      -11.65701267925943       14.11327910030622      H
       -2.73579885630575        4.58099584070276        1.83045996294226      H
       -1.24642701094231        7.53026070941010        2.54146505261484      H
       -4.64088596102759        7.05838393912543        2.72643171179617      H
       -1.30718791800720        7.94683312516360       11.49283659906473      H
       -2.68315617967036        6.24544634532047       13.91583630489090      H
       -3.36277248550727        9.72810150403740       13.59820085408820      H
       11.01731873870960        7.63194722891581        4.15397549995362      H
       10.94479487703734       10.95726312390483        5.58225758688132      H
        8.73898188272596        9.72813107513212        3.08236463400677      H
$end
