$coord
       -5.64460743954265        0.91516891948856       -2.66627921893872      C
       -5.44792119543886       -1.09317178218741       -0.86705882457311      C
       -3.65861196457482       -0.98010661350895        1.14539267591774      C
       -1.35432125357478        0.51831791924730        0.85665620362503      C
       -1.65061016846709        2.46301773053379       -0.87238435284402      C
       -3.72691357472545        2.73788104626036       -2.34897016698967      C
       -3.69244922659505       -2.92000236386462        3.03071874694246      C
       -1.39384635623573       -3.73669487602765        4.00099486038983      C
        0.81123919181179       -2.45527894685206        3.11829104071702      C
        0.86242618668941       -0.27647010519851        1.74202155788916      N
       -5.79757304090780       -4.16279804925280        4.04555756895633      C
       -5.51213488653464       -6.43458341261056        5.53052331303739      C
       -3.23182061256412       -7.02614917102721        6.44473115454650      N
       -1.08874360033105       -5.79115469290849        5.75896406995848      C
        1.27011521311519       -6.34906915108552        6.93835429860211      C
        3.35961952606569       -5.14541201536304        5.89805829252640      C
        3.13194058318892       -3.28699984062246        4.11464947043962      C
       -8.26975999877303       -3.07991925571254        3.87629366932174      C
      -10.48863188947299       -4.43582360027097        4.66199341756243      C
      -10.08114703530371       -6.75690656290216        5.80140458817575      C
       -7.69959186366809       -7.78877558904717        6.26077676698789      C
       -8.56983493498886       -0.57586121832078        3.22185791329688      O
       -7.16076506525095       -3.08881560295277       -0.85074219358118      O
       -3.61014801975553        4.83977380429688       -4.02673964517392      C
      -12.34709302005838       -8.22396595152039        6.53289336924861      C
       -0.13688773609246        3.94726092271009       -0.91719035151029      H
       -7.20288571715625        1.02751103483088       -3.95449194838899      H
        4.86451900942076       -1.93180642864641        4.00915667959935      H
        1.46173866859206       -7.66594565329602        8.48809463063644      H
       -7.56425672843752       -9.47893509441290        7.33974840418758      H
      -12.47317767712484       -4.35636185895771        3.75160600743168      H
       -3.36208006113303        4.60599607923879       -6.34421572736843      O
       -3.90179487783377        7.01485167705507       -2.65599560970896      O
       -2.86416173087275        9.47834957772672       -3.61560532607570      C
        5.76311895533911       -5.18759160039083        7.19870977369810      C
        7.27832055910849       -3.56662947277718        6.70884089463314      O
        5.97306683384214       -7.02490452312847        9.00035845225363      O
        8.36451316095963       -6.80981293003621       10.35716701516098      C
      -12.32573768241522      -10.55084946528419        7.03306500352312      O
      -14.41200149787727       -6.83998673725876        6.60520512854922      O
      -16.56826753953906       -8.39004516610124        7.35795471886197      C
      -10.78458707116031        0.75691043332559        4.26954544417878      C
       -7.51341205977305       -4.67384694952160       -2.97333152057156      C
      -16.31860659856242       -9.12239049356023        9.25176915279625      H
      -16.61496152719677      -10.16020001477933        6.21014452050080      H
      -18.26413494912142       -7.29937422361893        6.81028065250543      H
        8.63886449111249       -4.98010864903171       11.15872000632839      H
        9.86420598693462       -6.67929654285032        9.09497734751261      H
        8.67324186695018       -8.33573990083190       11.83272290743760      H
       -6.83283950105401       -6.59866885536489       -2.61422583338494      H
       -6.80509256114750       -3.51753207974118       -4.36662241106560      H
       -9.48640933777559       -5.06191624752605       -3.22944719968254      H
      -11.39127511199122       -0.33203114974955        5.77687137312755      H
      -12.14159931465399        0.43147782453428        2.74728903088250      H
       -9.79815051364725        2.52711650782584        4.86180954238191      H
       -3.52637365378161       11.13661939670790       -2.49321145152013      H
       -3.64495753188906        9.48589500436116       -5.64477478646079      H
       -0.85673418688383        9.70493103739409       -3.92204701054793      H
        1.18498305244194        9.01116677580536        5.21279737687750      C
        0.06241643193751        6.82329712602047        6.14926030709041      C
        1.22596940984746        5.47441494513092        8.25949232805528      C
        3.87494888486054        5.92769914061475        9.07635169187659      C
        4.84718176219495        8.21109616471074        7.96061671535093      C
        3.38865533137848        9.66470818902696        6.28397522862849      C
        0.12827347809416        3.34195588435184        9.47437922201072      C
        1.73026022881427        1.64018404340670       10.65843631086363      C
        4.32327493590337        2.23559562914368       11.05445324537554      C
        5.30915031407936        4.42666802175895       10.32941590633464      N
       -2.55198469548371        2.53949642712275        9.46851173912483      C
       -2.99115130219512       -0.07589466007135        9.86875511616427      C
       -1.20370466010808       -1.81255854429666       10.67450647933140      N
        1.13841556545576       -0.85897329084613       11.20927594093369      C
        2.77062901537254       -2.57978772114237       12.30477279166073      C
        5.11445973727005       -1.79671822019569       13.01794232233340      C
        5.94771211469391        0.65091838301603       12.48568736964954      C
       -4.52875330265487        4.31067422994562        9.17456095838417      C
       -7.18088109436605        3.61820777338469        9.24569970014930      C
       -7.58647862685746        1.09909679056899        9.38188575519443      C
       -5.64106271984547       -0.67928846206662        9.56996771897356      C
       -3.73456774897956        6.83187119917634        9.82464584384025      O
       -2.20534722477396        6.03301648917714        5.18312341537875      O
        4.44916503925974       12.19595438890830        5.34890264660896      C
      -10.19027146193780        0.50268376425179       10.09219060928601      C
        6.44182504678197        9.17926246261674        8.85603448019620      H
        0.16161974293213        9.91654603111789        3.83086306941947      H
        7.94251963210633        1.28568788044474       12.82742715105022      H
        2.38329249789982       -4.49870437501324       12.78541374776570      H
       -6.18310052457586       -2.78784116845484        9.23908241707616      H
       -8.45823060904299        5.15484804541505        9.94730047526157      H
        3.08519749933318       13.25709042216118        3.67529740201585      O
        6.76976943755430       13.10581587135582        6.07323139599607      O
        7.72736431821251       14.77683297486791        4.38456084431546      C
        6.57469386222942       -3.21556434769752       15.08728382579267      C
        8.20905527990389       -2.32741346850515       16.38465762656008      O
        5.49141965830173       -5.42041683733850       15.87100300144176      O
        6.65791550503017       -6.10586372358199       17.99097758609373      C
      -11.80175396255125        2.22475705736853       10.45812042512606      O
      -10.77796587708846       -1.84736227515850       10.28029144968197      O
      -13.24272152734553       -2.05546322985597       11.35723372715402      C
       -5.44603073934101        8.83247333220379       10.47979217369119      C
       -3.03330942829934        7.23300235086547        3.00930194998950      C
      -13.23100893820575       -3.60514451528955       12.76688599369775      H
      -14.82657518395663       -2.64395632909403       10.17293539428654      H
      -13.61933277085237       -0.33636969550173       12.47181102142528      H
        8.69689862180524       -5.70659159657404       17.89379044326775      H
        6.21545824475104       -8.04208164190530       18.36106748601375      H
        5.77435030206181       -4.95405803541839       19.56372273637863      H
       -4.39524648183414        8.62224678936316        3.36901572069333      H
       -3.71200453600235        5.52810989493524        1.96354440858516      H
       -1.31282447508218        7.90526892314169        1.90347358999788      H
       -6.86280819508074        8.97502304739555        9.02067838328690      H
       -4.53399677831774       10.62750802775130       10.29655777292077      H
       -6.30022500125071        8.49125559985395       12.54244125326835      H
        8.77244522318501       16.40206397668527        5.21251807856909      H
        6.10590217997914       15.70173358055331        3.79105912839459      H
        8.52705032321584       13.60778855691951        2.81610395826198      H
$end
