$coord
       -9.75678941696048       -4.33337553867571        1.41614037172084      C
       -7.14382732938203       -4.82421274471270        1.29072403298289      C
       -5.57849865623070       -2.84174332858488        2.08720679953239      C
       -6.51985599610857       -0.19762651373651        2.27119259490735      C
       -9.10636697292545        0.05685672288264        2.04458842385139      C
      -10.83542932800339       -2.00981506141337        1.96770590863086      C
       -2.95267128213765       -3.21485435368025        2.43247337571297      C
       -1.40782871585466       -1.09303862739531        2.15679942433604      C
       -2.46840360049306        1.45482819520571        2.11808654582907      C
       -4.90177403368816        1.82175156462252        2.22416742909208      N
       -1.36802460116159       -5.43317972510049        2.37719532455927      C
        1.13708716115613       -5.57470908557021        1.70666353520082      C
        2.54978181589317       -3.46909806376901        1.59423467271390      N
        1.32512903850307       -1.34596139199815        1.78316985695234      C
        2.72582261802189        1.00158443072951        1.53792731096198      C
        1.56761198283012        3.29764909746894        1.87604336943593      C
       -0.94672115354999        3.55000440373735        1.94595195660720      C
       -2.45315262291271       -7.67240297457922        3.67598925000232      C
       -1.36763264999369      -10.03587164364817        3.31586245778521      C
        0.87295878028153      -10.14379128169876        1.89061146058025      C
        2.21893501488016       -7.94557097609466        1.19628487736421      C
       -4.49676975803930       -7.48646222786013        5.40453625888776      O
       -6.34948787428591       -7.22706969578722        0.51629716270204      O
      -13.47251119004181       -1.62120015801355        2.07306662647443      C
        1.72635040644562      -12.70922917283467        1.32459792173394      C
       -9.90596030425488        1.95588080316150        2.09063093469226      H
      -10.59251887888282       -5.93011956419127        0.64983509618024      H
       -1.77252886132463        5.40084146774038        2.33147436787533      H
        4.80645931850884        0.78808283159240        1.29612445455974      H
        3.98664527495709       -8.21183082945726        0.00053597986911      H
       -2.37254818993411      -11.71022796946269        3.88364663469002      H
      -14.88824254982286       -3.51009247365453        2.31901906500630      O
      -14.55410189448567        0.63309358902259        1.64229098988613      O
      -17.10176499317731        0.03245244928587        1.66473183521575      C
        3.11141636444190        5.51851072461607        2.59850769164027      C
        5.32219983503721        5.79558608275474        2.02922032468496      O
        1.66406474678521        7.46000037632894        3.70610431324404      O
        3.34531905713699        9.51275477001489        4.78651173585259      C
        0.30536902213118      -14.42518742118327        0.84228577757626      O
        4.22189046370235      -13.39611133344950        1.32226308418290      O
        4.60717583301050      -15.87439509568366        0.63024584212631      C
       -5.37595114019267       -9.85922405989914        6.43720375391432      C
       -6.22514399834982       -7.45723940662394       -2.13087801415464      C
        3.21131817725922      -17.00668803516963        1.47546058969917      H
        6.45643331464765      -16.44262580328036        1.34195337298041      H
        4.34977514006359      -15.72936452941015       -1.46760846492845      H
        3.03958269203090        9.38901918427851        6.88179996352750      H
        2.54641202976574       11.52185866182131        4.22600155507037      H
        5.39384014402607        9.49044722125759        4.41685074757868      H
       -6.25204924595223       -9.51367931575736       -2.55889904354689      H
       -4.65100014332181       -6.54942104289883       -3.01853901594266      H
       -8.10605569586313       -6.57492007508437       -2.78153556684883      H
       -7.27962841702830       -9.75627046258509        7.48575122910188      H
       -4.11045462514196      -11.12486583885549        7.55817982068699      H
       -5.79613662202028      -10.89698067765132        4.73558868652565      H
      -18.13429061186975        1.55823165688977        0.69441246929068      H
      -17.66977599124661       -0.28656694784956        3.55414031955686      H
      -17.38653715781226       -1.90066563791259        0.44845915314616      H
        1.77923035380885       10.10057596218365       12.94020472765274      C
        0.10192087638190        8.42311519632054       11.77858948883942      C
        0.81385882166094        5.81658075401130       11.57629423955245      C
        3.34181826985085        4.68986967824706       12.08455448468697      C
        4.85125607105160        6.78111775437061       12.97343678199328      C
        4.06187319007095        9.23178326968319       13.45949562220759      C
       -1.00267824501086        4.19483687607556       10.60452612865715      C
       -0.14546538485310        1.81447176229360       10.01070215518334      C
        2.46168400086197        0.98747763044256       10.56150490142860      C
        4.23043068386553        2.50259847814054       11.58067850413819      N
       -3.72156219818434        4.36059423553154       10.25945252392470      C
       -4.83924260904803        2.93715767593360        8.33517427410155      C
       -3.93225408934740        0.74934938338924        7.69676770396300      N
       -1.55193177994832        0.02748805725149        8.51291729737006      C
       -0.59633959605314       -2.46492771987902        8.11361385397060      C
        1.89687882086251       -3.11739611622473        8.75886828713659      C
        3.25775660020076       -1.38829599683223       10.04387900504866      C
       -5.44140333588941        5.67847659689455       11.98187033581699      C
       -7.96779218215840        5.87225781436260       11.30752895967777      C
       -8.94278390176185        5.15430063538922        8.97792628198939      C
       -7.41221510432441        3.68038995319907        7.60096205178415      C
       -4.79014522576801        6.44353078817637       14.66804909784290      O
       -2.28484404459485        9.32457260829295       11.09803957497518      O
        5.84190995422267       11.24759166189031       14.05317506599480      C
      -11.31943347497814        5.77409618109289        8.08937395816284      C
        6.89133983163242        6.43699958146439       13.36220820533209      H
        1.41354505204116       11.96977842959370       13.24532270566634      H
        5.08664225522129       -1.70022515991220       10.79184418029602      H
       -1.57653319067604       -4.05693199608944        7.23026041128960      H
       -8.27270790755574        2.47142663410209        6.41153943075949      H
       -9.16766046996862        7.06565652725457       12.41171124831601      H
        5.06093849032040       13.11528208397483       14.98411946027624      O
        8.21911300455540       10.72114751858491       13.31024336358388      O
        9.65900131880585       13.11294712567751       13.46565520629983      C
        2.84151633787877       -5.51349720455336        8.00260575844723      C
        1.58384082338173       -6.97394399329011        6.72638739337752      O
        5.16869050678094       -5.96618366385541        8.96867425907210      O
        6.08247285909290       -8.28638767829876        8.67406788762442      C
      -12.89386138391491        7.07494929495454        9.24898793309643      O
      -11.86498208756322        4.99116032652463        5.64594624197178      O
      -13.66570885564624        6.29076612775310        4.47606989401006      C
       -7.02963736135865        5.90745890123747       16.33160807195102      C
       -3.00851536077261       11.68310282270748       12.27494913350919      C
      -12.71934664682746        8.17357078853702        4.11580016844389      H
      -15.42867171821849        6.16731375346802        5.80310195687736      H
      -14.02792120848681        5.39812020102134        2.73958411516029      H
        6.40388846037208       -9.31611370105071       10.45384966091244      H
        7.90019055040909       -7.97831767039567        7.43831404165440      H
        4.69291737336167       -9.34300860810463        7.33021152957760      H
       -1.98978791272503       13.23648806087096       11.09127998211528      H
       -3.12111377984318       11.82108791298336       14.41021538393297      H
       -4.75435674601690       11.81478080054347       11.36082004547342      H
       -6.01690315221664        6.28052785503953       18.13141164750100      H
       -7.84330998045573        4.08549955254391       16.31974306000024      H
       -8.35027713790208        7.50454175491781       16.65039398830852      H
        8.61191328609903       14.03338134484453       11.91409436938252      H
       11.66465896754491       13.11877669956681       13.06764665289026      H
        9.21310752777708       14.14087032566236       15.42059532363636      H
$end
