$coord
       -8.76486694657656       -1.14454380161385       -0.28657255794191      C
       -6.51529642989183       -2.18520120226770        0.36414863934836      C
       -5.18292969956227       -0.78312661880013        2.22871910059125      C
       -5.72532161151893        1.83659882727602        2.70179313661640      C
       -8.02165099101284        2.69680362940251        1.83112631426437      C
       -9.48342747740704        1.17018625707803        0.40447635650860      C
       -3.08251766903516       -1.94725545696293        3.29695569615097      C
       -1.08901998780686       -0.18818023293959        3.65479692290722      C
       -1.73740810820939        2.27914465384525        4.14251296950393      C
       -4.00911002336968        3.18505642680928        4.00881506324970      N
       -2.28809413646808       -4.64865755982564        3.48109460143067      C
        0.22419722293723       -5.33783279860292        3.48307780072133      C
        2.05931196766518       -3.47550751663682        3.29020051073844      N
        1.51909001731632       -1.05789158785331        3.65055417170698      C
        3.36810406438232        0.82507570581547        3.96768043400088      C
        2.72634626393575        3.36123149295255        4.24106635399569      C
        0.13915455769826        4.02986397546644        4.33996099412454      C
       -4.09645356258643       -6.53252533508172        4.11939123804391      C
       -3.18304375883155       -9.06517537214132        4.23605354186961      C
       -0.56430652308944       -9.83020353895959        3.74774901231813      C
        1.15316945569617       -7.91515530719938        3.37576533848530      C
       -6.54667250338134       -5.75074032401310        4.70248159542652      O
       -5.10769602978304       -4.40010598044146       -0.42111432010816      O
      -11.81473479959567        2.41339870629171       -0.44359847236228      C
        0.13461293255994      -12.33068423752228        2.63846697492657      C
       -8.67280018303892        4.66204305560256        2.23089192103736      H
       -9.83106462723610       -1.96177555741214       -1.83107035983423      H
       -0.18802097735584        6.14489433761110        4.07146275147912      H
        5.17181568715157        0.24671206556727        3.44069782349846      H
        3.02659624497780       -8.28498281817146        2.88606266827896      H
       -4.61673311158885      -10.47024521767189        4.18453827744661      H
      -12.98502053742953        1.49462689337617       -2.14658361159021      O
      -12.41734853831694        5.02178484141065        0.54517992037046      O
      -14.98458003484446        4.80901819456952        0.70099689205829      C
        4.53491367134260        5.55051920500033        4.60634991625422      C
        6.76943297915303        5.09612863709726        5.40248059987926      O
        3.87421292658833        7.92989262268574        4.08252125102350      O
        5.92160908650095        9.48717510064735        4.62274305264179      C
       -1.54721564531674      -13.72407498254871        1.77196809720976      O
        2.79173452967960      -12.95859396944947        2.53676186833455      O
        3.07775317741052      -15.11974762284720        0.96103966334223      C
       -7.90878924838513       -7.70684982156019        5.74658002980172      C
       -6.16342703535406       -5.78040053752291       -2.37697864818116      C
        1.61377369338767      -16.55061785580951        1.21931220781176      H
        4.83918293648895      -16.02853795750002        1.37869088346099      H
        3.34966870584625      -14.39001071380353       -0.97674399026813      H
        6.67969469990700        9.35395232055707        6.66593115808036      H
        5.72101891409243       11.57911172811671        4.17980816384033      H
        7.66173822285529        8.81015345921736        3.53948681365722      H
       -5.15083188635067       -7.48646970974927       -2.46060932731562      H
       -6.20642276185453       -4.70620353025287       -4.28657670161485      H
       -8.03464659777629       -6.07547032096953       -1.75174254994583      H
       -9.41925049962294       -6.90453845614335        6.84643442424183      H
       -6.75323014335760       -8.90517062100565        6.94866631377698      H
       -8.97018005588197       -8.56712684889639        4.24806424300028      H
      -15.28748894457199        3.49721862994402        2.27809193800852      H
      -15.82683687117418        3.95713826973395       -0.81701585954923      H
      -15.98111347154958        6.81830380921796        0.89555272117403      H
        0.04639119935592        9.53400440770971       10.08198087535500      C
       -1.07887365520612        7.05765085704137        9.39963780277226      C
        0.04515497926769        4.56844279923465       10.40444439835830      C
        2.74237921062543        4.56561815078839       10.66594377604577      C
        3.86628718740402        6.94962206741234       10.72263358544977      C
        2.65661117306530        9.23962404465400       10.71533428384555      C
       -1.21757178858959        2.45366146240192       10.98728560324740      C
        0.19851646545814        0.16213468130517       10.78761955829597      C
        2.84694564932241        0.22337930989085       10.34369182202811      C
        4.11864890720592        2.39828955282129       10.82778131120456      N
       -3.84257940668878        2.12787669247779       11.32081994455196      C
       -4.95766544941160       -0.30439208726044       10.67473467363556      C
       -3.62333226485859       -2.45115210067521       10.18093558982755      N
       -1.12922537536653       -2.16268125823054       10.31186982190611      C
        0.51800001997664       -4.32225202082938        9.89166226499210      C
        3.25548171999715       -4.19407750609333        9.34954560550178      C
        4.33116222164123       -1.84398965699344        9.54401792007674      C
       -5.43575050555595        4.03949364182047       12.14819254338056      C
       -8.17873029445380        3.99745817683727       12.08058380105777      C
       -9.13169123054791        1.92366021792924       10.55182703472100      C
       -7.50033921036523       -0.16500817064398       10.06903337386926      C
       -4.17693644995399        6.08935275267854       13.27721625683726      O
       -3.05639423530543        6.76230339119063        7.86626412017039      O
        3.92005220631794       11.70686958630449       11.42177163012231      C
      -11.61255923398834        1.68112317139527        9.60226885815823      C
        5.85588685174995        6.85959296981218       10.70308404488688      H
       -0.92706154996628       11.26691248993531       10.10090251736383      H
        6.31637530347662       -1.47373942079700        9.28032099198852      H
       -0.33935806366061       -6.14069410000766        9.43483250005733      H
       -8.16174304215768       -1.81114688043000        9.11848446581431      H
       -8.56236972693974        6.07116679057533       11.96375324131745      H
        3.71376139800735       12.31660506569227       13.65208223570784      O
        4.83277319662771       13.04304867758437        9.32603593790544      O
        6.62447279464082       15.05996115496383       10.03695494851639      C
        4.72468023785884       -6.60261600672357        8.83751320339324      C
        3.66237257203389       -8.58506427575275        8.41087249648903      O
        7.22661845244790       -6.19319092656565        8.97035554661861      O
        8.31224405104110       -8.44389604852369        8.80987618593667      C
      -12.89169905985746        3.57801195916976        9.48104088520396      O
      -12.53350429313889       -0.71840880075965        8.74351036278407      O
      -15.02909182935403       -0.75757234953462        7.82904677900906      C
       -5.74259315692397        7.54612660532349       14.80864069753271      C
       -4.61976601013319        8.86146141500190        7.01699671167510      C
      -15.18864296889298       -2.70743709493607        6.91152000989660      H
      -15.31309300427656        0.68972238076558        6.48732796538041      H
      -16.61282947866599       -0.86003236014720        9.20037856149002      H
        8.33897711348158       -9.60446909277291       10.59889323664132      H
       10.42803751407937       -8.71948441109274        8.34276823618750      H
        7.34180966909807       -9.42669922900693        7.19278360893339      H
       -5.91663800690174        7.68407042347360        5.65363673574018      H
       -3.33801507300090       10.15356847347674        5.97327353332421      H
       -5.80740755451084        9.92179102272949        8.21337818487544      H
       -6.72437903635442        8.91169685350708       13.66966723617272      H
       -4.29714646156627        8.30989747892308       16.16545717417215      H
       -7.02439383347596        6.52911870502890       16.09547438998283      H
        7.73186641431248       16.16564994903245        8.66766333557577      H
        7.74713690385133       14.45097757153268       11.51568058723375      H
        5.16303970980392       16.24452997468219       11.03332760038735      H
$end
