 -1.0
 -0.85023702722492D+01 -0.25122573984395D+01 -0.32003795385096D+01 -0.21330491864675D-04  0.30243017064401D-03  0.34342615002741D-03
 -0.63648354624797D+01 -0.31236247963939D+01 -0.17039985355263D+01 -0.15579072097462D-04  0.14123921209291D-03 -0.39846935471296D-03
 -0.50193368164137D+01 -0.99027908073259D+00 -0.56772770932636D+00 -0.39933951005122D-03 -0.18470819413172D-03  0.36198427480934D-03
 -0.51885620713064D+01  0.13807438275097D+01 -0.18955756741864D+01  0.37951069675638D-03  0.38362053551847D-03 -0.91266022688854D-04
 -0.72060501872105D+01  0.19246254145377D+01 -0.34798341034343D+01 -0.32861917766135D-03 -0.13464406558388D-04 -0.16860368858440D-03
 -0.90008327920216D+01  0.77658279602137D-01 -0.37308043437008D+01  0.34864288703386D-03  0.53959063708732D-03  0.17995854907132D-03
 -0.29561843154434D+01 -0.11832178339519D+01  0.12593852375846D+01  0.63775243501063D-03 -0.97358567470077D-04 -0.62161853468678D-04
 -0.88966070546091D+00  0.50471224018361D+00  0.98121918498114D+00  0.61178467817917D-05 -0.39079174857247D-04 -0.27164873454817D-03
 -0.14461191215685D+01  0.28060782710327D+01 -0.46123353645815D+00 -0.17902397658667D-03  0.10765613878809D-03  0.99570786642042D-04
 -0.34253734756204D+01  0.32035854181059D+01 -0.19780111249793D+01 -0.87752840136951D-04  0.43262264708623D-03 -0.15024019074356D-03
 -0.28330486027726D+01 -0.32115936337092D+01  0.31445286927261D+01 -0.51204610330295D-03 -0.17838348479366D-03 -0.36210671072499D-03
 -0.55693642565657D+00 -0.33220881718768D+01  0.48556936021321D+01  0.54896036651811D-03  0.32087061621209D-04 -0.19888246704920D-04
  0.12249014826337D+01 -0.14573076807178D+01  0.45166318753757D+01 -0.25728144587202D-03  0.47903803715956D-03  0.18843182719517D-03
  0.92962907994887D+00  0.41802911198290D+00  0.28042742386837D+01 -0.28470945857715D-03 -0.12199816692865D-03  0.63221441128643D-04
  0.29407649454805D+01  0.23862145221137D+01  0.28402664514549D+01  0.13505577289875D-03  0.42252040533169D-03  0.10608111869220D-03
  0.25609230577377D+01  0.45447060360562D+01  0.13675086543410D+01 -0.23644819925554D-03  0.31554006859313D-03  0.40537295903683D-04
  0.47397819996029D+00  0.48066641234545D+01 -0.14926538685682D+00  0.15902216556247D-03  0.22060921917522D-03  0.11053107278380D-03
 -0.48427947576683D+01 -0.49336032569501D+01  0.38392318582644D+01 -0.33992365488583D-03  0.10226186235852D-05  0.13141474682380D-03
 -0.42710934411740D+01 -0.67924758835108D+01  0.55646313295697D+01  0.29451004924517D-04 -0.60376771651438D-03  0.11843882771764D-03
 -0.19098287146896D+01 -0.70625308180146D+01  0.67283242523583D+01  0.29557015169350D-03  0.74001315225655D-03 -0.10894390186961D-03
  0.29843797767541D-01 -0.54151551777640D+01  0.63456706700207D+01  0.78362837957315D-03  0.25933047874493D-04  0.61258189030524D-05
 -0.70633312780252D+01 -0.45785320966676D+01  0.28377619816174D+01  0.27261452417864D-03 -0.51094745904429D-03  0.37059200367725D-03
 -0.58685541512961D+01 -0.58394351643417D+01 -0.16671353919042D+01  0.24482827649956D-03 -0.38802599410536D-03 -0.96483390498788D-04
 -0.11590851180543D+02  0.58045597117670D+00 -0.48157169631829D+01 -0.22525339310035D-03 -0.22538025460135D-03  0.49210079755832D-03
 -0.15984761080775D+01 -0.91603797472229D+01  0.85399435938328D+01 -0.22741982244261D-03 -0.78598861107489D-04  0.38800175365321D-03
 -0.73761851304212D+01  0.38232422253902D+01 -0.43256023208291D+01 -0.11237067987653D-03 -0.19877473465880D-03 -0.92193304965538D-04
 -0.97145931856290D+01 -0.39601992140507D+01 -0.40658888175594D+01 -0.95068794038982D-03 -0.68219301294040D-03 -0.59364743604623D-03
  0.15348127721922D+00  0.62428019436302D+01 -0.14173731195677D+01 -0.43116639455402D-03 -0.39226683104959D-03 -0.69406635239191D-03
  0.44133922063385D+01  0.21523629186535D+01  0.42192399527234D+01  0.43510697202980D-03  0.20279301502698D-03  0.85483351543694D-03
  0.16344466493150D+01 -0.59395714817390D+01  0.74385344491934D+01 -0.39261199437585D-03  0.55802574164203D-04 -0.44525912770251D-03
 -0.53192502449469D+01 -0.84655667713368D+01  0.57493764667049D+01  0.19318408063221D-03  0.68949699249933D-03  0.53908077879943D-03
 -0.13089368381146D+02 -0.10121800347060D+01 -0.57728699909919D+01 -0.24421024852410D-03  0.58286811574454D-03  0.54217093776030D-05
 -0.12147287731086D+02  0.31976079402576D+01 -0.50316240641056D+01 -0.43320662132549D-04 -0.32665221470948D-04 -0.27545882047263D-03
 -0.14845390086133D+02  0.35969185221450D+01 -0.51605835439708D+01  0.41797867313831D-04  0.44923991361962D-03 -0.79271888416964D-04
  0.42934832578295D+01  0.67084641513727D+01  0.17736858001369D+01 -0.25281307992777D-03 -0.48263207150414D-03 -0.11573335179731D-03
  0.63909103739899D+01  0.64840346157142D+01  0.27646013009991D+01  0.22737437186967D-03  0.31647869329973D-03  0.16280224109426D-04
  0.31383066249860D+01  0.89279066755611D+01  0.14914740809622D+01 -0.19471324131274D-03  0.15353281464920D-03 -0.66314376400628D-05
  0.48987615595463D+01  0.10946632956508D+02  0.20981902178781D+01  0.15033123801060D-03  0.26003732879299D-03 -0.67823910057495D-03
 -0.31123220266275D+01 -0.10604010378411D+02  0.92809768515367D+01  0.14018195795753D-03 -0.25048465032430D-03 -0.26349920415704D-03
  0.84573197813306D+00 -0.95803976275397D+01  0.93084402684938D+01  0.15367105313589D-03 -0.52545692416002D-04  0.49824251613955D-03
  0.10051059810261D+01 -0.11186219584921D+02  0.11375742714425D+02  0.13731335136176D-04  0.34133409121913D-03  0.73651219235827D-04
 -0.89100603923214D+01 -0.64131817210365D+01  0.32001808824484D+01  0.42524462502622D-03 -0.28235074131921D-05  0.12573765713318D-03
 -0.32396174714036D+01 -0.63428772021422D+01 -0.21438052185333D+01  0.16435845619854D-03 -0.61400775178550D-04 -0.15879393610402D-03
  0.28343086920449D+01 -0.12009955671083D+02  0.11964869181098D+02 -0.19034250944059D-03  0.97880335316385D-04  0.72036831810596D-03
 -0.34635030942910D-01 -0.12967613465368D+02  0.10998698527086D+02 -0.60173277456316D-03 -0.35431399783763D-03  0.39114438023515D-03
  0.22887147243478D+00 -0.10217217926087D+02  0.13042764914298D+02  0.75774988814889D-03 -0.10458094201487D-03 -0.96898293979016D-04
  0.36103362892220D+01  0.12445278027744D+02  0.28658656321704D+01 -0.31002143279299D-03  0.55253726897979D-03 -0.26203027228132D-03
  0.61276568363373D+01  0.11607286063678D+02  0.39432879254636D+00 -0.87406731843273D-03 -0.10561399052331D-03 -0.24552362147199D-03
  0.62851646868076D+01  0.10134460793616D+02  0.34825275183971D+01 -0.56270690403787D-03 -0.37845787955392D-03  0.39493601184346D-04
 -0.27768618180756D+01 -0.79455819352124D+01 -0.31792132107115D+01 -0.84962630441747D-03 -0.21265880465854D-03  0.31036934919625D-03
 -0.24776103367103D+01 -0.67407551305570D+01 -0.17824378172538D+00 -0.41864103895575D-03 -0.44516384629462D-04 -0.85386504969586D-03
 -0.28137113116782D+01 -0.45996297922142D+01 -0.31195363802207D+01  0.64442865215484D-03  0.66498669062749D-03  0.92977316829865D-03
 -0.10179926556969D+02 -0.62146357051439D+01  0.17153528549768D+01 -0.36776800339668D-03 -0.10439457797801D-03 -0.36247846422462D-03
 -0.98657870769144D+01 -0.63958093340933D+01  0.49427155172925D+01 -0.25631459104328D-03  0.20402923851520D-04  0.12963478518576D-03
 -0.80900060308914D+01 -0.82652616703310D+01  0.28449487155328D+01 -0.11358840442914D-02  0.64637645486920D-04 -0.36053198423220D-03
 -0.15425176548707D+02  0.20647290679487D+01 -0.64259457776154D+01 -0.12526424667818D-03 -0.21904021652882D-03  0.24457874881252D-03
 -0.15035445712420D+02  0.54070807880694D+01 -0.60626702043398D+01  0.57941162416007D-03 -0.10055299286409D-03 -0.28739378454526D-03
 -0.15576030851709D+02  0.33557127490241D+01 -0.32675839056426D+01  0.32181735925442D-03 -0.56615888529549D-03 -0.31204552269718D-03
  0.37506901148749D-01  0.78875045066566D+01  0.77870456134556D+01  0.21223750673203D-03 -0.75593353852800D-04 -0.35674919057362D-03
 -0.69505011974818D+00  0.53947793445587D+01  0.81453099022976D+01  0.50333118724017D-03 -0.53534902761080D-03 -0.83752041705296D-03
  0.36830729138912D+00  0.39263634746716D+01  0.10070035327316D+02 -0.21227267355811D-03 -0.52435599496494D-03 -0.53222729805973D-03
  0.28002436072601D+01  0.45539414437375D+01  0.11180629651384D+02 -0.54044018026049D-05 -0.54436896248852D-03  0.12087383319069D-03
  0.36552552181195D+01  0.70838222429225D+01  0.10675220073406D+02  0.25810887121171D-03  0.36596938145260D-03 -0.55447168189016D-03
  0.21091113165530D+01  0.84961700255247D+01  0.92984589260571D+01  0.23731618650871D-03  0.16949893888528D-03  0.54673973006623D-03
 -0.80586332860685D+00  0.15377894505762D+01  0.10853291060830D+02  0.30504743504194D-03 -0.10918530390882D-03 -0.33736781142928D-04
  0.91960248118329D+00 -0.65123936904644D-01  0.11906333089874D+02 -0.13157865012502D-03 -0.10584285168043D-03  0.11175616152546D-03
  0.33076959279729D+01  0.74859008839728D+00  0.12976343073978D+02 -0.55647079313785D-03  0.91104959782568D-04 -0.33217803384098D-04
  0.42176852938352D+01  0.31173152137563D+01  0.12617350095448D+02  0.11738574840869D-04  0.61590371272113D-04 -0.19309517831914D-03
 -0.34563412570332D+01  0.71883814557736D+00  0.10547059953852D+02  0.12340553681139D-03 -0.22770778628717D-03  0.46915676024695D-03
 -0.37993361833740D+01 -0.18881725216405D+01  0.10686334027414D+02 -0.35153260159369D-04  0.30247030672401D-03  0.51003156100288D-03
 -0.22174833435159D+01 -0.34004709101983D+01  0.11841527357110D+02 -0.23962756536089D-03  0.48577280423838D-04  0.35695390108489D-03
  0.50750649421214D-01 -0.24666203084390D+01  0.12525966990761D+02  0.46358523968804D-03 -0.52498893830735D-04  0.12706408510080D-03
  0.16281867000347D+01 -0.41529420823318D+01  0.13950163498851D+02  0.27371203921150D-03 -0.13821786784743D-03  0.18838521202650D-03
  0.40111600154356D+01 -0.33633229807923D+01  0.14886813983037D+02  0.44433926171297D-03 -0.65325884707933D-04  0.72669160221905D-03
  0.47350795462238D+01 -0.89024613414720D+00  0.14563879619611D+02 -0.23079297805256D-03 -0.49576657340807D-03 -0.61442162545777D-04
 -0.56059881514118D+01  0.23656253206293D+01  0.10613154646901D+02 -0.12221421658035D-03  0.92381356330402D-04 -0.56420084946762D-04
 -0.80127920087756D+01  0.15280879870029D+01  0.96623617162795D+01 -0.93376247588027D-04 -0.11050831137930D-04 -0.16398599178221D-03
 -0.83496449694481D+01 -0.11055668840168D+01  0.95561659612146D+01 -0.21388550474391D-03 -0.33974789822075D-03 -0.25693134261306D-03
 -0.63603641313359D+01 -0.27642765835280D+01  0.10390754071408D+02 -0.27215189639544D-03 -0.14334981292091D-03  0.43733811018389D-03
 -0.49627480816392D+01  0.47812763879052D+01  0.11496949630457D+02  0.15531873720883D-03 -0.81292358465443D-04  0.31137578328494D-04
 -0.27660988619115D+01  0.43645871678472D+01  0.70370773246796D+01 -0.58013927183838D-04 -0.15021761305819D-05 -0.29394128502594D-03
  0.27795668652897D+01  0.11125882730238D+02  0.95960855775509D+01 -0.48163826171494D-04  0.26950148908937D-03  0.25419156577169D-03
 -0.10980382580522D+02 -0.19584749549625D+01  0.99417908482175D+01  0.11324358934245D-03 -0.86880961293153D-04  0.38813472183482D-03
  0.55672654326426D+01  0.74968496320181D+01  0.11326814691877D+02 -0.55890196612936D-03  0.26014819110587D-03  0.73995437596821D-03
 -0.95010935273232D+00  0.93487156390718D+01  0.64606808797579D+01 -0.16771787518337D-04  0.47100218393569D-03  0.28112332899604D-04
  0.66115895351523D+01 -0.52667335346913D+00  0.15220343911100D+02  0.57119350283967D-03 -0.10889375956708D-02  0.47906466354511D-03
  0.11394937942991D+01 -0.59458692857144D+01  0.14684876571709D+02 -0.32034283078962D-03  0.25696494798702D-03 -0.13030375533943D-02
 -0.68289398969644D+01 -0.46921711419980D+01  0.10093025240278D+02  0.64443111209919D-04 -0.31274391918490D-03  0.10306511438347D-03
 -0.98454087001348D+01  0.24448163853539D+01  0.10108084005847D+02 -0.49485219408420D-03 -0.48657214287741D-03 -0.88262302624978D-03
  0.13408166979627D+01  0.12788925732853D+02  0.91234531172688D+01 -0.26374355768144D-03 -0.22225673466249D-03 -0.30059226370210D-04
  0.48552704203039D+01  0.11670719406569D+02  0.10979109751271D+02 -0.20129241630773D-03  0.55287726355286D-04 -0.35040005540204D-04
  0.49445855664909D+01  0.14202608489990D+02  0.11812649341988D+02 -0.16945320484407D-03 -0.32421704365806D-03 -0.31185487244050D-04
  0.58763349811614D+01 -0.53247902486663D+01  0.15608806924705D+02 -0.25930088672948D-03 -0.16374532966201D-03  0.11594560162747D-03
  0.54720520716721D+01 -0.75539358467473D+01  0.16119808284066D+02 -0.44310754107139D-03  0.14641001320875D-03  0.19526415390263D-04
  0.83959350084450D+01 -0.44384069385823D+01  0.15594478659734D+02  0.49073983493223D-03 -0.51038606226772D-03 -0.36194414439318D-03
  0.99127752682985D+01 -0.62824321534469D+01  0.16499184437914D+02  0.34412912049346D-03  0.54057492962357D-04  0.64948505295270D-04
 -0.11727820721988D+02 -0.40650824209760D+01  0.10167176544534D+02 -0.64695704807570D-04  0.38702391272024D-03  0.35692036327466D-03
 -0.12521744364866D+02  0.19993742138007D+00  0.10003889031965D+02 -0.22258625750953D-03  0.46432082337185D-03 -0.19197281696457D-03
 -0.15032226118340D+02 -0.25887489768680D+00  0.10099888501115D+02 -0.13751568294829D-03 -0.21367994765377D-03 -0.35041566950939D-03
 -0.62805354595636D+01  0.67405551813786D+01  0.10452834044377D+02  0.23328850872430D-03  0.67186065178176D-04  0.16689903043035D-03
 -0.31849344611414D+01  0.52396335962608D+01  0.46004737363003D+01 -0.76494271219120D-04  0.22017132297938D-03 -0.11980405687538D-04
 -0.15740429809168D+02 -0.14139454934147D+01  0.11542426860639D+02  0.71427198877424D-04 -0.54362516168130D-03 -0.94139831379957D-03
 -0.15867781488799D+02 -0.11002380756655D+01  0.82409978944415D+01 -0.85432894820919D-03  0.37976077458667D-03 -0.12983646703711D-03
 -0.15879248744055D+02  0.14205074951857D+01  0.10643627220145D+02 -0.89357997718870D-04 -0.20283203426474D-03 -0.53838999062947D-03
  0.11745531603067D+02 -0.59070315818193D+01  0.15675722458827D+02 -0.11194447540966D-03  0.19580740224163D-03 -0.15318469954082D-03
  0.90766958791331D+01 -0.80524912764423D+01  0.15616117572571D+02  0.61044887644800D-03 -0.78336381045458D-03  0.21186347684437D-03
  0.97928177938463D+01 -0.63954898914793D+01  0.18630898454156D+02  0.68390449759484D-03  0.40981011938343D-04  0.92820982060259D-03
 -0.46346161595468D+01  0.66317351762592D+01  0.47449240684558D+01  0.35405877254091D-03 -0.43800103374003D-03  0.10117978604544D-02
 -0.39439484368669D+01  0.36059597540050D+01  0.34270657617238D+01  0.28969025716713D-03 -0.24596653022208D-03 -0.83722232246680D-04
 -0.15427169602535D+01  0.64241126241408D+01  0.41000984429864D+01  0.69455910346048D-03  0.68641483022568D-03 -0.75960867324128D-03
 -0.81349164043808D+01  0.69441674984753D+01  0.11481259228881D+02 -0.67268821481416D-03  0.45712932816701D-03 -0.25581752772675D-03
 -0.63794212308955D+01  0.63327386640379D+01  0.84296852210279D+01  0.42652594201421D-03  0.27023873722338D-03 -0.25283459288303D-03
 -0.52737148860670D+01  0.84662985535427D+01  0.10549896766119D+02  0.32264170069369D-03 -0.64502224926537D-03 -0.12132671262992D-02
  0.64653581012275D+01  0.14169338122216D+02  0.13272498327436D+02 -0.51893404581676D-03 -0.52813261455892D-03  0.37237964312342D-03
  0.32864452178530D+01  0.14788975297834D+02  0.12792700464602D+02  0.21621664275839D-03  0.32904427640739D-03 -0.88497294503017D-04
  0.56927861588736D+01  0.15523752260248D+02  0.10233322783919D+02  0.52481278086991D-04  0.23600783685873D-03  0.27104981633209D-03
