 -1.0
 -0.32097867574168D+01 -0.12344998034644D-01 -0.23785967606599D+01 -0.26705426968706D-03 -0.99467181327975D-04  0.50305397447973D-03
 -0.35699320554718D+01  0.16249145243662D+01 -0.41387587100507D+00 -0.44099815199762D-03  0.16736330149806D-03  0.33593410706151D-03
 -0.16272464896660D+01  0.16781353108185D+01  0.14750229483258D+01  0.18584987518029D-05 -0.80548793680067D-04 -0.16354270690967D-03
  0.29268216369156D+00 -0.22204094099030D+00  0.16000795898492D+01 -0.29797672751109D-03 -0.37375165487264D-04  0.79232903074008D-04
  0.54534897597112D+00 -0.17685540773355D+01 -0.60519178017945D+00 -0.17776628763538D-03  0.52646673132286D-04 -0.80100158338027D-04
 -0.11651831320872D+01 -0.16097309407389D+01 -0.25731927387899D+01  0.25027296210638D-03 -0.14858696404261D-03  0.16522387921041D-03
 -0.14270724270473D+01  0.37310430787861D+01  0.33085417037684D+01 -0.11876283472003D-03  0.10568807696959D-03 -0.31916972876384D-03
  0.11432301418282D+00  0.31524695688665D+01  0.53812424043158D+01  0.31072296959858D-03 -0.71531014989654D-04  0.30338159252389D-03
  0.16096123123955D+01  0.85199255246979D+00  0.55115198749394D+01  0.34491599765739D-03 -0.20833456295149D-03 -0.20283312482307D-03
  0.18784960032924D+01 -0.66835111962903D+00  0.35458668390071D+01 -0.13188408231377D-03  0.19827009627709D-03 -0.24181455462876D-03
 -0.27605214388154D+01  0.60869414177364D+01  0.33162136019214D+01 -0.34965736027792D-04 -0.45586625328470D-04 -0.22946025373090D-03
 -0.31435537216759D+01  0.73139265416149D+01  0.58354691954114D+01  0.57306678782106D-04  0.24445151079921D-03  0.26527789172395D-03
 -0.19123046189689D+01  0.64699878509865D+01  0.78873772935471D+01  0.15440260198850D-03 -0.66937482188723D-05  0.64651674931567D-04
 -0.16647745946793D+00  0.46849462187165D+01  0.76285154476034D+01  0.17560134451127D-03  0.12302045244922D-03 -0.23490384806515D-04
  0.11519503771604D+01  0.39817652345993D+01  0.97968439225606D+01  0.26319861033197D-03  0.76719538486374D-04  0.33380252258172D-04
  0.26252960765975D+01  0.18770771281774D+01  0.98818020299461D+01 -0.27372894504492D-03 -0.70932038291126D-05  0.84413922691564D-04
  0.26843606945350D+01  0.16567555716086D+00  0.77988577629241D+01 -0.18857190297832D-03 -0.24961233726661D-03 -0.16762026466905D-03
 -0.32047128680959D+01  0.75238821712449D+01  0.10020824497110D+01 -0.70185245839562D-04 -0.64063144217246D-04 -0.39764163874914D-04
 -0.43171837777937D+01  0.99152874477485D+01  0.13491514343363D+01  0.88702555480260D-04  0.14770210129671D-03 -0.19472666011972D-03
 -0.48494202003320D+01  0.10940559355295D+02  0.36573602775923D+01  0.32699404813836D-03 -0.45520823368755D-03  0.21831953111640D-03
 -0.42717609069856D+01  0.97200547790063D+01  0.58792158584603D+01  0.14917605926741D-03 -0.10004234238040D-03 -0.19210605384628D-03
 -0.21985610454101D+01  0.67060491619791D+01 -0.12687616391074D+01 -0.57755817000577D-04  0.89840697674120D-04  0.12917047490889D-03
 -0.57408499653362D+01  0.30279527980265D+01 -0.21239305076349D+00 -0.13980426473619D-03 -0.27149623050998D-03  0.17384036990599D-03
 -0.60616352778770D+00 -0.30241815058363D+01 -0.49675163619003D+01 -0.29839513522912D-04 -0.10106194243846D-03 -0.26462143610684D-04
 -0.62530240721458D+01  0.13369919001690D+02  0.35414459127684D+01  0.54373329651985D-04 -0.25496949355330D-03 -0.36914010669219D-03
  0.20566593751040D+01 -0.31963634549839D+01 -0.62040157446831D+00  0.36148917871995D-03  0.43666964989551D-03 -0.72844128174199D-03
 -0.43228052845504D+01 -0.65447409809721D-01 -0.40059692143781D+01  0.91109216660162D-04  0.58472143909133D-03  0.30936699431422D-03
  0.38695279972657D+01 -0.15482105098068D+01  0.78695078813680D+01  0.10600146986896D-03  0.14770663516443D-03 -0.47177690138541D-03
  0.10872909755836D+01  0.51519669144687D+01  0.11483085872776D+02  0.18450159097732D-03 -0.65745430741445D-03  0.27363756217459D-03
 -0.42547318165116D+01  0.10664259875394D+02  0.78184582535576D+01  0.93443490443085D-04 -0.29631747398732D-03  0.79740244275866D-03
 -0.50694870103085D+01  0.10933652947147D+02 -0.29343637133760D+00  0.12654199756548D-03 -0.22506004813166D-04 -0.36396542968345D-03
 -0.18237181621445D+01 -0.26816412420302D+01 -0.68216836520832D+01  0.19455765813687D-03 -0.11923485207942D-03 -0.26335437129600D-03
  0.11348232417525D+01 -0.49566524587878D+01 -0.45577753500098D+01  0.16093510805008D-03  0.17246558364618D-03 -0.20778787872287D-03
  0.16404663000469D+01 -0.63544109139233D+01 -0.67155622567244D+01 -0.27711637151052D-04 -0.11614938857140D-04  0.35287491461349D-04
  0.36863802685677D+01  0.68933927857615D+00  0.12165521205717D+02 -0.30613759873621D-03 -0.49621904413309D-04  0.39340771420667D-04
  0.42031708681966D+01 -0.15187280292595D+01  0.12251266768738D+02  0.16969222838926D-03  0.36939007468321D-03 -0.10071419931872D-03
  0.45424671844496D+01  0.21604921047823D+01  0.14054615242711D+02 -0.17515685216072D-03  0.15461754713784D-04  0.17811895012727D-03
  0.53498424726759D+01  0.77780159625566D+00  0.16230397460676D+02 -0.43836973107947D-03 -0.12322280404911D-03 -0.37619653486613D-04
 -0.65963263129004D+01  0.14415376375560D+02  0.56122040107748D+01 -0.17780556080760D-03  0.20152000701663D-04  0.15587565361139D-03
 -0.71834929566725D+01  0.14067226879217D+02  0.14439448844500D+01  0.16840590318056D-03 -0.18879313774522D-03  0.10344885383211D-03
 -0.80735743423640D+01  0.16612900144738D+02  0.18582735090359D+01  0.13383228950840D-03 -0.17515335600836D-03  0.15843744858315D-03
 -0.16431619519209D+01  0.87457753295539D+01 -0.28668992799797D+01  0.93469966362511D-04 -0.59300820636789D-04 -0.20693346771115D-03
 -0.75400058838048D+01  0.28405156034005D+01 -0.20300007848507D+01  0.54407905974230D-03 -0.46993974860900D-04 -0.99988580640438D-06
 -0.69808300417715D+01  0.18010384563221D+02  0.72799927026592D+00 -0.31275093220068D-03  0.57764185989477D-03  0.22100355590325D-04
 -0.79075877169424D+01  0.17386935199342D+02  0.36968865580283D+01 -0.29469184303854D-03  0.16100037853932D-03  0.12921733691909D-03
 -0.99886648287259D+01  0.16523221196302D+02  0.10470613253679D+01 -0.33516223022665D-04  0.25519198641866D-03 -0.38539907393839D-04
  0.35851880803792D+01  0.32530656867318D+00  0.17351198808184D+02 -0.34086884712636D-03  0.49603759720223D-03  0.39286345653028D-04
  0.67604783518254D+01  0.16857231485724D+01  0.17689294464150D+02  0.13760141031179D-03  0.14371789731861D-03  0.33385085085425D-03
  0.60183802443987D+01 -0.11781198559450D+01  0.15639628724704D+02  0.89729992893591D-04 -0.79012907390323D-03  0.38710160820348D-06
 -0.93986742671107D+01  0.34512398465281D+01 -0.14436473711447D+01  0.11720827725702D-03 -0.41997831386467D-03  0.62933773710226D-03
 -0.78135651617227D+01  0.96662558324578D+00 -0.22710403239574D+01 -0.20915895310882D-04 -0.33750887462726D-04  0.20082034262381D-03
 -0.69077611281082D+01  0.37433777976519D+01 -0.39226559034315D+01 -0.11519563026191D-03  0.67519832214254D-03 -0.15780585538918D-03
 -0.34351325219370D+01  0.95386382162656D+01 -0.35090195676756D+01  0.32136632597402D-03  0.95545621460857D-03  0.95600402845822D-04
 -0.64668560138751D+00  0.82300667334040D+01 -0.46072817557531D+01  0.32508250935993D-03  0.12865082854226D-03  0.90016839317270D-06
 -0.52379020710542D+00  0.10378012907091D+02 -0.21862847413924D+01  0.19488906417759D-03 -0.12335266551547D-03  0.39060501590132D-03
  0.28804369153491D+01 -0.51197666379450D+01 -0.79072762886299D+01 -0.73540573903437D-03 -0.21545776345563D-03 -0.53620192794053D-04
 -0.78577817468652D-01 -0.64193819514410D+01 -0.77975222497268D+01 -0.36877036231186D-03 -0.11518884090213D-04 -0.32005987189123D-03
  0.24269406749528D+01 -0.81877703495986D+01 -0.62842486908365D+01 -0.82494829457821D-03  0.80259807310108D-03  0.12162298628513D-03
  0.65167236624117D+00 -0.79410696203698D+01  0.54905368365433D+01  0.41080498986291D-03 -0.40801251074544D-03 -0.64376732167040D-04
  0.16871993992088D-01 -0.62347177075756D+01  0.73998783483151D+01  0.19579491517689D-03 -0.24364235347357D-03 -0.29955789174614D-04
 -0.22394873492457D+01 -0.45193151954960D+01  0.74627219947149D+01  0.16142644255197D-03  0.15306308286782D-03 -0.11234925550934D-03
 -0.37229080353168D+01 -0.44743116116078D+01  0.51777293120283D+01 -0.12531618337512D-03 -0.80249912804260D-04  0.19347656198964D-03
 -0.32063834643950D+01 -0.62220712928886D+01  0.32021858018386D+01 -0.94749815217285D-04 -0.22114962406859D-03 -0.21562797528199D-04
 -0.93010951909897D+00 -0.76913551907583D+01  0.33374639709702D+01  0.10179212174999D-04 -0.15122007959645D-03  0.47456666574681D-04
 -0.28835399398202D+01 -0.29220430045602D+01  0.95718121181087D+01 -0.44949271850250D-03  0.10766208371643D-03  0.28587635465401D-03
 -0.46673173851097D+01 -0.10088164164068D+01  0.89365651520923D+01  0.24882486099670D-03 -0.56776627316269D-03  0.18256585084102D-03
 -0.59154001073593D+01 -0.10409828462188D+01  0.65721261665012D+01 -0.84574507966914D-04 -0.32289075233769D-03  0.63983163502949D-03
 -0.54522404218406D+01 -0.26212900029572D+01  0.47607576896242D+01 -0.20838722677584D-03  0.35704676868261D-03  0.10848228295991D-03
 -0.20163284829359D+01 -0.30485468419032D+01  0.12104059700974D+02  0.59232211815772D-04 -0.16336337959059D-03 -0.32250685746199D-03
 -0.21984210050705D+01 -0.70186001401636D+00  0.13440762836412D+02 -0.12394337952522D-03  0.33898995660137D-03  0.13754175610882D-03
 -0.37395999061534D+01  0.12682381496798D+01  0.12782319062410D+02  0.12812930706255D-03 -0.14633424907308D-03 -0.20718114158000D-03
 -0.51792577969572D+01  0.10650180416335D+01  0.10667099429913D+02 -0.53860146645672D-05 -0.37104633963021D-03 -0.29159366452392D-03
 -0.69335450979825D+01  0.29601774317684D+01  0.99511609537680D+01  0.38056137054921D-04  0.16737115814905D-03  0.39636995815375D-03
 -0.80257860074812D+01  0.29256279181454D+01  0.75221680553295D+01 -0.61596526398910D-04 -0.77599598217932D-05  0.57460971392241D-04
 -0.75393648585111D+01  0.97950696059981D+00  0.59484955705667D+01 -0.41287297394083D-03  0.19247686403363D-05 -0.31718823731414D-03
 -0.15162620725026D+01 -0.52370635464459D+01  0.13500663837570D+02  0.14009281212902D-03 -0.26074232464762D-03  0.24480484625752D-04
 -0.41803080699876D+00 -0.49100520669926D+01  0.15948496966798D+02  0.34979439327733D-04  0.35237060030233D-03  0.13260773071612D-03
 -0.33817761544081D+00 -0.26398644014403D+01  0.17157220958445D+02  0.22639007251910D-03  0.46201317955483D-04 -0.15284040724816D-05
 -0.93184359699539D+00 -0.50053011544402D+00  0.15734906632728D+02  0.33880630288655D-04 -0.19495923333865D-03 -0.31529336296473D-04
 -0.18939232837852D+01 -0.76133744866100D+01  0.12320358067824D+02  0.17244224142192D-03  0.23583432031621D-03  0.22108894975174D-03
  0.16294620630869D+01 -0.60888397013655D+01  0.94101599365320D+01  0.20960950430591D-03 -0.26307449059307D-03 -0.68641112111071D-04
 -0.24480806494419D+00 -0.93559288799034D+01  0.11939363819257D+01 -0.64023980173787D-04  0.15422188138986D-03 -0.26914375105800D-03
  0.38020163170846D-01 -0.24940308605366D+01  0.19886361432789D+02  0.16463196119515D-03 -0.15393152518854D-03  0.28281655792790D-04
 -0.45459641958787D+01 -0.63588624073064D+01  0.16866826734945D+01  0.17763994043803D-03  0.93302150404095D-03  0.14085875891102D-03
  0.21016927154910D+01 -0.92702543381348D+01  0.54764058542268D+01  0.64798393137925D-03  0.32788648890024D-03  0.48256577078296D-03
 -0.84015352022566D+01  0.11513970405575D+01  0.42746131218690D+01 -0.14035406000772D-03 -0.20419879857345D-04  0.88126633488731D-03
 -0.73387555737218D+01  0.47119533646948D+01  0.10993649607839D+02 -0.58567572956767D-04 -0.23660162859890D-03 -0.35519656923064D-03
 -0.12899726303530D+01  0.12787438160387D+01  0.16624217441595D+02  0.92203425627141D-03  0.13731374075709D-03 -0.94480951251119D-03
 -0.31859489024462D+00 -0.64708231751292D+01  0.17300993626118D+02 -0.32565845494718D-03  0.49149564019063D-03  0.17651592779853D-03
  0.18923249877920D+01 -0.10119304667319D+02  0.10182343211365D+01 -0.24066411737934D-03  0.21649902301429D-03 -0.22261582652176D-03
 -0.20287493272014D+01 -0.96409819259104D+01 -0.63646876469102D+00 -0.29807856376052D-04 -0.85838247957994D-04 -0.72334826430054D-04
 -0.11478271369289D+01 -0.11189012887178D+02 -0.25419690472062D+01  0.14375753168896D-03 -0.12317257338865D-03 -0.95282949888064D-04
 -0.98473144775686D+01  0.49871177672613D+01  0.68661288958462D+01 -0.31343727414234D-03  0.18273988057548D-03 -0.85863677902056D-04
 -0.10375216385470D+02  0.53506136367146D+01  0.47225083103742D+01  0.13132160595417D-03 -0.22665085184442D-03 -0.26400172128630D-03
 -0.10485159296643D+02  0.65054307225596D+01  0.88691470027364D+01 -0.41173269278064D-03  0.11697949771480D-04 -0.15851898495934D-03
 -0.11848819398374D+02  0.85078273131626D+01  0.81141088288738D+01 -0.79916350566088D-04  0.27641457326588D-03 -0.28569669697964D-04
  0.33396892976145D+00 -0.44362269731405D+01  0.21138351685309D+02 -0.19189934914362D-03  0.14884523259545D-03 -0.88612363880670D-04
 -0.39307323579111D+00 -0.76632327225861D-01  0.20798498367132D+02  0.24553974937813D-03  0.44468988352674D-03 -0.32335378955206D-03
 -0.63601575891518D+00 -0.33024446382999D+00  0.23427780163783D+02  0.57696029540799D-04 -0.65072676218814D-05  0.26225378641703D-03
 -0.17563785315082D+01 -0.95700556656922D+01  0.14186021646567D+02  0.40798932231972D-03 -0.13921543618493D-04 -0.32968001463866D-03
  0.42019328096029D+01 -0.71503129564197D+01  0.88038439365508D+01 -0.46266790918450D-04 -0.18490053539920D-03  0.39618283946156D-03
 -0.11552035305512D+00  0.14983889588176D+01  0.24160928286030D+02  0.10823573928607D-03 -0.29082796195290D-03  0.43331411721548D-03
  0.57776281476811D+00 -0.18995788406023D+01  0.23892498471972D+02 -0.12486752291688D-02 -0.31078500457209D-04  0.25642798765886D-04
 -0.26219462372069D+01 -0.71199228298663D+00  0.23918177545968D+02 -0.33999394279417D-03  0.50363689354451D-03 -0.17169457192652D-03
 -0.13837785191081D+02  0.78052318923542D+01  0.79463882474255D+01  0.41068723496316D-03 -0.93912977457943D-05 -0.45139079677318D-03
 -0.10804665134321D+02  0.93504891539775D+01  0.64516308452420D+01 -0.65677544802601D-04  0.32212084254848D-03 -0.57828431520737D-04
 -0.11745587017967D+02  0.99441171310903D+01  0.96324601189591D+01  0.62166040265363D-04  0.19886926117059D-04 -0.22965782559057D-03
  0.48115100136042D+01 -0.64261330530259D+01  0.69313276086741D+01  0.10750734609072D-02  0.63948265465824D-03 -0.44799198520872D-03
  0.41098207627419D+01 -0.92528599873020D+01  0.88513888613068D+01 -0.50358963215002D-03  0.39653347522138D-03  0.17834759018144D-03
  0.53879748027726D+01 -0.64932215991323D+01  0.10199892090516D+02  0.77390924644175D-04 -0.31289410705109D-03  0.35691208212172D-03
  0.17040614533494D+00 -0.95489482932221D+01  0.15007630213086D+02 -0.42619925794724D-03 -0.10026417861669D-03  0.69183686834090D-03
 -0.22795248780526D+01 -0.11331686895119D+02  0.13407437031858D+02 -0.57114945519587D-05  0.55806772662995D-03  0.73139134341423D-03
 -0.31787639893751D+01 -0.91518759472959D+01  0.15789506185321D+02 -0.70100880387589D-03 -0.75179086283503D-03 -0.99056121358513D-03
 -0.25852224542390D+01 -0.11133971411528D+02 -0.39098744551734D+01 -0.36838442051173D-03 -0.17896540928262D-03  0.17463728522220D-03
 -0.89584586683798D+00 -0.13089710557265D+02 -0.16096539497505D+01 -0.31955302929038D-03  0.32160239090416D-03 -0.23138277102704D-04
  0.85331906847164D+00 -0.10455498410576D+02 -0.31227995836127D+01  0.22555660709286D-03  0.30602453634975D-03  0.13475462001381D-03
