$coord
       -2.30212538607271       -1.41342286441676       -2.42166395133663      C
       -3.09088778475722        0.42372459201747       -0.59633609884367      C
       -1.34754516465698        0.75349818025140        1.54886611610316      C
        0.94212083430990       -0.65460760141980        1.72125111115696      C
        1.70985330606284       -2.19816289409819       -0.37640635429443      C
        0.07060440158857       -2.58568348810605       -2.34035953019565      C
       -1.57060828722264        2.84976990558719        3.34393488227256      C
       -0.30226138936702        2.39802218328159        5.73673338114139      C
        1.61768867560336        0.58597985027009        5.87308999364711      C
        2.43215179545384       -0.68559300848299        3.85835372340503      N
       -2.93235962440000        5.19990202066980        3.14686331244648      C
       -3.18222283230482        6.71075427277227        5.37954308285125      C
       -2.36836966326656        6.05165735586117        7.75532323458278      N
       -0.65793503305527        4.13544708681118        7.77705804920136      C
        0.55615936670055        3.74547904683505       10.16617811506529      C
        2.54944562753279        1.95779771730924       10.27442650944840      C
        3.00596747879330        0.54131721679325        8.10676324242323      C
       -3.14244041257406        6.57629241770988        0.79015891398855      C
       -4.36261166172270        8.86599994677468        0.82145102113275      C
       -5.24167523958928        9.91493899569184        3.03577937043688      C
       -4.58445138577678        9.03966320089739        5.21533435078727      C
       -2.13218909015253        5.86249896262060       -1.42742130182242      O
       -5.41133019209991        1.62071072352633       -0.76713254981795      O
        0.95700158917318       -3.86326378318086       -4.75213305348531      C
       -6.61460567350951       12.26193809906005        2.90660994175434      C
        3.60817597622206       -3.10507178751470       -0.37469718705566      H
       -3.21102697369771       -1.66470365924260       -4.19734363714158      H
        4.56878190588462       -0.79084265301208        8.00961606796043      H
        0.44242495773326        5.14872989075726       11.67048240366003      H
       -5.09705201975862        9.85935095365708        7.06485824642723      H
       -4.55440919247389        9.73771982391044       -0.85874539191719      H
       -0.56359055365132       -4.22725854982114       -6.37921339412782      O
        3.53462598154809       -4.51930260225231       -4.83450964978971      O
        4.15179080059340       -6.72824643215861       -6.17169595113176      C
        3.39738523053494        1.51605199806525       12.82486752834316      C
        5.53128695059725        0.71198350704442       13.18035279140529      O
        2.03411918314102        2.34109723218534       14.72561947886366      O
        3.40723910636323        2.70800903490140       16.92839758824796      C
       -6.98704766082711       13.27092710594830        4.89732973043721      O
       -7.43456961369964       13.16291802888411        0.69381251539667      O
       -8.55805512396979       15.52836689889448        1.15261172605440      C
       -2.25287209220990        7.59911692584308       -3.29138512248463      C
       -6.90292347762301        0.70059446059156       -2.78482684364114      C
       -8.94641175586630       16.78731212770970       -0.49046643736001      H
       -7.12890475240441       16.86748954216512        2.00919329444967      H
      -10.39976703092185       15.03730370259158        2.03747587223064      H
        2.17113190275347        2.59458484130160       18.58677516297360      H
        4.56926840691932        4.39820623074276       16.42797072567037      H
        4.78291033571109        1.04069082924622       17.13095224959295      H
       -8.74985440132049        1.68568909395262       -2.45630204464268      H
       -7.28597959027790       -1.35893562086714       -2.46274727938176      H
       -6.15895172298118        0.85757526654840       -4.68754341398334      H
       -4.19170138280689        8.05729316445964       -3.82698735364812      H
       -1.10079807472575        6.90041617076891       -4.85546476420666      H
       -1.18059892791697        9.25684800560338       -2.67270952699769      H
        6.14829112370360       -6.43990258010962       -6.92171245853811      H
        2.92112303711086       -7.02855916116593       -7.80443581531888      H
        4.23367621374574       -8.43529343382903       -4.90552224109797      H
       -0.45312172097160       -6.72641756726567        5.01564223831024      C
       -0.59678603306426       -5.43587855706906        7.28237572327371      C
       -2.95856958574016       -4.04313091290274        7.59458164649302      C
       -4.57630315801932       -3.64788137954911        5.53137391794654      C
       -4.31612609203866       -5.08343352363179        3.34695036944400      C
       -2.28020467512748       -6.61948816333048        3.13813064097779      C
       -3.41538688270167       -2.58111528166609        9.70815372554347      C
       -5.19018530039360       -0.57278242695339        9.35010504059330      C
       -6.33435283304455       -0.07918582699215        6.97657693117371      C
       -6.48014016544832       -1.94544395957157        5.35983679618837      N
       -2.53299183753894       -2.85849461197895       12.20636224521406      C
       -2.71112743671587       -0.84703744161197       13.95655992115461      C
       -3.98790660699303        1.20857595538545       13.44962015237991      N
       -5.23005795802894        1.39087544826578       11.22706516952292      C
       -6.42374626485559        3.64159454027199       10.43412751115769      C
       -7.38305745361009        4.21624953981773        8.15244122551168      C
       -7.46307673249983        2.25534692058908        6.36414546715797      C
       -1.61565298659745       -5.26729894105659       13.11723681388467      C
       -0.43746892696556       -5.55783435253508       15.48923500086817      C
       -0.55575854822492       -3.44421326040844       17.01450712967158      C
       -1.69197570392163       -1.13499922055868       16.47998092030408      C
       -2.23822154423041       -7.38412536400873       11.91449899859978      O
        1.20834424780440       -5.16165951235759        9.12456348724549      O
       -1.43245491535088       -7.73258330455228        0.64040277465837      C
        0.59345348547627       -3.66044764808289       19.43958339685970      C
       -5.63805833807349       -4.80813345176484        1.86806916490739      H
        1.31154112498160       -7.64946002632616        4.78345315061394      H
       -7.89581264289529        2.57007413834794        4.34653977099341      H
       -6.62341052369259        5.35455910465793       11.79318944817934      H
       -2.19565938089044        0.25783610530661       17.88148929461731      H
        0.02600963730018       -7.44389035606597       16.15274805524608      H
        0.74185679334826       -8.34770871264378        0.45423325992946      O
       -3.21788258533584       -8.07370857228803       -1.05998698885697      O
       -2.21500420492969       -9.32270632311102       -3.17596680911993      C
       -8.75951040296739        6.61134752741572        7.69883052537792      C
      -10.37452390594362        6.48776756200157        5.98784318829690      O
       -8.24654294881408        8.50624165300408        9.38725070936068      O
       -9.76864573926121       10.49031149672917        8.71759629780650      C
        1.36424986842017       -5.59523649483913       20.19759596550302      O
        0.82633082503238       -1.45488475217223       20.85478464889522      O
        1.05915738477099       -1.74336643902615       23.49974422111251      C
       -3.67512105287829       -9.35095039517547       13.24485556551714      C
        3.50400436401073       -6.82111579124733        8.70894059598244      C
        3.00062833649925       -2.14211450129390       23.88333657743745      H
       -0.00512024031168       -3.19771775210578       24.47639242628790      H
        0.88745694541940        0.15215943583745       24.56014432723478      H
      -11.69521447078868       10.24525498687793        9.47286186595746      H
       -9.83710647135639       10.65194319581946        6.58013857439107      H
       -9.31521968933901       12.26496355828701        9.68011496862307      H
        4.43228969308114       -6.35443571613357        6.92307273060159      H
        2.81878726491699       -8.96377204425334        8.57564431244988      H
        4.79088098421715       -6.56655390337922       10.36315052553948      H
       -2.24248215085901      -10.93647467165850       13.57978102757526      H
       -5.12390642865458      -10.18614975698014       12.08381146177013      H
       -4.61382579220419       -8.66255444728277       14.93538352698373      H
       -1.39729330691290      -11.09347370110701       -2.36977251149293      H
       -0.70490467338365       -8.12885771108910       -3.82354788844371      H
       -3.81154693744906       -9.69589559169957       -4.42778271431105      H
$end
