$coord
       -2.89703709084252       -0.21618500751560       -2.08740582629680      C
       -3.41248428445276        1.04294221119172        0.12811992136182      C
       -1.35864869369579        1.45846264725361        1.79800143593991      C
        0.80208718267086       -0.28226383415910        1.72570758507056      C
        1.09005578446910       -1.70569249323911       -0.44148980807539      C
       -0.68937114347433       -1.53649153464778       -2.32626897795217      C
       -1.72342110376529        3.16171043865862        3.81404083903242      C
       -0.28668593953580        2.50676400397156        5.91145019718365      C
        1.61006010332655        0.55077301577131        5.89877817257805      C
        2.31672010525674       -0.68368177682881        3.73957652881035      N
       -2.82033723006802        5.55300821478480        3.75934914353103      C
       -3.36400997041103        6.90994864372399        6.04434017407699      C
       -2.36449511456299        5.85727966387752        8.27235578750563      N
       -0.61587891249988        3.97814025772419        8.20749563769755      C
        0.87020077970403        3.19551136753672       10.26002954177273      C
        2.61150763723980        1.23837647085494       10.39033408677594      C
        2.92322873345156       -0.01435417081329        8.11756843544035      C
       -3.02317346182339        6.84726830209353        1.40732346931756      C
       -4.30980276362716        9.23838395264711        1.28450895631192      C
       -5.26008460530915       10.37643078468416        3.49324032028286      C
       -4.46628331228563        9.30784247599061        5.78482564360832      C
       -1.44290169243067        6.13646888308928       -0.68765489796874      O
       -5.66085205756247        2.16309031867541        0.94207469429003      O
       -0.45485034033975       -2.72134662094757       -4.86471495263552      C
       -6.29801576381991       13.01115180793601        3.38817285050468      C
        2.62490050398073       -3.13403042159658       -0.59559911352129      H
       -4.18364601803574       -0.45125553740930       -3.55420662773786      H
        4.22590197606100       -1.65365078473321        8.11824693846365      H
        0.43247566656191        4.05534453261253       12.02630705116844      H
       -4.64769282786794       10.42893703216484        7.60909020682892      H
       -4.72269853106235        9.92561974221499       -0.44708536174172      H
       -2.19543673833179       -2.91935659965871       -6.32920077759305      O
        2.09582280655621       -3.57133020859044       -5.40296848134739      O
        2.58845742612372       -4.76360824486885       -7.81468327735950      C
        4.04560828576813        0.23374955288779       12.60259072895798      C
        6.06788377615446       -0.71915170222393       11.98274946811673      O
        3.16622682391012        0.89020813032577       14.84119231555260      O
        4.86334352951140       -0.04891724465544       16.67581611093762      C
       -6.13154596356605       14.27209184851861        5.27952160173443      O
       -7.05344736775170       14.11453511009996        1.14372881905065      O
       -6.60375415393915       16.70041066329611        1.29689748636933      C
       -2.44837878981433        6.46974549420037       -3.23350111725350      C
       -7.23014670355226        2.93913812271261       -1.04617119478151      C
       -7.29725039891455       17.62620501602731       -0.48795202899684      H
       -4.57668260453777       17.07206201281432        1.52993122271574      H
       -8.00251215184131       17.33565376848209        2.69277493271193      H
        6.80156896126975        0.28745271260238       16.10570456290874      H
        4.64241333653113       -2.06632882368106       16.94917799514591      H
        4.55402899988431        0.73338045698154       18.55189665920685      H
       -7.63433954194405        4.97769806221242       -0.82019196853553      H
       -8.87675062252467        1.75834076512165       -0.83037376730283      H
       -6.31403364293197        2.38997520940491       -2.82972066975570      H
       -3.82274737085425        5.08445469753190       -3.78125106559908      H
       -0.77081088359937        6.38799377286211       -4.35916985896344      H
       -3.45316070034837        8.20539939689477       -3.72119210784117      H
        1.48089129225491       -6.49123364857064       -7.57775993896593      H
        4.70676585430027       -5.00273587799713       -8.06916488746945      H
        1.82399196240960       -3.91763328343092       -9.46771221625194      H
        0.61508108304829       -7.07071917014224        5.60606195385920      C
       -0.01761630746055       -5.39946756174664        7.68194400622041      C
       -2.34442825872993       -3.98472091231375        7.43066239643570      C
       -3.75974544692443       -4.20071604673866        5.19702562057612      C
       -2.95016321993115       -5.74641917258144        3.19691799409192      C
       -0.76280173800042       -7.20097193082395        3.37231357902260      C
       -3.35199669366293       -2.39620995841735        9.37459117862960      C
       -5.05481446510874       -0.58730248209323        8.72784158125660      C
       -6.22889673914470       -0.67940254331620        6.30108736748486      C
       -5.60329547247783       -2.52298417831907        4.62035275971973      N
       -2.83033177441779       -2.73007423891940       11.95761027895349      C
       -2.99177392899844       -0.50348213003997       13.41733696805515      C
       -4.55583838247030        1.53621145517970       12.76462539530610      N
       -5.65337728179268        1.30505625151765       10.48764444231259      C
       -7.19636347684664        3.10019945750743        9.44118504309389      C
       -8.24618677582098        3.24510357283544        7.04194718583939      C
       -7.78025424070627        1.31564494725677        5.49499100696480      C
       -2.14862761985266       -5.08106101731300       13.26199647075634      C
       -1.22010337138721       -4.99412071713130       15.70821132842494      C
       -1.28740219704719       -2.76771720234584       17.16814214613340      C
       -2.25417533465510       -0.60075266042387       16.10164922091765      C
       -2.52457558059703       -7.45763057664620       12.05552069216504      O
        1.72068183872345       -5.02981999751088        9.51281039828898      O
        0.09066089046173       -8.80113399899247        1.22678101759223      C
       -0.40751127145960       -2.79864848610593       19.86568001520049      C
       -4.06119960686969       -6.07792826274643        1.47951698536214      H
        2.43228651569372       -7.87440273810613        5.38848665308230      H
       -8.74150739813030        1.10935260438511        3.87133595230497      H
       -7.29190139010953        4.76833174568807       10.79919791978063      H
       -1.85153075842432        1.05929516063970       17.18870086143411      H
       -0.56804313565602       -6.56488887129510       16.77057987567016      H
        2.29467955332134       -9.53899683931481        0.96678260638618      O
       -1.73508157520432       -9.27551191977716       -0.46093627275590      O
       -0.76837925366677      -10.60201254829041       -2.49178822856927      C
       -9.63633797273174        5.38806879017717        6.10237902663892      C
       -9.86966044239068        5.81294095285957        3.87658999220770      O
      -10.44872190138812        7.01450563558924        8.03796808658022      O
      -11.37809794053763        9.21590891246622        6.90787257865925      C
        0.22759559782728       -4.79431901009751       21.00243790118385      O
       -0.19768729412651       -0.52478825472071       20.95248566313326      O
        0.92871793073853       -0.72882255669049       23.30909020749610      C
       -3.81702967162964       -9.17033725099431       13.70050742683986      C
        3.78769768075557       -6.71061890023156        9.81470274129026      C
        3.12055378400069       -0.77092855858620       23.28225382031774      H
        0.39462613748674       -2.40139810743738       24.40759768695970      H
        0.70376142135751        1.07751257034912       24.41065263450443      H
      -12.79422165405131       10.05249842584938        8.13273819274263      H
      -12.18362389490610        8.52088767443125        5.05187354168447      H
       -9.67299538777702       10.27388413960489        6.43976614033272      H
        4.57823891596696       -5.97368266344621        7.93566309599370      H
        3.11855786762078       -8.64204424291708       10.17981151355360      H
        4.73772034094373       -6.19501965879665       11.46643115891112      H
       -3.90468333209837      -11.15979181921471       12.98837304114174      H
       -5.58900106824130       -8.21211301129260       13.79274723457444      H
       -2.93593191994503       -9.20759458465444       15.59703746806336      H
       -1.31985588053878       -9.82985050627848       -4.35172951124674      H
       -1.34182902645324      -12.56746820494704       -2.56005004418195      H
        1.33261253117858      -10.61373170230962       -2.24553430085969      H
$end
