$coord
       -3.16772427561947        0.11465599925418       -2.34009108649038      C
       -3.38668596690818        1.74138149411238       -0.30564732816891      C
       -1.43057629271837        1.71275068846559        1.46397660650752      C
        0.31966867108660       -0.32569648903879        1.16310025889561      C
        0.51271957833852       -1.90484631455389       -0.90769221834650      C
       -1.20859975754507       -1.66903618176750       -2.80389138275852      C
       -1.06197143223537        3.59889691859977        3.38190040299095      C
        0.32875893531777        2.79817150837322        5.45355112363947      C
        1.75524554140229        0.38314761583442        5.23977732881576      C
        1.90564338711424       -0.76918900406385        3.07640076209020      N
       -1.98309188504589        6.03816220208445        3.66140179115771      C
       -2.20707022984453        7.21330077549274        6.17755940522177      C
       -1.13721163887162        6.20588299751339        8.32804989510007      N
        0.22910208065247        4.09651046487366        7.85542750411351      C
        1.47903391213403        3.00174277662070        9.77262219904359      C
        2.82098340617311        0.80394196901864        9.53387431572629      C
        3.09556240309909       -0.57946014436517        7.28986442605389      C
       -2.33478517022317        7.81293316670293        1.57831838134808      C
       -3.26955909029877       10.12397515760705        2.16382078418934      C
       -3.94641961087070       11.01220322881536        4.54859549047172      C
       -3.56306931250795        9.52937274021462        6.60484140630507      C
       -1.93328978020155        7.06886199891765       -0.96604565856299      O
       -5.61882746960361        2.90006348540204        0.57270256666199      O
       -1.37366145992793       -3.44127842117514       -4.81929235899339      C
       -5.59141578437436       13.18692082570374        4.41240679698816      C
        2.02234503288205       -3.23467623740918       -1.11915018446076      H
       -4.74374343977668        0.09181341840776       -3.66428259102243      H
        4.21210881834308       -2.26784770061988        7.17081083676423      H
        1.49837069926630        3.81240426415338       11.63202294725820      H
       -4.50300737753282        9.77523549809593        8.32627696588888      H
       -4.10920850318438       11.30649593510509        0.51048666829450      H
       -3.26098359308631       -3.58647479256019       -6.14821345429713      O
        0.77161833482879       -4.83645039709356       -5.47887540373026      O
        0.26764977322459       -6.68210837039515       -7.29318419945159      C
        4.20791061821915        0.05402094581501       11.87034478226772      C
        6.02711737455341       -1.36024429839589       11.68365195944838      O
        3.40288742279427        1.07874421006223       14.05647370244078      O
        4.16523212736196       -0.33971397255807       16.23917528224410      C
       -5.62179639603952       14.82775252320553        6.05384127467809      O
       -7.14035291706602       13.34708687348058        2.39175454705272      O
       -8.66580934106480       15.58681407210542        2.67730666716630      C
       -3.03978812071595        8.63790855641876       -2.80593811762023      C
       -7.42578306465809        3.45854719844984       -1.25983285485654      C
       -7.62221464978909       17.25687120964549        2.14629189403516      H
       -9.36108608070285       15.42831466382282        4.73099393991226      H
      -10.25909729169378       15.74444710801057        1.52533839033015      H
        6.11938195216676       -1.14593446037564       15.72897364337742      H
        2.88241762920247       -1.97282882820017       16.51363568622637      H
        4.29719401781982        1.06404375069206       17.74976295947453      H
       -7.67462178648555        5.52244481581123       -1.17025998377781      H
       -9.28789529123234        2.40867240101763       -0.99421231731155      H
       -6.47702593578400        3.36032217152043       -3.08218030087215      H
       -4.85608079100570        9.26941599633124       -2.22986276619332      H
       -3.24381911378119        7.70501399773158       -4.71005468321786      H
       -1.84332875094146       10.28129919760570       -3.30353778976261      H
       -1.37754299528849       -7.77224340316113       -6.73553015507364      H
        1.75223668533989       -7.96653740414262       -7.68886360886313      H
       -0.20994661463785       -5.84561850343747       -9.11760927438557      H
        0.93372154280759       -7.43016026950123        5.89609383831478      C
        0.38789035468938       -5.81009718269545        7.82498405771958      C
       -1.84773737842058       -4.35355809705012        7.35709131853758      C
       -3.26205259521195       -4.40978573395032        4.89414250498795      C
       -2.46238907579470       -6.10175165720185        2.99230017508551      C
       -0.26680590078163       -7.45596747033126        3.56368589016591      C
       -2.84219784280174       -2.47778550905862        9.09373562040541      C
       -4.26433572391212       -0.40640851823051        8.25511287179170      C
       -5.17140593150481       -0.37746438764883        5.89017113344127      C
       -4.73220285429529       -2.45498771335174        4.34039779964010      N
       -2.46141029241121       -2.48834419097991       11.78613356752603      C
       -2.82189627816610       -0.18764024199145       13.26373877462083      C
       -3.87435109288291        1.88229557041239       12.26414922418509      N
       -4.89648660619605        1.61976236224390        9.83489154214242      C
       -6.55793714010710        3.56953754752672        9.12142504605487      C
       -7.61324782537833        3.46080772122311        6.69925991326906      C
       -7.06712273268683        1.37403869074845        5.31660993804874      C
       -2.26032297421881       -4.86847685187737       13.16721819251209      C
       -1.77785944241994       -4.68622334839229       15.73290407753604      C
       -1.60229096998846       -2.41462368187945       17.09327262429306      C
       -2.05442160300991       -0.05812405148111       15.88769560319666      C
       -2.71179573787722       -7.17921536900831       11.93459021674211      O
        1.55969872873343       -5.40920980841188       10.13828975326580      O
        0.78946758495329       -9.24582372450771        1.72721147878782      C
       -0.70216192367016       -2.28382339805436       19.77299231345540      C
       -3.36161245097627       -6.00708915856810        1.17634674340592      H
        2.45326659527298       -8.61875362391530        6.10554108623691      H
       -7.72129157888076        1.44717631162375        3.32345996634828      H
       -7.32554217115518        4.80969793673880       10.29287275633006      H
       -1.92887670333153        1.67630990634419       16.97119308606133      H
       -1.15036133007863       -6.37065551393690       16.54958553019657      H
        2.66836720170352      -10.40684294089073        2.40021572154534      O
       -0.34174181946240       -9.30103287110401       -0.57538033962845      O
        0.91241027563017      -11.16307766219315       -1.91610613058063      C
       -9.71680651748984        5.21135607302712        5.94771084166690      C
      -10.89262193746938        4.86581190456710        3.99033620199154      O
      -10.24911130533551        7.08575615753217        7.56158601983865      O
      -12.48155382005562        8.36897022361442        6.67670461729197      C
       -0.30673590119107       -4.01750714595308       21.09478509086627      O
       -0.73951881831323        0.19008387463603       20.67557706906690      O
       -0.44687284693891       -0.01678071876061       23.40735697591334      C
       -3.41848096464033       -9.14921079914318       13.46431462901943      C
        3.44116143883998       -7.20885488519488       10.68373379213956      C
        1.32767666870077       -1.00593065098671       23.90840429002403      H
       -2.03204583138363       -1.00630623909400       24.19464192669172      H
       -0.87678100765194        1.80652916733073       24.35135723823440      H
      -13.82217668039268        8.41321501204726        8.17296185694348      H
      -13.47691943302351        7.47930155310086        5.26339511263902      H
      -11.86865546198614       10.37901848454962        6.15243708852043      H
        5.11284649283752       -7.04536911049590        9.42898376931718      H
        2.81638807430695       -9.28701818144187       10.54118372892274      H
        3.94430785410913       -6.75370760837744       12.54165137538852      H
       -4.73761998810526      -10.27920846218130       12.39295104356305      H
       -4.34278657496261       -8.76477198022296       15.31810838872014      H
       -1.64834397310020      -10.05306887662871       13.71870642116047      H
       -0.33985860845918      -12.80608622447441       -1.74697034392048      H
        2.87986216284452      -11.41787043451225       -1.02806517069002      H
        0.96766638711559      -10.43232744106517       -3.82325715608174      H
$end
