 -1.0
 -0.40255999527806D+01 -0.90585951472930D+00 -0.34525561344228D+01  0.51336893108486D-04 -0.20676315878915D-03  0.40339162987230D-03
 -0.26289247625459D+01 -0.22846159198010D+01 -0.18418924023311D+01  0.28231634243704D-03  0.67859883794733D-03  0.40529129381495D-03
 -0.65270471602598D+00 -0.82340351124939D+00 -0.23338111661559D+00  0.39084809164074D-03 -0.42964426684215D-03  0.29323510957852D-03
  0.35442027198514D+00  0.13899350788156D+01 -0.12444200387939D+01 -0.29543857348653D-03 -0.36356829786323D-03 -0.23688436050004D-03
 -0.74595341679352D+00  0.24085456253915D+01 -0.34050307203656D+01 -0.28944310117055D-03  0.21002730574055D-03  0.26664243267506D-03
 -0.32416084295482D+01  0.15260582415878D+01 -0.41772526722706D+01 -0.44163912945256D-04  0.52767770721699D-06  0.65466149897114D-04
  0.36240234686319D+00 -0.22709515348452D+01  0.18042944185543D+01 -0.13725555460974D-03  0.29580853220469D-03 -0.40828765231809D-03
  0.30101098978808D+01 -0.24111738335234D+01  0.15359095466534D+01  0.25971253258047D-03  0.32657588145493D-03  0.36050807265677D-03
  0.40543157653360D+01 -0.51420380843494D+00 -0.12365869340639D+00  0.22220555863277D-03  0.10425783613789D-03 -0.90698605526384D-04
  0.29011853474562D+01  0.16380270395993D+01 -0.79189690417245D+00  0.42247361557532D-03  0.48229502764495D-03  0.28608423027782D-03
 -0.70915202597664D+00 -0.41722886500578D+01  0.33212883288297D+01  0.32356484290142D-03 -0.34787365447792D-03 -0.81408942292367D-03
  0.10543344327031D+01 -0.56842721064616D+01  0.48063041770541D+01 -0.51620378175424D-03 -0.33373168872542D-03 -0.12464856476034D-04
  0.36533908701036D+01 -0.58848705990733D+01  0.42338002102166D+01  0.36363912476015D-05 -0.45454418270132D-03  0.25587990969407D-03
  0.46361208448526D+01 -0.43890140717771D+01  0.26036508934859D+01  0.67031545383350D-03  0.10587313811049D-03  0.54064032709072D-03
  0.71805657214036D+01 -0.40509254605197D+01  0.20108216808349D+01 -0.26337714768804D-03  0.54147039075102D-04 -0.89445615268988D-04
  0.82543261282923D+01 -0.19049983703231D+01  0.10134171340360D+01  0.35219863987066D-04  0.36207476524648D-03  0.32053285212151D-03
  0.67127915172301D+01 -0.20565253883660D+00 -0.10811301595701D-01  0.18136510685216D-03  0.16545400742853D-03  0.80628653057541D-03
 -0.33693417211116D+01 -0.42106783454227D+01  0.42762957795659D+01 -0.23754909375036D-03 -0.27548344531418D-03  0.22825093049669D-03
 -0.39690887927457D+01 -0.60581188532864D+01  0.62922800300347D+01 -0.25146514196239D-04 -0.30075561783137D-03 -0.21774692331359D-03
 -0.21429861018291D+01 -0.75584640991392D+01  0.77118883161282D+01 -0.18614895445118D-03  0.71153051084628D-03 -0.39152476891528D-03
  0.26790699601569D+00 -0.73539183622194D+01  0.64120223160180D+01  0.15706559332140D-03  0.37669653162586D-03  0.38527990722384D-03
 -0.50731937301101D+01 -0.22070436926982D+01  0.36259216877914D+01  0.38055264558041D-03 -0.18332877468922D-03  0.28607311462842D-03
 -0.33807881224611D+01 -0.48713240730859D+01 -0.11836366455656D+01 -0.22173006910697D-03 -0.62775335560995D-04  0.11369450086456D-03
 -0.48645825479009D+01  0.27991599908092D+01 -0.60899842930015D+01 -0.23318981537038D-03 -0.42017325728296D-04  0.37343564765374D-03
 -0.24644539853926D+01 -0.81693260550672D+01  0.10437325354868D+02  0.55536656261961D-03 -0.66028430562817D-03 -0.35667307999652D-03
 -0.66644741459292D-01  0.39578002485583D+01 -0.43914555689566D+01  0.13053130078523D-03 -0.10225970135967D-04  0.92667009559091D-04
 -0.55044481618479D+01 -0.18443621896870D+01 -0.43606919533742D+01  0.39469518926040D-03  0.52576766725647D-03  0.47365627257362D-03
  0.73550609590418D+01  0.12648393659382D+01 -0.12701430038836D+01  0.35383716014842D-03 -0.49763774015964D-03 -0.17411153714689D-02
  0.84941083471436D+01 -0.53148046224957D+01  0.29636342466693D+01  0.28583550740148D-03 -0.11008898916583D-03 -0.50059656131063D-03
  0.13982593558928D+01 -0.90160388747607D+01  0.60927631079332D+01  0.11162618139275D-02 -0.11546012745393D-03 -0.10690146484186D-02
 -0.59424028875033D+01 -0.64650615527587D+01  0.64504323043043D+01 -0.34890750082942D-03 -0.12189760993453D-02 -0.74991200507982D-03
 -0.69579868557015D+01  0.35151920308876D+01 -0.53919419470418D+01  0.15590544990622D-03  0.19820209126654D-03 -0.12823804396710D-03
 -0.38930712701275D+01  0.31032643348664D+01 -0.85113363057332D+01 -0.59400438665058D-04  0.82164740596796D-04 -0.20534275058989D-04
 -0.56315092372645D+01  0.41418284021149D+01 -0.10220009415525D+02 -0.33477165654798D-03  0.31352280721735D-03 -0.74782967361997D-04
  0.10946784053716D+02 -0.18534194760101D+01  0.76507792384659D+00  0.23993369329180D-03 -0.46702324179071D-03 -0.16311004374028D-03
  0.11924484966005D+02 -0.38924605521471D+01  0.10509981597228D+01 -0.18488985145743D-03  0.49365411674334D-03 -0.46837201405158D-05
  0.11774067086452D+02  0.56462756774769D+00  0.32100034470951D+00 -0.62122022500495D-04 -0.71470282224296D-03 -0.32426190217049D-03
  0.14438541050334D+02  0.56237893521903D+00  0.70905289383554D+00 -0.11993035805769D-03 -0.37276399598629D-03 -0.33250576160256D-03
 -0.95849092381560D+00 -0.77969058140157D+01  0.12258329982414D+02  0.89421789184097D-04 -0.57283696524010D-04 -0.81931550430545D-04
 -0.45448144923578D+01 -0.96407027725211D+01  0.10928031705045D+02 -0.13815032012936D-03  0.25300512018016D-04  0.12598841810041D-04
 -0.50188512545808D+01 -0.95956888928205D+01  0.13621623838114D+02  0.31939510076401D-03  0.16253128496020D-03  0.11470392077315D-03
 -0.50267992445945D+01 -0.10660678652451D+00  0.52618097407643D+01  0.75211858147125D-04 -0.26613011812160D-04  0.28887078666101D-03
 -0.23374922860803D+01 -0.66074972571965D+01 -0.27996723941497D+01  0.71591993359240D-04  0.45566391938307D-03 -0.30629142106751D-03
 -0.58252582419400D+01 -0.11392718676786D+02  0.14297186337738D+02 -0.27667937146896D-03  0.92194779524935D-04  0.58197580624762D-03
 -0.65776781291960D+01 -0.85327561754454D+01  0.13549774356459D+02 -0.81008766417714D-04 -0.66506723993057D-04 -0.26193818322771D-03
 -0.35148800314062D+01 -0.85328800504232D+01  0.14522241174405D+02  0.14544587821775D-02  0.25341494518676D-03  0.24484690413262D-03
  0.14700861779512D+02 -0.14654990657316D+01  0.10430260494952D+01 -0.10188273522700D-03  0.79471560047288D-03 -0.17746170431609D-03
  0.14841290038407D+02  0.17552017908565D+01  0.25093032405647D+01 -0.72343241652060D-03  0.22956520040901D-03 -0.52895135555411D-03
  0.15483121155325D+02  0.10719819329667D+01 -0.98079049125489D+00  0.45403612978081D-03 -0.13158924215249D-03 -0.26276787910412D-03
 -0.38340748002965D+01 -0.78669055631174D+01 -0.35849537706658D+01  0.43939055868567D-03 -0.10271245798485D-02 -0.61975995716140D-03
 -0.11487063485753D+01 -0.77213602789521D+01 -0.16813114176595D+01 -0.34608177083444D-03 -0.58869444847174D-03  0.47149695171848D-03
 -0.13172793592318D+01 -0.61109970863743D+01 -0.49333250922918D+01 -0.63619169746678D-03  0.19694084261695D-03 -0.49100827031595D-03
 -0.62838296720184D+01 -0.82564123536384D+00  0.70052037807967D+01 -0.85522675120964D-04  0.73753125329871D-03  0.66415233300590D-03
 -0.64946915683245D+01  0.13649351437068D+01  0.49161880389791D+01 -0.16882386314064D-03  0.11180931917202D-02  0.37647570807320D-03
 -0.29579727484894D+01  0.67306454341802D+00  0.52635184437316D+01 -0.66603303029639D-03  0.14276269999094D-03  0.67907425015316D-03
 -0.72211054759997D+01  0.28338358025187D+01 -0.10639088116926D+02 -0.63531170350550D-03  0.25096584550412D-03  0.60026765666181D-03
 -0.48698317589846D+01  0.48340855278133D+01 -0.11970927637604D+02 -0.53069056787639D-03 -0.21431572319241D-03 -0.13928459381159D-03
 -0.67056531660083D+01  0.56487026826385D+01 -0.92689337368378D+01  0.42561848358933D-03 -0.39641836950874D-03 -0.48152329803586D-03
 -0.50740234658291D+01  0.82925420797671D+01  0.63626896742970D+01 -0.15631193656148D-04  0.88443955676209D-04 -0.20575146994999D-04
 -0.56540510764227D+01  0.62675750061379D+01  0.79985035619862D+01 -0.39964410953912D-03  0.23253006724796D-03 -0.36565065071323D-03
 -0.40819508852298D+01  0.57026294135505D+01  0.10418086902561D+02 -0.77542219844369D-04 -0.39462837764389D-03 -0.31742777356991D-04
 -0.16898645609845D+01  0.69530147196190D+01  0.10313481331738D+02  0.36950902780588D-03  0.18825795950577D-03 -0.20729681519160D-03
 -0.15815759511940D+01  0.96120050422957D+01  0.92415199581826D+01 -0.58117384737645D-04  0.16482327637063D-03 -0.25827386173141D-03
 -0.33220376424513D+01  0.10350573028929D+02  0.72618402049623D+01 -0.30051743814599D-03 -0.16468209334715D-04 -0.13894258654091D-03
 -0.46232043279675D+01  0.35868230172338D+01  0.11644907178638D+02  0.38400978709940D-03  0.43942685752918D-03  0.53721484205070D-04
 -0.24009130373442D+01  0.19617330286622D+01  0.11531656839581D+02 -0.80676052430076D-03 -0.16124802707859D-04  0.14946625865553D-05
  0.19827979243691D+00  0.32974446258870D+01  0.11586172298311D+02  0.53106193756063D-03 -0.49276434853536D-03  0.15433007197344D-03
  0.47232426837020D+00  0.58344003051698D+01  0.11142453997772D+02  0.30254718643424D-03 -0.23872612017878D-03 -0.11410203996028D-04
 -0.68647626183771D+01  0.22242165526792D+01  0.12503648879373D+02  0.31046719142030D-04 -0.27465449508106D-03 -0.13862376111088D-03
 -0.66648371521726D+01 -0.30352385955746D+00  0.12353936043385D+02  0.63756622932783D-03 -0.87965108120674D-04 -0.31033979850244D-03
 -0.46041266195519D+01 -0.17342990628022D+01  0.12159720142714D+02  0.23587628712423D-03  0.31005621219142D-04  0.13822252662015D-03
 -0.23138679396011D+01 -0.55560676081517D+00  0.11981015225106D+02 -0.61225118294296D-04 -0.34104962912623D-03 -0.26484209233868D-03
  0.30868397010535D-01 -0.18597883173669D+01  0.12541509174182D+02  0.34113564974857D-03 -0.42051427532676D-03 -0.43383654387290D-04
  0.22160061077744D+01 -0.62279380280671D+00  0.12596083764130D+02 -0.48244854409438D-03  0.31553762077671D-03  0.67487335852361D-04
  0.23505689149668D+01  0.18169796636741D+01  0.11854512551295D+02  0.77216843200409D-04 -0.36299815961503D-03  0.19084162648426D-04
 -0.92341420784317D+01  0.34030559289858D+01  0.13570990088509D+02  0.21115196889204D-03 -0.16622583545959D-03  0.16726929876793D-03
 -0.10934507578234D+02  0.16183688785678D+01  0.14050534675657D+02 -0.39288999614845D-03  0.13063493516839D-03  0.65666209490029D-03
 -0.10740373246473D+02 -0.84450549128104D+00  0.13617283686319D+02  0.13636652330923D-03  0.99083363813916D-03 -0.31604077903878D-04
 -0.86915416663794D+01 -0.18619759074506D+01  0.12725741622238D+02 -0.98425768059869D-03  0.89340483353278D-04  0.51029965995397D-03
 -0.97859259105480D+01  0.58323914898664D+01  0.14464702512978D+02  0.37194756616018D-03 -0.45733050556454D-03  0.30164150358867D-03
 -0.76676002200991D+01  0.48573387334415D+01  0.77948947763199D+01  0.21337582744256D-03  0.14435004281917D-03 -0.54564140443901D-03
 -0.36676778546719D+01  0.13191609955817D+02  0.67977272203162D+01 -0.39542200110321D-03  0.17106080745803D-03  0.28803534872715D-03
 -0.12676265843980D+02 -0.28632905311666D+01  0.14156588043986D+02  0.13545455811499D-03  0.27857490831411D-03  0.67393286340853D-03
 -0.16683178662007D+00  0.10865676623256D+02  0.97966860092293D+01 -0.59538561562969D-03 -0.54736981535940D-03 -0.48621993185182D-03
 -0.59067132411603D+01  0.87169151245963D+01  0.46900632184716D+01  0.45016408135371D-06  0.24995326087153D-04  0.39375527827680D-03
  0.41961403216928D+01  0.29011896932398D+01  0.12174707113473D+02  0.39772284781227D-03 -0.84268975373962D-04 -0.75659646066619D-03
  0.17029329458309D+00 -0.42279239265064D+01  0.12217331747518D+02 -0.49277086213285D-03 -0.10194579497781D-02 -0.76660073115220D-05
 -0.90320676998329D+01 -0.38292827964728D+01  0.12244437808982D+02 -0.38108709426035D-03 -0.13693878057918D-03 -0.21644693189074D-02
 -0.12392108586633D+02  0.20709204562258D+01  0.15207926243498D+02 -0.26086039997047D-03 -0.86261358285291D-03 -0.25037237156723D-03
 -0.35931369156785D+01  0.13953057386211D+02  0.47020431386500D+01  0.46555569352405D-04  0.25352653751515D-03  0.64956156053084D-04
 -0.47212277524998D+01  0.14540271947885D+02  0.88537703967959D+01 -0.32637526712489D-06 -0.13826207567400D-03  0.81596996916493D-04
 -0.55809997806804D+01  0.16982151128032D+02  0.82189042613745D+01 -0.22768671231091D-04  0.26100415818243D-03 -0.32230798386390D-03
  0.46892002806558D+01 -0.19859891121037D+01  0.12078294344680D+02 -0.13509091048056D-03  0.64658657918085D-03  0.30509381754195D-03
  0.67092766692412D+01 -0.85227018530597D+00  0.11921285050270D+02  0.19026577269266D-03 -0.74288255469343D-04  0.13391901664985D-03
  0.47140740080625D+01 -0.48711986818952D+01  0.11813932598484D+02 -0.56686935161697D-03 -0.35671585181668D-03  0.10349150756004D-02
  0.71236295649939D+01 -0.61198908687711D+01  0.11766403995339D+02 -0.13292428742542D-03  0.67250890405320D-04 -0.46720422965511D-03
 -0.12829963148001D+02 -0.49572481366687D+01  0.13211398296574D+02  0.10544085192004D-03 -0.69222645713843D-04 -0.47050868197831D-03
 -0.14293315944695D+02 -0.17571182953657D+01  0.15594543226722D+02  0.31928842684701D-03  0.39807853281184D-03 -0.33702998806686D-03
 -0.16413901345265D+02 -0.31362237667767D+01  0.16189816377953D+02  0.12683516532316D-04  0.16006820984983D-03  0.17171632397490D-03
 -0.80575618054103D+01  0.78660854870057D+01  0.14462610810298D+02 -0.32467285554320D-03 -0.48996559645663D-03  0.54660389379486D-03
 -0.95757586759147D+01  0.59906827993288D+01  0.66162533938425D+01  0.88544147127599D-04  0.64253689756901D-04  0.25601420108000D-04
 -0.18113520723808D+02 -0.23999665772155D+01  0.17217469912147D+02 -0.15068430161840D-03 -0.35782285235005D-03  0.37549288466499D-03
 -0.15612314363650D+02 -0.44823605032327D+01  0.17245498087108D+02 -0.49774206411982D-03 -0.34225453957861D-03 -0.68878402144759D-03
 -0.16919221762786D+02 -0.39227287768609D+01  0.14398025034959D+02 -0.76810294719972D-03 -0.67918270205197D-03 -0.24257476876783D-03
  0.77444897289614D+01 -0.52022327927864D+01  0.13350033914246D+02 -0.30562874681347D-03 -0.56469034267230D-04  0.49188855234657D-03
  0.85058592766057D+01 -0.55294069381727D+01  0.10529090605054D+02 -0.18920134312468D-03 -0.42804766653284D-03  0.44326786916198D-03
  0.70762211669865D+01 -0.81991518458212D+01  0.11802077816760D+02  0.23237004392665D-03 -0.36534993745387D-03  0.81849148347044D-03
 -0.89381289683280D+01  0.65769373918671D+01  0.45982472618631D+01 -0.30339241662967D-03 -0.23206494558373D-03 -0.12027677924643D-02
 -0.10141123863732D+02  0.77964664551534D+01  0.77163017457025D+01 -0.14133344438795D-03  0.10868217672364D-02 -0.17359527429696D-02
 -0.11488273386264D+02  0.51929945862662D+01  0.63203545379038D+01 -0.94389546016305D-03 -0.91422171967022D-03 -0.33454253190700D-03
 -0.63208736948511D+01  0.71202620591587D+01  0.14959020083327D+02 -0.46869779825063D-03  0.83342594436268D-03 -0.50136132637938D-03
 -0.89015857026619D+01  0.92102503174613D+01  0.15533768549620D+02  0.36742569970577D-03 -0.53642035891398D-03  0.19217748286734D-03
 -0.75984596468946D+01  0.87536791236870D+01  0.12598861886289D+02  0.73103652417556D-03 -0.16957892143482D-03 -0.28135650076175D-03
 -0.43135959141586D+01  0.18268043467470D+02  0.93069734670893D+01 -0.11527644370037D-02  0.12484282053376D-02 -0.12226777175437D-02
 -0.75045665139529D+01  0.17334650692860D+02  0.86193875769869D+01  0.18779845684540D-03  0.53102683747876D-03  0.39530756823765D-03
 -0.49387804717807D+01  0.17444191169487D+02  0.62149800573387D+01 -0.20850905647330D-03  0.57636777584982D-03 -0.40656532346172D-03
