 -1.0
 -0.68499429388832D+01  0.10241733929111D+01 -0.17469973749655D+01 -0.22224386981904D-04  0.90061134366746D-05 -0.10669146666123D-03
 -0.52956384797405D+01 -0.81740857852361D+00 -0.57989043170910D+00 -0.21972482270211D-03  0.35531106301017D-04 -0.17875141394207D-03
 -0.31202975671708D+01 -0.12982932361490D-01  0.77563942448037D+00  0.16172948166738D-03 -0.27150368616704D-03 -0.38354014062242D-04
 -0.18562937377981D+01  0.21264313843329D+01 -0.41074044626009D+00 -0.33205639383218D-04  0.34790107185988D-03  0.21176062454894D-03
 -0.34301012396898D+01  0.39705193922294D+01 -0.15379746826763D+01  0.30190675050723D-03  0.22013222225482D-03  0.56046838551111D-03
 -0.58921025178041D+01  0.33638649744382D+01 -0.21305764765556D+01  0.93752130528752D-04  0.16485902053902D-03 -0.16202035704576D-03
 -0.16388304654089D+01 -0.11468587949956D+01  0.26523795941928D+01 -0.35208796667331D-03 -0.20691644926530D-03  0.11680913517077D-03
  0.95282472221820D+00 -0.62456527825617D+00  0.29085440160956D+01  0.29997674552062D-03  0.47258347526521D-04  0.55320649701221D-04
  0.18242670600251D+01  0.15417182012662D+01  0.18995838613169D+01 -0.30664046270140D-03  0.48688222570205D-03 -0.27308494119431D-04
  0.44398941989714D+00  0.30581107813081D+01  0.37641773641822D+00  0.19452539595624D-03  0.86373016519078D-04 -0.37824192015137D-03
 -0.25776564852234D+01 -0.31792753776942D+01  0.41401208216875D+01  0.25646760006306D-05 -0.35006418136657D-04 -0.83991554014835D-04
 -0.73736831154449D+00 -0.47185234067625D+01  0.55659857631928D+01 -0.10765838188020D-03 -0.34228702275514D-04 -0.84254532904978D-04
  0.18096909099242D+01 -0.43595387250210D+01  0.54148906028647D+01 -0.15257158090167D-03 -0.47519308974926D-05 -0.13927753927289D-03
  0.26231568589978D+01 -0.20476450139752D+01  0.46070476955705D+01  0.42006216722794D-03 -0.18272219822026D-04  0.86282061641950D-04
  0.49900728027752D+01 -0.96074801158755D+00  0.55029034652833D+01 -0.67830534568833D-03 -0.21953648079698D-03  0.44006473424474D-03
  0.57117671283260D+01  0.12846577391649D+01  0.44422140166173D+01  0.29381995444224D-03  0.30183756229279D-04 -0.60458191123181D-04
  0.41928063407987D+01  0.25014603445402D+01  0.26823882141266D+01  0.20541358334385D-03 -0.42500394543714D-03 -0.11120615295700D-03
 -0.52400754343636D+01 -0.35730124903359D+01  0.46880099891925D+01 -0.24465563167993D-03  0.17959066780692D-03  0.10207067847320D-03
 -0.57583489483012D+01 -0.58473774601107D+01  0.57582163858596D+01  0.21390619499870D-03 -0.96315362861047D-04 -0.18166497597734D-03
 -0.40590439826057D+01 -0.74590358296980D+01  0.70830339742959D+01  0.55840010107727D-03 -0.14399950188430D-03  0.43009359665258D-03
 -0.15662879199840D+01 -0.69169893335090D+01  0.67906412626993D+01  0.63044004505738D-04 -0.23898111072412D-04  0.32243611564291D-03
 -0.69450507470798D+01 -0.16464222106124D+01  0.40996582349981D+01 -0.40330447106822D-04 -0.90804387754293D-04 -0.15420619846659D-03
 -0.60778978563202D+01 -0.33993017536640D+01 -0.55289113010758D+00  0.20118159824264D-03 -0.29879193666099D-03 -0.19319011158349D-03
 -0.74360434089233D+01  0.50127206076252D+01 -0.36823621650040D+01  0.20773766744617D-03 -0.18651146488752D-03 -0.13032617426640D-03
 -0.50024818280910D+01 -0.10078898326003D+02  0.78761456046468D+01  0.57707404926938D-05  0.35775183890243D-03  0.19559247466753D-03
 -0.30385669909440D+01  0.56932729084527D+01 -0.25232150262321D+01 -0.47296130839055D-03  0.43734254813170D-03 -0.28324406848470D-03
 -0.88642670878177D+01  0.78211088889058D+00 -0.21354403908366D+01  0.31280988265338D-04 -0.74543577452952D-04 -0.29477133316409D-03
  0.51245947046458D+01  0.41749184228024D+01  0.17286746247750D+01  0.78622494867801D-05  0.22717536409309D-03 -0.26520129944284D-03
  0.60161674483372D+01 -0.18849816932658D+01  0.68531446201779D+01 -0.73181729022891D-03 -0.87183870076925D-03  0.15963843517414D-03
 -0.32389816013289D+00 -0.81135623836226D+01  0.77820933436234D+01  0.15284948407583D-03  0.96139361971103D-04 -0.77735421520165D-04
 -0.76772308987990D+01 -0.66351919370255D+01  0.57078982235847D+01 -0.32562565886214D-04 -0.33330483255141D-03 -0.90514532719172D-03
 -0.93976094522442D+01  0.41925419879240D+01 -0.47222994017242D+01  0.13336047248020D-03 -0.24153628655433D-03 -0.14596006309173D-03
 -0.68372089761575D+01  0.74970575135010D+01 -0.37496446749838D+01 -0.66348118581224D-04 -0.15989553772772D-03 -0.76714618907341D-04
 -0.86278663951272D+01  0.87546263497087D+01 -0.51102907035448D+01 -0.11672256038060D-03  0.83805909820450D-04 -0.14319219972234D-03
  0.80606504846524D+01  0.25542080135568D+01  0.52141555017666D+01 -0.41211268668802D-03  0.25759015422004D-03  0.86987130133603D-04
  0.97848729619271D+01  0.10735380728497D+01  0.58967695969288D+01 -0.12561946212859D-03 -0.44871711745313D-03  0.16804351671991D-03
  0.81990047022012D+01  0.50319173006427D+01  0.50622170829764D+01 -0.32944254420397D-04  0.42416725779855D-03 -0.11446900228323D-03
  0.10703954305914D+02  0.57657249941515D+01  0.55956224215996D+01  0.61804205950184D-03  0.20160593567553D-04  0.22905243647257D-03
 -0.72888125668714D+01 -0.10655096008263D+02  0.78594296638046D+01 -0.24523633883956D-03  0.80790718261366D-04 -0.97783731809829D-04
 -0.29665174912998D+01 -0.11770325212570D+02  0.79433663457693D+01 -0.10227670675490D-03  0.61703273315947D-04 -0.19848490496538D-04
 -0.37750201338416D+01 -0.14207752710082D+02  0.79948302796866D+01 -0.10770870192918D-03 -0.15321345074410D-03  0.49694935187113D-04
 -0.93887230044370D+01 -0.20752362939442D+01  0.54962603078689D+01 -0.17813199033016D-04  0.29566849025966D-03  0.87710421003237D-04
 -0.87203373460510D+01 -0.37636095060885D+01 -0.97826337505540D+00 -0.17088391020795D-03 -0.90242398609020D-04  0.81984348961387D-04
 -0.50593556782954D+01 -0.14520524026420D+02  0.97022743957482D+01  0.35891429836015D-03  0.83869365490010D-03  0.38584486233636D-03
 -0.20981174473189D+01 -0.15336074734718D+02  0.79741749224494D+01  0.47577891710671D-03  0.17744296555477D-03  0.97711535688931D-04
 -0.47133482866533D+01 -0.14681274116341D+02  0.63028662186724D+01 -0.29889019348328D-03 -0.89913708999353D-03  0.56629938537877D-03
  0.11384338704529D+02  0.69514784734988D+01  0.40664292559300D+01 -0.41930945068311D-03  0.10577435702027D-03  0.61677883439844D-03
  0.12036344023012D+02  0.42038554015123D+01  0.55911416679310D+01 -0.17705168409075D-03  0.90924073050509D-03 -0.11121320110264D-03
  0.10975228672563D+02  0.67587610541222D+01  0.73147430872674D+01  0.69856034190208D-04 -0.69447649614751D-03 -0.35722572196229D-03
 -0.96941618896555D+01 -0.23331996434309D+01  0.19681117537769D+00  0.44667549700271D-03 -0.58707544355044D-03 -0.27129898413853D-03
 -0.92166558931993D+01 -0.57479614659547D+01 -0.35723069383272D+00  0.55118646211671D-03 -0.49358971590518D-03 -0.19906403156501D-04
 -0.91241688498880D+01 -0.36016828811092D+01 -0.30933296246130D+01  0.12136692163508D-03  0.11788958758472D-03 -0.53130030365907D-03
 -0.10579075555343D+02 -0.45309674984338D+00  0.58120537550169D+01 -0.31152052230110D-03 -0.47258889967915D-03  0.63908876956462D-03
 -0.93403244533054D+01 -0.27253831101018D+01  0.74352738909199D+01  0.21633891977853D-03  0.84909064572077D-03 -0.57226497195939D-03
 -0.10629355329932D+02 -0.30843502160674D+01  0.41473740724398D+01 -0.28085677945810D-03 -0.46115678662245D-04  0.11787472217921D-03
 -0.77371206490281D+01  0.10637109934688D+02 -0.53185658152038D+01 -0.25867405314349D-03  0.53789778304126D-03  0.17034477987937D-03
 -0.10272629691726D+02  0.86317386084268D+01 -0.36610363097021D+01 -0.70101478959471D-04 -0.42531427177076D-03 -0.91134149174452D-04
 -0.86271543801368D+01  0.77845123928489D+01 -0.69209606679006D+01  0.24905274096562D-03 -0.24355023586797D-03  0.63738461823777D-03
 -0.28324468121929D+01  0.72158348377829D+01  0.55448052872697D+01  0.17340617205838D-03 -0.15121117721529D-04 -0.29514486194325D-04
 -0.34586430813007D+01  0.50778678715081D+01  0.68786361186148D+01  0.29903405041049D-03 -0.90594555833582D-04  0.19443143845448D-03
 -0.15409000769404D+01  0.38765551780425D+01  0.85158601922841D+01 -0.16978266857315D-03 -0.71121079621661D-04 -0.49438572688481D-03
  0.86148725975158D+00  0.51645231233678D+01  0.86023218483619D+01  0.23140829215635D-03  0.36392200132786D-03  0.12534435033895D-03
  0.12921114425011D+01  0.73164391998243D+01  0.71686750150794D+01 -0.25742026228586D-03  0.23374249874898D-03 -0.80279748543490D-05
 -0.44630111080894D+00  0.82427542969348D+01  0.57274274040850D+01  0.25799319764052D-03 -0.14975651484318D-03 -0.62527932597322D-04
 -0.18477803578547D+01  0.19178043839067D+01  0.10310752878270D+02  0.77446017164439D-04 -0.65098853885167D-04  0.36414049646305D-04
  0.45139180648614D+00  0.68733655562857D+00  0.11134806279744D+02  0.98570883752810D-04 -0.25258415593218D-04 -0.71216629255723D-04
  0.27527813141451D+01  0.18026669221609D+01  0.10778944324189D+02 -0.58878329624192D-04  0.19111820029879D-03  0.18316042752596D-03
  0.30349863286810D+01  0.40929454456624D+01  0.96795592140206D+01  0.17202314649198D-03 -0.31625381937009D-04  0.74248032346519D-05
 -0.41705256155108D+01  0.69809969786423D+00  0.10958870847112D+02 -0.10770908611876D-03 -0.54804768197443D-03  0.89661649591267D-04
 -0.40469083848791D+01 -0.20435643266623D+01  0.11460035266390D+02  0.36535449739956D-03 -0.16584179244821D-03  0.41411257225331D-04
 -0.19821647776047D+01 -0.32390769319821D+01  0.12243068411042D+02 -0.41427099526746D-04  0.28882508028399D-03 -0.26031525317161D-03
  0.68420926262666D-01 -0.16859851488058D+01  0.12391242141396D+02 -0.46478073202153D-03  0.21430634088685D-03  0.43134048644626D-03
  0.22968999299425D+01 -0.28090964364852D+01  0.13557043761751D+02  0.78649252291793D-04 -0.13385705317563D-03 -0.67468054506625D-03
  0.45883701551178D+01 -0.14953406047312D+01  0.13581583674470D+02  0.22405185792416D-03  0.25722779295739D-03 -0.22366755826066D-04
  0.47078315223195D+01  0.76165131743037D+00  0.12163473342087D+02 -0.14825515551813D-03  0.28911644611250D-03  0.32597258911780D-03
 -0.64828333921173D+01  0.20669573901215D+01  0.11585536817269D+02 -0.16981898512565D-03 -0.22246636658515D-04 -0.17790814316389D-03
 -0.87108788805040D+01  0.74405522735471D+00  0.11456057652726D+02  0.17777593744028D-03 -0.66006741838415D-04  0.96172161312264D-04
 -0.87310248700384D+01 -0.18569987440849D+01  0.11495403267152D+02  0.19753357166741D-03 -0.38921513212800D-03 -0.37762618105862D-03
 -0.64968837035624D+01 -0.31833413624033D+01  0.11467607086352D+02  0.34821914809570D-04 -0.75700906782667D-04  0.23435183965780D-03
 -0.64250698456976D+01  0.46461620333423D+01  0.11656263627652D+02  0.77419225575934D-04 -0.41113110530917D-04  0.35437878670922D-03
 -0.58353759831138D+01  0.40837754350606D+01  0.64470417045341D+01  0.48317130918445D-04 -0.18956129992084D-03  0.20109110120142D-04
  0.34076383791019D+00  0.10515500019849D+02  0.43002504812183D+01 -0.58288787925549D-03 -0.14439839676166D-03 -0.51513553919708D-03
 -0.11162621530011D+02 -0.31385908499083D+01  0.11151179952842D+02 -0.16417294890283D-03  0.16385185073260D-03  0.12259427051709D-03
  0.32834548173904D+01  0.82363451278924D+01  0.70607608434488D+01  0.20857443010361D-04  0.77143737017133D-04  0.10297939053888D-03
 -0.39921557297269D+01  0.81564904976108D+01  0.41837077787622D+01 -0.61086294792984D-04  0.27823559019581D-03 -0.92029744430390D-04
  0.66741983236228D+01  0.15172593584366D+01  0.11757384127866D+02  0.27788814552062D-03  0.26811640679174D-03  0.25380185271590D-03
  0.22606242159126D+01 -0.43462145495444D+01  0.14826295907441D+02  0.28488477232927D-03  0.31152324168765D-04  0.79830954841909D-04
 -0.64804112254548D+01 -0.52400493271256D+01  0.11436712003425D+02 -0.59609241457740D-03  0.55701114383879D-03 -0.31437649404908D-03
 -0.10617574557580D+02  0.14598032141167D+01  0.11889708716679D+02 -0.33976757556376D-03  0.93789041365294D-04  0.11253594506330D-02
  0.25910028722212D+01  0.10882526711935D+02  0.39339755395935D+01 -0.97484904621955D-04  0.51926704936462D-04  0.23540987564557D-03
 -0.15076258398896D+01  0.12085229730036D+02  0.34207568247500D+01  0.33673536938567D-04  0.15455636786407D-03 -0.24664856915671D-03
 -0.13775838613741D+00  0.13748773119395D+02  0.17384518156239D+01  0.12969596776571D-03 -0.29605359272278D-03  0.23839734623869D-03
  0.70764987708901D+01 -0.25018078514983D+01  0.14625080786313D+02  0.47761284042624D-04  0.71199498182441D-04  0.69094205268715D-04
  0.90045521146239D+01 -0.22224752592779D+01  0.13511025899243D+02  0.11031554569608D-03 -0.19097426588370D-03  0.20570466092059D-03
  0.69684366553918D+01 -0.37684845098059D+01  0.16893208966838D+02  0.13279371757676D-03 -0.18818627543956D-04 -0.93042433572213D-03
  0.91716317050376D+01 -0.48086772959830D+01  0.17547602337490D+02 -0.23412398014794D-03 -0.11705049738848D-03 -0.29917591278777D-03
 -0.13045385405135D+02 -0.21307561406176D+01  0.10261063792165D+02  0.29103613457950D-03  0.14920094733728D-03 -0.10271989245987D-03
 -0.11143022913054D+02 -0.57042171645757D+01  0.11633888223943D+02 -0.26872886013327D-03 -0.54005715895175D-04  0.38319616732471D-03
 -0.13212995084940D+02 -0.71803983036765D+01  0.10864738407925D+02  0.12019629268875D-03  0.32445324218834D-03 -0.20060419525973D-03
 -0.86532471507195D+01  0.60802502084846D+01  0.12077117959252D+02  0.13581355503265D-03  0.90449981240845D-04 -0.27918915834759D-03
 -0.71692921766777D+01  0.47065518279707D+01  0.43227985807931D+01 -0.67275879886012D-04 -0.14637334954114D-03  0.30477775337182D-03
 -0.13410676032021D+02 -0.74106860012578D+01  0.87557554993557D+01 -0.59654783597937D-03  0.19240560572513D-03  0.36959781114112D-03
 -0.14808845983673D+02 -0.59271332768722D+01  0.11542747697373D+02 -0.59971699895460D-03  0.71533337887189D-03 -0.68802934635798D-03
 -0.13226228135173D+02 -0.89899207206030D+01  0.12018226416141D+02  0.52979586842969D-03 -0.18459296548461D-03  0.48201517360964D-04
  0.10506741203916D+02 -0.33071994280363D+01  0.17659707581187D+02 -0.29985083319569D-03 -0.77657590860110D-04 -0.98570930973729D-03
  0.99467838600542D+01 -0.61570577525866D+01  0.15965009245549D+02  0.54908858647474D-03  0.12159280614569D-03 -0.69297988079007D-04
  0.91511590445799D+01 -0.63224167822230D+01  0.19181562813154D+02 -0.99057601448167D-03 -0.72864809082022D-03  0.39954557780515D-03
 -0.90566554174825D+01  0.37084902191807D+01  0.42924238034885D+01 -0.19004680014082D-03  0.42736288384443D-05  0.59315307482303D-03
 -0.61110674621786D+01  0.42175665410461D+01  0.25393074892510D+01  0.12089387047564D-03  0.50252716513776D-03  0.11894073985442D-03
 -0.75263726820786D+01  0.68044300898744D+01  0.40517970407727D+01 -0.15144987788298D-05 -0.28824241506511D-03 -0.26139570454881D-03
 -0.80875465423538D+01  0.80327063840901D+01  0.12425492652850D+02 -0.25803327385412D-03 -0.89796367644142D-04  0.64391610951283D-03
 -0.93316333154497D+01  0.54614486034182D+01  0.13829552887765D+02  0.15950586288721D-03  0.50814759770071D-03 -0.46974854159025D-03
 -0.99315311652016D+01  0.60688138580709D+01  0.10484986447194D+02 -0.17766027865098D-03  0.14849169085202D-03  0.25036638878328D-03
  0.40287756069133D+00  0.15560379059381D+02  0.25583056163037D+01 -0.62041517595716D-04  0.40791463181092D-03  0.80859220768512D-03
 -0.13372996016708D+01  0.14394009998255D+02  0.23464202213009D+00 -0.46234610755605D-03 -0.63487866952823D-03  0.84325094143221D-03
  0.16727659295687D+01  0.12956909267082D+02  0.74299072743400D+00 -0.38050294787512D-03  0.74673252695209D-04  0.10125728341493D-03
