 -1.0
 -0.52981082149139D+01 -0.13847298932622D+00 -0.22853855847399D+01 -0.37070159509461D-03 -0.27855131078658D-03  0.53731468435482D-03
 -0.37675585134610D+01 -0.16015695479988D+01 -0.82734687318750D+00  0.23227632055852D-03 -0.35398216941023D-03  0.39256233045449D-04
 -0.19535048190066D+01 -0.24616944515840D+00  0.73422676801642D+00  0.38091444423863D-03  0.44991920768162D-03  0.51287296343528D-03
 -0.15533672829464D+01  0.24393724689606D+01  0.36704581143771D+00  0.16813616657516D-03  0.38222411263111D-03 -0.13824622645252D-03
 -0.32883902662086D+01  0.38808701181502D+01 -0.10043132752623D+01  0.52764177899444D-04 -0.18373161471772D-03 -0.31116768424005D-04
 -0.50391882107723D+01  0.25878815742372D+01 -0.23790298547590D+01 -0.15747259920358D-04  0.24449912776765D-03  0.12972064659792D-03
 -0.66560333013516D+00 -0.14449481478520D+01  0.28321319803738D+01 -0.36447530861890D-03 -0.40655566085564D-03 -0.44678648558000D-04
  0.15302144498966D+01 -0.77860275380714D-01  0.35018009285684D+01  0.12870586606226D-03  0.15577271667210D-05 -0.30112223908054D-03
  0.20517811626879D+01  0.23632874695451D+01  0.27661989644692D+01  0.23557335318965D-03 -0.11075650609630D-04 -0.80874423538200D-04
  0.51905342099558D+00  0.37092284751625D+01  0.13086003159396D+01 -0.92334888533132D-04 -0.15368337175921D-03 -0.24297648917068D-03
 -0.16045251803041D+01 -0.34975090034125D+01  0.46263050462800D+01  0.22560149632949D-03 -0.37101652762660D-03  0.21316194972239D-03
  0.20381213348061D+00 -0.47454122257661D+01  0.59684324312839D+01 -0.16745596388456D-03  0.48604867628894D-04 -0.33049255253097D-03
  0.25243867665175D+01 -0.37520127187454D+01  0.59984790160971D+01  0.18958744530290D-03  0.42476367261809D-03 -0.17324284206369D-03
  0.31509146646881D+01 -0.14501632546957D+01  0.50146702782381D+01  0.81865701506577D-04  0.11407774273628D-03  0.16490443186656D-03
  0.54210131930449D+01 -0.35600025913479D+00  0.58509715650872D+01 -0.66184600029848D-04 -0.25328949529851D-03  0.49715152168246D-03
  0.61143780769683D+01  0.20396168313287D+01  0.49725537384465D+01 -0.30609759518191D-03 -0.30707421207995D-03 -0.11000083693574D-03
  0.42983154557516D+01  0.34871211525011D+01  0.37469000178128D+01  0.63712518511574D-04 -0.41325639823989D-03 -0.41656225367348D-04
 -0.41540524542596D+01 -0.45151928137630D+01  0.47388878224398D+01 -0.81649292799179D-04 -0.33395991020116D-03  0.52501631839663D-03
 -0.47444345414987D+01 -0.64551082282979D+01  0.62969246221973D+01 -0.27487016337705D-04 -0.55040545227321D-03  0.43154087493289D-04
 -0.29482594328381D+01 -0.78565296305197D+01  0.74760005734717D+01 -0.23207421365633D-03  0.16002545138793D-03 -0.61545068699731D-05
 -0.53937998585507D+00 -0.70299669460257D+01  0.74486733953908D+01 -0.22477647551831D-04  0.30199423714229D-03  0.65600621116827D-04
 -0.61391439195263D+01 -0.34563877050858D+01  0.34013521313731D+01  0.39880562908682D-03 -0.45449441578105D-03  0.89956906061170D-04
 -0.35394346202877D+01 -0.41963877015031D+01 -0.83877201576555D+00 -0.32371150223553D-03 -0.19198881529475D-03  0.23684961386928D-03
 -0.67349778175200D+01  0.40669210712885D+01 -0.39226922602532D+01 -0.53716918202771D-03  0.33716541249473D-03 -0.16254997428569D-03
 -0.36210731392475D+01 -0.10083490674109D+02  0.91887074012368D+01  0.12383468128497D-03 -0.45619936130429D-04  0.32143429389348D-03
 -0.30017147974341D+01  0.58907662186126D+01 -0.92456351548899D+00 -0.35962675410335D-03 -0.26085532099816D-03 -0.12079305727139D-03
 -0.67906082738797D+01 -0.11829329612612D+01 -0.33523481819236D+01 -0.13216567327165D-03 -0.16924831258663D-03 -0.92958621620751D-05
  0.45806088843819D+01  0.54358367804174D+01  0.31548106130480D+01 -0.52062211077130D-03  0.10999405642250D-02 -0.43176676936010D-03
  0.67110458265175D+01 -0.12674055272946D+01  0.71714882184088D+01 -0.42639009573201D-03  0.42970501690341D-03  0.29367356603303D-03
  0.82587183009794D+00 -0.77954172661806D+01  0.88235037991826D+01  0.13929444013703D-04  0.15094014486971D-03 -0.46626743269945D-03
 -0.65710121172174D+01 -0.71525614169344D+01  0.68002611149350D+01  0.75995738619577D-04 -0.29545560774590D-03  0.15573385953883D-03
 -0.81862746238454D+01  0.31126436973228D+01 -0.53835223189170D+01 -0.16656444432195D-03  0.24905010534064D-03  0.65814418184613D-04
 -0.59912039437024D+01  0.64882534045116D+01 -0.36348421238471D+01 -0.11307947727644D-03 -0.13295442121797D-03  0.26978329865372D-04
 -0.77736879829046D+01  0.80504585927935D+01 -0.46948390329258D+01  0.31717771789181D-03  0.35884530730045D-03  0.69599026256570D-03
  0.87009295927914D+01  0.29674748434482D+01  0.56003383520663D+01  0.37653712374654D-03 -0.25457911806098D-03  0.56410332606276D-03
  0.10185035818907D+02  0.16044993471896D+01  0.65922645530923D+01 -0.66801198474059D-04  0.15628118337694D-03 -0.23299907536795D-03
  0.88424415699931D+01  0.55787766022500D+01  0.56452652272880D+01  0.41619338739529D-04 -0.17022293813287D-03  0.10012673540161D-03
  0.11289357234317D+02  0.63755626446963D+01  0.66623164180264D+01  0.17330737277431D-03  0.77750229141450D-04  0.88327381935756D-04
 -0.22667403052990D+01 -0.11945451702856D+02  0.94045239782762D+01 -0.16120075719852D-03 -0.32584212135757D-03 -0.16001776871943D-03
 -0.59009988676528D+01 -0.96320084814299D+01  0.10382310601234D+02  0.19810802537552D-03  0.34911728340039D-03  0.17094450634229D-03
 -0.67110608725238D+01 -0.11720696031444D+02  0.11795544942144D+02  0.67795369046206D-03 -0.24783296980567D-04  0.57621392771696D-03
 -0.85090250841011D+01 -0.38821167160070D+01  0.44755453023429D+01  0.20663982405065D-03 -0.13226302764441D-03 -0.22968588989552D-03
 -0.51326753987384D+01 -0.57924150030232D+01 -0.20166664662382D+01  0.28810288946330D-04  0.96112852906561D-04  0.19651048299747D-03
 -0.57182595832698D+01 -0.13308065157986D+02  0.10700530758691D+02 -0.92702095658181D-04 -0.75483824812860D-04  0.39113441909564D-04
 -0.88140996105345D+01 -0.11563785921683D+02  0.11577915551357D+02  0.24864452997053D-03 -0.39472113250151D-03  0.15198280084071D-03
 -0.60758529126490D+01 -0.11661312376513D+02  0.13758376385651D+02 -0.42911795014962D-03 -0.10169341330656D-03  0.26862796206874D-03
  0.11077054108338D+02  0.65748487471744D+01  0.85713270608188D+01  0.68454796366484D-04  0.38529460592547D-03 -0.12170523179178D-03
  0.11460442657792D+02  0.82325370920447D+01  0.59226547281143D+01 -0.26012850802501D-03 -0.13038155326928D-02 -0.67913574905776D-04
  0.12749393812472D+02  0.51517387435457D+01  0.63035916251351D+01 -0.73503929685117D-03  0.56987281224083D-03  0.27971884985199D-03
 -0.72021271578530D+01 -0.53964442791350D+01 -0.20676462190027D+01 -0.79064665621586D-04 -0.17602763524837D-03 -0.11943298684565D-02
 -0.48803150794790D+01 -0.75975440335119D+01 -0.10564314595319D+01 -0.17917851133810D-03 -0.70723519189099D-03  0.31440223243903D-03
 -0.43496884137986D+01 -0.60839760892249D+01 -0.38946329806986D+01 -0.13361916541702D-03  0.27265651685178D-04  0.23636074719312D-03
 -0.93073013895034D+01 -0.56986517757778D+01  0.39448704009306D+01 -0.38350538464087D-03 -0.14496044473214D-03 -0.30303605759054D-03
 -0.97448186771305D+01 -0.24872081494165D+01  0.34756492083722D+01 -0.61378646936780D-03 -0.17676306259485D-03  0.26124194826597D-03
 -0.87353285046301D+01 -0.35093194316295D+01  0.64351874975725D+01  0.51830321928889D-04  0.64253167680223D-03 -0.44496384712703D-03
 -0.93066095794167D+01  0.75094836198513D+01 -0.36229230851480D+01 -0.31640292218281D-03  0.56652229160445D-03 -0.13374674916483D-03
 -0.81960506292687D+01  0.75374352415494D+01 -0.66738437193711D+01 -0.17000627509992D-03  0.10490919692994D-02 -0.11128007597349D-03
 -0.72089481449709D+01  0.10148591596109D+02 -0.43113928565918D+01  0.62673528777885D-03  0.96218302435807D-03  0.22231595084298D-03
 -0.35163293618529D+01  0.69542832836513D+01  0.49547777332223D+01  0.57309542620475D-03 -0.29919245307949D-03 -0.80583735283243D-04
 -0.42279079553588D+01  0.49259039464661D+01  0.64880617254941D+01 -0.60817319520413D-03 -0.83510499318866D-04 -0.13218750991913D-03
 -0.26292772793921D+01  0.44090965623511D+01  0.85543030164330D+01 -0.15906602909698D-04 -0.14353164759869D-03 -0.24746624896510D-03
 -0.25005654257876D+00  0.57925606986995D+01  0.88034074857148D+01  0.35908527249142D-03  0.48686229303345D-03 -0.19648022715205D-03
  0.90876896332681D-01  0.81056971106628D+01  0.74852444611536D+01  0.17241727844551D-03  0.18981839478439D-03 -0.70879371014984D-04
 -0.14780874401643D+01  0.86237091369508D+01  0.54694592044851D+01 -0.69575947788013D-04  0.49710403915694D-04  0.92357622930253D-04
 -0.30572028430047D+01  0.22292081977027D+01  0.10089881140669D+02  0.12944596928171D-03  0.10436246049758D-03 -0.40558817426207D-03
 -0.71191073394377D+00  0.11055696531210D+01  0.10975545866690D+02 -0.12819355388337D-03  0.39122254598498D-03 -0.34936574696279D-04
  0.16625047723792D+01  0.24639270481950D+01  0.10739216500655D+02 -0.84836908166817D-04 -0.17103476279179D-03  0.23433806887994D-03
  0.19062201310149D+01  0.49262748235079D+01  0.10066140761385D+02 -0.52778518052816D-03  0.33910044337483D-03  0.12524632488368D-03
 -0.53365395119224D+01  0.83842393322718D+00  0.10512778021479D+02  0.56513462083544D-04  0.85813133386913D-04 -0.18051001376240D-04
 -0.50456920867000D+01 -0.19003448463649D+01  0.11144111486644D+02 -0.37740310051607D-04  0.27609530300591D-03 -0.26091543624009D-03
 -0.27342090215332D+01 -0.30106927539697D+01  0.11327077336126D+02 -0.78970403834088D-05  0.69102102994673D-03 -0.39480074011255D-04
 -0.75737987013667D+00 -0.15074242190145D+01  0.12014651315456D+02  0.15961537199694D-03  0.21104806923764D-04 -0.43624089133191D-03
  0.17014330424280D+01 -0.25501340050063D+01  0.12653533741102D+02 -0.27753740949511D-04 -0.85826666432234D-04  0.97079518051620D-04
  0.39683416217078D+01 -0.11552744457851D+01  0.12355583993553D+02 -0.13493962896230D-03 -0.44953518780159D-03 -0.15113109072817D-03
  0.38778188283816D+01  0.13118998854303D+01  0.11581687313253D+02 -0.40035781959346D-03 -0.22424884919160D-03 -0.29868669109345D-04
 -0.77174915632671D+01  0.20975722264678D+01  0.10812312494595D+02  0.26240231518745D-03 -0.18218168934725D-03 -0.20328555840471D-03
 -0.97429107056651D+01  0.42184257440275D+00  0.11224702800160D+02  0.45324696186353D-03  0.14104831092410D-03 -0.71101719493309D-04
 -0.95512371459848D+01 -0.23220626862904D+01  0.11341821290868D+02  0.26658811135786D-03 -0.84355608031032D-04 -0.46924785979217D-04
 -0.72347397155574D+01 -0.32817110345194D+01  0.11377613881222D+02  0.20443439395663D-03  0.43526794060656D-03 -0.39407704101948D-03
 -0.77990446130378D+01  0.45111011750576D+01  0.11110741542457D+02  0.10589752893962D-03 -0.12849945205393D-03 -0.37645416499255D-04
 -0.60945248079763D+01  0.30034879963727D+01  0.61213300341730D+01 -0.18344401010404D-03 -0.97688124425370D-04 -0.16352240981130D-03
 -0.10030467823858D+01  0.10765206933641D+02  0.36675467362332D+01 -0.14779001120163D-03  0.14591310798491D-03 -0.20036147801523D-03
 -0.11622074329750D+02 -0.42078204554121D+01  0.11009602649768D+02 -0.26075109097666D-03 -0.29452316210262D-03 -0.30303642013979D-03
  0.18973264612312D+01  0.91236389384922D+01  0.73832008868540D+01  0.14844470656862D-03 -0.57283196592436D-03 -0.76487840022021D-03
 -0.46929177947958D+01  0.74051915678624D+01  0.32280734268159D+01 -0.69910848695440D-03 -0.68598481474141D-04  0.13400615114757D-04
  0.55631395362564D+01  0.25077428712724D+01  0.11769208862813D+02 -0.67511903640191D-03 -0.12135426106790D-03  0.66705839606837D-03
  0.20280933269258D+01 -0.45727902533610D+01  0.13324038358883D+02  0.32757847434826D-05 -0.54645439909919D-03 -0.13818723146017D-03
 -0.71757872144554D+01 -0.53174288605578D+01  0.11846466915550D+02  0.10083452063570D-03  0.42281572765040D-03  0.17195774523659D-03
 -0.11645567412027D+02  0.10578697175719D+01  0.11604579839917D+02 -0.44405758124889D-03  0.70907776949514D-03 -0.33374953625323D-03
 -0.25279216831654D+01  0.11254226882698D+02  0.19879825165994D+01 -0.12411818347997D-03 -0.28728211903832D-03 -0.82106706024105D-04
  0.12078542009028D+01  0.12106329836116D+02  0.39952323952674D+01 -0.72562169673773D-04  0.34400783208983D-03  0.23315623723750D-04
  0.17068115345911D+01  0.13790513657711D+02  0.18758504906376D+01  0.82812246585124D-04  0.37728217459451D-04  0.33832643213581D-03
  0.62957277268337D+01 -0.21058040054717D+01  0.13590532823492D+02  0.47596120422871D-03  0.29802677744353D-03 -0.19810682539747D-03
  0.61092360706472D+01 -0.41829995225670D+01  0.14742441295219D+02 -0.46475365536052D-04 -0.43944815818720D-03  0.52367394824700D-03
  0.83813743315741D+01 -0.65724839182116D+00  0.13810265824883D+02  0.16445133789818D-03  0.40309129511223D-03 -0.80549196148664D-04
  0.99328988621184D+01 -0.18685340152508D+01  0.15422346215563D+02  0.47883046528304D-03 -0.53251724570045D-03  0.55374085507940D-04
 -0.10991972779993D+02 -0.62499770487362D+01  0.10412775451316D+02  0.35988369968045D-03  0.13400165937285D-03  0.92247335470461D-04
 -0.14073728635340D+02 -0.33205089693871D+01  0.11376360931366D+02 -0.58425735695958D-04  0.13505843559609D-03 -0.34486916914452D-03
 -0.15715206583358D+02 -0.55839273855665D+01  0.11305634427367D+02 -0.41349627514665D-03  0.33424320724412D-03  0.21117810684896D-03
 -0.10366034295284D+02  0.55165386532912D+01  0.10607266553890D+02 -0.47495390693950D-04 -0.91564390433405D-04 -0.55227375707144D-04
 -0.74092171277040D+01  0.30054719102077D+01  0.37160178752751D+01  0.14468952914428D-03  0.87569681758236D-04 -0.26620361504379D-03
 -0.15018186111304D+02 -0.65773366256134D+01  0.95722153344928D+01  0.85611902388452D-03 -0.65556638091900D-03  0.34917219467336D-04
 -0.17780781670443D+02 -0.54976500219811D+01  0.11086713593347D+02  0.43336828302414D-03  0.38909262645247D-03 -0.10785701788145D-03
 -0.15052579012546D+02 -0.68560624914971D+01  0.12777889394484D+02 -0.18237552942563D-03 -0.48548060463169D-03  0.44143431983167D-03
  0.11176627759350D+02 -0.38277489098206D+00  0.15962412087677D+02 -0.15310987285654D-03 -0.76724228258680D-03  0.29959243433130D-03
  0.10872363820865D+02 -0.33437895589927D+01  0.14274865305059D+02 -0.13983021027041D-03 -0.81070922269073D-03  0.83812156762334D-04
  0.87048197862042D+01 -0.25045710691557D+01  0.16932547972031D+02 -0.54921482578483D-03  0.36696351500710D-03 -0.20854727464114D-03
 -0.86744083569873D+01  0.13486066990687D+01  0.36056820174824D+01 -0.41012781670995D-04  0.10944711872157D-03 -0.41870822048239D-03
 -0.59217458190375D+01  0.28989586273155D+01  0.23135119185407D+01  0.18746200738635D-03  0.43124160217709D-03 -0.91477730968068D-04
 -0.83645628368949D+01  0.47952828448763D+01  0.32520339229007D+01 -0.65439649020383D-03  0.38853801553229D-03 -0.35193834327460D-03
 -0.11223976435665D+02  0.43608197725596D+01  0.90490455256930D+01 -0.36832284590408D-03 -0.65687085169717D-03 -0.55669880637082D-03
 -0.10353271153044D+02  0.74764863813964D+01  0.10069118969537D+02 -0.18339808196798D-03 -0.68262563294181D-03 -0.69954543005918D-03
 -0.11738809767845D+02  0.50026116587433D+01  0.12347740450096D+02  0.12911614422419D-03 -0.28949818478736D-03 -0.11324179802315D-04
  0.26598976839985D+01  0.15533020705496D+02  0.24031532574952D+01  0.34128562622062D-03 -0.99894040525196D-04  0.97341742245406D-03
  0.15646690295185D+00  0.14310090295184D+02  0.63307541153006D+00 -0.94491323271096D-03  0.11054876883527D-03 -0.16091955819870D-03
  0.28634471569348D+01  0.12579274704956D+02  0.44745979922722D+00  0.12585116143079D-03  0.74334627231986D-03 -0.17838306048383D-03
