 -1.0
  0.53004229911958D+00 -0.21374637542651D+02 -0.71049693332898D+01  0.43709137223179D-03 -0.58872463377506D-03  0.46521655351039D-03
  0.46631138661362D+00 -0.19886443884024D+02 -0.92536946904193D+01 -0.95629809169636D-04 -0.54778122927179D-03 -0.27941945792627D-03
  0.22609904051662D+01 -0.20155051068806D+02 -0.11324911291065D+02  0.75525258368481D-04 -0.35312474677948D-05 -0.70638613599248D-03
  0.46102418120556D+01 -0.21012789572456D+02 -0.10591803632094D+02 -0.40554640220787D-04 -0.27477501665296D-03  0.25237344223239D-03
  0.47450536426349D+01 -0.22342847072992D+02 -0.82638942312248D+01 -0.86072708823461D-03 -0.12376948836306D-03 -0.80276005789723D-03
  0.27381264372078D+01 -0.22728201259968D+02 -0.67908542104771D+01 -0.12045175331873D-03  0.53385198990613D-03 -0.69723707075480D-03
  0.19703510249209D+01 -0.19072472989905D+02 -0.13854258338308D+02  0.32274964559431D-03  0.23677497099701D-03 -0.41219517753349D-03
  0.42159355255171D+01 -0.18168949430799D+02 -0.14578841940087D+02  0.78393715136937D-04 -0.24866285473905D-03  0.37110542014434D-04
  0.67170143916836D+01 -0.19156580581391D+02 -0.13778949717325D+02 -0.33964695637222D-03  0.78628060944523D-04 -0.26506499079384D-03
  0.69109204687470D+01 -0.20684505337551D+02 -0.11939752003556D+02 -0.72640761018365D-04  0.39876880930730D-03 -0.22674341593430D-03
 -0.40421465138052D+00 -0.18036773492391D+02 -0.14857163648761D+02  0.65986812030415D-04 -0.23278066309362D-03  0.51318824742269D-03
 -0.26208666214969D+00 -0.15898365428753D+02 -0.16523058285753D+02  0.44465929344196D-03 -0.45780011578515D-03  0.23950852167092D-03
  0.20347056502146D+01 -0.15502565673851D+02 -0.17683764304667D+02  0.22992201963603D-03 -0.11762734347722D-04  0.16115499012842D-04
  0.42125935158513D+01 -0.16680170085340D+02 -0.17019727289124D+02  0.78908103751264D-04  0.11426265358142D-03  0.17701670973945D-03
  0.66873641157992D+01 -0.15507153686004D+02 -0.17699115374560D+02  0.16946275036075D-03  0.18654365188041D-03 -0.41646214121303D-03
  0.89567913668598D+01 -0.16840159983104D+02 -0.17378383585931D+02  0.25294067231994D-03 -0.99758761776431D-03 -0.39252380544390D-03
  0.88781189531674D+01 -0.18404778785102D+02 -0.15324660945577D+02 -0.31034145334252D-03 -0.29446435712028D-03 -0.24345583666181D-03
 -0.30267399256959D+01 -0.19242274685084D+02 -0.14762861127936D+02 -0.32119794385408D-03 -0.29696087768313D-03 -0.13468356061645D-03
 -0.52718373271038D+01 -0.17950848038110D+02 -0.15486519671719D+02  0.72997419496681D-03 -0.20296995685744D-03  0.12512843282683D-03
 -0.49512709673674D+01 -0.15552006309373D+02 -0.16686450081952D+02  0.29818466655264D-03  0.55024217029999D-03  0.31195740064522D-03
 -0.25790672217333D+01 -0.14625362575600D+02 -0.17233068071074D+02  0.39401708147842D-03 -0.81553733883930D-04 -0.46642532136438D-03
 -0.27966531844199D+01 -0.21786901291298D+02 -0.14559875295769D+02 -0.41711509590846D-04  0.30098240211228D-03  0.41573031496892D-04
 -0.11837183324542D+01 -0.17950355792039D+02 -0.93257362483661D+01 -0.35649649344247D-03  0.10690561572832D-03 -0.74126972105598D-04
  0.31798057367424D+01 -0.24707874517400D+02 -0.47110626039857D+01  0.49543215156781D-03  0.26397168591266D-03 -0.42701625844996D-03
 -0.67054181539371D+01 -0.13886840534489D+02 -0.18412288936565D+02  0.24371285906619D-04  0.93928583790141D-04 -0.34179547261694D-03
  0.66796770359567D+01 -0.22716599412655D+02 -0.75525694395013D+01  0.21595417238745D-03 -0.49294356499791D-03 -0.11547690069729D-02
 -0.12726398516029D+01 -0.21457957338059D+02 -0.59597651630627D+01 -0.73625673708329D-03 -0.17958990849606D-03  0.82985450499879D-03
  0.10580592246636D+02 -0.19215290355324D+02 -0.14514500990223D+02  0.27092202675963D-03 -0.68394819145760D-03 -0.98441958230566D-04
  0.63126934776617D+01 -0.14122002909276D+02 -0.19044949999937D+02 -0.52158712056101D-04  0.13873444277867D-03 -0.33325931990220D-03
 -0.25664664980156D+01 -0.13504800727886D+02 -0.18828372402229D+02  0.10181872037187D-02 -0.94136418501814D-03 -0.42922641369182D-04
 -0.71368753862004D+01 -0.18950869330624D+02 -0.15439283452918D+02  0.20804641923249D-03 -0.11212339846951D-03 -0.12969498475287D-04
  0.46632862348943D+01 -0.24344861849661D+02 -0.28040747373514D+01  0.37175573336776D-03  0.14144759583961D-03  0.29769722860506D-03
  0.19965508442230D+01 -0.27055360394312D+02 -0.45583968398996D+01  0.21331306725689D-03 -0.24033315265653D-03  0.22686530045010D-03
  0.27840474892703D+01 -0.28657372857726D+02 -0.24559539297980D+01 -0.18010593914241D-03 -0.13323687851849D-03 -0.76647521754535D-03
  0.11394756899535D+02 -0.15881429897410D+02 -0.18448759132139D+02 -0.17769548065245D-03 -0.58662363341600D-03 -0.10302657311519D-02
  0.12558217293208D+02 -0.14177211042767D+02 -0.17588691697917D+02 -0.27801649239261D-03 -0.40276228776731D-03  0.16846315965160D-03
  0.11582072535476D+02 -0.16794827226746D+02 -0.20823491412624D+02 -0.37582200054656D-03  0.59797928103927D-03  0.11012379959892D-03
  0.13349805741473D+02 -0.15182850886415D+02 -0.22176189310406D+02 -0.15778587033590D-03  0.33189318135370D-03  0.62052299153610D-03
 -0.70213226207560D+01 -0.11997104284237D+02 -0.17201320167095D+02 -0.27004699524109D-03 -0.53383968750912D-03  0.24514580585961D-03
 -0.71280584857400D+01 -0.14301805452467D+02 -0.20931875512472D+02 -0.14383188489491D-03  0.95605643680164D-05  0.25347723735890D-03
 -0.87922271724496D+01 -0.12644879628898D+02 -0.21657804000524D+02  0.43267919172989D-03  0.37051024519614D-03  0.43275171932015D-03
 -0.37468954320568D+01 -0.22414058205758D+02 -0.12165356689190D+02 -0.33107451017670D-03 -0.19723951227348D-03 -0.42591335643753D-03
 -0.31581171966217D+00 -0.15431196997233D+02 -0.97222239752470D+01  0.65639364020445D-04 -0.73983182514072D-03 -0.60581907841327D-03
 -0.74250586599469D+01 -0.11237818953126D+02 -0.22635846331163D+02  0.12666753426183D-03 -0.74801313464247D-03  0.52980295571472D-03
 -0.98394373314717D+01 -0.11334119897109D+02 -0.20335091359374D+02  0.36120367287901D-03  0.35920904626478D-03  0.22164263331534D-03
 -0.10148146224369D+02 -0.13258870185901D+02 -0.22892571406877D+02  0.48057396000211D-03 -0.26998549375539D-03 -0.16138895962491D-03
  0.12380326672405D+02 -0.13331178456865D+02 -0.22896893610190D+02  0.84409891333940D-03 -0.50353524279026D-04  0.46478020540894D-03
  0.13660636942360D+02 -0.16337962048604D+02 -0.23990919933014D+02  0.24163098916990D-03 -0.10881403470883D-03 -0.40022469978465D-03
  0.15027492982046D+02 -0.14540825344755D+02 -0.21058066915628D+02  0.42559109583674D-03  0.36917709248877D-03  0.54760306545413D-03
  0.18352186737973D+01 -0.15128206696094D+02 -0.94079227604649D+01 -0.39867991000327D-03  0.18509528792732D-03 -0.38704317848434D-03
 -0.16235623983594D+01 -0.14078927664118D+02 -0.87208648764080D+01 -0.65102775624618D-03 -0.55195211619982D-03  0.75255746219024D-03
 -0.61889960542532D+00 -0.14100921678355D+02 -0.11471557368584D+02 -0.35948513731444D-04 -0.44847720944396D-03  0.12042465930550D-04
 -0.51801311799070D+01 -0.23821443654095D+02 -0.12331221525892D+02  0.37175699124217D-03 -0.85443676620162D-03  0.10163574923973D-03
 -0.43682215514968D+01 -0.20670007664297D+02 -0.11545867046463D+02 -0.51004350003845D-03 -0.64589537771748D-04 -0.16018651638715D-03
 -0.26227974576065D+01 -0.23482713614234D+02 -0.10780682405183D+02 -0.11576828484807D-02  0.75729337148914D-03 -0.41500612671609D-03
  0.40401182890415D+01 -0.30497830143808D+02 -0.28927635364733D+01 -0.25400726779014D-03 -0.16949308196018D-02  0.26587190809889D-03
  0.90945770162250D+00 -0.29484133859821D+02 -0.19054436642572D+01  0.72990705079273D-04  0.13635411252121D-03 -0.29807652450991D-03
  0.31587539976166D+01 -0.27598860859879D+02 -0.56607163704700D+00  0.11099811827590D-02  0.16886327396309D-03 -0.13072155156049D-02
 -0.82529441207435D+01  0.17305862194916D+02  0.19950279299076D+02 -0.21119673645843D-03 -0.50089462241522D-04  0.83593754412746D-04
 -0.83248809412160D+01  0.17732685920509D+02  0.22563923851236D+02  0.18304618410185D-03 -0.31814962751435D-03  0.45085973949846D-03
 -0.60806307190717D+01  0.17970289957183D+02  0.24306834880266D+02  0.56008761741523D-04 -0.53817227100611D-03  0.54373136404517D-03
 -0.41067688075553D+01  0.16383806797702D+02  0.23203736057547D+02 -0.36028634076678D-03 -0.87886533141717D-03 -0.19163417996544D-03
 -0.41042970707998D+01  0.15664936210588D+02  0.20486066288904D+02 -0.19318114677545D-03  0.12391147873894D-03  0.36607218982648D-04
 -0.59563541815714D+01  0.16389026729178D+02  0.18899666911706D+02  0.61164528294606D-03  0.33180154313202D-03  0.54172846383850D-03
 -0.59167113816786D+01  0.19257381882168D+02  0.26888381835707D+02 -0.13478738534372D-03  0.96489499521937D-03  0.81628541002033D-03
 -0.39525716272010D+01  0.18591480707027D+02  0.28362971377865D+02  0.10897141940926D-03  0.78217190359287D-03 -0.16538791669405D-04
 -0.17780503218053D+01  0.17294642033581D+02  0.26901790180033D+02 -0.23981941473875D-03 -0.90228985735690D-04 -0.79670097903876D-04
 -0.18482268568528D+01  0.16240250101543D+02  0.24383661189122D+02  0.39867131738426D-03  0.46322871784922D-03 -0.44884408424762D-03
 -0.79573488203395D+01  0.20643644696760D+02  0.27852706008257D+02 -0.22276142664905D-04 -0.42426404114702D-03 -0.15281364681107D-03
 -0.78011260522461D+01  0.21038795966326D+02  0.30504652930300D+02  0.23190323321174D-03  0.44206094259896D-04  0.90311868788786D-03
 -0.59506719692804D+01  0.20265500674739D+02  0.32093453383225D+02 -0.57879317204131D-03 -0.55466915410771D-03  0.44216863123828D-03
 -0.38540509285391D+01  0.19173324804224D+02  0.31047793487633D+02 -0.52634038188874D-04 -0.51887970642449D-03  0.22497360602259D-03
 -0.17344494424425D+01  0.18177348606361D+02  0.32535518368434D+02  0.14627253195295D-03  0.35898022910970D-03  0.17452181901288D-03
  0.33562086153294D+00  0.17442594611308D+02  0.30911509799858D+02 -0.46369869999301D-03  0.66123011387201D-03  0.45887833420830D-03
  0.31615380125241D+00  0.16462446689132D+02  0.28354763016425D+02 -0.42318661598439D-03  0.39146617077667D-04 -0.18578233657390D-03
 -0.97570495398173D+01  0.22250454311829D+02  0.26531952438062D+02  0.32356631645541D-03  0.12884030322248D-03  0.17615830182378D-03
 -0.11496282754636D+02  0.23792637257798D+02  0.27713785177469D+02 -0.33835994646620D-04 -0.10953364118123D-03 -0.90617552399005D-04
 -0.11701073765805D+02  0.23618867138117D+02  0.30206831287652D+02 -0.14341858200268D-03  0.59524871089340D-03  0.18740379974034D-03
 -0.98292049431355D+01  0.22325470765054D+02  0.31480277356955D+02 -0.39803875259339D-03  0.29032510058968D-03 -0.82224993667435D-04
 -0.92088392576341D+01  0.22573799206598D+02  0.23755049653717D+02 -0.54255451469946D-03  0.49714628997422D-03  0.49296674483872D-03
 -0.10616520929781D+02  0.17961792655372D+02  0.23605588737561D+02 -0.94441381666648D-04 -0.14648270194606D-03 -0.52796787682756D-03
 -0.56494542021001D+01  0.15965163099404D+02  0.16144270980904D+02 -0.79782695597928D-04 -0.19106440104738D-04 -0.22557497995927D-03
 -0.13531727716043D+02  0.25339675911351D+02  0.31754944126903D+02  0.21892976742242D-03  0.11167894820558D-04 -0.15030649684488D-03
 -0.25518484179370D+01  0.14391090882729D+02  0.19984126164740D+02  0.23654505045541D-03  0.94562165924150D-03  0.57851231885124D-03
 -0.99170487756172D+01  0.17717513341522D+02  0.19156325569307D+02  0.85331532585162D-03 -0.18584998556319D-03  0.10304687462394D-02
  0.19777214017384D+01  0.15540299950722D+02  0.27522708027315D+02 -0.35728900222237D-03 -0.33082549673779D-03  0.21653432248033D-03
 -0.15348863252026D+01  0.19042126256606D+02  0.34262348321096D+02  0.47229447740590D-04  0.75517027827955D-03 -0.58747023503025D-03
 -0.10273931176038D+02  0.21895479099915D+02  0.33772117039283D+02 -0.53999169906840D-03 -0.73881577510337D-03 -0.16737911232824D-03
 -0.12717654891946D+02  0.24928927057210D+02  0.26573861811330D+02 -0.61701822472980D-04 -0.29505709174140D-03  0.56912347766524D-03
 -0.71790260365882D+01  0.16872471492845D+02  0.14755635509016D+02  0.37497475077419D-03 -0.58339532220734D-04  0.75512514262614D-03
 -0.31196434754238D+01  0.15128062710250D+02  0.15626908003099D+02  0.71866676235384D-04  0.23037986477521D-03  0.17121930050766D-03
 -0.28544383337636D+01  0.15278698727309D+02  0.13006193815059D+02  0.25743705191517D-03  0.98984340694048D-04  0.65604839593261D-03
  0.28480819109616D+01  0.16671025579382D+02  0.32269550563630D+02 -0.72564241541958D-03 -0.87864453907684D-04  0.18654001848687D-03
  0.45669226040137D+01  0.15191985276900D+02  0.31216889404328D+02  0.37920285121732D-03 -0.13718684434761D-03 -0.51024513686975D-03
  0.31722023075164D+01  0.17091388574023D+02  0.34681793442774D+02 -0.95600089717862D-04  0.27614982215604D-03 -0.88540764882206D-04
  0.52578887858040D+01  0.15860390019513D+02  0.35580240491775D+02  0.60687579850826D-03  0.42919136144333D-03  0.42867428036756D-04
 -0.13721812592618D+02  0.24434919339706D+02  0.34038720203335D+02 -0.40511408013352D-03  0.58894248020661D-03 -0.93100061401026D-04
 -0.14832708717901D+02  0.27404998195396D+02  0.30629672827417D+02  0.54740496545973D-03 -0.29652006957601D-03  0.33176231741795D-03
 -0.16210978347237D+02  0.28590285779836D+02  0.32386363945951D+02 -0.36753672028950D-03  0.22282944838231D-03 -0.26171102900714D-03
 -0.10237813617262D+02  0.24558714930568D+02  0.22405094711089D+02  0.55032558287187D-03 -0.33875490907844D-03  0.73084870343217D-06
 -0.12674839477010D+02  0.16387998846863D+02  0.23034923206525D+02  0.42727111868242D-03  0.26220033596999D-03  0.18452562574002D-04
 -0.18237799867805D+02  0.28249080450195D+02  0.33214639544923D+02  0.10766553445296D-02 -0.38151220972798D-03 -0.27082579960002D-04
 -0.15969414814333D+02  0.30473107008424D+02  0.31589300868133D+02 -0.41222630577793D-03  0.12723545787885D-03 -0.53803838176604D-03
 -0.14841214857735D+02  0.28154238529126D+02  0.34028361079586D+02  0.13730238836514D-02  0.30127089456671D-03 -0.94742804902821D-03
  0.62326052973937D+01  0.17622380922059D+02  0.36231488836407D+02  0.14536961468029D-04 -0.25562763181100D-03  0.47501179118118D-03
  0.65282846497144D+01  0.15086055651073D+02  0.33968583181076D+02 -0.35328231114824D-03  0.50268389148180D-04  0.25228871504449D-03
  0.48229999329064D+01  0.14527406048794D+02  0.37004677875513D+02  0.96521899115554D-04  0.98654403069762D-04 -0.80077689826973D-03
 -0.12301177565510D+02  0.14521986024767D+02  0.22005870065389D+02 -0.67357519710542D-03  0.92704091847527D-03 -0.16252628867688D-03
 -0.14316213004385D+02  0.17507732182111D+02  0.22142727213486D+02 -0.73014636268757D-03  0.72885705314861D-03 -0.81694875409317D-03
 -0.13479893335688D+02  0.15529865689778D+02  0.24899819874893D+02 -0.10332653735625D-02 -0.38871484238868D-03  0.11285376432340D-02
 -0.12342155732882D+02  0.24898011112093D+02  0.23010345371667D+02 -0.58552945816162D-04  0.14778262141557D-02 -0.22354151565562D-03
 -0.10282954510364D+02  0.24474744040328D+02  0.20314444823431D+02  0.27643212861055D-03  0.36505952079348D-03 -0.69376563021274D-03
 -0.94495951583650D+01  0.26419498474131D+02  0.22967721336034D+02 -0.37029887031763D-03 -0.21735257920953D-03 -0.79074681039241D-03
 -0.39510501498772D+01  0.13790197274873D+02  0.12157083601763D+02 -0.67414637176490D-03  0.32265420538482D-03  0.75987394137676D-03
 -0.94098429544250D+00  0.14566434140665D+02  0.12389145455310D+02 -0.66897798115329D-03  0.13265027535994D-03 -0.50831493669658D-03
 -0.38803441299654D+01  0.17152394986852D+02  0.12331226209142D+02 -0.12469570797757D-02  0.71010748997594D-03 -0.61753296512831D-03
