   -0.03331511
    0.12528118
    0.01024194
    0.09571482
   -0.02010465
   -0.01284079
    0.03039409
    0.00137988
    0.09609971
   -0.26756673
    0.00854018
    0.09630107
   -0.26284234
    0.09659351
   -0.02637473
    0.01013623
   -0.01519194
    0.14736884
   -0.02442696
   -0.00456608
   -0.01857661
   -0.34905994
   -0.34707771
    0.38373966
    0.37973710
    0.13595269
    0.09579534
    0.12568923
    0.12130907
    0.11789515
    0.10745207
   -0.50882227
   -0.38960090
    0.02955713
    0.36571733
   -0.48586171
   -0.36866146
    0.01860041
   -0.50810760
   -0.37461981
    0.02045325
    0.01353489
    0.01014795
    0.08124560
    0.08776082
    0.12613590
    0.11557324
    0.11865760
    0.07829240
    0.08686094
    0.06740360
    0.08781990
    0.08614479
    0.08110911
    0.06989553
    0.07819774
    0.08380710
    0.12508030
   -0.02893884
    0.12214889
    0.01624367
    0.09432197
   -0.02748117
   -0.00491759
    0.03572737
    0.00097346
    0.09361588
   -0.27080495
    0.01092352
    0.09301464
   -0.26286966
    0.09506765
   -0.02168199
   -0.00268349
   -0.01650334
    0.13548176
   -0.03287601
    0.00512042
   -0.01820458
   -0.35729150
   -0.34474086
    0.37590615
    0.41953511
    0.11740001
    0.11603068
    0.10908246
    0.10822640
    0.12133053
    0.09147308
   -0.48205703
   -0.37617871
    0.03466928
    0.38907189
   -0.49271546
   -0.37392827
    0.01659663
   -0.51689830
   -0.41379606
    0.03030712
    0.00366220
    0.01569419
    0.08254603
    0.08206335
    0.11954944
    0.09591791
    0.09907195
    0.08796493
    0.12090319
    0.06781236
    0.09458389
    0.06371658
    0.08324565
    0.07167804
    0.11533218
    0.12092074
    0.08763663
