 -1.0
  0.10598294761889D+01  0.10220013154718D+01  0.60349799769097D-01 -0.51974380400736D-05  0.47274202057076D-04  0.28253843982107D-03
 -0.91633171325468D+00  0.23381326875181D+01  0.13101321621847D+01 -0.28515075982985D-03 -0.97864341834799D-04  0.43259708755055D-03
 -0.33562643841191D+00  0.32510888461215D+01  0.37979046582679D+01  0.47284496764824D-03  0.17592738136671D-03 -0.27214111321725D-03
  0.15972409529008D+01  0.19447921773425D+01  0.52726229756293D+01  0.36423583879885D-03 -0.26585060715254D-03  0.24915570705256D-03
  0.33333070113381D+01  0.36182607887154D+00  0.40565128906352D+01  0.33696266816094D-03  0.36643584366264D-04 -0.22423797870658D-03
  0.30298971738525D+01 -0.25044395951675D+00  0.15827456322588D+01 -0.47404034145454D-04  0.20110114455307D-03  0.23453165268429D-03
 -0.17229120132018D+01  0.51573932983590D+01  0.49777148335088D+01  0.22550952170791D-03 -0.63180049894799D-03  0.58060277252093D-04
 -0.16300469463119D+01  0.49509838069154D+01  0.76421346526870D+01 -0.14878118339960D-03 -0.38953083935952D-03 -0.13912376911547D-03
 -0.14073818651125D+00  0.31610933352237D+01  0.88862681715901D+01 -0.43452509920212D-03  0.26735008459608D-03  0.91291990849520D-04
  0.17286711721662D+01  0.17970758268619D+01  0.77461157447447D+01 -0.33566274135768D-05  0.60392462319068D-05 -0.32430632579790D-03
 -0.32776130646546D+01  0.72624927183509D+01  0.38812944863161D+01 -0.48374187276936D-03  0.69786205786367D-03 -0.18056275793998D-03
 -0.49427466735661D+01  0.84453559882768D+01  0.55928258543011D+01 -0.88779891053210D-04  0.12619530846727D-03 -0.87960003197270D-04
 -0.48670131059446D+01  0.81399724453362D+01  0.80438941363778D+01  0.27609617280302D-03  0.25351349671300D-03 -0.54603716377184D-04
 -0.35205481046493D+01  0.61872262241120D+01  0.89832831797934D+01  0.13694182667459D-03 -0.58574745822744D-04 -0.69148352842497D-03
 -0.42510155139074D+01  0.52846244841927D+01  0.11426328470737D+02 -0.43107590332040D-03 -0.27239080611227D-03  0.17393847205749D-03
 -0.27531211323583D+01  0.35865847346139D+01  0.12696945957358D+02  0.23767637583084D-03 -0.20591068158447D-03  0.69345886278214D-03
 -0.56836760689905D+00  0.26258327428781D+01  0.11438679678029D+02  0.24497326628127D-03 -0.11412674232507D-03  0.21083653651697D-03
 -0.25624154895320D+01  0.82469848146539D+01  0.15291411947800D+01  0.38660907688826D-04 -0.22162880203801D-03  0.18460765393469D-03
 -0.42353099051291D+01  0.10104099042143D+02  0.51958035176810D+00 -0.12699448793755D-03 -0.42862894097527D-03  0.36822184472143D-04
 -0.60830528585534D+01  0.11133834895504D+02  0.20393094885925D+01  0.17076942860218D-03  0.19368373753689D-03 -0.19637350510473D-03
 -0.63111429752245D+01  0.10542208882936D+02  0.45313779688273D+01 -0.13035040975891D-03  0.66341768081566D-04  0.84035116955697D-04
 -0.28202738867752D+00  0.74933500265201D+01  0.33781655774076D+00 -0.19101191231140D-03 -0.11423715061393D-03 -0.14056761566847D-05
 -0.31051228773945D+01  0.30784548225496D+01  0.21337310047787D+00  0.11583273863153D-03  0.25097769208070D-03  0.89641103660017D-04
  0.48658773398105D+01 -0.22000586598227D+01  0.37351576063305D+00  0.40586875709873D-04  0.50163972681331D-03  0.18737499858069D-03
 -0.78836064413297D+01  0.12839007472377D+02  0.84461330554267D+00 -0.12891178712936D-03 -0.45224423301748D-03  0.58709999393778D-05
  0.47279660500867D+01 -0.52034919723810D+00  0.51774098664492D+01  0.42625157740039D-03  0.10959099473558D-03 -0.70019763625857D-03
  0.11765805873928D+01  0.52717102114896D+00 -0.20136911206409D+01  0.55812481980606D-04  0.52966334821278D-03 -0.92156377950574D-04
  0.57298714087718D+00  0.14386979139207D+01  0.12562091376451D+02  0.16611258443726D-03  0.29364228121787D-03 -0.57230966521455D-03
 -0.54842193079135D+01  0.65065417313652D+01  0.12438965342318D+02 -0.42626377335024D-03 -0.73266797819431D-04  0.37993231331848D-03
 -0.77074829329787D+01  0.11391412512739D+02  0.58249340088474D+01  0.18225418552910D-04 -0.31394610605132D-04  0.23952450100397D-03
 -0.43851035041235D+01  0.10858945920007D+02 -0.13753396486418D+01 -0.26990262559692D-03 -0.34823533914364D-03 -0.24915781492224D-03
  0.65393979067377D+01 -0.30202931925170D+01  0.16384624024746D+01  0.10059005773710D-03  0.16965829337947D-03 -0.14392099374850D-03
  0.43104727631953D+01 -0.27465808796436D+01 -0.20812415751494D+01  0.19928370994530D-03  0.24511952477027D-04  0.72875608453375D-04
  0.61292595877582D+01 -0.43253496412133D+01 -0.28022770014619D+01  0.39221819109075D-03  0.36981189720579D-04 -0.29484475243484D-04
 -0.29605218599809D+01  0.28604182729924D+01  0.15377705250220D+02 -0.46704398648508D-04 -0.16580355082248D-03 -0.14521339565814D-03
 -0.16727588635384D+01  0.97738387298401D+00  0.15920840650355D+02  0.31786184609680D-03  0.25957622856258D-03 -0.16031833663369D-05
 -0.45412093049515D+01  0.41014081707679D+01  0.17024190732212D+02  0.51418415594189D-05  0.26893105554443D-03  0.13426654324465D-03
 -0.45049774873674D+01  0.28901956967983D+01  0.19253732330800D+02 -0.26122040246810D-04  0.94704252013764D-04 -0.42453798531752D-03
 -0.75048013689549D+01  0.13351590827345D+02 -0.14001029908431D+01  0.20606368962409D-03  0.44584605830223D-03  0.30985327118372D-03
 -0.96940232420636D+01  0.13659730887625D+02  0.24491507412283D+01 -0.20573143915551D-03  0.65050585135677D-04  0.12605344797641D-04
 -0.11084826526911D+02  0.15620742187865D+02  0.13622858454140D+01  0.18419145239913D-03 -0.69183416667421D-04 -0.16213955300621D-03
  0.18795676783946D+01  0.88276075325303D+01  0.80628675143071D+00 -0.21513181359447D-03 -0.40130744397616D-03  0.93333104950674D-04
 -0.39967989330198D+01  0.17929339210473D+01 -0.19852608216804D+01 -0.14188176535343D-03  0.38961998546662D-03  0.27031632086235D-03
 -0.96287767705491D+01  0.17021140003341D+02  0.94056438636712D+00  0.29445473632342D-03 -0.37213822663220D-03 -0.54411063357536D-03
 -0.12381133435433D+02  0.16367879957690D+02  0.28380759623038D+01 -0.32048895860493D-03 -0.34150441158774D-03  0.12152579648594D-03
 -0.11983495136421D+02  0.15064880634952D+02 -0.40595322876140D+00 -0.15905543465224D-03 -0.47492489164847D-03 -0.69661584646170D-03
 -0.49678187752851D+01  0.44291795336808D+01  0.20705451594383D+02 -0.11431969451827D-03 -0.68291385660174D-03  0.36099761766328D-03
 -0.26107337225550D+01  0.21905928661274D+01  0.19680125411331D+02  0.52415995414438D-03  0.69684425579930D-03 -0.34205779911855D-03
 -0.60836122390317D+01  0.14338536445261D+01  0.19222165182938D+02  0.15865352431652D-03 -0.93037660305788D-04  0.10364422451943D-03
 -0.24708228023111D+01  0.11268217237833D+01 -0.33643373275661D+01  0.15287078621202D-03 -0.43290729728730D-03 -0.11816287846432D-03
 -0.49290057518929D+01  0.30417849864024D+01 -0.32340847509564D+01  0.45820616144881D-04 -0.21243791743042D-03 -0.35293552100374D-03
 -0.52517788942092D+01  0.20837908729651D+00 -0.10742106524521D+01  0.11237641540397D-03 -0.63283790655293D-03 -0.24936163000283D-04
  0.17510514480911D+01  0.10859824989912D+02  0.75629125606992D+00  0.20400965851434D-03 -0.25294679607892D-03  0.14545600469218D-03
  0.33462668395360D+01  0.83146969511601D+01 -0.54537789670169D+00  0.37747457376793D-03  0.64207380653764D-03  0.21280627684337D-03
  0.25393657796499D+01  0.82878232746781D+01  0.25620020707037D+01 -0.51435104259507D-04  0.38070066152705D-03  0.66511038052315D-03
  0.57721568953705D+01 -0.63394089190023D+01 -0.21093899688300D+01 -0.58068850213687D-03  0.52186903136459D-03  0.48846889939940D-03
  0.78250466717586D+01 -0.39386017318141D+01 -0.16474006749891D+01 -0.55511285745787D-03  0.16077933913837D-03  0.93282454409507D-04
  0.62657600310628D+01 -0.44492930902437D+01 -0.49213923672869D+01  0.18777505537391D-03 -0.58078116667416D-04  0.13388347430331D-04
  0.15114737631096D+01 -0.62021120855839D+01  0.23883969902323D+01 -0.72107588334046D-03 -0.15556610834761D-04  0.15196694474657D-04
  0.12107766717515D+01 -0.53077594522506D+01  0.49275467812302D+01 -0.52598784159015D-03  0.12157901218566D-03  0.13266199039820D-03
 -0.12200831104430D+01 -0.41556300517684D+01  0.56396456169628D+01  0.15385828913593D-03 -0.35353570033303D-03  0.56537428763087D-04
 -0.27723119919914D+01 -0.32169599194456D+01  0.37226845267212D+01 -0.31239081114969D-03 -0.36854285668277D-04  0.32584710893199D-03
 -0.22282012334310D+01 -0.39966750177629D+01  0.12155447369931D+01  0.11934488572200D-04 -0.26253434755793D-03  0.69204949718452D-04
 -0.32110882608107D+00 -0.56080274146748D+01  0.64209643363662D+00 -0.10917436911399D-03  0.32090562953282D-03  0.37402514383339D-03
 -0.26534553128353D+01 -0.38894304864087D+01  0.79650163084011D+01  0.64505815319854D-04  0.19627269081655D-03 -0.33405069793595D-03
 -0.46379163623286D+01 -0.20768113917479D+01  0.81658152998122D+01 -0.22533314392393D-03  0.17818867237933D-04  0.48634107163373D-03
 -0.52802825295159D+01 -0.70975812975120D+00  0.59818885522162D+01  0.12380940963037D-04 -0.25149887484375D-03  0.40553441286053D-03
 -0.47021020943676D+01 -0.15556809166035D+01  0.36575749284574D+01  0.56614330804905D-04  0.32607327896923D-03 -0.62288647724969D-05
 -0.21709314922928D+01 -0.51666163882633D+01  0.10408663047537D+02 -0.26734849045461D-03  0.28900651854949D-04 -0.24021371740805D-03
 -0.30133394862351D+01 -0.40405110758075D+01  0.12689654856525D+02  0.29440197955582D-03 -0.35931414133419D-04 -0.30446435086495D-03
 -0.44832101993241D+01 -0.19743919277624D+01  0.12833500154357D+02 -0.20620098573459D-03  0.57979997967859D-03 -0.47282039028311D-03
 -0.56367794757094D+01 -0.12675890440044D+01  0.10507248618378D+02 -0.53814705361760D-05 -0.30469000562201D-03 -0.11631051638255D-03
 -0.74456911163488D+01  0.55055290852557D+00  0.10544643313488D+02  0.54230600437875D-03 -0.14845990114723D-03 -0.27357094014236D-03
 -0.81442195964807D+01  0.19037403064718D+01  0.84004718582053D+01  0.53690374409005D-03 -0.31708536027086D-03  0.50555190379823D-03
 -0.71459455802839D+01  0.12593348030671D+01  0.61240918245822D+01 -0.20726158473529D-03 -0.35892118610487D-05 -0.38697620769433D-04
 -0.95750408240439D+00 -0.76801961419601D+01  0.10548238856574D+02  0.13390034629612D-03  0.33564984072484D-03  0.38326325460691D-04
  0.83415927798227D-01 -0.84240526061146D+01  0.12786687761248D+02  0.12997924508738D-03 -0.11728610022840D-03 -0.34196906730234D-03
 -0.22223822789689D+00 -0.69668105717590D+01  0.14989265194196D+02 -0.58978619641600D-03  0.39941666666882D-04  0.38170212899324D-03
 -0.19280757868381D+01 -0.49853881593538D+01  0.15066886980136D+02 -0.23253050636327D-03  0.39255253479741D-03 -0.23068317084550D-04
 -0.11410339691757D+01 -0.92506880971214D+01  0.84067153669052D+01  0.99942059038218D-04  0.16464826677035D-03 -0.19070375349778D-03
  0.28493156919300D+01 -0.56399201840154D+01  0.69143305459210D+01  0.27334890438855D-03 -0.93757450056440D-04  0.88039373103727D-04
 -0.70114598705681D-01 -0.62663811206929D+01 -0.21404063023293D+01  0.68598215625396D-04 -0.22826152927035D-03 -0.10262125000330D-03
  0.10397449570734D+01 -0.76606587377629D+01  0.17307735506186D+02 -0.30640991151195D-03 -0.20187178854898D-03 -0.30215201277025D-03
 -0.35881499512705D+01 -0.38089359862213D+01 -0.33120396211464D+00 -0.54887792362894D-03  0.54413567270456D-03  0.40276228626804D-03
  0.30849937050957D+01 -0.73609545210842D+01  0.16529348907792D+01  0.15481384129127D-03  0.16278591659433D-03 -0.37612929288974D-03
 -0.78108465725517D+01  0.19941425204015D+01  0.43600959002000D+01 -0.61593300560984D-03  0.12441404746741D-04  0.11286606683590D-03
 -0.83932116072692D+01  0.99661925201206D+00  0.12303438326307D+02  0.19980916767016D-03 -0.13826270644649D-03  0.89090707750812D-04
 -0.22386933643905D+01 -0.39477323790915D+01  0.16864937309204D+02  0.10162971413525D-02  0.18953240064618D-03 -0.18776883815165D-03
  0.86022860246976D+00 -0.10337211024273D+02  0.12986282349987D+02  0.44793198619513D-04 -0.33781031505530D-03 -0.12795635151283D-03
  0.14080795796240D+01 -0.79262940476703D+01 -0.26453926392350D+01  0.22436413614936D-03 -0.86656275146233D-05 -0.10422328807686D-04
 -0.11533272714324D+01 -0.46987397155792D+01 -0.39451879028022D+01 -0.12618610383942D-03 -0.30233154123715D-03 -0.14624755702129D-03
 -0.70671091746087D+00 -0.57607684795751D+01 -0.62549451386163D+01 -0.71209318332840D-04  0.11698265710527D-03 -0.22519190612551D-04
 -0.10314157512828D+02  0.38385829252186D+01  0.86474927194869D+01  0.64077173753867D-04 -0.30628597212450D-03 -0.24055638243505D-03
 -0.11315085522808D+02  0.38791895991632D+01  0.10694104867183D+02 -0.51520297964944D-04 -0.14962924589574D-03 -0.11557486095250D-03
 -0.10647922500006D+02  0.53313636369285D+01  0.66409793650720D+01 -0.83966377861727D-04  0.17183007605872D-04 -0.20226319098222D-03
 -0.12800012484618D+02  0.69544059840544D+01  0.72206826302981D+01 -0.16663614792816D-03  0.26361916191104D-03  0.87108455051390D-04
  0.32165469952058D+01 -0.84239975313098D+01  0.17175296072388D+02  0.14926373528406D-03  0.10415130160195D-03  0.21569009000771D-03
 -0.37062857875831D-01 -0.71445728702772D+01  0.19653019547056D+02 -0.24526778652254D-03  0.26428089972933D-03  0.16298660781654D-03
  0.17548154483107D+01 -0.80191290580642D+01  0.21407534388449D+02  0.12860922024350D-03  0.11069660317547D-04 -0.45876790286666D-03
  0.60148445591401D+00 -0.11254794592264D+02  0.84027412839750D+01  0.28238072757086D-03  0.15640542672850D-03  0.13622020213262D-03
  0.51926410661389D+01 -0.70736422819609D+01  0.65718598244963D+01 -0.15833796757141D-03 -0.33491495730844D-03  0.13522130060126D-03
  0.21018783114322D+01 -0.10026948459881D+02  0.20864835424768D+02  0.17020459769406D-03 -0.60298055112636D-03 -0.97244397482707D-03
  0.11717672968941D+01 -0.75757339463176D+01  0.23537811612788D+02  0.20097297743728D-03 -0.97752332503844D-04 -0.48707603591456D-04
  0.34207829911464D+01 -0.69163037380847D+01  0.20923572894258D+02  0.22154346418641D-03 -0.74151534920642D-03  0.23195378857307D-03
 -0.12716304951481D+02  0.75136504789091D+01  0.91543342903965D+01  0.30396757230110D-03 -0.46144106337188D-03  0.30292136880189D-03
 -0.14372617767265D+02  0.57007517802039D+01  0.67173772755887D+01  0.22188597431548D-03  0.58477360639743D-03 -0.33570661873313D-03
 -0.12397909381681D+02  0.86735741945335D+01  0.58933742814031D+01  0.11527608652572D-03  0.12128854912898D-03 -0.26334551059763D-03
  0.46761385133166D+01 -0.88936129316673D+01  0.59821683708503D+01 -0.44763807399292D-03 -0.51948323126012D-03 -0.12065867810785D-03
  0.60871689217776D+01 -0.72617606074404D+01  0.84197490870600D+01  0.20973523476193D-04 -0.11444824730114D-02  0.50556920896155D-03
  0.60188899214533D+01 -0.58822740896135D+01  0.50801691580160D+01  0.10666907570614D-03 -0.30550076318928D-03  0.11654854185396D-03
 -0.21109282622107D+00 -0.12997511126062D+02  0.89526961726648D+01 -0.17996439150157D-03  0.76627587854476D-04 -0.71841854639868D-04
  0.22121751284282D+01 -0.10342024804482D+02  0.92881935968702D+01 -0.55588574733565D-03 -0.13427899120786D-03  0.15456788199221D-03
  0.13104613621225D+01 -0.11372729526085D+02  0.64151140897065D+01  0.37189371812837D-03 -0.63492737949085D-03  0.12596106690835D-03
 -0.19874578561345D+01 -0.72084141879183D+01 -0.70546445549837D+01 -0.84540638159421D-03  0.20155367291150D-04  0.68735341017867D-04
  0.12118210727970D+01 -0.62341952445518D+01 -0.67900464797840D+01  0.19607370360670D-03  0.13140207443288D-03 -0.29071283117114D-03
 -0.14348188997984D+01 -0.43424189265001D+01 -0.77017741644636D+01  0.13294623707635D-03 -0.25244996076576D-04  0.20086892277733D-03
