 -1.0
 -0.53809614050703D+01 -0.27511510340015D+00 -0.15407556654511D+01  0.42313963658460D-04  0.30870538017844D-03 -0.29631542171226D-03
 -0.39975011802776D+01 -0.16227016581798D+01  0.82730302052655D-01 -0.41579452938778D-04  0.34387664236460D-03 -0.17660344941324D-03
 -0.21583481074816D+01 -0.64536148847855D+00  0.18134497769418D+01  0.14034434232684D-03  0.15184404134522D-03  0.24369396081522D-03
 -0.17664588655268D+01  0.20718765413357D+01  0.17772650614712D+01  0.48400017389952D-03  0.22657749320629D-04 -0.53662508313945D-03
 -0.30954706802444D+01  0.35224940512765D+01  0.14926761667242D-01 -0.62733410957304D-04  0.16947138183647D-03 -0.37171316208028D-03
 -0.48311738349304D+01  0.23154782140729D+01 -0.14155108820703D+01  0.53968763615539D-04  0.17897462416151D-03  0.55674032372809D-03
 -0.55377177923499D+00 -0.21411690247247D+01  0.33410204301432D+01  0.53800414505839D-03 -0.23673139820534D-03  0.47416154027371D-04
  0.16119610545759D+01 -0.74834773650828D+00  0.39178434115688D+01 -0.58564425250237D-04  0.24535148370727D-03 -0.18499112742295D-03
  0.16575271738023D+01  0.18822002938201D+01  0.42265183333153D+01  0.16177244965701D-03  0.25086726811757D-03  0.12837861192334D-03
 -0.28538955207422D+00  0.33205122265024D+01  0.34928229865571D+01 -0.34857787362881D-04  0.26567231567916D-03 -0.12793496390039D-03
 -0.76166386819609D+00 -0.46665758871946D+01  0.41813068701886D+01  0.22171561953520D-03 -0.54289393644186D-03  0.41078701640444D-06
  0.16410053589203D+01 -0.61045485659154D+01  0.44206464158576D+01  0.41638881027806D-03 -0.14172053845547D-03  0.16211959077297D-03
  0.38939886330182D+01 -0.49285812427795D+01  0.46666509915808D+01 -0.22149094286195D-03  0.49011198426201D-03  0.14996606259706D-03
  0.38148975740999D+01 -0.24080794204388D+01  0.46839436229386D+01 -0.27100927901747D-03 -0.30008509668270D-03  0.30150383078760D-03
  0.60611032045119D+01 -0.99022557750902D+00  0.53599297434834D+01  0.22534892556098D-03  0.67376904226886D-05 -0.13183609701664D-03
  0.56417845385628D+01  0.15205245853724D+01  0.63164986016390D+01 -0.54828005337045D-04  0.64137159713261D-03  0.46072352195149D-04
  0.36444578153254D+01  0.29375517813825D+01  0.57168844546827D+01 -0.14221378646057D-03 -0.15356239632154D-03  0.10238134908298D-03
 -0.30946252126758D+01 -0.59417873338875D+01  0.45467568902020D+01  0.36329122340828D-03  0.13955472835222D-03  0.25794377570002D-04
 -0.32438005336164D+01 -0.84462507938621D+01  0.39713797028276D+01 -0.13587574269907D-04  0.15822082113325D-03 -0.10185111556014D-03
 -0.10494002893948D+01 -0.96475650713076D+01  0.30744339757549D+01 -0.34964571290932D-04  0.56229403447219D-04 -0.25957255306411D-04
  0.12632039047319D+01 -0.87010018732035D+01  0.38342806424369D+01  0.93293585094085D-04 -0.16269974797414D-03  0.71484074897493D-04
 -0.54229415121723D+01 -0.45054967093264D+01  0.50683966135401D+01 -0.10356317162195D-03  0.44828285467666D-03  0.43370644514174D-03
 -0.42772260984323D+01 -0.42101031218208D+01  0.36337891277238D+00 -0.35732305385469D-03  0.85460503736413D-05  0.46910276105098D-03
 -0.64740380166556D+01  0.37325866069760D+01 -0.30425416757174D+01 -0.52690709018033D-04 -0.10377524349211D-03  0.16183925075906D-03
 -0.11899858345133D+01 -0.12252353141095D+02  0.22155179334148D+01 -0.34654508631416D-03 -0.18323117184496D-03 -0.43376764690143D-03
 -0.24135400369732D+01  0.54826795751142D+01 -0.39419825780782D+00  0.69822723999442D-03 -0.82329931114568D-03 -0.88895598043209D-03
 -0.66159236893933D+01 -0.96288923316330D+00 -0.27679379825785D+01  0.28955258421955D-03  0.76113378052697D-03  0.31197256029476D-04
  0.38248031935402D+01  0.49871776962681D+01  0.62852224929993D+01 -0.18014519761992D-03  0.48162081744823D-03 -0.44715555277110D-03
  0.78304044884178D+01 -0.18018135952990D+01  0.53327727042141D+01 -0.69033598439768D-03  0.21698206328297D-03 -0.16833016796859D-03
  0.27474937072979D+01 -0.10184129439149D+02  0.36211458351563D+01 -0.99513757197886D-04 -0.91036019991989D-03 -0.76655136020160D-03
 -0.50802624858615D+01 -0.89766290250287D+01  0.43002870723004D+01  0.22030511878020D-03  0.14011533307428D-03 -0.85516690550950D-04
 -0.70912914246337D+01  0.59076422114307D+01 -0.28269502642040D+01 -0.19720872921353D-03 -0.64810334235915D-03 -0.38415034584250D-03
 -0.68345491139763D+01  0.24843058748403D+01 -0.54053045777648D+01 -0.26706756261721D-03 -0.73388513590940D-04 -0.55894977738924D-03
 -0.85333741653636D+01  0.38613933773852D+01 -0.70874807592078D+01 -0.15902086325881D-03  0.20593709300194D-03  0.17285958853303D-03
  0.77550187283196D+01  0.26869933706457D+01  0.75510706969547D+01 -0.31682709701981D-03 -0.30876834682352D-03 -0.26274376874993D-03
  0.78882334256044D+01  0.48076379257724D+01  0.86616376252327D+01 -0.45057476038565D-03  0.54317645622868D-03 -0.19127938898397D-03
  0.10064934366756D+02  0.12286508486414D+01  0.70589057342894D+01  0.12269281185400D-03 -0.43274179537479D-03 -0.94362986439037D-04
  0.12378564824661D+02  0.23798705107964D+01  0.83873016769835D+01  0.31684663565072D-03 -0.83577682024127D-04  0.38160553910845D-03
  0.66760164729956D+00 -0.13535801591912D+02  0.25454731260366D+01  0.53348725520759D-05 -0.76867274565839D-04  0.16019950934540D-03
 -0.34842104005034D+01 -0.12995671648435D+02  0.12361458822246D+01  0.34558423033632D-03  0.32317209255574D-03  0.26320905333549D-03
 -0.33058679319724D+01 -0.15275736913482D+02 -0.17929603833412D+00  0.31453118156728D-03 -0.54784813349839D-04  0.35363863680052D-03
 -0.53893352377267D+01 -0.25583446233469D+01  0.67535445805283D+01 -0.23906588118160D-03 -0.97762205381709D-04 -0.14537573263632D-03
 -0.55064197892701D+01 -0.58104054299318D+01 -0.15610038544896D+01 -0.48776243563957D-03  0.17938292587384D-03 -0.17818723344417D-03
 -0.29948770623288D+01 -0.16848052948280D+02  0.10071557423550D+01  0.15900683660410D-03 -0.96393710220257D-04  0.15447632966032D-03
 -0.14766615479040D+01 -0.15152440667620D+02 -0.11321886996810D+01  0.48561946238451D-03 -0.65899892843648D-03  0.52123517322560D-03
 -0.48295458823156D+01 -0.15776389097360D+02 -0.16215597570672D+01  0.13124997803623D-02 -0.84283995890204D-03 -0.46470249767307D-03
  0.11547517467741D+02  0.40518677056615D+01  0.93580519065166D+01 -0.51895094575458D-03 -0.10943153426709D-03 -0.77507516631974D-03
  0.13327243866092D+02  0.31032589940441D+01  0.66045230427841D+01 -0.40033613415447D-04  0.40813046621410D-03  0.35668918258583D-03
  0.12946830849181D+02  0.10532693930768D+01  0.98734879793440D+01 -0.46824177073782D-03  0.16387803964412D-03 -0.89744079459360D-04
 -0.51004262520006D+01 -0.53179102926420D+01 -0.35206037689035D+01  0.93317244567316D-06 -0.39719191117671D-03  0.26569531152833D-03
 -0.73525715289674D+01 -0.56957487388425D+01 -0.89593538112193D+00 -0.29101719035520D-03 -0.16774446131327D-03  0.24578752263025D-03
 -0.53221771568071D+01 -0.77458600083554D+01 -0.90074643869006D+00 -0.50202893141140D-03  0.17682189498298D-02 -0.86041735195628D-03
 -0.61607961849868D+01 -0.32793404687687D+01  0.86378334845913D+01 -0.62481912157086D-04  0.42237221158709D-03  0.57580342110941D-03
 -0.61762991272199D+01 -0.94084385307833D+00  0.60274957430388D+01  0.16962127514756D-03 -0.89702552746626D-03  0.39876915612593D-03
 -0.33145159924661D+01 -0.19654758037962D+01  0.70980856496966D+01 -0.33122197887460D-03  0.43957100100020D-03  0.34635019942798D-03
 -0.10210122440090D+02  0.27999501376926D+01 -0.76345567979229D+01 -0.31426506047866D-03  0.25108320197316D-03  0.91859948142392D-03
 -0.75842905870342D+01  0.40890270794079D+01 -0.89283018691395D+01  0.21253837392840D-03 -0.68719689655908D-04 -0.29505049540231D-03
 -0.89635503844584D+01  0.57443282637769D+01 -0.61806354336494D+01  0.91878171655902D-04  0.80422023764684D-03 -0.49964205965164D-03
 -0.44001543909976D+01  0.73616009724489D+01  0.54671011202600D+01  0.13208495387163D-03 -0.42325094827020D-03  0.53318517027110D-05
 -0.44840529630143D+01  0.54601680802775D+01  0.72031562662975D+01  0.12342741279383D-04 -0.24320921785077D-03  0.20946623351529D-04
 -0.27084713806382D+01  0.53386883051182D+01  0.93995600880927D+01  0.61168878276174D-03 -0.64758340504339D-03  0.11941346830576D-03
 -0.58768705785506D+00  0.68729846901032D+01  0.93382204357357D+01  0.41103954863273D-03 -0.62533089900846D-03  0.34811053276069D-04
 -0.75303053261174D+00  0.90563917039121D+01  0.77485496678678D+01 -0.95595819049852D-04  0.79902167671811D-04 -0.42077465389945D-03
 -0.27823969068234D+01  0.94030993991840D+01  0.60637113076447D+01  0.40671673321633D-03 -0.11408477599955D-03 -0.13934374479813D-03
 -0.29937399941382D+01  0.33226283826553D+01  0.11121039979297D+02  0.45834345883985D-04  0.31341626809180D-03  0.36687528889880D-04
 -0.70741733180643D+00  0.23570534986653D+01  0.11826317286590D+02 -0.20784384794635D-03  0.13606956231287D-03  0.85586551479780D-04
  0.16840242198428D+01  0.37907830205546D+01  0.11644238413271D+02 -0.12133232880325D-03  0.30839994624432D-03 -0.34509989273398D-03
  0.15579971025368D+01  0.63018946689801D+01  0.10859807470503D+02  0.50882386338241D-03  0.16718978091542D-03  0.46227273500927D-03
 -0.53290048535877D+01  0.22687729024903D+01  0.12091739192052D+02  0.75911287872206D-04  0.78295700686635D-04 -0.14313555876996D-03
 -0.52707857820422D+01 -0.11161863852872D+00  0.12956516878986D+02 -0.10977292204670D-03  0.87887873673326D-04 -0.15639268280857D-03
 -0.29795270703073D+01 -0.13023278936587D+01  0.13310546527421D+02 -0.45075619269281D-04  0.30555271092693D-03  0.15012356846616D-03
 -0.71650391031951D+00 -0.11978766324414D+00  0.12972576709584D+02  0.19512320172241D-04 -0.47826856825193D-03  0.26540659921253D-03
  0.15699655345363D+01 -0.13199281990151D+01  0.13064532629631D+02 -0.53841659766425D-03  0.38641645489477D-03  0.80979438955679D-05
  0.38637293446310D+01 -0.19907533118636D+00  0.12463774308751D+02  0.49410288345238D-03 -0.10973516042188D-03 -0.28658869318150D-04
  0.39474381863087D+01  0.23171408496134D+01  0.11726020397967D+02 -0.30536655626978D-03  0.24197674487893D-04 -0.12797606280015D-03
 -0.74929208595888D+01  0.38250581675524D+01  0.12328859038758D+02 -0.10015173935820D-03 -0.24002284627671D-03 -0.89685710430324D-04
 -0.95993643360230D+01  0.24523222594285D+01  0.13138759377454D+02  0.19354455322194D-03  0.25204525774286D-03  0.16289524850568D-03
 -0.95119941880096D+01  0.10708079486779D-01  0.14026072977109D+02  0.37278824635242D-03  0.13637024041348D-04 -0.31492656438948D-03
 -0.74309022358777D+01 -0.12585907220780D+01  0.13955349420246D+02 -0.23198274378971D-03 -0.33160564749377D-03  0.16609058454253D-03
 -0.73515666310413D+01  0.64753151735483D+01  0.11796377254238D+02 -0.49584693270670D-03  0.15938528440302D-03 -0.11151787867963D-04
 -0.64634319725210D+01  0.35610495290485D+01  0.71314183788719D+01 -0.31524098531895D-03  0.21059483874253D-03 -0.20209332064424D-03
 -0.24665855083443D+01  0.11465522288479D+02  0.41606162235472D+01 -0.27474150185778D-03 -0.71837231939457D-04 -0.22799417851883D-03
 -0.11843096182818D+02 -0.12450246807069D+01  0.15172425448835D+02  0.15335061780348D-03 -0.15444293298530D-03  0.20638624284708D-03
  0.88532022096215D+00  0.10113916268454D+02  0.74478777643494D+01 -0.11233880308105D-03  0.81755277204136D-03  0.41481550114298D-03
 -0.54692156899570D+01  0.71942833716032D+01  0.37935492702192D+01  0.68977600214408D-03  0.85915958417914D-03  0.43585765513797D-03
  0.57373459467870D+01  0.30194328984223D+01  0.10834962939044D+02  0.50493368238508D-03 -0.75186827206620D-03 -0.15732612625600D-03
  0.16187489961481D+01 -0.33494231012124D+01  0.13757550315677D+02  0.61165233291944D-04 -0.22565411465222D-04 -0.26241609176095D-03
 -0.76694252745190D+01 -0.30947150657651D+01  0.14672733700861D+02  0.13830145497576D-03  0.22955496286405D-03 -0.35872299513030D-03
 -0.11564593575995D+02  0.30821506447586D+01  0.13604474881175D+02 -0.50722917412523D-03  0.36911150499462D-03  0.42300521222747D-03
 -0.10095892582198D+01  0.13121552915965D+02  0.47731476268814D+01 -0.12134518975617D-03 -0.79350460653632D-04  0.34254577650276D-03
 -0.40041463725400D+01  0.11185423620997D+02  0.20783918794368D+01  0.12334132332768D-03 -0.22522215326007D-03  0.10868069221235D-03
 -0.38320462900788D+01  0.13429430217635D+02  0.76871188468444D+00 -0.44645307121827D-04  0.40065764142754D-03 -0.23370667661195D-03
  0.60344822350328D+01 -0.20886889472622D+01  0.11627750216011D+02  0.22915626786127D-03  0.11859823563813D-04  0.14640121257783D-03
  0.76230543800604D+01 -0.28800306933112D+01  0.13114221035772D+02 -0.33560412018264D-03 -0.12864246415064D-03  0.83177774694459D-04
  0.54344301156451D+01 -0.34205072453308D+01  0.92616871536214D+01 -0.21793527436898D-03 -0.48521539831036D-03 -0.22572539690602D-03
  0.70538384335556D+01 -0.54122473047560D+01  0.85577714419092D+01  0.48430189318791D-03 -0.37698670305170D-03  0.78830149614594D-04
 -0.12363671755385D+02 -0.35250829250633D+01  0.14665094432394D+02 -0.24102316724096D-04 -0.20982075052749D-03 -0.12494425288455D-03
 -0.13294033223734D+02  0.41590353733348D+00  0.16645146205511D+02 -0.28176235533393D-03 -0.12144949437642D-03  0.30457374094428D-03
 -0.15626067443136D+02 -0.95496621715422D+00  0.17085358997770D+02  0.60466216634317D-04  0.12006498317996D-03 -0.37984891641071D-03
 -0.94796885051654D+01  0.79745347937133D+01  0.12400319588542D+02  0.25370257175533D-03  0.20006811953177D-03  0.26189905704885D-03
 -0.84602929041782D+01  0.37108849318879D+01  0.53676059506368D+01 -0.50405510166678D-03 -0.97318352162110D-05 -0.15558648427880D-03
 -0.14899291106531D+02 -0.26767641558963D+01  0.18086098568402D+02  0.44794262216475D-03  0.91294514996843D-05  0.74819211948794D-04
 -0.15972686728258D+02 -0.14949752278053D+01  0.15240173407736D+02  0.10541258332567D-02  0.45348706994725D-03 -0.27588612072707D-03
 -0.17148612834539D+02  0.60003660228458D+00  0.17535409782049D+02  0.79679309352117D-04  0.14634531297389D-03 -0.72346480026312D-03
  0.66736915953421D+01 -0.63046055822874D+01  0.67470922486211D+01 -0.38338283957543D-03 -0.68604743017241D-03  0.47213475449082D-03
  0.73365459651583D+01 -0.69102689427805D+01  0.10153421834812D+02  0.48957869122311D-03 -0.88313085242906D-03  0.70769912221864D-04
  0.89624665417252D+01 -0.48877636636779D+01  0.85446729363143D+01  0.31500451220345D-03 -0.32277471980645D-03  0.29175770891940D-03
 -0.10326767597391D+02  0.40861448301078D+01  0.62165357080329D+01 -0.23280909205433D-03 -0.45395451660223D-03 -0.51678312975038D-03
 -0.84670792915540D+01  0.21319352544005D+01  0.41511640874020D+01 -0.62034222915397D-03  0.47361311299350D-03  0.12770923089341D-03
 -0.84005101622520D+01  0.56787696910133D+01  0.45565257035804D+01 -0.67164631676358D-03  0.69149078327485D-03  0.12006295355636D-02
 -0.10096012083789D+02  0.90790857041503D+01  0.10502335014466D+02  0.32194594293287D-03 -0.57968010797248D-03 -0.20352010118539D-03
 -0.90105156816488D+01  0.90911179265187D+01  0.14190052946646D+02 -0.13202952797243D-04 -0.43465097380302D-03 -0.29258001090657D-04
 -0.11089238260113D+02  0.67456244901147D+01  0.13032119633413D+02 -0.15727971476911D-03 -0.69586307515449D-03  0.74910153281704D-03
 -0.31567522651515D+01  0.14855838460920D+02  0.22323251086739D+01  0.14954928928133D-03  0.80416298751939D-04  0.10440358623963D-02
 -0.54861872106042D+01  0.13494085259176D+02 -0.41621558328242D+00  0.73450080078453D-03  0.43725423357936D-03  0.24802459656087D-03
 -0.25230335490514D+01  0.13055142581360D+02 -0.75566104403669D+00 -0.42030658681692D-03  0.39934230310988D-03 -0.14439122771010D-02
