$coord
       -2.09482803986045       -0.83786292545715       -3.41947770349515      C
       -2.60080153804642        0.62210798276900       -1.32080397907989      C
       -0.75204780778600        0.86109442548763        0.70844062209772      C
        1.48636880768651       -0.66180205848551        0.62880157940654      C
        2.01649196216801       -2.05203477047084       -1.54590322670035      C
        0.30115350028304       -1.91731493449433       -3.53787830617231      C
       -1.22286852170554        2.53432885947773        2.77523944047836      C
        0.21391107881712        2.19867504975982        4.92241030408047      C
        2.27672222195329        0.52380293744951        4.84480618517058      C
        3.02689288775915       -0.80491998224708        2.66437679311967      N
       -2.64840867586483        4.80672664656322        2.81153016200126      C
       -3.64802265372899        5.69861730890346        5.21547231136864      C
       -2.71882149572127        4.80893976924997        7.38342598095382      N
       -0.72373906176042        3.25741444864195        7.17580508326952      C
        0.48237747843032        2.65596736547730        9.35587116145647      C
        2.92278755527065        1.45285175225945        9.16561263323709      C
        3.71438207842116        0.37993767222680        6.99682330915027      C
       -3.19856687154820        6.18958030816297        0.53118522920401      C
       -4.81233955040952        8.16572337015030        0.46335973515072      C
       -5.86221436219531        9.12261524042652        2.74599666498391      C
       -5.35079536880530        7.94989191774524        5.00718308999156      C
       -1.82169592704874        5.64353071676226       -1.82493033546255      O
       -4.97059673047408        1.77827246831231       -1.09814138694156      O
        0.69418064846408       -3.39203330215987       -5.90236934257561      C
       -7.56271744961916       11.45782129460990        2.64583344101575      C
        3.51999111768995       -3.55710574574128       -1.58585949988111      H
       -3.34576652126569       -1.16390184874717       -5.00609494841203      H
        5.25251933196046       -0.84386108509535        7.09981165928853      H
       -0.03650919073093        3.51765006332830       11.20054107762374      H
       -5.64637333432725        8.91680786158914        6.67456151682448      H
       -5.03905567535859        9.19458061559558       -1.28727703912367      H
       -0.99210027508029       -3.23537432285880       -7.45352741936994      O
        2.60344028437232       -5.16003073337473       -6.23980720571871      O
        1.84090227980480       -7.09793267787707       -7.86096250781340      C
        4.32521175467819        1.06441734149708       11.47447156529863      C
        6.07866839294655       -0.45404231416019       11.43141711416222      O
        3.30301062821455        1.80203434134674       13.64835331683682      O
        4.69772879893796        0.85074461770600       15.79733754568357      C
       -8.16768778502377       12.36797597848859        4.70987461866412      O
       -7.86683417629187       12.45287560083602        0.30189184280843      O
       -9.06461670071628       14.71396184775458        0.81791876554249      C
        0.75441690182713        5.70617958650651       -1.76117385080091      C
       -6.61892402736617        2.06746071435543       -3.21876121956929      C
      -10.97556297214967       13.97211537343944        1.66876021253406      H
       -9.16281759417978       15.86532377735250       -0.88858074026959      H
       -8.01079974038758       15.74196881224341        2.39754426949663      H
        3.84148061878387        1.17975959424777       17.58248644197098      H
        6.56206515559359        2.00573808563971       15.65161314537229      H
        5.02216023236355       -1.16688825894180       15.46871365318037      H
       -5.69387400904448        3.12882139815073       -4.68193161560892      H
       -8.22834148925859        3.14654469461609       -2.52453562275973      H
       -7.21087009682193        0.34970218388099       -3.91829214996365      H
        1.41595602986960        7.41003838747061       -0.89958871503798      H
        1.45658836248655        5.45601084692562       -3.77673636462512      H
        1.38735979291847        4.05817527396737       -0.74627304154913      H
        3.29044870068492       -8.70890848507989       -8.19402836375417      H
        1.11800054876949       -6.39207109427953       -9.71145852286905      H
        0.22495380610415       -7.76168158627297       -6.81387283737543      H
       -1.01224922225967       -5.86582447963999        5.91983700618378      C
       -1.40182232406830       -4.46584805713260        8.06093467689302      C
       -3.86746584088205       -3.36815819030086        8.41369343776306      C
       -5.54526447755257       -2.99171599123817        6.35727408089773      C
       -4.95089204858484       -4.28667191770270        4.22650435560066      C
       -2.83362387812910       -5.78421036330326        3.97626473814006      C
       -4.33485943447871       -2.05535739016411       10.71245934156359      C
       -5.79993186716278        0.13967349904120       10.45707158656900      C
       -7.48421864459774        0.56494689998243        8.27748220013718      C
       -7.28098855979235       -1.14280301725707        6.31130176709258      N
       -3.05325397628922       -2.43320962971194       13.07299221060991      C
       -2.74118041172536       -0.32470031271701       14.68083194783442      C
       -3.81797633035460        1.98915291672509       14.24863237661220      N
       -5.40784091118814        2.13239380087050       12.25453383330184      C
       -6.68750798892744        4.39791966267204       11.55722739780631      C
       -8.47498143470003        4.75610199970803        9.68937002662404      C
       -8.91543989620388        2.79043274891377        7.93077544064801      C
       -2.03598621182900       -4.92131239715195       13.69149686023763      C
       -0.10671623556403       -4.93238392608505       15.60002481660515      C
        0.44369483537243       -2.75301972238343       16.92257488027085      C
       -0.95800838884122       -0.54632934533857       16.67542040875965      C
       -3.16882028575163       -7.01051408799704       12.57563062164150      O
        0.35930592676379       -3.94869059122354        9.82209737491526      O
       -2.48340852050470       -7.25573994319618        1.61325349291143      C
        2.19906772330177       -3.08884790416494       19.13081111785587      C
       -6.31647087973308       -4.16955866425510        2.63518149505215      H
        0.69874688544077       -7.01998694145793        5.59722790417708      H
      -10.22489689002740        3.05965033363941        6.25321535446826      H
       -6.13613498243005        6.11684005788799       12.54456838103975      H
       -0.20241238212431        1.06126018284379       17.60743091123819      H
        1.10884839788720       -6.54663608584460       16.09190403323270      H
       -0.38156827731732       -7.41365606438985        0.79358453017309      O
       -4.51900051772167       -8.54409571287581        0.64009168355183      O
       -3.69761462954598       -9.62634812147574       -1.64667241782444      C
       -9.68231608387819        7.21667018904352        9.43495957025175      C
      -11.74236901654390        7.51736535864172        8.46313766599054      O
       -8.16763990598749        9.26041984871676       10.20940594000806      O
       -9.55572882179952       11.49524758178911       10.01406962778057      C
        1.59399576026329       -1.87353455276718       21.05513870735050      O
        4.11713657082579       -4.87343725448751       18.97321697055937      O
        5.59804692695993       -4.58582099668520       21.03885673170387      C
       -2.43081277944048       -9.39953210682305       13.46844236582929      C
        2.51630099404722       -5.59644002438069        9.75866257437959      C
        6.47849010959107       -2.65720308105788       20.80866513925034      H
        6.92120405993885       -6.16388044882205       21.10827467758730      H
        4.50003689097257       -4.60469049183135       22.75074430064393      H
       -8.72702461545041       12.43868064865340        8.38498815828123      H
       -9.81056658997466       12.42740965290881       11.81675256044086      H
      -11.63391455228337       11.01870114185677        9.52108473338301      H
        3.73217419350821       -5.15367366223072        8.08891302830815      H
        1.83208066459415       -7.51434691043626       10.03659064511433      H
        3.78891997371479       -5.30139287033703       11.40300098171017      H
       -0.54334824997108       -9.40700911413813       12.81150621620441      H
       -3.60248541054937      -10.99318907483872       12.77521582948921      H
       -2.14873312880136       -9.52650293460407       15.53662162515756      H
       -1.87818769958922      -10.47041641670211       -0.97199694622773      H
       -3.38258608876186       -8.10596978575753       -3.03494767228631      H
       -4.88910166798368      -10.95438033292303       -2.46161798122874      H
$end
