$coord
       -2.83836823189286        0.04349608979203       -1.25444066753037      C
       -2.94404573085358        2.29033077763375        0.11220348790423      C
       -0.74652279823118        2.69963018828213        1.94092415920200      C
        1.15339490499552        0.73673756066128        2.04576142886658      C
        0.99064596148854       -1.29634117559099        0.34966090401998      C
       -0.81092291863394       -1.64832912472311       -1.30288342169134      C
       -0.92781333713258        4.62908895444204        3.76795949877372      C
        0.57543925289311        4.15769328026662        5.98597934326787      C
        2.43713475624912        2.25164184398735        5.88907366233181      C
        3.02445917797623        0.73770396375455        3.83329513173450      N
       -2.45422190368560        6.92356423442383        3.88820783600602      C
       -2.82000768990206        8.09117002145613        6.35576644982716      C
       -1.70084830853353        7.54248000237655        8.47529729083231      N
       -0.04690314866886        5.60074520740401        8.20934646443126      C
        1.51399773552118        4.81969632331934       10.20172997344730      C
        3.27335020760654        2.92219786772925       10.37052816098825      C
        3.85570964193556        1.62903290566089        8.04766091377037      C
       -3.04542344346967        8.47425512761475        1.68943972190302      C
       -4.68095032278521       10.54339794946357        1.99266865406455      C
       -5.41739988189602       11.27334276448779        4.35473066828546      C
       -4.42645293888182       10.27045640519581        6.48119971914420      C
       -2.01863897396228        8.12661420179666       -0.78207759704029      O
       -4.70421793133118        4.12136210900916        0.05180463613611      O
       -0.80930584443712       -3.96392129390794       -2.99676777996956      C
       -7.21456410882215       13.50276212535213        4.39109842407639      C
        2.62105884787836       -2.55661937593917        0.16517467860266      H
       -4.41180741552585       -0.55409929803712       -2.42274908603149      H
        5.28717095405520        0.04951030655364        7.99530490780172      H
        1.30100361901369        5.97585371172763       11.85656504981545      H
       -5.04979169869531       11.04357999272695        8.34252410562604      H
       -5.84264304606235       11.21960560176367        0.39117969556510      H
       -2.76146272904082       -4.50521270765204       -4.04134880324596      O
        1.40178007668478       -5.21566657229875       -3.34781569727846      O
        0.83066478871172       -7.46307507386757       -4.53146762878185      C
        5.02448852810654        2.31707060857051       12.62505737891786      C
        5.76255236274936        0.15171869984026       12.79355702628781      O
        5.33230155520415        4.20503837388559       14.39972894793691      O
        6.57124797415548        3.42170115301142       16.64954240041737      C
       -8.85974688495943       13.60324772267168        6.00717921858479      O
       -7.21241788617877       15.24924302390646        2.54362612989348      O
       -8.76714292322096       17.22780186317836        3.21106354045713      C
        0.68426544709899        7.99447277201728       -0.65157125649205      C
       -6.44149123416720        3.60560429299757       -1.91447020034534      C
      -10.69720566231620       16.60199944693495        2.94500722845218      H
       -8.74366138235555       18.72732890844758        1.69186373445208      H
       -8.23467630994977       17.81638263598170        5.15901566152950      H
        7.08307557184816        5.12150245744532       17.51296529079332      H
        8.10117650084505        2.13796058826534       16.51258207344558      H
        5.04335312509900        2.54611184107587       17.80640546649262      H
       -5.60226286465409        3.59096262709277       -3.67895649145186      H
       -7.83854308446769        5.13166654646233       -2.06558054519309      H
       -7.34952440193406        1.86043592658126       -1.77794525703660      H
        1.27565251068037        9.40847007688120       -2.17464332189770      H
        1.24233176584359        6.19321084750601       -1.36483336343797      H
        1.46558354984282        8.82897785873966        0.95139491826383      H
        2.37486575863156       -8.90335365513158       -4.40076818713437      H
        0.20767640270929       -7.35360449833638       -6.43832049165870      H
       -0.70030586246195       -8.51134714845923       -3.46776509130971      H
       -1.09422758846514       -8.60750656496995        4.25978622152461      C
       -0.92670499496429       -6.78707286221813        6.21742279439454      C
       -2.98829273892697       -4.91445751185274        6.56010952798917      C
       -4.75683740197744       -4.93958295406290        4.56558816004187      C
       -5.08411074244356       -7.07665955956424        3.00028947386802      C
       -3.15489819409799       -8.84650627739050        2.79613025037223      C
       -3.32294290953006       -3.33084451299229        8.68174002397652      C
       -4.65242385698286       -1.15675897014025        8.10556225013171      C
       -6.18820596853566       -1.12385755943907        5.83191574911870      C
       -6.24513988191044       -2.93743562777585        4.12798587345709      N
       -2.44751849413640       -3.37356839543072       11.19431669276719      C
       -2.17666237151074       -1.16384391643751       12.61473906919076      C
       -2.92062534767480        1.14610890813280       11.87717406650535      N
       -4.56354676585967        0.97218729456033        9.88516923669957      C
       -6.21394727379925        3.00941314093056        9.32503007909603      C
       -7.71662931507558        3.01384251377062        7.18726584816369      C
       -7.50561416049677        1.08959018399805        5.43418159807131      C
       -1.86565202509839       -5.82944929534306       12.37305077839808      C
       -0.61637130527837       -5.81666901777869       14.70740194556592      C
       -0.03781378422155       -3.53021035755025       15.93264113619689      C
       -0.58961779735672       -1.18209232376223       14.89046107987688      C
       -2.53594640203561       -8.06994252607814       11.25096692918858      O
        1.02529689052968       -6.86411921228425        8.04908060714016      O
       -3.21538171019799      -10.76121761954706        0.58598253654853      C
        1.24736852300118       -3.47946820740340       18.40568197462699      C
       -6.46802467153722       -7.08734316036118        1.60529129578068      H
        0.06282399436577      -10.10570712820983        4.23952878813106      H
       -8.79594522023447        1.26378387790283        3.92371162887006      H
       -6.52647886344019        4.41711649816530       10.86205417203124      H
       -0.15878909870250        0.57023664481434       15.70925954880590      H
        0.03343175621950       -7.52916051344206       15.63270446119541      H
       -1.32498420827886      -11.30406284110899       -0.56170612561591      O
       -5.55867267330275      -11.69710216384641       -0.08316894661512      O
       -5.42734375446935      -13.16382551806131       -2.18472808544098      C
       -9.39094073673689        5.20317937809617        6.64391731879910      C
      -10.79653489278555        5.00505754286068        4.81409721104629      O
       -9.00541728092233        7.24225154613164        8.21911089924636      O
      -10.35451908702929        9.31855757308694        7.50604792765060      C
        1.34665781189091       -1.45850627896209       19.55710798272168      O
        2.04248554020220       -5.62547355831316       19.49420084526591      O
        2.75579986272026       -5.03297325547108       21.90777594846198      C
       -1.42136025700941      -10.47260029857567       12.04912001673543      C
        2.50789032165903       -4.62914370986580        8.18192755357478      C
        4.00723969006783       -6.44658537947695       22.82523814682546      H
        1.04809866436488       -4.92695970513592       23.01789576742269      H
        3.79926600001860       -3.31163849355492       21.76016866876168      H
      -12.39415923385113        9.10612563293586        7.31959798753145      H
       -9.65039809217915        9.98263705833200        5.72366974871428      H
       -9.83032246727283       10.63253246366189        9.08835085297458      H
        4.42675463625942       -4.85632965858587        7.33573517055432      H
        2.90847420473465       -4.17545293353938       10.07593259845768      H
        1.51295791693317       -3.11700503166719        7.27631309218780      H
       -1.66475314959959      -11.80842176310282       10.46013846343810      H
       -2.34290480954088      -11.28181127035340       13.69954921694237      H
        0.57796481645811      -10.46944087934913       12.46026305913965      H
       -4.33755172056090      -12.34520750806867       -3.70655339379335      H
       -7.27146943360786      -13.20412641173363       -2.94261719797438      H
       -4.37888280909103      -14.89619406004661       -1.55676861134233      H
$end
