$coord
       -2.24191194894504       -1.85390042565320       -2.02091731648243      C
       -2.71796791907058       -0.33234116392486        0.09941057514727      C
       -0.62921517206008        0.37499159667769        1.74580663801242      C
        1.77520615455127       -0.86974915270061        1.31520905142467      C
        2.06958634295178       -2.49994131873240       -0.71872502788315      C
        0.15536362360326       -2.79661518815175       -2.43770580279734      C
       -0.65888592610445        2.46669560674143        3.48456033575029      C
        1.02410345654106        2.28644069116624        5.47162624440231      C
        3.14723154113459        0.76488088821824        5.31621367925130      C
        3.69324671902107       -0.65097374561642        3.10732446588197      N
       -2.37499775046143        4.69013275393418        3.36417595777028      C
       -2.66851819901935        6.12599684871020        5.72505757465080      C
       -0.93565028667031        5.73627667161807        7.66520802471950      N
        0.83328693677614        3.98097870716126        7.51888177443207      C
        2.46250986911742        3.55331962179243        9.65679840802665      C
        4.40215072398363        1.80401218624900        9.70366714187468      C
        4.75035277164247        0.43573109897615        7.45545246399386      C
       -3.59920761715482        5.81717152239741        1.20434548752346      C
       -5.30879842332167        7.85066562822101        1.45954128111007      C
       -5.74456407783723        8.93515773144570        3.84104762062159      C
       -4.46061064257704        8.00577480352330        5.91635465626134      C
       -2.78448226987967        5.01312576941634       -1.09454984382333      O
       -5.27725142774449        0.62122324642529        0.47189294730696      O
        0.40241824427706       -4.44373467517379       -4.64822055488563      C
       -7.04819473777576       11.47770617946938        4.02147199464066      C
        3.84109938731265       -3.40637017882151       -1.19450099675253      H
       -3.68884834704385       -2.57170340688647       -3.47182539616519      H
        6.16448699784694       -1.07704902201163        7.60053239284579      H
        2.06375230049547        4.55282115021482       11.32954536936965      H
       -4.67078562751127        9.23556308964869        7.55939769356884      H
       -5.87559049883667        8.51643134199147       -0.32627259464781      H
       -1.27460711194976       -4.86132784392362       -6.13023774717456      O
        2.84837710770335       -5.02835857075522       -5.18445884168105      O
        2.79876282402143       -6.28872309241507       -7.60667272500852      C
        5.57641184810085        0.88431540036613       12.00457192942057      C
        6.82544431797138       -0.99024472716445       11.82742294496796      O
        5.13080940604632        2.16622420699961       14.27672048365771      O
        6.10182461793786        0.91944750951939       16.32468448032238      C
       -6.71457290359211       12.73294977019590        5.87209523460165      O
       -8.87016659070281       11.84920627338669        2.17625798701884      O
      -10.44530452553784       13.94344249155458        2.49190199956739      C
       -0.03338686586177        5.34394802757226       -1.26140941868545      C
       -7.02314718955181        0.10582429812578       -1.37482785015561      C
      -11.29649184399812       14.33109820398788        0.61682873373598      H
       -9.37187500422508       15.49120190865235        3.44807785675117      H
      -11.74325181592168       13.75868839009135        3.92400078995064      H
        6.42773741032837        2.28686051827149       17.89955347936162      H
        7.73444743584690       -0.10943527880005       15.91176407567955      H
        4.56413379612084       -0.38282602083006       16.72127848322452      H
       -6.59410601815150        0.83476171311129       -3.35171070833555      H
       -8.67646898772337        1.06000656280953       -0.61822063453743      H
       -7.37611272543512       -1.97308477510598       -1.55989140629231      H
        0.81886506789959        3.43110198339691       -1.94263460062297      H
        0.62533876620667        5.67803191352401        0.63140723190545      H
        0.47950271725411        6.96221605034248       -2.42923407194567      H
        4.80297762246916       -6.68085372512941       -7.86918360511086      H
        2.37791962827499       -4.87493671310629       -8.92950543895538      H
        1.50943131052477       -7.91391365161080       -7.72470672832507      H
       -1.25622511260952       -5.62101164261971        4.27486161068536      C
       -1.16027870973388       -4.35952270156289        6.57710005147412      C
       -3.37700860917905       -2.97236029949435        7.19609586314751      C
       -5.49099240570139       -2.87165242038535        5.42236396394214      C
       -5.43129635729940       -4.43135072754003        3.30669477378995      C
       -3.44282415270351       -5.95310161224628        2.77496930079177      C
       -3.44144695082167       -1.25868946188263        9.28798550130467      C
       -5.04374711759322        0.95994331406007        9.00274144125347      C
       -7.18471065719005        0.81466476180522        7.35141603382601      C
       -7.36522572748120       -1.13220516611557        5.77699003424598      N
       -2.26578674413841       -1.66486031481861       11.65596237411146      C
       -2.16729179062298        0.46854987058421       13.39748668009736      C
       -3.29032577721969        2.75954227796998       12.94186650584978      N
       -4.82576776565117        2.82218290447664       10.96122602396487      C
       -6.65566831239195        4.67696833769693       10.97128749537569      C
       -8.74905125782087        4.60887751841163        9.19406136040930      C
       -9.07000625840755        2.59542579432655        7.56790232985052      C
       -1.43620791118617       -4.17046098321394       12.51947811987899      C
       -0.23324302366236       -4.16149735085298       14.88254856491116      C
       -0.10176595340199       -1.96992969395838       16.54738165876885      C
       -1.19373349671370        0.23171374790963       15.83170335686478      C
       -1.94272590319533       -6.44144014303466       11.31016158106147      O
        1.02817449763908       -3.98789356014829        7.84681018280132      O
       -3.51257236041063       -7.58133903732606        0.44465224200588      C
        1.11842025514754       -2.34576314986360       19.08452301130278      C
       -7.08864784449274       -4.13385440713102        1.97555109340935      H
        0.58558778820794       -6.31554554170830        3.44352703006690      H
      -10.78813305666584        2.29638194423047        6.52901014544388      H
       -6.23199951502647        6.31789985588319       12.19680045417924      H
       -0.99798229971286        1.75319926722491       16.99869585988468      H
        0.40928930851882       -5.88483926191795       15.49672462459452      H
       -1.67778664049640       -8.55208597526484       -0.52679318513721      O
       -5.88990902460231       -7.58882768988465       -0.70771945647992      O
       -5.45278347347634       -8.92212136165545       -2.97962473485686      C
      -10.09123099334368        6.87150217611473        8.74360200027304      C
      -11.62172677189987        7.01721581349149        7.03547173009243      O
       -9.50224675284125        8.87523015320928       10.24825782520083      O
      -10.49658868792833       11.27886229103509        9.36190245189452      C
        2.99869510919519       -1.25688943404138       19.64167709647245      O
        0.16354166676092       -4.18594062259099       20.79586599524436      O
        1.79621930804140       -4.58409583182447       22.77592044382303      C
       -1.25843091753666       -8.61667541532325       12.45352170249649      C
        2.73032135265208       -5.92898496544306        7.70602581867640      C
        0.48698538685806       -4.74216151421046       24.40881324587290      H
        3.02627637238136       -3.01939269072613       23.20692893522491      H
        2.77140139474912       -6.40852038155076       22.27875228750892      H
      -12.05619734870931       11.05407256495423        8.16723095277628      H
       -8.90474392741902       12.15293319021513        8.40426696067523      H
      -11.32537929876945       12.43805993938007       10.94283638302296      H
        3.87376642314453       -5.32310860518996        6.11539750623335      H
        1.95250777291526       -7.81214108437730        7.60902343109388      H
        3.79246025586600       -6.06669891846470        9.46593763807029      H
        0.76784529730265       -8.75788354535836       12.18675155365124      H
       -2.07429943573217      -10.17299071923226       11.45410422712434      H
       -1.94660954200274       -8.72777141839402       14.43997441050306      H
       -4.14237173454051       -7.78459287703392       -4.03047582312435      H
       -7.19135593848458       -9.30074253563189       -4.29415607794216      H
       -4.57149176890837      -10.84252770913525       -2.37792729514730      H
$end
