$coord
       -2.49000995058232       -1.20784315890143       -1.54456244976383      C
       -2.90536879438629        0.83657462996431        0.00370527754144      C
       -1.10505775726933        1.57790864933892        2.00912982329692      C
        0.98462516208187       -0.22789590098764        2.46450017162637      C
        1.39811568382271       -2.10283753819980        0.58459007036487      C
       -0.34045985208221       -2.67934954815855       -1.23757557359564      C
       -1.31781010261700        3.76943402791197        3.60648866030071      C
       -0.12510144552289        3.62947225788193        5.96597840548565      C
        1.71880877288381        1.57442374544664        6.31115124316463      C
        2.44117498086539       -0.04773159514050        4.53335074851086      N
       -2.58599099512626        6.15242454860954        3.15845093657485      C
       -3.20481486726244        7.62141403769987        5.24965119610177      C
       -2.57841528263814        7.12961081398147        7.60340098068438      N
       -0.70043317047439        5.48150193578821        7.81810206001993      C
        0.61321576447240        5.26086229332039       10.19345637912981      C
        2.43658294095676        3.50398012523267       10.43166426316845      C
        3.02615485008151        1.76876082395215        8.66488000647090      C
       -3.46974613295595        7.05659152293768        0.62642430752510      C
       -5.54887276226916        8.62359195759331        0.50257274504838      C
       -6.06689262666553       10.14771961119525        2.56122129044633      C
       -5.12179202683194        9.58686161813317        4.90623603225091      C
       -1.97618535466913        6.47934022255000       -1.48397915734476      O
       -5.20009485648146        2.28362562561240       -0.06361176821493      O
        0.51788844283878       -4.50419632441326       -3.31483722141894      C
       -7.92864719322722       12.20663262433263        2.30271483774279      C
        3.05741442323668       -3.33507741061734        1.00394995215917      H
       -3.86127905426476       -2.15184520565675       -2.73523820685615      H
        4.35333287982940        0.31130290832140        9.06327475117870      H
       -0.05541405700419        6.46709085394940       11.66207489415939      H
       -5.38040181123469       11.02390334048872        6.38168179147654      H
       -6.23996434965252        9.14882389349127       -1.29317299736163      H
       -0.68786412406547       -4.90588957685901       -5.30270097576605      O
        2.72668446329519       -5.51343636483266       -2.70071246226772      O
        3.31879751726296       -7.31629731998402       -4.54661926340314      C
        3.70485335087225        3.34179900553410       12.76845757960814      C
        5.73897622902556        2.29995491789632       13.07778067119639      O
        2.39937419354209        4.20181138509416       14.78191906466966      O
        3.96402753471059        3.72451377798705       16.85906285286644      C
       -8.55597151524940       13.28464864190040        4.25635884587641      O
       -8.26930439895718       12.90233095506827       -0.20127583100662      O
       -9.38112077144593       15.13172246746357       -0.14607840559260      C
        0.71078887797019        6.55525963668041       -0.89313189935962      C
       -6.90047619789980        1.54343261061526       -1.84271558351694      C
       -8.06902940436447       16.65220682630792        0.64206936550512      H
      -11.10638259618809       15.19049640662991        0.90838677322605      H
       -9.88555083954600       15.57005374373821       -2.01928583411348      H
        5.77322165401388        4.83313025630064       16.35861702914700      H
        4.02078940564191        1.72975343351474       17.29684478677488      H
        2.78265159922733        4.39972333884018       18.30540390568699      H
       -6.08410934755014        1.73089333992399       -3.71146982080248      H
       -8.41442609097999        2.92728303115551       -1.73034444232949      H
       -7.52680415584405       -0.46810774881772       -1.69263099787387      H
        1.60735767739879        4.69233688650258       -0.88334471690717      H
        0.85301001652585        7.39664584930064        0.92486306760640      H
        1.64536282716096        7.83181767879200       -2.20105245920985      H
        5.18498262101001       -8.13533287715274       -4.13604216645509      H
        3.70405306790810       -6.48699767429184       -6.55354624253016      H
        1.58675808715473       -8.48175021750977       -4.65899551950230      H
       -1.75660424365724       -7.43221044411006        4.43937966959278      C
       -1.75389656735128       -6.10174346805508        6.75417904264702      C
       -3.75303189736971       -4.31780669909687        7.41816841875596      C
       -5.64930434070240       -3.70362162633953        5.59211585184554      C
       -5.54338425898410       -5.13948395300204        3.42668749649359      C
       -3.82313819753214       -7.06430135249534        2.85484508292099      C
       -3.66247910302888       -2.79134606835690        9.71720534469129      C
       -4.76678742400702       -0.42891662424485        9.44776620511310      C
       -6.52969843274714        0.05180346043600        7.57969484450913      C
       -7.14448946758460       -1.62386308438083        5.72177084186655      N
       -2.31751067342653       -3.37012926702297       11.97326056961946      C
       -1.57390657726521       -1.38801874138443       13.43328846526641      C
       -2.71387680894758        0.94176945079095       13.29930221170478      N
       -4.21087154450437        1.48196640765056       11.35242765934947      C
       -5.26288844485746        3.97772065016788       11.09987750276138      C
       -6.92440852452862        4.42142596289198        9.09867506124072      C
       -7.55417426381665        2.44551115560923        7.55541670061793      C
       -1.55973662585909       -5.84039174508846       12.64438361098866      C
        0.40134203854323       -6.08796574345841       14.47547122953463      C
        1.15223716512105       -3.96427784953816       15.94907539543073      C
        0.05356516412585       -1.70672802849801       15.47967640329556      C
       -2.76662837876570       -7.85187251649246       11.54328979319209      O
        0.38774546038064       -6.47612257064116        8.28222264307291      O
       -3.72853127330202       -8.28932425206255        0.37529999621410      C
        2.71404776902610       -4.33716791641544       18.19375266712300      C
       -6.82977187406606       -4.69943863866650        1.90688202422459      H
       -0.30881399301052       -8.60919459931004        3.77199253184558      H
       -9.21471412531297        2.72488634457122        6.36211996978201      H
       -5.15948719325749        5.47085801928853       12.54713647584734      H
        0.64261955013720       -0.24617484703519       16.56363829837941      H
        1.61509745282728       -7.74693314221821       14.46664747027109      H
       -1.79759897377844       -9.29059573214699       -0.41267754483782      O
       -5.93443971113359       -8.32364658299453       -1.05767422415179      O
       -5.12470572520854       -8.68435248969350       -3.67533276572655      C
       -8.40479655039537        6.79990785104804        8.47817821054629      C
      -10.03647626128167        6.82557600555436        6.89710819741889      O
       -7.56614258173742        8.91633135265526        9.79690443515458      O
       -9.32183465386410       10.94355703966082        9.58449653085963      C
        3.55620004280256       -2.63303640573769       19.38852522929586      O
        3.51230332126698       -6.82864085366891       18.73102174214563      O
        4.97121799354871       -6.79367069014152       21.00823009262649      C
       -2.65515005865449      -10.15483827809037       12.86980789987235      C
        2.48826746735137       -6.51546839967508        6.78164269775645      C
        5.21628367084083       -8.80263810697895       21.47037233736400      H
        4.07514454010207       -5.91865879376357       22.61178257656139      H
        6.85082146547318       -5.96383999795916       20.56768362722824      H
      -10.23597931349633       11.21513033369035       11.52057784894834      H
      -10.77257610037134       10.34706019232144        8.22492719058651      H
       -8.38117763022287       12.77859585230816        9.24887552873183      H
        2.31429851292161       -5.29822565739131        5.12196612048778      H
        3.01370876229704       -8.36314601651722        6.01394664786706      H
        4.12853747603319       -5.93146706869591        7.79722112179665      H
       -0.82668837982182      -10.51347282560173       13.74284312803322      H
       -2.92349305292381      -11.52311461748772       11.25478878833475      H
       -4.08101787290255      -10.14290041322991       14.14933680435632      H
       -3.39850314113077       -7.36692414585572       -3.90252927717952      H
       -6.51185541187406       -8.18500535944547       -5.07734533551194      H
       -4.46622729526130      -10.46565453482730       -4.00415482415585      H
$end
