 -1.0
 -0.47987043633936D+01  0.12526866642228D+01 -0.16046507602893D+01 -0.59632928368151D-03 -0.60096461000695D-05 -0.33140847251736D-03
 -0.28878497397040D+01 -0.28822833868871D+00 -0.44925129919466D+00  0.44704886633871D-03 -0.23791602019001D-03  0.49487770143478D-03
 -0.95979135939249D+00  0.61242304029947D+00  0.12681269064613D+01  0.17017875549901D-03 -0.17321467100604D-03  0.49775565351235D-03
 -0.84998486483723D+00  0.33636847388773D+01  0.14124731901747D+01 -0.86152360806476D-03  0.25527539704918D-03  0.56710005912828D-03
 -0.26858151752339D+01  0.50635065311969D+01  0.36504573093185D+00  0.22914557345506D-03 -0.34199403270166D-03  0.41797336102619D-03
 -0.46542373812225D+01  0.37601790798907D+01 -0.11817894041324D+01  0.14066896881686D-03 -0.24630744723831D-03  0.47050738312911D-04
  0.73546893453427D+00 -0.79241155715599D+00  0.27619221472868D+01  0.53830405656903D-04  0.34178567211751D-05  0.37648352547048D-03
  0.30551773876899D+01  0.30472019968763D+00  0.35442259287067D+01 -0.13118918311732D-03 -0.17189206173022D-03  0.31049162257156D-03
  0.30316486952130D+01  0.31240393030019D+01  0.35862400541841D+01 -0.28675017979820D-03  0.14604448868507D-03 -0.19605124857030D-03
  0.10206035371522D+01  0.44452424340501D+01  0.26643402546743D+01 -0.32934284716332D-03  0.24532272630781D-03  0.50227277861508D-04
  0.43595723666474D+00 -0.32346086681731D+01  0.36981838430169D+01  0.22437233570495D-03  0.16099065809618D-04 -0.49744345436378D-03
  0.26125083213549D+01 -0.44282231234296D+01  0.48649621687943D+01 -0.34302963231042D-03  0.57706245327009D-03  0.39890927558993D-04
  0.50065240580602D+01 -0.35226816888787D+01  0.49359980294895D+01  0.45792480855920D-03  0.70549293821291D-04  0.25957873273299D-03
  0.52246443399787D+01 -0.10358325879719D+01  0.46085420215483D+01  0.12405158157011D-04 -0.27728691680346D-03 -0.91728409755210D-03
  0.72604710037912D+01  0.27678329633247D+00  0.55723759452632D+01  0.37304763484425D-04 -0.30837266296459D-03 -0.21846364507930D-03
  0.74215151146547D+01  0.28096009485481D+01  0.50966304321056D+01  0.13026017121018D-03 -0.98944477974619D-04  0.62696828674017D-04
  0.54923382850454D+01  0.42649923514056D+01  0.41008801733005D+01  0.21658760177513D-03 -0.32211270447387D-03 -0.46643487700771D-04
 -0.19471682319220D+01 -0.43156293247623D+01  0.44020643767317D+01  0.96524421355239D-04  0.47409597615602D-03  0.25529470426097D-03
 -0.21168048649065D+01 -0.68543049410086D+01  0.50115971350903D+01 -0.61753046563048D-04  0.22816691383423D-03  0.38412034387003D-03
  0.22463752794366D+00 -0.81977639851589D+01  0.53268522776210D+01  0.55890633363569D-03 -0.24843668810620D-03  0.15561343185213D-03
  0.24019489091388D+01 -0.69228055641154D+01  0.54333043211434D+01  0.16900477678324D-04 -0.18241352835300D-03 -0.11307680184331D-03
 -0.40581261577401D+01 -0.28883432203939D+01  0.41495234862042D+01 -0.15677111608737D-03  0.23141311075974D-03 -0.52914126815673D-03
 -0.26428699804911D+01 -0.28619127675135D+01 -0.82675014936065D+00 -0.14783926464143D-03  0.69819219230865D-04  0.20576698583643D-03
 -0.66516610221951D+01  0.52137467894985D+01 -0.24231280949379D+01 -0.55104778981729D-03 -0.31316832664214D-03 -0.53186327490996D-03
 -0.16549088851928D+00 -0.10832497971695D+02  0.60046720372570D+01  0.21145904447434D-03 -0.49178711868881D-05  0.36297357987073D-03
 -0.25641078036952D+01  0.71305360760151D+01  0.49705829619542D+00 -0.17068418642070D-04 -0.16644163869028D-03  0.93209946045684D-04
 -0.62757107657970D+01  0.62068636691356D+00 -0.30230705582900D+01  0.67629918342927D-03 -0.58430721294577D-03 -0.76722329633608D-03
  0.57144688756256D+01  0.64111942687938D+01  0.42615033674925D+01 -0.50651320627535D-03  0.73422747272512D-03 -0.16494712825278D-03
  0.89428399825170D+01 -0.89976380242473D+00  0.56589811852845D+01 -0.27097536497996D-03 -0.38598064506970D-03 -0.19627125344540D-03
  0.37363947144357D+01 -0.78068329504306D+01  0.66104953633142D+01 -0.89322009599703D-03  0.21291537602417D-03 -0.17819920562663D-03
 -0.38389003802920D+01 -0.79312656167214D+01  0.48765811967495D+01  0.53246310540984D-04 -0.28248356402347D-03  0.55923495596085D-03
 -0.60964499295935D+01  0.67926377657665D+01 -0.39841527270331D+01 -0.14023227154764D-03 -0.64691888569655D-04  0.10470298423218D-03
 -0.90024397557364D+01  0.45138828018004D+01 -0.17552412533058D+01 -0.31791452950537D-04 -0.43332494165564D-03 -0.85541814600928D-04
 -0.10544335453822D+02  0.62252010590728D+01 -0.31946413844689D+01 -0.31162191264828D-03  0.33169866270451D-04  0.80646296588169D-04
  0.99369761140722D+01  0.41797564613776D+01  0.51798076179947D+01  0.45292346362645D-04  0.49951502820211D-03 -0.30675052655727D-03
  0.11940382835343D+02  0.30858477727710D+01  0.48333484944781D+01  0.17494439766154D-03 -0.10204036219932D-03 -0.26014725674442D-03
  0.98062595467578D+01  0.68225573761379D+01  0.54947465983367D+01  0.35429065327830D-03 -0.24787791858014D-03  0.22658883036560D-03
  0.12096086126305D+02  0.76706138657630D+01  0.64154850186507D+01  0.23286862923967D-03  0.10031682208592D-03  0.38237992657346D-03
  0.14864062764471D+01 -0.12379942297653D+02  0.63388849603036D+01 -0.36181459770779D-03 -0.44579815142484D-03 -0.25221729979113D-03
 -0.24931405343033D+01 -0.11115314625693D+02  0.73494821018523D+01 -0.15204543861837D-03 -0.73525185606755D-04 -0.70420709149466D-03
 -0.21037195343624D+01 -0.13256421387588D+02  0.88947054507386D+01 -0.35900932124192D-03 -0.58657380145560D-04 -0.14230927946112D-04
 -0.63013501157617D+01 -0.35257806063377D+01  0.56573888294809D+01  0.83014184092706D-03  0.61324624791031D-04 -0.75018835217957D-03
 -0.10936281137032D+01 -0.38003805671216D+01 -0.29503574721335D+01 -0.21903333804625D-04 -0.57407584928975D-03  0.65139368544908D-04
 -0.43580710048159D+00 -0.12696467773021D+02  0.10003426710543D+02 -0.31264096423791D-03 -0.65223226358553D-03 -0.16186962845600D-03
 -0.13942935046585D+01 -0.14931668445807D+02  0.78145140427191D+01  0.80565796394430D-03  0.62464778546161D-03  0.73472355619939D-03
 -0.37539868757937D+01 -0.13692796571368D+02  0.97672290393257D+01  0.40123640400661D-03 -0.16222712107809D-03 -0.16037515837087D-03
  0.12496277396868D+02  0.97201157273873D+01  0.63030556726460D+01  0.13410326261185D-03 -0.80315243113663D-03  0.10732632441504D-03
  0.13087590221148D+02  0.70248802615558D+01  0.47652145058595D+01  0.71823763451694D-04  0.31534602781445D-03 -0.55931471831542D-03
  0.12704997663842D+02  0.67240378582831D+01  0.81775633080598D+01  0.41733766507768D-03 -0.82360426239728D-04 -0.12528350456633D-03
 -0.23838814924808D+01 -0.52701726002405D+01 -0.37260557509312D+01 -0.15683129034757D-02 -0.48544796747320D-04 -0.44279897405987D-03
  0.63564162666476D+00 -0.46839592325859D+01 -0.20953136076830D+01  0.15752339328762D-03 -0.58880071171144D-04 -0.70012956362827D-03
 -0.46100907515398D+00 -0.22636584580588D+01 -0.44107193535536D+01 -0.21837704434131D-03 -0.86429208095902D-03  0.45607042465023D-03
 -0.73333425457193D+01 -0.18755806853571D+01  0.59151981648552D+01 -0.11009832518401D-03 -0.19611108616634D-03 -0.25876651265983D-04
 -0.65562254650688D+01 -0.41925306188238D+01  0.77421296327661D+01  0.11670273417907D-02 -0.12617228170872D-03 -0.10900487302366D-03
 -0.71478274651086D+01 -0.48325840010011D+01  0.43788808853452D+01  0.69945522715580D-03 -0.51335248216247D-03  0.56388317860664D-03
 -0.11680609103100D+02  0.72104267900352D+01 -0.19705913748511D+01  0.23589117238644D-03 -0.18859448334365D-03  0.43372410806787D-03
 -0.11464179459579D+02  0.50243720158713D+01 -0.45971091502797D+01  0.14145111031116D-03  0.49416755153096D-03 -0.14182897149953D-02
 -0.94453771079050D+01  0.76413465506561D+01 -0.42596495626864D+01  0.39757198548068D-03  0.50107324267419D-03  0.10244523970008D-03
 -0.47802682368317D+01  0.70822252942578D+01  0.55365515074103D+01 -0.41386741084490D-03  0.41674969364716D-04 -0.50116410001895D-03
 -0.55676373337975D+01  0.47080636715985D+01  0.65908383766324D+01 -0.43221212336157D-03 -0.88699970289489D-04  0.38126722528304D-03
 -0.37365737281073D+01  0.33875292872036D+01  0.81715213018961D+01 -0.33480517673022D-03  0.10669236589906D-03 -0.94688612622668D-04
 -0.11506550310922D+01  0.42695437449426D+01  0.81988568070036D+01  0.25947356844870D-03 -0.14354905622109D-03 -0.30416554217463D-03
 -0.48615163265780D+00  0.66904263085072D+01  0.72705859125581D+01 -0.84487669661348D-04  0.48822383480481D-03  0.65946616380482D-03
 -0.22921976229821D+01  0.80359335159595D+01  0.60345862815995D+01 -0.19416724746617D-03 -0.22588716575110D-03 -0.15121920286741D-04
 -0.45542485002896D+01  0.11411952485055D+01  0.97096483805952D+01  0.89278871332558D-04 -0.24653725195689D-03  0.98055969714849D-03
 -0.26265118254598D+01 -0.48535192149830D+00  0.10407656699202D+02  0.16613587014173D-03 -0.84633885534199D-04  0.26609152801740D-03
  0.35734069954450D-01  0.50538159859220D+00  0.10298399453599D+02 -0.73356718266537D-03 -0.12031828425073D-03  0.42051443404431D-04
  0.77722557963496D+00  0.28740505601746D+01  0.92357574611134D+01  0.29209347165360D-04  0.15112663917377D-03  0.10107025455884D-03
 -0.71241288863429D+01  0.64691942924702D+00  0.10772499546500D+02 -0.26067136545159D-04 -0.12672666536839D-03  0.43054622354266D-03
 -0.76186603663224D+01 -0.17936092652915D+01  0.11847449739938D+02 -0.11733971091912D-04  0.48929214732937D-03 -0.17909821592406D-03
 -0.57397393474089D+01 -0.35561897651992D+01  0.12074464928839D+02 -0.43571033951977D-03  0.64731762963113D-04 -0.22483739234061D-03
 -0.33609279958042D+01 -0.27904600505483D+01  0.11651179259371D+02  0.64626415705523D-03 -0.43068232693592D-03  0.14013842214896D-03
 -0.12611938640019D+01 -0.42857307040605D+01  0.12165855773254D+02 -0.25067611435317D-03  0.15660267954408D-03  0.33314316128218D-03
  0.13376536156735D+01 -0.34451574088646D+01  0.12298852012787D+02  0.54938694576136D-03  0.49253638361343D-03  0.34374488086769D-03
  0.20866919523492D+01 -0.10756760088244D+01  0.11344352303037D+02  0.53478893606101D-03 -0.40308470998906D-03 -0.27132714596412D-03
 -0.92507804462147D+01  0.24738189349423D+01  0.10464441453778D+02 -0.21231434605836D-03  0.17355001472822D-03 -0.21970303855725D-03
 -0.11602361284436D+02  0.16422752794917D+01  0.11142718468944D+02  0.32987464305627D-03  0.86814399004934D-04 -0.21313299972945D-03
 -0.12133737391688D+02 -0.71422096392604D+00  0.12061620801075D+02 -0.40047643207470D-04  0.47346031310680D-03 -0.31159435909543D-03
 -0.10055141288615D+02 -0.23490045348534D+01  0.12304033360077D+02  0.46874811084054D-04 -0.18082923856796D-03 -0.12438166177281D-03
 -0.83694615507316D+01  0.50284568359973D+01  0.99951535185356D+01 -0.18484881704260D-03  0.76153390031874D-04 -0.24570267773849D-04
 -0.76974043696843D+01  0.32816944932892D+01  0.60048434655979D+01 -0.29882401599990D-03  0.18661465552403D-03 -0.79697909573946D-04
 -0.10849968873239D+01  0.10185750228005D+02  0.44291346744312D+01  0.32623189698721D-03  0.54681645399816D-03 -0.14829568948076D-03
 -0.14648451391399D+02 -0.10117341180294D+01  0.13074213713092D+02  0.46483597428580D-04  0.89090558738110D-04 -0.95456531611985D-04
  0.14081183662412D+01  0.72618684997934D+01  0.76776069874863D+01  0.29311427421706D-03  0.23102201522704D-03  0.26577084682316D-03
 -0.62039883227841D+01  0.83739968326756D+01  0.48904973500534D+01 -0.21764062391772D-03  0.10524483188863D-02  0.14496180829753D-02
  0.43145014344226D+01 -0.83998036659570D+00  0.11142450849803D+02 -0.38740254212991D-03  0.48538903652385D-03  0.58717143731830D-03
 -0.16104657941425D+01 -0.61573837214606D+01  0.12605974630867D+02  0.29391397942904D-03 -0.55121417759183D-03 -0.66675823893842D-03
 -0.10097013852221D+02 -0.39909906830483D+01  0.13310420401005D+02  0.26728843552810D-03 -0.35750996372565D-03 -0.45301403081949D-03
 -0.13130531446889D+02  0.31224684500555D+01  0.11658252912524D+02 -0.39739771193568D-03  0.37886004870524D-03 -0.14782148151534D-03
 -0.22139466196104D+01  0.12046205351754D+02  0.38720556266160D+01  0.21134911917375D-03 -0.38950389339967D-03  0.22459453010704D-03
  0.15061502098612D+01  0.97009291744336D+01  0.41810443214068D+01  0.11606478681275D-03 -0.64742885927681D-04  0.34903697743542D-03
  0.29021662813749D+01  0.11750837840592D+02  0.30909677825161D+01  0.26188288735832D-04  0.87369040135212D-04 -0.10154670176408D-03
  0.33435984427940D+01 -0.52010004453818D+01  0.12566677061383D+02 -0.16694822375189D-03  0.52270226337227D-03 -0.41701446179506D-04
  0.30662079397501D+01 -0.75233485534766D+01  0.11967500614328D+02  0.77685463299052D-03  0.16076542285412D-03 -0.84508597706179D-04
  0.55728447549847D+01 -0.44751975959098D+01  0.13551802614637D+02 -0.14768203833871D-04  0.92550857782002D-04 -0.19982138492723D-03
  0.74432298580228D+01 -0.64946301841559D+01  0.13523487208316D+02  0.19008111568723D-03 -0.33627854724543D-03  0.84189521035215D-04
 -0.15678210026052D+02  0.81864665524145D+00  0.13992051098527D+02  0.31662204651632D-03 -0.36306326019848D-03  0.19955740286008D-03
 -0.15590673492109D+02 -0.33889714632152D+01  0.13497456297261D+02 -0.47972128746337D-03  0.43911781682905D-03 -0.53847412758035D-04
 -0.18259995140503D+02 -0.32996067357303D+01  0.13631931661249D+02 -0.14965574304594D-03 -0.91086066933315D-04  0.14610536481071D-03
 -0.95893207164857D+01  0.69526556639286D+01  0.11570503039275D+02  0.43521167422568D-03  0.88184460587263D-05  0.74476143017387D-04
 -0.88285170123114D+01  0.37674002777994D+01  0.36091090109317D+01 -0.10059944290067D-03  0.17952431902220D-03 -0.24470064529275D-04
 -0.19417465932807D+02 -0.19026466754222D+01  0.14576264471460D+02 -0.16003877592676D-03 -0.17281271858145D-03 -0.61575458895145D-03
 -0.18837383859890D+02 -0.52503935681705D+01  0.13962382304562D+02 -0.28118204017536D-03 -0.64353044151419D-03 -0.60785561917854D-03
 -0.18661745353773D+02 -0.31809492571099D+01  0.11448100586654D+02 -0.24198166968762D-03  0.41518472939764D-03 -0.68972439693986D-03
  0.70633436382052D+01 -0.77464248332258D+01  0.11916252939415D+02 -0.34446222534702D-04 -0.16023407826901D-03 -0.37074708174933D-03
  0.71470108895608D+01 -0.74310942816197D+01  0.15412854499955D+02 -0.73065527959037D-03  0.11666157086406D-02  0.32595755223534D-03
  0.93139302598042D+01 -0.55466057802059D+01  0.13188700297064D+02  0.72706243357251D-03 -0.21434027752945D-03  0.47901093915921D-03
 -0.94990990635503D+01  0.57253515704356D+01  0.31240036406576D+01 -0.81574593534531D-03 -0.14942534498948D-03  0.31548906719822D-04
 -0.10611150276808D+02  0.28177404950480D+01  0.36677374600219D+01  0.58337125005581D-03  0.50594585085657D-03  0.15555261767244D-03
 -0.75870709759169D+01  0.32194882757933D+01  0.20907955026395D+01  0.76779101133144D-03  0.37801084494463D-03  0.75354680689964D-03
 -0.11357963773614D+02  0.78706765740704D+01  0.10646112275820D+02 -0.61073245314228D-03  0.82283238711221D-03  0.22362296288539D-03
 -0.81461438415708D+01  0.83032673541734D+01  0.12202400177701D+02 -0.91152548552454D-03 -0.44218931841632D-04 -0.70011729496644D-03
 -0.10311358924255D+02  0.60545056658987D+01  0.13256663793183D+02 -0.55018624052810D-03 -0.15472012649795D-04 -0.24842927615358D-04
  0.19534403509436D+01  0.12344765223342D+02  0.13568879990584D+01  0.78670144686548D-03  0.66801713709153D-04 -0.10032969182558D-02
  0.48146870266569D+01  0.11290867948293D+02  0.30710149216342D+01 -0.25421289090581D-03  0.10834488514800D-03 -0.28078219001474D-03
  0.25101848177405D+01  0.13232395294900D+02  0.46515746910331D+01 -0.41647767196511D-03 -0.10114979739611D-03  0.10061871092325D-02
