 -1.0
 -0.41763448469277D+01 -0.78601436701101D+00 -0.15008193728879D+01  0.32290108295742D-03  0.94395051336477D-04  0.32595089098923D-03
 -0.22479327937908D+01 -0.25587081560679D+01 -0.10392967706771D+01 -0.94315670636393D-04  0.66451891989923D-04 -0.88827861783903D-04
 -0.16425466456436D+00 -0.21934716783445D+01  0.79083609525640D+00  0.41498635612901D-03 -0.28945405902263D-03 -0.50200797529900D-03
 -0.11579620754713D+00  0.27144566265208D+00  0.16411607965988D+01 -0.30163914164040D-03 -0.66762813980417D-03 -0.32069178611752D-03
 -0.19189097480604D+01  0.21502862136260D+01  0.72039088667340D+00  0.30429969603012D-03 -0.24426992423061D-03  0.31774016043102D-04
 -0.40338366258937D+01  0.16897900817960D+01 -0.57032274983094D+00 -0.20824185452801D-03  0.71523615965532D-03  0.62680822740202D-04
  0.19447132891325D+01 -0.36509589690771D+01  0.17578961272287D+01  0.13459434318980D-03 -0.28581327349134D-03  0.86098151960482D-03
  0.39750456602780D+01 -0.26861378938380D+01  0.31063874209669D+01  0.42064458108169D-03  0.47671079424676D-03  0.23703046852005D-03
  0.36047927364535D+01 -0.18904023394205D+00  0.38735088205996D+01 -0.57520289733611D-03  0.35437373114139D-03  0.23241081330878D-03
  0.14201260395335D+01  0.10501030727221D+01  0.35316218101402D+01  0.31951526190336D-03 -0.48144213332867D-03 -0.11226786400460D-03
  0.20607135159539D+01 -0.63029598696411D+01  0.12379137372906D+01 -0.39194475071672D-03  0.33645234072988D-03 -0.41426670229567D-03
  0.44168377336920D+01 -0.73713654313633D+01  0.16659068825797D+01  0.13370247589605D-03  0.97872673822518D-04  0.36169506959103D-03
  0.63336319480355D+01 -0.62421784231152D+01  0.25195712994219D+01 -0.16831904230875D-03  0.50914412193507D-04  0.36062393861076D-03
  0.62225702181608D+01 -0.39065382229254D+01  0.34531373120268D+01  0.80041688726635D-03 -0.13133029258001D-03 -0.16729902067682D-03
  0.80456208513149D+01 -0.25957771645865D+01  0.50348783907363D+01 -0.23058597794838D-03  0.26530633698615D-03  0.27536750306770D-03
  0.80363784565585D+01 -0.16229638288261D+00  0.57413366836356D+01  0.53536600562821D-03  0.13212382310767D-03 -0.21624169907391D-03
  0.58232155820666D+01  0.93245150423840D+00  0.51020388418193D+01 -0.24043755653417D-03  0.80297483571311D-04  0.14473803189454D-03
 -0.18280805268324D+00 -0.78509929544069D+01  0.85822663201473D+00  0.63258917499863D-03  0.48549326308986D-04 -0.97948596912142D-04
  0.18199082370416D+00 -0.10364566185851D+02 -0.66313479330509D-01 -0.57974995290559D-03 -0.96910882067245D-04 -0.74801404843373D-03
  0.27332387276302D+01 -0.11064276915006D+02 -0.68404586959734D+00  0.52409464490525D-03  0.16884916620497D-03  0.43677469585952D-03
  0.47056205576246D+01 -0.97039191518324D+01  0.31819812604299D+00 -0.47575175425389D-03 -0.57721601786403D-04 -0.25736131309841D-03
 -0.27115048483879D+01 -0.71645293450733D+01  0.13928951847514D+01  0.22244684504291D-03 -0.15223805257044D-03 -0.30904698512358D-04
 -0.19281424294543D+01 -0.48028206283940D+01 -0.26496774714254D+01 -0.21466473393964D-03  0.13525628989747D-03 -0.69074878586891D-04
 -0.53266446488325D+01  0.38014942585699D+01 -0.14998295288468D+01  0.10678039984183D-03 -0.42094816814073D-03  0.14965498799050D-03
  0.33221733930195D+01 -0.14000676328807D+02 -0.61258543754976D+00 -0.52229486747854D-03  0.10629491140252D-03  0.42649706726411D-03
 -0.12089379709854D+01  0.39827225991332D+01  0.16027529797336D+01 -0.38960643520579D-03 -0.68127549481008D-03  0.10964804628562D-02
 -0.59856232523958D+01 -0.88227503134073D+00 -0.26680917757978D+01  0.35915608206380D-03  0.62082747633183D-03 -0.19703263850894D-04
  0.58570927648515D+01  0.30322320614900D+01  0.57007683985981D+01  0.35822327189200D-03  0.31508856289603D-03  0.86337586977148D-03
  0.97918475586790D+01 -0.37816892938752D+01  0.54929081614379D+01  0.67998727121790D-03  0.24259238632686D-03 -0.64951697679226D-03
  0.66846581485004D+01 -0.10289065002139D+02 -0.20796410735853D+00 -0.40825224563762D-03 -0.95883587284465D-03 -0.27693524306742D-03
 -0.16569492489877D+01 -0.11103337445406D+02 -0.55549320302562D+00  0.25471165618958D-03  0.10793538541194D-03  0.70461017494407D-03
 -0.72883692192473D+01  0.36465215072771D+01 -0.29148730479677D+01 -0.30473006971956D-03 -0.58378563697549D-04 -0.65888017723315D-03
 -0.46029965001703D+01  0.61673138178217D+01 -0.37370527787623D+00  0.66129180495982D-04  0.34307159111693D-03  0.43189008008557D-03
 -0.68475200055436D+01  0.77469783639740D+01 -0.62698064616648D+00  0.99392615106384D-04 -0.40893743342968D-03 -0.69831422567723D-03
  0.10039664657965D+02  0.11896068138263D+01  0.68838794216013D+01 -0.45785492151223D-03  0.52620210388312D-03  0.37517579869669D-03
  0.10285761658084D+02  0.33096770339714D+01  0.73619171884211D+01  0.58009729265325D-04 -0.21811478063460D-03  0.10869277342567D-03
  0.11815223192540D+02 -0.55806176472922D+00  0.79210346711773D+01  0.46188815923903D-03  0.91743983048739D-04  0.56022851057354D-03
  0.14235666600151D+02  0.78254359982176D+00  0.83938184736154D+01 -0.26127230960427D-03  0.40639624823432D-03 -0.83307340100947D-03
  0.52402506733022D+01 -0.14808616078362D+02  0.18612236333073D-02 -0.85076786361062D-04  0.26275637922249D-03  0.48536762166544D-03
  0.12350925741370D+01 -0.15198749823590D+02 -0.15772921491576D+01 -0.15360984416145D-03 -0.39198104123609D-03 -0.18927786940252D-03
  0.18084227048139D+01 -0.17919225767685D+02 -0.18388431625568D+01  0.23941658463905D-03 -0.39744683231688D-03  0.26920487858819D-03
 -0.33622633314013D+01 -0.61829204324556D+01  0.39895005887588D+01 -0.57976602728910D-03  0.27500555613424D-03 -0.36850414817504D-03
 -0.33092053561134D+01 -0.47391278238934D+01 -0.49770413485503D+01 -0.18702069997001D-03  0.27860154988024D-04 -0.82253628725556D-04
  0.55703312745853D+00 -0.18784341071354D+02 -0.62470983759204D+00  0.13510154049083D-03 -0.13598610280671D-03  0.75563838376573D-03
  0.38069808576884D+01 -0.18178150821027D+02 -0.13226582323346D+01  0.98054428755104D-04  0.10557073357224D-03 -0.50650554664854D-03
  0.15209910893602D+01 -0.18806956190649D+02 -0.37755931428845D+01  0.73536267481577D-03  0.26499914948817D-03 -0.24552349836359D-03
  0.15849735881061D+02  0.50156995422934D-01  0.96565317674852D+01 -0.28492795090959D-03  0.14915050597876D-03 -0.65121108979428D-03
  0.13991650262906D+02  0.29136677828634D+01  0.83109341040525D+01  0.34754654971092D-03 -0.65874527921251D-03  0.12771083593506D-03
  0.15439524088800D+02  0.36032651357603D+00  0.67636796275545D+01 -0.47156342354215D-03  0.94388731269672D-04 -0.11541938933372D-03
 -0.33693261086010D+01 -0.27473902669357D+01 -0.54523475213138D+01 -0.54804901689727D-03 -0.14511908817259D-02  0.44124091848263D-03
 -0.52284248061103D+01 -0.56965586214196D+01 -0.49514896345390D+01 -0.11296208144372D-02  0.10340310819097D-02 -0.52689971556822D-03
 -0.17113144830149D+01 -0.49002732668720D+01 -0.65765814199067D+01  0.88395847043329D-03  0.15062628216662D-02 -0.23422021535657D-04
 -0.27872967724714D+01 -0.75411265323876D+01  0.53231217831798D+01 -0.46691269403130D-03  0.78705312182933D-03 -0.74028374991728D-03
 -0.55811800455308D+01 -0.58835195928836D+01  0.38793334220962D+01 -0.67721077645996D-03  0.11181811199729D-02 -0.77027796332126D-03
 -0.22773301946517D+01 -0.44245870431625D+01  0.46512294664250D+01  0.12128323683039D-03 -0.68888574410463D-03 -0.60775713365384D-03
 -0.68744100469386D+01  0.92679913136056D+01  0.77491472768340D+00 -0.20782324735199D-03  0.15956077464141D-03  0.83277643105218D-04
 -0.85605264987987D+01  0.66083747296162D+01 -0.15339036921441D+00  0.54769533328381D-03 -0.73618340776364D-03  0.20277913421723D-03
 -0.68677229606560D+01  0.84410297068845D+01 -0.24568724326579D+01  0.48783698863641D-03 -0.17298552908294D-02  0.82056131388813D-04
 -0.79037515332943D+01  0.91752588889106D+01  0.69178502839254D+01  0.29646214897851D-03  0.46964830908540D-03  0.59564133654808D-03
 -0.81271958876567D+01  0.70934914943023D+01  0.86067042046130D+01  0.28833843331786D-03 -0.11562496384834D-03  0.55991603127425D-03
 -0.59307080952560D+01  0.59445079226552D+01  0.97489119221355D+01 -0.69566242869200D-04 -0.24829161452598D-03  0.40955838326000D-03
 -0.36753947053555D+01  0.63959276225912D+01  0.83380009813682D+01  0.71082615436983D-04 -0.30146341974180D-03 -0.10881536761609D-03
 -0.35123829794987D+01  0.83423162916276D+01  0.62924062965721D+01  0.31862302492376D-04 -0.97196507597975D-05 -0.72530809654123D-04
 -0.56080515445063D+01  0.97154772430539D+01  0.56318330787361D+01  0.16439647311435D-03 -0.15558220726351D-03  0.10985805937047D-03
 -0.54790044092925D+01  0.43320533198196D+01  0.11686275775401D+02  0.34563362199223D-03  0.45008051876620D-03 -0.47984869410040D-03
 -0.37817663848791D+01  0.24640425024731D+01  0.11569412815372D+02 -0.41790464543484D-04 -0.35213499377717D-08  0.12154979325017D-04
 -0.16878723909154D+01  0.28078064442987D+01  0.98396061200280D+01  0.76407011498008D-03 -0.52885533094951D-03 -0.20052515826878D-04
 -0.18265269825120D+01  0.48234643646410D+01  0.82018841272289D+01 -0.16291305315535D-03 -0.61692466155150D-03  0.29155604467937D-03
 -0.72762453428786D+01  0.41120878104450D+01  0.13978376491316D+02 -0.23494361314985D-04 -0.17581602989471D-03  0.11580154958899D-03
 -0.74731552241322D+01  0.16544219667786D+01  0.15316765562265D+02  0.13315330712713D-03 -0.23868885151453D-03  0.42327848811623D-03
 -0.56765628829479D+01 -0.36184671047037D+00  0.14886153215652D+02 -0.32513909746912D-03  0.50036438126205D-03 -0.19061826108497D-03
 -0.36693954503173D+01  0.27217650929456D+00  0.13396340347946D+02  0.34302434676685D-03  0.46854795891791D-03 -0.78011867139839D-04
 -0.18160951896441D+01 -0.16852221574537D+01  0.13120503160155D+02  0.64652475646911D-03  0.39997976876814D-04 -0.34636921122305D-04
  0.27237606520333D-01 -0.14335682240923D+01  0.11236177818357D+02  0.17509272933555D-03  0.52064524989796D-03  0.61695730905079D-03
  0.42646212960475D+00  0.94246988563879D+00  0.97495250296010D+01 -0.15962869117816D-03  0.23103769409035D-03 -0.12521259067731D-03
 -0.87023482839863D+01  0.61718206018821D+01  0.14937842668519D+02 -0.11204511304673D-03  0.69319186826257D-03  0.29894473397625D-03
 -0.10829112600547D+02  0.57685558743315D+01  0.16588755148540D+02 -0.41224984555611D-03 -0.31217024948280D-03  0.36548979952708D-03
 -0.11065115456002D+02  0.32695278223531D+01  0.17253837792790D+02  0.32264778713177D-03  0.17356796989705D-03  0.39826765597147D-03
 -0.96267374042962D+01  0.11167327477536D+01  0.16586652262160D+02 -0.54898648883791D-03  0.12661482433537D-03 -0.41935690654862D-03
 -0.75221273973395D+01  0.85599731375416D+01  0.14903164960705D+02  0.32027178475623D-03  0.77863932858758D-04  0.31750705822776D-03
 -0.10592366815006D+02  0.67080510704716D+01  0.94947156062984D+01 -0.54054772677689D-03  0.14628642616670D-03 -0.24046695201723D-03
 -0.58314507213874D+01  0.11967717472675D+02  0.40255063942538D+01 -0.34428661168199D-04  0.13462727729224D-03  0.24021404975512D-03
 -0.13307906404895D+02  0.26754304563459D+01  0.19153185848442D+02 -0.14277104629825D-03 -0.50633956622248D-03  0.40379818110172D-03
 -0.20574365246823D+01  0.86625993542715D+01  0.49851860214178D+01 -0.17826848964864D-03  0.11949379138600D-03 -0.68421888086542D-03
 -0.95879273816720D+01  0.10343895983418D+02  0.63101262962907D+01 -0.45534806693152D-03  0.46553378787611D-03  0.23615323275982D-03
  0.16467126897282D+01  0.12731793911893D+01  0.81073391346441D+01 -0.57662679410028D-03 -0.74121305109626D-03 -0.86705487099210D-03
 -0.22022550384273D+01 -0.34215614108214D+01  0.13991169096009D+02  0.10574488140010D-03  0.10055948945768D-02 -0.88378207107672D-04
 -0.99594401561504D+01 -0.84188969997585D+00  0.16914635771233D+02 -0.95015726424137D-03 -0.40123932411384D-03  0.94753137982709D-04
 -0.11831030428509D+02  0.74535671275577D+01  0.17485165539544D+02  0.46286479269672D-03 -0.26577174723939D-03 -0.50775887107517D-04
 -0.74877162844272D+01  0.13498342406447D+02  0.44815312924161D+01 -0.52401528634401D-03 -0.22083545053362D-03 -0.22322672728796D-03
 -0.43134752352495D+01  0.12163806954292D+02  0.18531112764265D+01  0.57401608489919D-04 -0.27076116010951D-03  0.80790427655789D-04
 -0.37063552636985D+01  0.14557084275184D+02  0.72391610588851D+00  0.70319114775484D-04 -0.15849187043873D-03  0.49413150772996D-03
  0.19956948677793D+01 -0.33237711520408D+01  0.10367243591071D+02 -0.32060623410239D-03 -0.21591300658888D-03 -0.13341611960640D-03
  0.42690935138211D+01 -0.26120490350372D+01  0.10430035685861D+02 -0.73552194390530D-04 -0.29340024913771D-04  0.26108951595801D-03
  0.99965567938658D+00 -0.55698591116352D+01  0.91435546228356D+01  0.13764280959163D-03 -0.44673394875610D-04 -0.84776273300943D-03
  0.28746141132006D+01 -0.66896475657648D+01  0.75113664204287D+01 -0.56536055940968D-03 -0.91063155006496D-04  0.16540018112459D-04
 -0.13030024996495D+02  0.14884743001641D+01  0.21066221692950D+02  0.11873371787890D-03  0.73670982653505D-04 -0.18117421688770D-03
 -0.15806977773578D+02  0.35499932595935D+01  0.18415763747802D+02 -0.25315866278637D-03 -0.44724670848480D-03 -0.21220013593153D-03
 -0.17308910458782D+02  0.16351281733001D+01  0.18509062217456D+02  0.51777330690562D-03 -0.43358328398028D-03 -0.64009809749241D-03
 -0.59543554265651D+01  0.92635519676101D+01  0.16804494523323D+02  0.18248473333517D-04  0.22543805476080D-03  0.52613594960360D-04
 -0.12329260294909D+02  0.85181438510487D+01  0.91725204249774D+01 -0.10783905106717D-03 -0.29809880322741D-03 -0.39958219643248D-03
 -0.16408645768598D+02  0.11038000717062D+00  0.17334974772935D+02  0.84949302861124D-03  0.82851702528175D-03 -0.87009050623693D-03
 -0.19388554302157D+02  0.21292805214399D+01  0.18016368210581D+02 -0.55885396855242D-05  0.19088917742320D-03 -0.45057432006893D-03
 -0.17242447154570D+02  0.89417481281107D+00  0.20330398660149D+02  0.13311381820696D-02  0.28837118222609D-03  0.13806143847415D-03
  0.24986029350077D+01 -0.64743907660362D+01  0.53946546524804D+01 -0.99309070115053D-03 -0.61092187377109D-03 -0.67509398406669D-03
  0.30002201175443D+01 -0.86514141122805D+01  0.79867595576503D+01 -0.41494208504686D-03 -0.13972376795596D-02 -0.53123389224867D-04
  0.49177582207835D+01 -0.60433045504320D+01  0.77450613416858D+01 -0.60246285268961D-03  0.10282273755331D-02 -0.64156271827981D-04
 -0.12352592184618D+02  0.10088097061517D+02  0.10670093209604D+02  0.14362060953529D-02  0.86372715131508D-03 -0.23288227424270D-03
 -0.14278826142354D+02  0.77240744217205D+01  0.96768680166735D+01 -0.54378515507169D-03  0.12169626728289D-02  0.10150878333558D-02
 -0.12731657805578D+02  0.88045178196775D+01  0.71908628758503D+01 -0.33098874849076D-03  0.54576810678378D-04  0.22772124000325D-03
 -0.45250157659920D+01  0.10850361097879D+02  0.16272068881336D+02  0.10038199048990D-02 -0.38812449099327D-03 -0.92737385553117D-03
 -0.47219833327305D+01  0.78146637561943D+01  0.17643018782720D+02 -0.88457999054988D-04  0.17089626204762D-03  0.11170246164954D-03
 -0.63997896153133D+01  0.10753585996606D+02  0.18193971856100D+02  0.24012756038398D-03 -0.47015532251578D-03 -0.41421203567842D-03
 -0.33136125869185D+01  0.14495696580172D+02 -0.12756847241727D+01  0.79853001735366D-03  0.90384988614422D-03  0.22893572558370D-03
 -0.17823198946721D+01  0.14694310641064D+02  0.12713441601323D+01 -0.84767221947514D-03 -0.28305305535516D-03 -0.49144016938428D-03
 -0.50925809967614D+01  0.15956690844451D+02  0.11914186408962D+01 -0.30086875420503D-03 -0.83610187596052D-04 -0.99588566928829D-03
