$coord
       -8.94457454404341       -3.97058614281992        0.78301447357434      C
       -6.20193534228135       -4.22925574236829        0.62655990400136      C
       -4.75882238098239       -2.31416440498605        1.57011589608047      C
       -5.97119776458009        0.07541906086049        1.93463464990474      C
       -8.61067197948626        0.21929116317695        2.28019284903382      C
      -10.13518076491796       -1.92874787819575        1.77673038158031      C
       -2.27547764024121       -2.53632801649517        2.59114793497091      C
       -0.67616016441213       -0.34753623823962        2.90493482453986      C
       -2.04762688046405        2.00996208377099        2.92395991987237      C
       -4.54650200877523        2.28127518828164        2.46354040738990      N
       -0.78481447839701       -4.93071391008356        2.94449083263923      C
        1.95041820674968       -4.80451039285848        2.83728576609311      C
        3.28308930070089       -2.71269720656299        2.91601640589060      N
        1.93251922386879       -0.56425990062630        3.19089322177599      C
        3.19129224465636        1.75550776534259        3.85419280872659      C
        2.07235265725702        3.91672069299857        4.22772257612017      C
       -0.49359518668500        4.12851592459150        3.45509115952571      C
       -1.96792364901674       -7.43602014042470        3.27800128902774      C
       -0.50067353455667       -9.70390366796794        2.55922578787061      C
        2.09636772254301       -9.60031153023705        2.34216522712622      C
        3.16058363077949       -7.16322570357433        2.50399568242996      C
       -4.39763058139155       -7.57835023781150        4.06496098885326      O
       -5.35324518547827       -6.07239356123107       -1.01277446067371      O
      -12.83225778903241       -1.95014274787599        2.63826757448305      C
        3.72219847143753      -11.88899324914683        1.83179958425606      C
       -9.42256588192248        2.12189031488509        2.41708592999895      H
       -9.93928420531382       -5.47711129653682       -0.13680528375331      H
       -1.21320292951505        6.16403012149353        3.41831432559129      H
        5.14346582848684        1.72661378720155        3.65191194576730      H
        5.11113390624558       -7.03778058511729        1.82366278962109      H
       -1.30246931253054      -11.46282022301813        2.79530877887435      H
      -13.76776286107051       -0.20497160358087        3.65591240557092      O
      -13.90546226832357       -4.41676061045578        2.32043493307238      O
      -16.42316044415498       -4.82109067919562        3.40107027475527      C
        3.76630198335461        6.10661777082610        4.76968982806944      C
        2.79843774221522        8.21047596406043        5.02337675870586      O
        6.38822284718116        5.57541143212688        4.58209014649033      O
        7.34875168186675        8.08182337372363        4.97330530965985      C
        3.20719646191590      -14.14063759381932        2.42049834843014      O
        6.03362969140036      -11.09455394870715        0.92846245545215      O
        7.76532190037719      -13.09525036722536        1.29154905100355      C
       -5.45238827573566      -10.00696914494628        3.50891790674670      C
       -2.92306538061611       -5.48987512753141       -1.99903138774473      C
        7.32539541022755      -14.39955940477353        2.96096171595943      H
        9.72232324934845      -12.50728278283140        1.61117093276731      H
        7.64308864021720      -14.35890436027667       -0.31761459619203      H
        7.29635575763237        8.70332501126481        2.95967263996830      H
        9.27545413493359        7.61490080721134        5.78762326988415      H
        6.02882273809367        9.39327301121614        6.02603697685167      H
       -2.69412222741312       -6.57395080408393       -3.56624995168272      H
       -1.25171629640997       -5.81197679183373       -0.63033437507240      H
       -3.30490753153974       -3.48094452069470       -2.58268326096825      H
       -5.00045775530811      -10.66351794768825        1.55608765173415      H
       -7.45242501947728       -9.93465749720132        4.02368905389415      H
       -4.57637082511104      -11.31106719580693        5.00518521442983      H
      -17.76529794279121       -3.59093220896142        2.35720110862369      H
      -16.41211665094984       -4.40584730728814        5.41032794678292      H
      -16.76750137666128       -6.78394685278533        3.00608420761947      H
        1.75219932950681        9.06076985517566       11.13511216730277      C
       -0.10545426571293        7.46689658610478       10.09407201150901      C
       -0.26813385594447        4.88693306934645       10.78950140233479      C
        1.92445887820424        3.66625957582996       11.83001613715781      C
        3.92155609496422        5.30986412729297       12.68044813010568      C
        3.77924323947619        7.99595368616464       12.37856620663595      C
       -2.27511212098362        3.37934046856398        9.92363100378040      C
       -1.77504228291221        0.78004355842047        9.42047272983026      C
        0.31892035907927       -0.23782028459364       10.92202344337738      C
        2.15917801612929        1.08157486329008       12.02139719872599      N
       -4.77578899744984        4.09796230506041        9.26891091156888      C
       -6.43860565571033        2.56467832192875        7.83781114212162      C
       -5.96011263528004       -0.05535653068708        7.64243144051635      N
       -3.55818822873109       -0.86475477329293        8.24098244998926      C
       -3.22451924174162       -3.42468331713094        8.20320511673349      C
       -1.12980423540129       -4.35751375555935        9.36475483893567      C
        0.43142448813081       -2.86653931825517       10.89190771243970      C
       -5.78567588240559        6.37493704668637       10.46510246511202      C
       -7.78420498885306        7.49875827132006        9.32824343179500      C
       -9.21267086026536        6.17339774705641        7.57042150326789      C
       -8.76663173815906        3.64453135001242        6.93779391356181      C
       -4.92198887674966        7.35161745678015       12.69134538394279      O
       -1.97776252002478        8.44565370365445        8.47196709704007      O
        5.65192375959752        9.84527589481183       13.45180991361437      C
      -11.51812896219522        7.49962402178210        6.60342447278406      C
        5.61172974014719        4.89852743196868       13.75625456707813      H
        1.37067498584171       11.09802575901672       11.00929982215058      H
        1.88670196959503       -3.66861418137196       12.00807470743804      H
       -4.81890448558407       -4.56209778747138        7.59797584127015      H
      -10.32014237300982        2.49950336640472        6.51377291917537      H
       -8.17946087995693        9.48771846751265       10.00731166054383      H
        5.91458850131233       12.01431084244311       12.59150873198936      O
        7.25727305873966        8.80864832458187       15.22746298192552      O
        8.32507315156591       10.62073896411469       16.74026602340126      C
       -0.55213996875830       -7.16009574145632        9.43560069553067      C
        0.82859290685260       -8.11622417794799        7.84309704734000      O
       -1.53092497465782       -8.54972291193029       11.40491994519471      O
       -0.52218520159725      -10.99233627074919       11.04806370183909      C
      -13.38216809163595        7.72297205068780        7.94568264142006      O
      -11.63903263965818        9.01876604475109        4.49034972964086      O
      -12.79044442590986       11.29972834156380        4.53261772097768      C
       -6.59811801456894        9.01396840646318       14.03522782827569      C
       -1.54862993969831       10.95738461450404        7.73003968842123      C
      -11.64383672739073       12.58291843648595        3.58646967684206      H
      -13.34228854999419       12.26566415397283        6.40003294600936      H
      -14.29005179266942       11.53067092270862        3.17892563113055      H
       -1.83144377410034      -12.37070381990258       11.83902056110650      H
        1.29942291242827      -11.10904336002766       12.20798058301012      H
        0.13282497753665      -11.60520650441458        9.15006999221680      H
       -2.94983699159484       11.12652418027538        6.33986754147120      H
        0.22908028472905       11.14437432947314        6.88797085536621      H
       -1.75646001473462       12.21574610103759        9.36066656803576      H
       -8.50553736387139        8.26550017598470       13.98954939414004      H
       -6.56834070049381       11.03800595634627       12.94400982178811      H
       -5.78234811381919        9.42906956757248       15.77949692327657      H
        8.99985391902582       12.21217424970462       15.70977415956971      H
        9.58990493872430        9.84034566358470       18.02359873428672      H
        6.63192721834434       11.19034653266312       17.77158896018836      H
$end
