$coord
       -8.25264133716546       -1.97376369377058       -0.85990642715680      C
       -5.83476092167897       -2.66482787693221        0.07493675765290      C
       -4.80380907033380       -1.26314313719005        2.21490772157890      C
       -5.80645257287297        1.15715473189537        2.57787281968070      C
       -8.08906361440325        1.79769253617989        1.49496122554348      C
       -9.23606012002471        0.25406276496172       -0.32221435214432      C
       -2.32012357410227       -1.78421434218449        3.26179216922456      C
       -0.81298149999554        0.33703646156060        3.71705831828891      C
       -1.85515681159625        2.72065929092816        4.06042792367037      C
       -4.44775139150607        3.01558171872641        3.82920098924549      N
       -1.10942879065293       -4.28386342378519        3.07270573551542      C
        1.56889677970745       -4.34217263237505        2.97609199004324      C
        3.05318320161426       -2.34407203906982        3.32123712867947      N
        1.84222658202525       -0.00298100531674        3.74744987515178      C
        3.20640511408821        2.20776944981055        4.13082570603589      C
        2.35477655689705        4.63361701435723        4.22311828658119      C
       -0.33534279668361        4.89496799083881        4.37874357108447      C
       -2.60882184008886       -6.60373193927458        3.49218052410466      C
       -1.27331213647290       -8.79061842897364        3.28948206724813      C
        1.39806883633816       -8.79852108478029        2.75469726287353      C
        2.82570202819405       -6.71421718750122        2.43953439189324      C
       -5.08277044157320       -6.40132827234116        4.62319331364798      O
       -4.67601715023245       -4.82412437858421       -1.02514891643792      O
      -11.60848458616670        1.12219372765794       -1.55105778242473      C
        2.63053294102733      -11.12466341367358        3.11752866917594      C
       -8.54204765247862        3.81534978437419        1.78679379232292      H
       -9.47395257085667       -3.44334236457827       -1.65901932990159      H
       -0.90583518042349        6.55918348358994        5.37492094145132      H
        5.02678179541877        2.20543236239042        3.84600674158493      H
        4.68936059471088       -6.72761805165098        2.35261481975304      H
       -2.07612919982936      -10.64096402108438        3.77722882798475      H
      -12.91530300248107       -0.48770389520623       -2.30520698964296      O
      -11.78739998737266        3.76656800420633       -1.83682162397645      O
      -13.39897026532985        4.42991696109268       -3.79471827730622      C
        4.07683091300897        6.72812911145962        4.32853505061787      C
        3.03703585604333        8.77249753862962        4.71203102754253      O
        6.60114346541171        6.32593563070070        3.99322621540575      O
        7.66406877128377        8.63484679417343        4.65508483498929      C
        1.51527571677956      -13.20328865687330        3.40432277632618      O
        5.35315706333030      -11.32824854771025        3.38557710629010      O
        6.21256239286128      -13.72620294870711        3.85007858013714      C
       -6.69617625183327       -8.35961827937931        4.12932619514721      C
       -4.65257449128088       -4.90484104418810       -3.89408010369639      C
        4.99410917233402      -14.69389539793776        5.21355138299194      H
        8.21395362058867      -13.39771526329291        4.40326747781818      H
        6.33048125822461      -14.69460564555109        2.15499397546577      H
        6.85472443926234        9.93346185923297        2.98418231961801      H
        9.70263119175064        8.30610877882614        4.60735522041651      H
        6.74282013963280        9.44934979606651        6.35904017451381      H
       -4.82255896661745       -3.25354542220294       -5.13477672566419      H
       -6.08436357037969       -6.23161736907692       -4.61814526766454      H
       -2.79447377991396       -5.62855309988519       -4.17933729247343      H
       -5.91515893726624       -9.54734395311998        2.74836579076019      H
       -8.53004011821727       -7.66730619778815        3.47096202642766      H
       -6.72681637802537       -9.52575088236720        5.86713750825997      H
      -15.28031448347220        3.79879359867598       -3.41007720616611      H
      -12.53679433032693        3.74057951025836       -5.47652814381146      H
      -13.27324466062208        6.48673153095156       -4.07397500567691      H
        1.65087599563117        8.83775403684327       11.03537947815344      C
       -0.25700832579802        7.17374488693894       10.06569361141785      C
       -0.13902945431601        4.47830127400204       10.36925157420142      C
        2.29891406788608        3.66183566637737       11.25493725564282      C
        4.26852510043013        5.47470050719911       11.77779715759819      C
        4.08554423489563        7.99166279302798       11.58075355618424      C
       -2.00305017505432        2.55887557288783       10.05386508491060      C
       -1.39728528118909        0.02537497941855       10.51087473149243      C
        1.24042274632490       -0.59470963708528       11.21048062446198      C
        2.89506943445133        1.26907387142956       12.08017226428635      N
       -4.73238229463625        2.91580695020487        9.49168482007421      C
       -6.11655616642072        0.80530378520396        8.61646471085742      C
       -5.24247301750628       -1.50357642322305        8.97882445854549      N
       -3.00828538295584       -1.95319234755639        9.80580422651682      C
       -1.91099165155012       -4.40609236068469        9.62598884815367      C
        0.29473808637800       -4.95100666811542       10.74262022756217      C
        2.10301162988398       -3.05511364958664       11.11941331188079      C
       -6.30683566224144        4.92880900368392       10.61810503188271      C
       -8.94335539222131        4.66421635335811       10.56679481923151      C
      -10.38961763764954        2.81324959680176        9.21464284655303      C
       -8.84603037721185        0.94437402885602        8.15014047184232      C
       -5.35103707779525        6.64666362372808       12.26025023950394      O
       -2.14749344930629        8.14186348459828        8.62484178785224      O
        6.37621882201859        9.95629262674951       11.67315550323668      C
      -13.30547250370699        2.57132111883164        8.96920646170873      C
        5.98343550131876        4.77205630428761       12.31587462056870      H
        1.27832144671026       10.73197181054993       10.89888319560393      H
        3.75567725090461       -3.40366135519214       12.31794159941983      H
       -3.18918820734010       -5.89877138289996        9.08303523795869      H
       -9.55274338689875       -0.81998551496390        7.37651727267161      H
      -10.06875954669483        5.87748941016865       11.84196250757740      H
        6.02287137164792       12.03547034041472       10.85270893563635      O
        8.55144922717615        9.34128075834852       12.88193992795678      O
       10.07999877624300       11.38072334486633       12.76797476589013      C
        0.81286421574394       -7.85683063993548       11.40427368063864      C
        1.97778355329086       -8.57837067249903       13.24472217036814      O
        0.05980060366321       -9.39540139077503        9.45592282714050      O
        0.11554157536832      -11.90645110776988       10.33318361335132      C
      -14.06724913181829        0.58068041645113        8.33213287064106      O
      -14.70329694487681        4.63803932321660        9.76293951966305      O
      -17.13736417021865        4.08291575072095       10.20051523315487      C
       -6.99294949702542        7.82656283343400       14.20811623137218      C
       -2.00929661731550       10.56575569629258        7.40108215064972      C
      -17.09399200384987        2.49890080450635       11.71552827784132      H
      -17.79777431220770        3.36456293340780        8.32199882369507      H
      -18.36925299541911        5.67410667292574       10.75452218122163      H
       -0.44392827818673      -11.98365199450455       12.30201895265784      H
        1.92680573308414      -12.72937436262478       10.45892969814738      H
       -1.29306301250332      -12.87513787237078        9.16620386387144      H
       -2.69518420782697       10.12677952058252        5.55588043399979      H
       -0.09397995318592       11.34508994171348        7.35805870263401      H
       -3.23487198077799       11.81558928936931        8.36518955057999      H
       -8.26113005241994        6.77504273786876       15.07944312068962      H
       -8.06302302458373        9.26169551176585       13.09672564363761      H
       -5.92348252265548        8.59284174004310       15.73762239085342      H
       10.54765657718625       11.68867725382117       10.86884710347496      H
       11.84748766068469       10.83277402678412       13.74718702087089      H
        9.07126513269976       12.95988096357242       13.49240923711577      H
$end
