 -1.0
 -0.71202273880804D+01 -0.39491976689698D+01 -0.23184677302326D+01 -0.18061138154755D-03 -0.13354993156313D-03 -0.86353830753628D-04
 -0.46462669994466D+01 -0.33338163931015D+01 -0.16668014714919D+01  0.21203217865046D-03  0.16302053006325D-03  0.22512399315854D-03
 -0.42921881535715D+01 -0.11431715008396D+01 -0.22986371399008D+00  0.28303081729254D-03  0.32330191920602D-03 -0.11931697732339D-03
 -0.58099690136498D+01  0.10403988798582D+01 -0.10512664858471D+01 -0.22076389747482D-03  0.45912344896159D-04 -0.70565618652313D-03
 -0.81921077054387D+01  0.57099578396154D+00 -0.19037142696075D+01  0.64944892641798D-04 -0.35992016994972D-03  0.21155012738427D-03
 -0.88656138257789D+01 -0.19267715626827D+01 -0.24866630926369D+01  0.36245938619547D-03 -0.16748661097373D-03  0.32666540758242D-04
 -0.22508454808993D+01 -0.75575149780047D+00  0.14062112946885D+01 -0.43053375465768D-04  0.38581999506605D-03 -0.60958444245724D-03
 -0.14119286903567D+01  0.16072777742354D+01  0.17564758081435D+01 -0.20861739223547D-03 -0.67687470065085D-04 -0.46155931005213D-04
 -0.27603167339580D+01  0.36931557667547D+01  0.66257525753452D+00  0.46225943449563D-03  0.34795214049793D-03 -0.77821726426170D-03
 -0.49861772682270D+01  0.34725072354992D+01 -0.55568209015140D+00  0.44169257313840D-03 -0.44001441156311D-03  0.71362250345804D-04
 -0.11929849624163D+01 -0.25619489941599D+01  0.30131893334589D+01 -0.43871702069443D-03  0.39546140321538D-03  0.39487232870451D-03
  0.11168985092232D+01 -0.21074698600985D+01  0.43644086420141D+01  0.29143975831618D-03  0.93931200741305D-05 -0.83425910351644D-04
  0.23726328181188D+01  0.44894130701416D-01  0.41145504808296D+01  0.14900155781842D-03 -0.28605683677456D-03  0.15059772659167D-03
  0.84646881275418D+00  0.19202818216041D+01  0.31942131716056D+01  0.64597399113158D-03 -0.21087035759801D-03  0.61215769768380D-03
  0.17599111778450D+01  0.44643454173929D+01  0.32186866846919D+01  0.12666554699349D-03  0.63572164597026D-03  0.13963925278564D-03
  0.50353088534265D+00  0.63553737700908D+01  0.19645342352457D+01 -0.82922572467850D-04 -0.26343058841037D-03  0.36304698280190D-03
 -0.15207516460394D+01  0.61190131802129D+01  0.42752340272637D+00 -0.26908845085034D-03  0.66501764415026D-03  0.17442165367168D-04
 -0.23636185458608D+01 -0.50685611044666D+01  0.34447616798778D+01 -0.31594485238747D-03 -0.66786295165503D-03 -0.51575357830558D-03
 -0.92810361064371D+00 -0.65502556803751D+01  0.48766378759591D+01 -0.65044449446268D-03  0.14870144698872D-03 -0.14455726499345D-03
  0.14889718077983D+01 -0.63439329820211D+01  0.57234379279169D+01  0.68718949488612D-04  0.25519430838335D-03 -0.50952348265394D-03
  0.26094053956235D+01 -0.40571250802941D+01  0.51521909046888D+01  0.22711069828696D-03 -0.52250659840371D-03  0.20735128258320D-03
 -0.48792433944896D+01 -0.54498753853115D+01  0.28504969819600D+01 -0.24021322795726D-04  0.18013758495759D-03 -0.55017819951350D-03
 -0.26601518284253D+01 -0.44777973456543D+01 -0.29629096761793D+01 -0.21510612169031D-03  0.19408283416858D-03  0.16497887971554D-03
 -0.11388693839233D+02 -0.24844792568915D+01 -0.34405968846211D+01 -0.10200983760656D-03  0.69902586371410D-04 -0.30984387352198D-03
  0.27135962991951D+01 -0.79132663926946D+01  0.75066911783910D+01  0.37866492854492D-03 -0.21598900618403D-03  0.13029513634435D-03
 -0.97956770729969D+01  0.19958230226663D+01 -0.22939656805460D+01 -0.63890015504046D-03  0.13904952025079D-03 -0.33064040884676D-03
 -0.73760414345976D+01 -0.58525772211147D+01 -0.31627056398958D+01 -0.35285146197878D-03 -0.23820874699187D-03  0.77167493072326D-03
 -0.22021909386845D+01  0.78291136848298D+01 -0.46594518249125D+00 -0.59735741355204D-03  0.34913415563217D-03 -0.52811111560547D-03
  0.33624857843348D+01  0.46630662660299D+01  0.44775897681992D+01 -0.65293172188487D-03 -0.69234026310299D-03  0.12139172103582D-02
  0.46009657588617D+01 -0.37162016992849D+01  0.53218368362032D+01  0.10696438357337D-02 -0.16530020406392D-02  0.67642203669923D-04
 -0.19783159797019D+01 -0.82330893839241D+01  0.56912397951309D+01 -0.64143043010688D-03  0.28432255220516D-03  0.48422915017381D-03
 -0.13234172350990D+02 -0.17947488133594D+01 -0.20533385324700D+01  0.10457916896734D-03 -0.15019826624441D-03  0.65682259506839D-03
 -0.11685496775645D+02 -0.43744188953930D+01 -0.50639518687364D+01 -0.12499964174449D-04  0.52941556940373D-03  0.16205922223080D-03
 -0.14143624258285D+02 -0.53492001665245D+01 -0.51038195029742D+01  0.39174859435099D-03 -0.13665824041522D-03 -0.23017809438383D-04
  0.14289154857132D+01  0.90198118809046D+01  0.21554402205304D+01 -0.92395606733796D-04 -0.38845374164555D-03  0.12390670478535D-03
  0.35287225465735D+01  0.96872229311576D+01  0.26459545692645D+01  0.40171392867158D-04  0.88748078039547D-06 -0.10346976563995D-04
 -0.20144962186126D+00  0.10889378749774D+02  0.15902148431444D+01  0.17230275004409D-04 -0.14181249071673D-03 -0.19081324046911D-03
  0.11592635938261D+01  0.13354409930555D+02  0.15275784341271D+01  0.60598388960653D-03 -0.33676643936130D-03 -0.33239541045033D-03
  0.50137306075136D+01 -0.72102807150416D+01  0.78636440333586D+01  0.42347294381690D-03 -0.88555009929739D-04  0.24425697571492D-03
  0.15320517778185D+01 -0.10010386371636D+02  0.87331548800028D+01  0.14592859429504D-03  0.20794887128862D-03 -0.69858228844127D-04
  0.33465041350917D+01 -0.11345383020106D+02  0.97914521051376D+01  0.20900610503015D-03 -0.29686731435572D-03 -0.33235676303889D-04
 -0.58807410005089D+01 -0.78895760344734D+01  0.37787849097667D+01  0.37304052477982D-03 -0.12726446111170D-03  0.23844664225662D-03
 -0.32912695139816D+00 -0.37617177839054D+01 -0.31016984739920D+01  0.16548289985812D-03 -0.26420117000945D-04  0.22890953947207D-03
  0.43781922391322D+01 -0.97674832504915D+01  0.10539824325415D+02 -0.74401834173632D-04 -0.21915651965967D-04 -0.14348134917958D-02
  0.43700663986278D+01 -0.11922454611030D+02  0.81165814847577D+01  0.19925693430944D-03 -0.13001926135027D-02  0.69897425715845D-03
  0.26038481652654D+01 -0.12936307845076D+02  0.10870579966811D+02 -0.63912809194997D-03 -0.31907759439776D-03  0.31024262365560D-03
  0.21740552678752D+01  0.13490883968730D+02  0.33078411676924D+01 -0.55286150097292D-03  0.71229828248778D-03  0.63671002338204D-03
 -0.35702796509964D+00  0.15016945913672D+02  0.14268063845145D+01 -0.91526972135728D-03  0.62681614910033D-03  0.31548234495073D-04
  0.25813726651071D+01  0.13398185908454D+02  0.78027990846813D-01  0.17464918148206D-03 -0.86152871386490D-03  0.44559617391700D-04
  0.11070326468702D+01 -0.51280673941883D+01 -0.35583958912309D+01  0.94233283801801D-04  0.83873882866207D-04 -0.95594187312336D-03
  0.51602168498411D+00 -0.24967465543765D+01 -0.14976015980967D+01  0.85275970477915D-03  0.52807546703407D-03  0.16792660408571D-03
 -0.17483616936676D+00 -0.25344202016144D+01 -0.47130664625502D+01 -0.17705160735008D-03  0.82187321787193D-03 -0.27452356815124D-03
 -0.75186622288433D+01 -0.82464692579410D+01  0.26619347296739D+01 -0.23404379503919D-03  0.46620260313084D-03 -0.20488097593325D-03
 -0.63193707820173D+01 -0.76427907828173D+01  0.57115106463736D+01  0.22728850998731D-03  0.58259902524354D-03  0.43614745743366D-03
 -0.44051601313554D+01 -0.92365367245727D+01  0.33521492974374D+01 -0.95883193123747D-03 -0.17962629806673D-04  0.47436797283295D-03
 -0.15585084237950D+02 -0.43983652612151D+01 -0.40884045178954D+01 -0.43991057529597D-04  0.26286524603646D-03 -0.47230204266567D-03
 -0.14257142319306D+02 -0.74565662231278D+01 -0.46123882906698D+01  0.38475836483050D-03 -0.36606035912215D-03  0.71424737748912D-03
 -0.14767218522753D+02 -0.56047998520360D+01 -0.71664033982320D+01  0.35854910986048D-03 -0.11279421855155D-02  0.27351354755367D-03
  0.70063617728995D+00  0.77753044827461D+01  0.80402026077326D+01 -0.41503073432840D-03 -0.53800313578405D-04 -0.18024321850869D-03
 -0.95932593282166D+00  0.58703587206708D+01  0.85577608023390D+01 -0.24934554009100D-04 -0.16842942311393D-03 -0.57170705421722D-04
 -0.51065410250384D+00  0.38000694950556D+01  0.10435573636734D+02  0.18633390552925D-03 -0.38734409096096D-03 -0.17383818424167D-03
  0.22108628469324D+01  0.36037418609912D+01  0.11018700740987D+02  0.14112635501268D-03  0.46397241700318D-03 -0.29536989877302D-04
  0.38292258504897D+01  0.54280051240777D+01  0.10165872592846D+02 -0.74816889044708D-03  0.28187473415365D-03 -0.80721402506623D-03
  0.32050118393783D+01  0.76764514809693D+01  0.90101474581923D+01 -0.72528460114946D-03  0.17731139350421D-03 -0.25289095193551D-03
 -0.19011066239984D+01  0.15321323268311D+01  0.11267496005694D+02 -0.93658671156118D-04  0.34069152463786D-03 -0.11976921513862D-03
 -0.73227107351914D+00 -0.54781210413640D+00  0.12515655704369D+02  0.94456016531116D-05 -0.24201129336466D-03 -0.27860615831661D-03
  0.19988816472820D+01 -0.46784711098631D+00  0.12901609615774D+02  0.88162968345891D-04 -0.45738753791734D-03  0.30420783607711D-03
  0.33027259808826D+01  0.17340733889482D+01  0.12365480331021D+02 -0.44622891091915D-03  0.73223595122916D-03  0.13448066365779D-03
 -0.46884948856803D+01  0.11223424317812D+01  0.11066576266422D+02 -0.27846985973435D-03  0.10801190419754D-03 -0.83607906927758D-03
 -0.55566605221099D+01 -0.13963372586049D+01  0.10706780369357D+02 -0.16918343573153D-03 -0.18494495469185D-03  0.37054654124705D-03
 -0.40550564380409D+01 -0.33700396166096D+01  0.11555820979868D+02 -0.17202351600874D-03 -0.19389315338004D-03  0.13716283296753D-03
 -0.18610856130194D+01 -0.29307065306904D+01  0.12676684450759D+02 -0.62164390338213D-04 -0.47318503058712D-04  0.55445398193925D-03
 -0.46637650309610D+00 -0.49238514773230D+01  0.13947308435308D+02  0.35721257105242D-03  0.10697685456376D-03 -0.40949727941684D-03
  0.18818715035233D+01 -0.44790731773237D+01  0.15141400448409D+02  0.60822359978050D-03 -0.38598764615292D-03  0.27722579941875D-03
  0.31302784994315D+01 -0.21797630963064D+01  0.14529895361584D+02 -0.26123948716872D-04 -0.10480332711735D-03 -0.27183091033233D-03
 -0.63223744896913D+01  0.31852288586562D+01  0.11017712239131D+02  0.40133987063574D-04 -0.13053594463934D-03  0.59068604773236D-03
 -0.86046315326280D+01  0.25112358127550D+01  0.99102472023290D+01  0.26556612042402D-03 -0.43466327611341D-03  0.92359232384212D-04
 -0.93854103706198D+01  0.15346642977198D+00  0.89797461098256D+01  0.23776929612030D-03 -0.15365170392088D-03 -0.15194313771834D-03
 -0.79022687741958D+01 -0.17867124681198D+01  0.95186231191030D+01 -0.70618356512192D-04  0.20502808723361D-03  0.72582025249941D-03
 -0.61315504172866D+01  0.54824297323532D+01  0.12306851606655D+02 -0.55381178370021D-03  0.11471747498291D-03 -0.10490385856368D-03
 -0.28857982635700D+01  0.57420371535319D+01  0.69542027021720D+01  0.28705846052703D-04  0.10424418711625D-03  0.23312316410918D-03
  0.53902970629053D+01  0.95429318115251D+01  0.87313736193842D+01  0.53256516481433D-03 -0.49849476403203D-04  0.29800382949613D-03
 -0.12025080995728D+02  0.10084448317583D+00  0.81927005847501D+01 -0.19133735076956D-03 -0.21288217951394D-03 -0.89662876400159D-04
  0.58990439484158D+01  0.54788810587732D+01  0.10758862377733D+02 -0.43710642064277D-03  0.53928278302332D-03 -0.48001120184355D-03
  0.42454092397053D+00  0.93345010069619D+01  0.69839183837867D+01  0.67455090096801D-03  0.28974960530234D-03 -0.29154162349400D-03
  0.48451681428038D+01 -0.17989341811423D+01  0.15701406408780D+02 -0.80962297657187D-03 -0.34121245861748D-03 -0.56497402216676D-03
 -0.13429730177192D+01 -0.68541480997855D+01  0.14488328081114D+02  0.58240583640150D-03 -0.96105096046665D-03  0.18545172233949D-03
 -0.83936448041266D+01 -0.38890702775006D+01  0.91622059545334D+01  0.28943245607429D-03  0.36575205619629D-03 -0.10211277183891D-02
 -0.97525664529883D+01  0.42129796616684D+01  0.99100328103271D+01  0.11491185983979D-03 -0.59262271265755D-03 -0.16993318186385D-03
  0.75557412727179D+01  0.89142587146152D+01  0.88054575670113D+01 -0.59734474831240D-04 -0.36329536049628D-03  0.10175740245829D-03
  0.45726891434643D+01  0.12032151395270D+02  0.82391123208851D+01 -0.36752114793749D-03  0.96950491008369D-05 -0.34634489680907D-03
  0.66227327708954D+01  0.13547840106662D+02  0.78964846621016D+01 -0.79397566135238D-03 -0.20181291999876D-03  0.36221665911868D-03
  0.24608325313835D+01 -0.60259269473346D+01  0.17224810783627D+02  0.19918625941698D-03  0.52391554202041D-03 -0.43348864985689D-04
  0.10002186489373D+01 -0.78793425775550D+01  0.17926142593359D+02 -0.13545924882020D-03  0.71843656133774D-04 -0.12299147585855D-03
  0.48236018077712D+01 -0.54460276062902D+01  0.18139114552532D+02  0.10968328268077D-03  0.88301548685618D-04 -0.30256232396928D-04
  0.62267347598731D+01 -0.75899276118242D+01  0.19137460501381D+02  0.88299304786039D-04 -0.70423505572916D-03 -0.44922590427130D-03
 -0.12991134850103D+02 -0.19560921593106D+01  0.85027026686862D+01 -0.71740906394389D-03  0.71809346683257D-03  0.46769736534270D-03
 -0.13114988837843D+02  0.23401657105258D+01  0.73813410313435D+01  0.18209172284965D-03  0.17457718062150D-03  0.20772765808062D-03
 -0.15599484559477D+02  0.20150589501374D+01  0.66877392758899D+01 -0.42735307477790D-04  0.19784168163641D-03 -0.59655245730784D-03
 -0.45515730861691D+01  0.55460201662699D+01  0.14579534924385D+02  0.51468631749916D-03  0.16038876566399D-03 -0.14051957556316D-04
 -0.44112727863974D+01  0.77717624050006D+01  0.58587481982010D+01  0.63647016073384D-03  0.61319852344206D-03  0.14834115977722D-03
 -0.16563315110736D+02  0.39331142844322D+01  0.63420903918768D+01  0.83625991972727D-04 -0.33787450583832D-03 -0.11377426260267D-03
 -0.16704961405734D+02  0.11466035435428D+01  0.84029653412343D+01 -0.82245168169078D-04  0.10731559231947D-03  0.34238090782498D-03
 -0.15596493125793D+02  0.71210292883998D+00  0.48497960100238D+01 -0.35607289489003D-03 -0.86051458209271D-03 -0.31979135228674D-04
  0.79298960136175D+01 -0.64709656218153D+01  0.19959738632798D+02  0.73566636488513D-03 -0.23811392871165D-04  0.50759934711748D-03
  0.64675102109596D+01 -0.85734501126226D+01  0.17639861573532D+02 -0.15034904577942D-02  0.20688123043819D-03  0.23935300986392D-03
  0.51901602841311D+01 -0.85297997332655D+01  0.20682195731939D+02 -0.79568294168129D-03  0.38970765916992D-03  0.40449538945384D-04
 -0.40682247421008D+01  0.76292866669033D+01  0.38022158994178D+01 -0.20723014054374D-03 -0.58323177410968D-03  0.42814938176625D-03
 -0.37951088895718D+01  0.96200181109163D+01  0.61208218620276D+01  0.69446727354485D-03 -0.22841541372818D-03  0.46581969971624D-03
 -0.62800522937577D+01  0.72121783652347D+01  0.61753563058729D+01  0.12573876513455D-03  0.65434229802066D-03 -0.14663392225699D-03
 -0.53351845042207D+01  0.68787881542503D+01  0.16010135946405D+02  0.37324283484879D-03  0.18735095484198D-03  0.95930072009430D-03
 -0.25795412001282D+01  0.58754020894942D+01  0.13958752282053D+02 -0.31182117664722D-03 -0.44374719281731D-05  0.24998293990065D-03
 -0.48693496718195D+01  0.35928536493086D+01  0.15451227415467D+02  0.12901960911315D-05  0.24648995883628D-03  0.35811113168471D-04
  0.79329398788240D+01  0.12771019842571D+02  0.65321045340462D+01  0.26758106731571D-04 -0.19750492711281D-03 -0.39478161523151D-03
  0.74713764388927D+01  0.13870552557549D+02  0.96189445248682D+01  0.23665189780820D-03  0.44357982641608D-03  0.82653812318965D-04
  0.57873889566008D+01  0.15155968207509D+02  0.69346792886985D+01  0.32433511855229D-03  0.15222868687190D-03 -0.19176654500490D-03
