 -1.0
 -0.36538646879062D+01 -0.10899885033303D+01 -0.48017372969830D+00 -0.18562598767332D-03  0.24509034265963D-03  0.11931096051842D-03
 -0.10523890839607D+01 -0.78938540308749D+00 -0.90835323275261D-01  0.42025086110723D-04  0.32541433223450D-03 -0.16531813632360D-03
 -0.32945868690830D+00  0.16822027850342D+01 -0.14269695184094D+00  0.31857958261605D-03 -0.44450985763821D-03  0.65947295331675D-04
 -0.18394176041049D+01  0.40052716987772D+01 -0.27155016357765D+00 -0.14699007964678D-03  0.27550175858696D-04 -0.36753983734748D-03
 -0.44966168313356D+01  0.35069815999809D+01 -0.65126464383148D+00 -0.73364550964964D-03  0.61447301556784D-03  0.64878585378045D-03
 -0.52925720351353D+01  0.10874127519901D+01 -0.11013856179778D+01  0.33095243577056D-03  0.12811938460548D-03  0.20488934519708D-04
  0.21758418943591D+01  0.21825496068283D+01  0.80015654376812D+00  0.21015874875664D-03 -0.17423760361338D-03 -0.18473559096561D-03
  0.30464772842916D+01  0.47368755823996D+01  0.43105336418587D+00 -0.87258469582754D-04 -0.52487383685067D-04 -0.15835184090749D-03
  0.15999097458640D+01  0.66277965586735D+01 -0.52124824745195D+00  0.85639091599467D-04  0.22456940285316D-03  0.34790446962182D-03
 -0.87409845828644D+00  0.63434241577674D+01 -0.54291122869258D+00  0.77226602279956D-03 -0.70428514266586D-03  0.25163761818849D-03
  0.36812401109789D+01  0.56289820366463D+00  0.24779248717180D+01 -0.13827433675617D-03  0.11548234094968D-02 -0.33851794238754D-03
  0.62375826471724D+01  0.11516951035587D+01  0.26619256644019D+01  0.59417638952764D-03  0.15753432429641D-03  0.14867302621839D-03
  0.72286344688555D+01  0.30304281405520D+01  0.11103697740612D+01 -0.39874442900982D-03  0.15418208446686D-03  0.16103980937432D-03
  0.57392664330706D+01  0.50918520996053D+01  0.83426377054368D+00  0.71922537638490D-03 -0.48456187234279D-03  0.88523538045375D-04
  0.66853313483882D+01  0.75523919323304D+01  0.54630779054711D+00 -0.17164215482168D-03 -0.68613272443578D-03 -0.17051910711382D-03
  0.50468438064894D+01  0.92215642548607D+01 -0.95686558396052D+00 -0.39529409671812D-03  0.13125083267703D-03  0.65793801395217D-04
  0.25311995852234D+01  0.89296491853622D+01 -0.14150293790124D+01  0.73537576192192D-04  0.87224100318883D-04  0.76731197748312D-04
  0.26356585219040D+01 -0.13391008679238D+01  0.40583605451894D+01  0.67424945437022D-05 -0.37163425946583D-03 -0.24055857611295D-03
  0.41809624691212D+01 -0.22150358202899D+01  0.60605571874120D+01 -0.34742588780778D-04  0.23604438990767D-03 -0.57704131988417D-03
  0.68089561281573D+01 -0.17386428848739D+01  0.58901267463236D+01  0.20663697242507D-03  0.76007670763574D-04  0.94373991499690D-04
  0.79592632061270D+01  0.54871610881686D-01  0.44224437188616D+01  0.70506467503001D-03 -0.39506506254037D-03  0.73447080877633D-05
  0.13787628775977D+00 -0.22364011070643D+01  0.42703375069347D+01 -0.16951716707979D-04  0.32755952878526D-03 -0.10540439103474D-03
  0.31285202651462D+00 -0.31315984247621D+01 -0.80952845581681D+00  0.20361956659926D-04 -0.32674965871558D-03  0.43900658604498D-04
 -0.79230668946772D+01  0.43881488498922D+00 -0.16590428092761D+01 -0.68597254079857D-04  0.32608642120855D-03  0.28864571194156D-03
  0.86280852934614D+01 -0.31244614691438D+01  0.73263252700880D+01 -0.62169256607598D-03 -0.17630341942649D-03  0.91596921742438D-04
 -0.58964032169300D+01  0.47253702326711D+01 -0.51065106092366D+00  0.17681656913014D-04 -0.19812469880536D-02 -0.11647128800187D-02
 -0.45029626161495D+01 -0.28717437838800D+01  0.88874346163261D-01 -0.55215811694985D-03 -0.82981912781138D-03 -0.42142993267897D-03
  0.14243041460900D+01  0.10173453032741D+02 -0.25177846629596D+01 -0.30476396460670D-03  0.13079639733816D-02  0.13277831755965D-02
  0.87489318333381D+01  0.76005258662396D+01  0.92269358651987D+00  0.11509894080965D-02  0.12351101493781D-02 -0.55213824378566D-04
  0.98288462008957D+01  0.10732171631392D+01  0.42582680801388D+01 -0.13681537615466D-02  0.14149965004139D-02 -0.11534944535875D-02
  0.31941269418576D+01 -0.22313125897102D+01  0.78700923701247D+01 -0.44534953463229D-03  0.59787981477458D-03 -0.36020736178505D-03
 -0.85426263819553D+01 -0.16157036902251D+01 -0.26582870656634D+01 -0.38362316072021D-03 -0.78754278189271D-03 -0.48076869202571D-03
 -0.95653730417352D+01  0.21700804128161D+01 -0.28191205365011D+00 -0.47372464844009D-03  0.50695878155091D-04  0.74333524125526D-04
 -0.12006751882261D+02  0.16454011118339D+01 -0.77354001894449D+00  0.30362829341063D-03  0.58749067738371D-04 -0.75051027136630D-04
  0.61930274076580D+01  0.11842397595404D+02 -0.21822970558216D+01  0.64908847608453D-03 -0.25318595892739D-03 -0.27223240706317D-04
  0.54175543777905D+01  0.13948520393663D+02 -0.14725270017721D+01 -0.40747831317666D-04  0.16431248340578D-03  0.29317284556551D-03
  0.80507383388265D+01  0.11528301119859D+02 -0.40559098735329D+01 -0.18229529710099D-03 -0.25154931197566D-03 -0.27273591478944D-03
  0.93802865974990D+01  0.13858946692331D+02 -0.45259619114747D+01 -0.26677294690312D-03 -0.82530592774690D-04  0.50857819090463D-03
  0.10919287105854D+02 -0.25321094849086D+01  0.69710267870332D+01  0.83242596685919D-04 -0.75911314287055D-03  0.34416874671332D-03
  0.79920054268776D+01 -0.53883935723612D+01  0.86786448619587D+01 -0.16255799907912D-03  0.30943036366834D-03 -0.28756177463734D-03
  0.98866213618609D+01 -0.69508753131127D+01  0.95081790049025D+01  0.23462304945930D-03 -0.46554580814660D-03 -0.10783805554340D-03
  0.26259809352384D+00 -0.50167375704771D+01  0.44920656305900D+01  0.60911357243447D-03 -0.56531809907210D-03  0.12915093754281D-03
 -0.29526513953771D+00 -0.40846124272022D+01 -0.32444368350736D+01 -0.54885841471239D-03  0.34154388927286D-04 -0.12831437257011D-03
  0.88441023813696D+01 -0.88137767933473D+01  0.10012955370728D+02  0.19016718838431D-03  0.38737662033155D-03 -0.10210944855783D-02
  0.10390808762085D+02 -0.58820155676139D+01  0.11451238626637D+02  0.91658980502772D-03  0.10397067873192D-03  0.46829154877153D-03
  0.11476609762097D+02 -0.66715242625466D+01  0.82666489953482D+01 -0.58701063430565D-03  0.66241396819238D-03 -0.12993763617263D-03
  0.86529912760380D+01  0.15339856295055D+02 -0.31363350835223D+01 -0.50224056214731D-03  0.50769849829401D-03  0.30079468696083D-03
  0.92714185832447D+01  0.14406746771031D+02 -0.64307211618440D+01  0.12823159954070D-02 -0.56728925071798D-04  0.23729599412928D-03
  0.11362720638958D+02  0.13723322127414D+02 -0.40329749623765D+01  0.11792079578261D-02  0.26420899884085D-03 -0.93738109923150D-03
  0.15112151913217D+01 -0.40059334280147D+01 -0.43086009756708D+01 -0.32138659707275D-04  0.14676714586900D-03  0.32862426933446D-03
 -0.19171080720318D+01 -0.31534286546857D+01 -0.40263444160187D+01 -0.28118961217539D-03  0.12652488798356D-03  0.33358734185923D-03
 -0.68795992370773D+00 -0.59687253847026D+01 -0.31553116439544D+01 -0.87978869866332D-04  0.10554593409387D-02 -0.45033064133846D-03
 -0.10317165397230D+01 -0.59552798924547D+01  0.34617837568388D+01 -0.11445593320664D-02  0.17496498772730D-03 -0.42988285143090D-04
  0.13724860322610D+00 -0.56711842167557D+01  0.62840584007424D+01  0.10401075724477D-02 -0.38383267596109D-03 -0.31013849882094D-03
  0.21701911047400D+01 -0.53568417876417D+01  0.38157732065608D+01  0.37988252565482D-04  0.57459789707988D-03  0.12205784105674D-03
 -0.12165236811753D+02  0.46314074746337D+00 -0.26424429496841D+01 -0.24530815645964D-03 -0.42031337953415D-03 -0.77258767889906D-03
 -0.13388495745030D+02  0.33866171161687D+01 -0.70704158395197D+00 -0.97229287883007D-03  0.58319085258954D-03  0.10295593663272D-02
 -0.12904947101393D+02  0.50152086547222D+00  0.57939929819147D+00  0.57787730501388D-03 -0.49399630971365D-03 -0.68295336288065D-04
 -0.24479906425640D+01  0.34138566936995D+01  0.98540407878065D+01  0.87207552633363D-04 -0.25789185113804D-03  0.47135018381501D-04
 -0.45059990647192D+01  0.18298847735587D+01  0.97960582551437D+01 -0.25110526577777D-03 -0.34594595414866D-03 -0.53337272998989D-03
 -0.42151419523499D+01 -0.32659564523443D+00  0.11500852416621D+02 -0.17602159827903D-03 -0.22502213339185D-03  0.26733480682916D-03
 -0.18123783459303D+01 -0.12154271069209D+01  0.12309375547167D+02 -0.42516888846354D-03  0.26251762417824D-03 -0.38133210914597D-03
  0.23991627335814D+00  0.64693298814316D+00  0.12098502762129D+02 -0.42459133140298D-04 -0.16805329557242D-03 -0.19724517854524D-03
 -0.36599203526383D+00  0.29640125978384D+01  0.11229500917429D+02 -0.96658547860633D-03  0.22530326500212D-03  0.82093543562058D-03
 -0.63421191503027D+01 -0.19223328947623D+01  0.12263240770246D+02  0.18616970878357D-04 -0.29998282815300D-03  0.40882230041680D-03
 -0.59570648510204D+01 -0.44435725177604D+01  0.12981946245618D+02  0.71413415323725D-03  0.79060908660161D-03  0.20069624991489D-03
 -0.34768480408609D+01 -0.51696142217059D+01  0.13081304675385D+02  0.27223405326160D-03 -0.22169668117719D-03 -0.72488455380473D-04
 -0.13344212464448D+01 -0.36922988484130D+01  0.12858924835326D+02 -0.81131519470542D-03  0.90673340236098D-04  0.57804084738766D-04
 -0.90063971533418D+01 -0.12473932445404D+01  0.12082915085594D+02  0.43582262699897D-03 -0.45115135444243D-04 -0.34489770818691D-03
 -0.11040280328910D+02 -0.30371076946012D+01  0.12289831733401D+02 -0.20927674271737D-03 -0.76024138206875D-04  0.36437562243067D-03
 -0.10529805419798D+02 -0.55102509356848D+01  0.12178846776627D+02  0.22907348054397D-03 -0.12287914669798D-04  0.31248078710524D-03
 -0.82091365585872D+01 -0.63608634803505D+01  0.12883598632512D+02 -0.33453391922829D-03  0.25993585902793D-03  0.76239039943377D-05
 -0.74529541285331D+01 -0.89007898607458D+01  0.12652557990411D+02  0.71583552053207D-03 -0.44126797418462D-03  0.25963186140566D-03
 -0.50125775333132D+01 -0.95217254125973D+01  0.13218122389556D+02  0.33132045743015D-04  0.39823439513018D-03 -0.27926362761175D-03
 -0.32349973554130D+01 -0.77288244211116D+01  0.13241925265937D+02 -0.15521763728552D-03  0.13655356268711D-03 -0.32314229511709D-03
 -0.97137105462332D+01  0.14385809547014D+01  0.12216742547155D+02 -0.10982094035954D-03  0.76718303566419D-03  0.57330691730358D-03
 -0.12126921465985D+02  0.21163582834687D+01  0.11522041918173D+02 -0.38659087551784D-03 -0.13278618903758D-03 -0.86532349044364D-04
 -0.14146758242015D+02  0.35324266295444D+00  0.11978030806224D+02  0.54079550191496D-03 -0.34963092643904D-03 -0.51127619443486D-03
 -0.13625443566731D+02 -0.21788108594057D+01  0.12390835697555D+02 -0.30314722853602D-03  0.13750096364724D-03 -0.54678898922875D-03
 -0.81347591946693D+01  0.34299868262891D+01  0.13175829940374D+02  0.38863508907794D-03  0.66935026123184D-04  0.43335713912797D-03
 -0.67285285818603D+01  0.19876607024508D+01  0.84534573238521D+01 -0.34658807751003D-03 -0.27551969997455D-03 -0.43475902549766D-04
  0.16448846998249D+01  0.49768893865724D+01  0.10881634765966D+02  0.26337032594179D-03 -0.29293317249742D-03 -0.26970680473544D-03
 -0.16719855891686D+02  0.17092755640840D+01  0.11873633639614D+02  0.17045994914794D-03  0.34524299266984D-03 -0.17065071409087D-03
  0.23325182157702D+01  0.79915721323695D-01  0.12542067078828D+02  0.13113570508286D-02 -0.71144638185763D-04 -0.10708801283375D-02
 -0.27581834019981D+01  0.51379599019057D+01  0.91011117771525D+01  0.21500424288730D-03  0.38589559079050D-03  0.37474858241781D-03
 -0.14976429354266D+01 -0.83417641343157D+01  0.12513552333892D+02  0.55292195228795D-03  0.24519730492922D-04 -0.94104386953332D-03
 -0.87321018959045D+01 -0.10257010156750D+02  0.12148966346619D+02  0.10315277143533D-02 -0.12457474178947D-02  0.13591609588813D-03
 -0.15146371818949D+02 -0.38091968349688D+01  0.11860059861057D+02 -0.67353379278523D-03 -0.14328760283441D-02  0.32282967183342D-03
 -0.12430146240014D+02  0.41948903202287D+01  0.10843549698354D+02 -0.82444510624716D-03 -0.17610016826821D-03  0.72639738186569D-03
  0.24614414266837D+01  0.55782460225034D+01  0.88446753574888D+01  0.81961314343838D-04 -0.21145070469425D-03  0.62871525756923D-03
  0.25030683097995D+01  0.63507723265107D+01  0.12993563499593D+02 -0.89649521462663D-04 -0.39733062454747D-03 -0.25564688445582D-03
  0.47644005167046D+01  0.77227012937827D+01  0.11936995258418D+02  0.40366687985809D-03  0.61124909504044D-05  0.92992486226940D-04
 -0.43990944963791D+01 -0.12225105128771D+02  0.12770897251740D+02 -0.55825833287986D-03 -0.26504440614420D-03  0.56566892556785D-03
 -0.57146581825560D+01 -0.14021942519892D+02  0.13231914915891D+02  0.26802318816368D-03  0.20517794693560D-03  0.98442014675715D-04
 -0.19013968463148D+01 -0.12498612138041D+02  0.12399584815956D+02 -0.69700362073980D-03  0.25047766462514D-03 -0.20821996916612D-03
 -0.12909185854066D+01 -0.14996908463662D+02  0.11879330863138D+02  0.43398991886209D-03  0.53795715807441D-03  0.14322526487700D-03
 -0.18424516432745D+02  0.19994164536352D+01  0.13443367628129D+02 -0.35866307131584D-03 -0.19808957781703D-03  0.48146872830969D-03
 -0.16798897137298D+02  0.28252338574643D+01  0.94889186403043D+01  0.24467152901839D-03 -0.25613967855923D-04 -0.32850852350220D-03
 -0.18083318286206D+02  0.53295395984592D+01  0.93807165833500D+01  0.24600993230979D-03  0.37117605691504D-06 -0.44025152491512D-03
 -0.91089784157825D+01  0.59073608616438D+01  0.12571058740793D+02 -0.13578856169663D-03  0.65610016828929D-03 -0.80320293087258D-04
 -0.64995084057729D+01  0.27113634323434D+01  0.58476407270858D+01 -0.15522170302900D-03  0.21297448696484D-03 -0.64778648807034D-04
 -0.19155758429527D+02  0.54081104888360D+01  0.11055470482102D+02  0.69776143059735D-03 -0.63921037837549D-03 -0.53800203579465D-03
 -0.18824277650366D+02  0.53024089549806D+01  0.74712950589923D+01 -0.13810758830300D-02 -0.66388583641608D-03  0.74922971496306D-03
 -0.16502009713153D+02  0.64724434851412D+01  0.95901058941352D+01  0.24434635499579D-03 -0.46274323533665D-03 -0.13892412645718D-02
 -0.25781774473580D+01 -0.15536404733733D+02  0.10369366216073D+02  0.53326521634620D-03 -0.54516834477692D-03 -0.72224987921349D-04
 -0.15522142914734D+01 -0.16155802212936D+02  0.13494197888607D+02  0.26973696113545D-03  0.55625768769069D-03  0.31022566685741D-03
  0.61361674462269D+00 -0.15308591346105D+02  0.11216497734701D+02 -0.41055713771666D-03  0.79058034121105D-03  0.80386896029814D-03
 -0.74423269130517D+01  0.45386388657062D+01  0.53762304427588D+01  0.49468948435349D-03 -0.14839141868085D-03 -0.17325198158034D-02
 -0.70631985184602D+01  0.13749558095996D+01  0.45086274977937D+01  0.10880554093738D-02  0.93005239985908D-03 -0.86701642507488D-03
 -0.45652069436222D+01  0.30394844474108D+01  0.55705649586564D+01  0.25941338560275D-03  0.77959252072928D-03  0.13519923607580D-02
 -0.92611049921991D+01  0.63781560448383D+01  0.10729883414895D+02 -0.68397250792973D-03  0.11968709870018D-02  0.12349416531769D-02
 -0.80676741089936D+01  0.73636746184081D+01  0.13635366367220D+02  0.32603654108325D-03  0.59849537839360D-03 -0.10817790314205D-03
 -0.10929946052339D+02  0.60216971595773D+01  0.13348401386165D+02 -0.14354577972476D-03 -0.65759513166058D-03  0.99255968986029D-03
  0.61178406697929D+01  0.85428913135726D+01  0.13222729501464D+02 -0.94197623592022D-04  0.18625203709777D-03 -0.51530163589191D-03
  0.39013132848231D+01  0.96246098322176D+01  0.11486832398329D+02  0.89012992749448D-04  0.86349550501024D-03 -0.21020885889688D-03
  0.54154101203745D+01  0.68422936861183D+01  0.10089870588333D+02 -0.83382576521119D-03 -0.37133435266876D-04 -0.51420467701775D-04
