 -1.0
 -0.58130452087190D+01 -0.93589490533664D+00 -0.12208931253237D+01  0.18148225306157D-03 -0.11273597499394D-03 -0.35084328969543D-03
 -0.40289430266604D+01 -0.28734240651636D+01 -0.95505081669940D+00 -0.72882337505259D-03 -0.26209767029339D-03  0.17822895477753D-03
 -0.23781087486491D+01 -0.30184064700620D+01  0.12496854913757D+01 -0.36652552444349D-03  0.11631600454666D-03 -0.21351390397346D-03
 -0.17495470839671D+01 -0.63739194303378D+00  0.24159184751636D+01 -0.10165372064306D-03 -0.27853780757009D-03 -0.17226009072158D-03
 -0.34832802900311D+01  0.13629349363293D+01  0.20280692201095D+01  0.34127938569986D-03 -0.25420661442219D-04 -0.10675123099348D-03
 -0.55048928852395D+01  0.11624367800433D+01  0.46002515276596D+00  0.20913448047696D-03  0.19945907238879D-03 -0.64486553358955D-04
 -0.67954271271275D+00 -0.52756411527072D+01  0.17462279159613D+01  0.12995423171704D-03  0.20555806083533D-03  0.36421312676695D-04
  0.11585139156683D+01 -0.49716794777195D+01  0.33481718287793D+01  0.20658797205001D-03  0.26655501233429D-03  0.12617428926294D-04
  0.16045287503994D+01 -0.24877225535705D+01  0.42462719290436D+01 -0.37221745145989D-03 -0.16146987713894D-03  0.42684961145104D-03
  0.32560728684147D+00 -0.41733026090011D+00  0.37798131317177D+01 -0.10328262195707D-03  0.35320922740421D-04 -0.10033542327725D-03
 -0.13185272784510D+01 -0.78796614600081D+01  0.10066781391646D+01  0.62316514323973D-05  0.81623982510539D-04  0.32478425735320D-03
  0.69145668755705D+00 -0.98417161989204D+01  0.14345024128605D+01 -0.44941541206642D-04  0.19723298820835D-03  0.45625639267164D-03
  0.25098283002596D+01 -0.96582070525500D+01  0.31668749129089D+01  0.67671306507927D-03  0.74668898958149D-04 -0.81875305430140D-04
  0.28443299067143D+01 -0.72206711615940D+01  0.39254349817866D+01  0.15702992015646D-03 -0.18098630444568D-04  0.12808906318290D-03
  0.49498787415567D+01 -0.67434145121639D+01  0.53851259609193D+01  0.16645659756886D-03  0.25222540448653D-03  0.73984363188053D-03
  0.50853157944567D+01 -0.44311802153135D+01  0.65607123939343D+01 -0.90005534815002D-04 -0.37888045095632D-03 -0.49704612603768D-03
  0.36122792718219D+01 -0.23066446593027D+01  0.61942140597129D+01  0.23308611569793D-03 -0.36861566192358D-03  0.41892259454746D-03
 -0.37055558544766D+01 -0.86682149409875D+01 -0.90430047464436D-01 -0.21749186621172D-03  0.12417404107227D-03  0.54255748054935D-03
 -0.35078602392790D+01 -0.10790201154930D+02 -0.16059192680780D+01  0.21538643808264D-03 -0.73903801699775D-03 -0.30383381934214D-03
 -0.11674587733073D+01 -0.12044837039330D+02 -0.19079471557983D+01 -0.28715355399055D-03 -0.31069437662696D-04  0.91517782346698D-04
  0.72941568459401D+00 -0.11897702154682D+02 -0.79321515550686D-01  0.29028306875124D-04 -0.45680960892444D-04  0.29502567525244D-03
 -0.58095416740314D+01 -0.73883280588804D+01  0.52577924787997D+00  0.16115344523925D-03  0.25075340037535D-03 -0.20356108933051D-03
 -0.38460884002676D+01 -0.44919121823906D+01 -0.30679543048878D+01  0.17799952322839D-04 -0.60631468076858D-04  0.15544432870766D-04
 -0.73708802227230D+01  0.34686888285805D+01  0.42580201361459D+00  0.55932928544688D-03  0.50097897422211D-03  0.20488985228327D-03
 -0.12259866612768D+01 -0.14255654515041D+02 -0.35928773259230D+01  0.33641391003877D-04  0.35688578007864D-03  0.12523262063698D-03
 -0.31589721186735D+01  0.32364218275675D+01  0.29985380380247D+01 -0.10357561015398D-03  0.70942996619742D-03  0.18165002140778D-03
 -0.71431001343153D+01 -0.45426306515496D+00 -0.28490390561740D+01  0.48643454123385D-04 -0.18618911863034D-03 -0.50902967376867D-03
  0.34508370466985D+01 -0.83151361160880D+00  0.77897240207337D+01 -0.16865958353747D-03  0.91558518568282D-03  0.58974803196005D-03
  0.63691375055801D+01 -0.80767764757971D+01  0.58788766890573D+01  0.59840234523997D-03  0.31969790915928D-03  0.76086919252340D-03
  0.25511610198919D+01 -0.12595377930957D+02 -0.33938589139342D+00  0.99522026414079D-04  0.47871869813520D-03  0.16254068086366D-02
 -0.48887423013427D+01 -0.11727467021207D+02 -0.28628533394674D+01 -0.43467599254811D-03 -0.43196369924694D-03 -0.91806172523851D-03
 -0.84753803417725D+01  0.43558326159177D+01  0.22230057946136D+01  0.19858592878674D-03  0.26981595155245D-03  0.14678981345270D-04
 -0.80696763529504D+01  0.39302924035488D+01 -0.20827619626243D+01  0.55685101586835D-04  0.36531000619313D-03  0.18688331957149D-03
 -0.99450129672024D+01  0.57009713581809D+01 -0.21880481929722D+01  0.69029317981088D-03  0.80380261001713D-03  0.58549867072878D-04
  0.74474883838532D+01 -0.44647748861955D+01  0.84487625818142D+01 -0.10198437344182D-03 -0.16180588284726D-03 -0.25428316164895D-03
  0.72969536522576D+01 -0.48292585921592D+01  0.10622314063605D+02 -0.17669636872593D-03  0.86424050447442D-04 -0.91759490816123D-04
  0.96932902753254D+01 -0.44348029634132D+01  0.70324325658315D+01 -0.33054871311099D-03  0.43147355731877D-03 -0.12001767116784D-03
  0.11906962005185D+02 -0.48353229397263D+01  0.83401338240700D+01  0.19677473239528D-03  0.24437308090204D-04  0.31038810842296D-03
 -0.32111015356080D+01 -0.15149866430594D+02 -0.46157492580582D+01  0.84245797415446D-04 -0.37716753836494D-03 -0.40259930164530D-03
  0.96044663015628D+00 -0.15537370859205D+02 -0.41410795682057D+01 -0.24486444084330D-03 -0.36844435925387D-03 -0.55399074555007D-03
  0.49708984112813D+00 -0.17817392911098D+02 -0.51244096905935D+01 -0.29821592598319D-03 -0.13164096699317D-03 -0.10924338508065D-03
 -0.78065385426538D+01 -0.81577467631491D+01 -0.10520652132612D+01  0.16923829414127D-03 -0.55692519015909D-03 -0.81370575436822D-04
 -0.49447263041672D+01 -0.36298817989302D+01 -0.53914977887694D+01 -0.30775043792394D-03  0.21690432265018D-03 -0.90114039381768D-04
  0.17186462234667D+01 -0.19287156380638D+02 -0.43356790031118D+01  0.17275426370528D-04 -0.44891760136767D-04 -0.79087703664725D-03
  0.97505431985887D+00 -0.17772999502129D+02 -0.70570230571086D+01 -0.59140177556500D-03  0.10562002186422D-03  0.84725048946188D-03
 -0.14657086179228D+01 -0.18501676537274D+02 -0.53850562209168D+01 -0.36908149311547D-03  0.11490016912987D-02  0.25113656796208D-03
  0.13360178514304D+02 -0.47700087882311D+01  0.69930442009986D+01  0.59504202206727D-03  0.50213871891015D-03  0.21807895021576D-03
  0.11880112763542D+02 -0.63379044837947D+01  0.97499936352565D+01 -0.78068548301512D-03 -0.10030870722126D-02 -0.39132221460166D-03
  0.12410803837836D+02 -0.33268119408794D+01  0.95090573398463D+01 -0.16804369738143D-02  0.75999254299536D-04 -0.77959059810509D-03
 -0.32154671515528D+01 -0.27276662752132D+01 -0.61366142495630D+01  0.19243288586425D-03 -0.72535046500145D-03 -0.90430684849060D-03
 -0.65499415458354D+01 -0.24156814475157D+01 -0.48097106347992D+01  0.40116105534075D-03 -0.61449452265256D-03  0.48820588545910D-03
 -0.60392961543539D+01 -0.49414088860829D+01 -0.64968613175091D+01  0.19929323889934D-04  0.63253955906425D-03 -0.91567061709282D-03
 -0.72226571953196D+01 -0.84520475748908D+01 -0.29756422419070D+01 -0.67285996573924D-03  0.52868281473589D-03 -0.26942255492855D-03
 -0.94272440428588D+01 -0.67371201866996D+01 -0.98629714877028D+00  0.47255776662306D-04 -0.52337013511072D-03 -0.10928244397444D-03
 -0.89506094244200D+01 -0.94679489517618D+01 -0.20553545520242D+00  0.94382000441316D-04  0.64712425068284D-04 -0.18164988307848D-03
 -0.10707400179430D+02  0.54832192379075D+01 -0.32212963353194D+00 -0.38680850164340D-03  0.73725225234898D-03  0.82051072307641D-03
 -0.10841048762814D+02  0.52389834038950D+01 -0.41095973367740D+01 -0.17516874998657D-03  0.14162318312115D-04 -0.47958398944205D-04
 -0.91473903021509D+01  0.74490104865238D+01 -0.26589217953718D+01 -0.12674729745741D-02 -0.34047404559649D-03 -0.61961758004520D-03
 -0.47744922805003D+01  0.12796767991717D+02  0.91266343376214D+01 -0.49772275306657D-03 -0.32169122867638D-03 -0.18576391967113D-03
 -0.38387476763383D+01  0.10278948652649D+02  0.88711855751370D+01 -0.26530540916316D-04  0.11574111277954D-03  0.33195034912547D-03
 -0.29943804243776D+01  0.90619753272166D+01  0.11109788729060D+02  0.51372836021142D-03  0.90420524424773D-04 -0.76853122355058D-04
 -0.27794387195411D+01  0.10543820331922D+02  0.13497108558549D+02 -0.41323078488041D-03 -0.15941334933322D-03  0.21526588173489D-03
 -0.35602691034165D+01  0.13019820984808D+02  0.13360316216451D+02 -0.26087853710667D-03  0.38491768105805D-03 -0.31331957793688D-03
 -0.46803085665203D+01  0.14102038112443D+02  0.11178582394927D+02 -0.78990256897958D-03  0.36681097293777D-03 -0.70037318153295D-03
 -0.24066087227891D+01  0.65535083176843D+01  0.11413702238270D+02 -0.19805002746058D-03 -0.35163867295872D-03  0.77635711467005D-04
 -0.86812567615652D+00  0.59445373843604D+01  0.13522332798014D+02  0.30694576482580D-03  0.44835911299320D-04 -0.54526766683491D-03
 -0.54390634199031D+00  0.75921264716961D+01  0.15528600332153D+02  0.18151668904504D-03 -0.42549246737488D-03  0.45527187335755D-03
 -0.20892722377103D+01  0.97032722950017D+01  0.15744039018188D+02 -0.28208224352054D-03  0.10807592275323D-03  0.25859658119596D-03
 -0.36982853093569D+01  0.44414378931364D+01  0.10033871254942D+02 -0.75082030357877D-05 -0.26945892577463D-03 -0.27528605803368D-03
 -0.23761567564208D+01  0.20208271673724D+01  0.10307916440218D+02  0.16040144240368D-03 -0.40251784063396D-04 -0.35523268860430D-03
 -0.21127531223810D+00  0.17245917738345D+01  0.11936470292613D+02  0.68203326032130D-03  0.59491157026820D-04  0.84106512210767D-04
  0.18470260469220D+00  0.35211908353671D+01  0.13725599395003D+02  0.51281475319794D-04  0.15764621715138D-03  0.67306863952850D-04
  0.17875984483987D+01  0.29058662801706D+01  0.15777606767659D+02 -0.19838801749578D-03  0.43219829456968D-04  0.34227046709761D-03
  0.20796531953416D+01  0.44875613042515D+01  0.17757090488212D+02  0.21179149755285D-04 -0.25592959584744D-03 -0.19405399661988D-03
  0.86653917408977D+00  0.68414554759973D+01  0.17802764938137D+02  0.41105417311595D-03 -0.52364797697714D-03  0.37046039721565D-04
 -0.64381796999443D+01  0.43643188984106D+01  0.91448703857410D+01 -0.26720081819228D-03 -0.33337260887009D-04 -0.46070365358403D-03
 -0.70266747776178D+01  0.21174253434908D+01  0.77242261559769D+01  0.41023143306324D-03 -0.46585143113152D-03 -0.39039556475997D-03
 -0.56770933675411D+01 -0.23883319258533D+00  0.76290730287488D+01  0.85964895656490D-04 -0.47546261263164D-03  0.25181520303490D-03
 -0.33415789859001D+01 -0.12396649307316D+00  0.89123934796915D+01  0.21649224559746D-03  0.43767899590375D-03  0.32865634880833D-04
 -0.79702480503831D+01  0.67963276930375D+01  0.87486035159391D+01  0.34751813483499D-03  0.57829197656779D-04  0.32011324630228D-03
 -0.38253466115396D+01  0.92011058839771D+01  0.64357546555157D+01 -0.99451054631406D-04  0.10586822336569D-03  0.25797450172410D-03
 -0.56178913136377D+01  0.16731012703129D+02  0.11204980710343D+02  0.61156774615632D-03  0.27000946236918D-03 -0.56351929362794D-03
 -0.70197051579645D+01 -0.26617502727059D+01  0.73594942508736D+01 -0.60023878233311D-04  0.24813099896303D-03  0.40778872331840D-03
 -0.32506479431295D+01  0.14016352999921D+02  0.15141555791914D+02 -0.33437746625227D-03 -0.83955084502387D-03  0.41206556951904D-03
 -0.59036424987865D+01  0.13578728386606D+02  0.74755552225350D+01 -0.47017309082521D-03 -0.24531871019231D-03  0.31941660812575D-03
  0.14273118110360D+01  0.81559451594271D+01  0.19239223280251D+02  0.10146962494849D-02  0.88974294898155D-03 -0.43561629794266D-03
  0.28243188805567D+01  0.11693668220801D+01  0.15634521336536D+02 -0.84855020762458D-03 -0.80333472660569D-03 -0.44432014300192D-05
 -0.23681166131693D+01 -0.19710322912812D+01  0.93438462370909D+01 -0.50476354402386D-03  0.29301671252814D-03 -0.42116781204274D-03
 -0.88580116495019D+01  0.21195055636567D+01  0.71548117545867D+01  0.22248691887931D-03 -0.43333144776794D-03  0.38745771575363D-04
 -0.61495943370378D+01  0.17411860381450D+02  0.13327373876193D+02  0.14236960546394D-03 -0.59634590930712D-03 -0.22816500212456D-03
 -0.61367485943360D+01  0.17591961629848D+02  0.88966321078417D+01 -0.15569332337250D-04  0.42607876701772D-03  0.22556048488775D-03
 -0.72742586315841D+01  0.19996243832359D+02  0.88757022882522D+01  0.32983658897404D-03 -0.23761002714802D-03  0.33521147525707D-03
  0.34053596283518D+01  0.36226807936057D+01  0.20058737632715D+02  0.84793219382976D-04  0.54604267224296D-03  0.74287454671555D-04
  0.53463659139057D+01  0.42561835924926D+01  0.21155744698168D+02 -0.90456870504226D-04  0.77581991556412D-05  0.25618124372524D-03
  0.24168759980448D+01  0.13077542666378D+01  0.21111198211794D+02  0.38752631961365D-03  0.32044163253289D-03 -0.51750310266999D-03
  0.19215923238921D+01  0.12126420214895D+01  0.23668338498877D+02 -0.25715989276484D-03 -0.13560477213957D-03  0.26249505176028D-03
 -0.84846081882775D+01 -0.30304676173417D+01  0.56492882817488D+01  0.39825880093429D-03 -0.62029863581118D-03 -0.45312349248473D-03
 -0.65207081879691D+01 -0.50064535997184D+01  0.87186823092649D+01 -0.33083811871679D-04 -0.16621232419691D-03  0.11890236134513D-04
 -0.80185382279513D+01 -0.71162034908061D+01  0.77822113833005D+01 -0.42797403280051D-04  0.51309614911643D-04  0.30235438695286D-03
 -0.83547018518691D+01  0.72977677890523D+01  0.60530634060093D+01  0.52917029399403D-04  0.14241147430154D-03  0.32398346284022D-03
 -0.18919256200546D+01  0.10018097769329D+02  0.47424605802881D+01 -0.27741201132298D-03  0.15692917967906D-03 -0.96011145687930D-05
 -0.69882039514793D+01 -0.77323307590756D+01  0.60191307898506D+01  0.33342960542788D-03  0.18013426929846D-03 -0.67499713809630D-04
 -0.99955388168830D+01 -0.65163692037309D+01  0.77343582904467D+01 -0.48402654248394D-03 -0.31474673723182D-03  0.89562405081299D-03
 -0.81909488079541D+01 -0.84647724731148D+01  0.92151454656408D+01  0.12163349885328D-03  0.14622353641034D-02  0.26455527488614D-03
  0.67463875848227D+00 -0.36870056778877D+00  0.24104497278478D+02 -0.10824222130123D-02  0.14007109174809D-03  0.88786352918266D-05
  0.13930571279737D+01  0.29961343154684D+01  0.24886228713441D+02 -0.33460685166920D-03 -0.23138505093459D-03  0.10333294299331D-03
  0.36553669442685D+01  0.48397803517328D+00  0.24627789130283D+02 -0.31457481350575D-03  0.79803923509856D-04 -0.36836686597776D-03
 -0.24558987179519D+00  0.87725084706066D+01  0.49610689702929D+01 -0.10930004110155D-03 -0.40791491910283D-04 -0.59529289229969D-03
 -0.15963395111543D+01  0.11939193875656D+02  0.48514903099554D+01 -0.37765673623955D-03 -0.14041543261320D-03 -0.11474012363203D-02
 -0.24122972751700D+01  0.97175952377192D+01  0.29154430381392D+01  0.72788197808850D-03  0.26051091811451D-03 -0.55464622478772D-05
 -0.68971665805823D+01  0.65438555069994D+01  0.49155537066017D+01  0.16577307200032D-03 -0.75326465304487D-03 -0.70959840037451D-05
 -0.89029877149932D+01  0.91918879524929D+01  0.58851516783918D+01 -0.54369347019850D-03  0.73588544357908D-05  0.10511747602773D-02
 -0.10083014021058D+02  0.59257402793826D+01  0.57161086958163D+01 -0.50675606709380D-03 -0.24242546394587D-03  0.14065037595532D-02
 -0.57504987225283D+01  0.21252743462337D+02  0.85809712253177D+01 -0.67385801273918D-03 -0.29932625791684D-03 -0.39733785656473D-03
 -0.85711310069952D+01  0.20003830971678D+02  0.10439227831633D+02 -0.14408941849333D-03 -0.49114718304796D-03 -0.37575140133371D-03
 -0.85418547279216D+01  0.20110908598918D+02  0.71221269405331D+01 -0.20834711498176D-03 -0.64709752733217D-03 -0.12044532627726D-03
