 -1.0
 -0.59840083996483D+01  0.70632339714523D+00 -0.25611400669767D+01  0.84161180955575D-04  0.63093394104601D-03  0.26090416557243D-03
 -0.50637511781493D+01 -0.87464369885909D+00 -0.82120442252138D+00 -0.39635950317267D-03  0.87823244650991D-04 -0.16556968495692D-03
 -0.30510340197473D+01  0.83777849912337D-01  0.93444002632310D+00 -0.18215583719752D-03  0.17346139520831D-03  0.26471448271535D-03
 -0.24059668113233D+01  0.25905015111705D+01  0.86754955183539D+00 -0.11262581812812D-03 -0.23553768794282D-03  0.23824126743514D-03
 -0.37244870422645D+01  0.42379920317065D+01 -0.76980977542575D+00  0.18122919292961D-03 -0.72802045938801D-04 -0.26787887629549D-03
 -0.56461997447534D+01  0.32326978754715D+01 -0.23138652923060D+01 -0.33305199157286D-04  0.18761783220086D-03 -0.27533569908521D-03
 -0.18831410064208D+01 -0.17250722449190D+01  0.27195752561057D+01  0.12714381232395D-03  0.17415041286946D-03  0.10334830757352D-04
  0.38460012428180D+00 -0.83935238267717D+00  0.35356483875429D+01 -0.26210913931316D-03 -0.60137279418481D-04  0.36977072274269D-04
  0.12158721658546D+01  0.17098924474886D+01  0.29876838622046D+01 -0.30398317141418D-03  0.62731532737638D-03  0.15628388948980D-03
 -0.27344936804154D+00  0.34002847754754D+01  0.18579911991299D+01 -0.28440241758756D-03  0.18948146400386D-03  0.18753149704119D-03
 -0.29462016757113D+01 -0.39161823775895D+01  0.39342830087543D+01  0.28836084281763D-03 -0.20792748006174D-03 -0.75557858008418D-04
 -0.12908139516599D+01 -0.55001347332958D+01  0.50042806176763D+01 -0.46426871238528D-03 -0.25821191941013D-04 -0.86305760727519D-04
  0.13186090958316D+01 -0.50187123146395D+01  0.50846762356764D+01 -0.20485479255223D-03 -0.32905948548874D-03  0.37881125132819D-04
  0.21169983043772D+01 -0.25376285076639D+01  0.44579610729055D+01  0.30410124880325D-03  0.29095104570550D-03 -0.26421222312029D-03
  0.46930020875507D+01 -0.18699270206977D+01  0.46208698001605D+01  0.55282449914853D-03  0.75922824307746D-04  0.14624146841211D-03
  0.54436965242615D+01  0.61919431717791D+00  0.44663743209412D+01 -0.68031586617836D-03  0.12749574960548D-03  0.16113682582997D-03
  0.38030746102308D+01  0.24309112122008D+01  0.36269884884563D+01  0.48580834411470D-04  0.92466783027236D-04  0.33998273371848D-03
 -0.56592343499857D+01 -0.40029208374029D+01  0.44418542458223D+01  0.14636816623723D-03  0.25792766265494D-04  0.76540291252392D-04
 -0.62773289405700D+01 -0.64287417843548D+01  0.53595574665454D+01 -0.46337246011150D-03  0.91580392830643D-04 -0.59177486526455D-04
 -0.45978013796471D+01 -0.78417396478426D+01  0.65942278664184D+01 -0.69688970693959D-03  0.50570296792230D-04  0.11490097182294D-03
 -0.20763919395867D+01 -0.74692680448320D+01  0.64792292321724D+01 -0.41261220753139D-03 -0.38176305645541D-03 -0.15305338257692D-03
 -0.70008571407992D+01 -0.19197906475743D+01  0.40234389793691D+01  0.33679765848928D-03 -0.15449981291208D-04  0.42740631005535D-04
 -0.60308794527836D+01 -0.33562465041396D+01 -0.60858294742588D+00 -0.33748878434724D-03 -0.46453373386932D-03 -0.13208971189525D-03
 -0.69239537762097D+01  0.51100164796474D+01 -0.38574704974509D+01 -0.93043128440911D-04  0.67064822230819D-04 -0.64554763116990D-03
 -0.55109185866490D+01 -0.10165401493214D+02  0.78267199649881D+01  0.74785864791222D-03 -0.14448837538414D-03  0.10950501274516D-03
 -0.32799077154219D+01  0.62188823161853D+01 -0.74750400862860D+00  0.49701465214402D-03  0.23634219613723D-03  0.49439747492085D-03
 -0.75496327830777D+01  0.11569720246417D+00 -0.34406148456447D+01 -0.13027611403638D-03  0.71407874101606D-04  0.55126641640487D-03
  0.43162686064299D+01  0.44966986355479D+01  0.32761396678029D+01 -0.20198326566977D-03  0.38137228587870D-04  0.27731629494933D-03
  0.60846561013902D+01 -0.32794763163348D+01  0.49828545255439D+01 -0.90897273591348D-04  0.76007407732805D-04  0.12728607728253D-03
 -0.72667794991984D+00 -0.84490522602890D+01  0.76830370009039D+01 -0.58631727628275D-03 -0.77846673972874D-03  0.36753204292918D-03
 -0.80612007935040D+01 -0.70326639348250D+01  0.55465603408279D+01  0.10074756682301D-02  0.10586009212094D-03  0.58813964198974D-03
 -0.91304996522734D+01  0.46545029071491D+01 -0.45846786768747D+01  0.24806522063281D-03  0.54477761642908D-03 -0.20192305841920D-04
 -0.54501954505307D+01  0.70972372876557D+01 -0.42879278187588D+01  0.26464312653520D-03  0.67441929255521D-04  0.11798216534329D-03
 -0.67993985668523D+01  0.88531875049591D+01 -0.60297197152887D+01 -0.17916871651383D-03 -0.23395182753574D-03  0.15701161701219D-03
  0.81062345072424D+01  0.10032954195263D+01  0.54317402460341D+01  0.60800591699010D-04  0.21132815297411D-03 -0.12563214946228D-03
  0.84881491571191D+01  0.27455282572210D+01  0.70728618962847D+01  0.13862266263411D-03  0.15169428215704D-03  0.21462035049812D-03
  0.99233104569962D+01 -0.29358624265183D+00  0.41385694392736D+01 -0.14928551808244D-03  0.23622948938558D-03 -0.98646720399633D-04
  0.12177242080506D+02 -0.40600868878592D+00  0.55758708833339D+01  0.79194036005045D-04 -0.60079108015556D-03 -0.59109636808570D-03
 -0.43514276262790D+01 -0.10842536767169D+02  0.96257597129670D+01  0.47352085466066D-03  0.26289012304513D-03 -0.15987190121359D-03
 -0.78941481868392D+01 -0.11414143540906D+02  0.71491195533429D+01  0.61710906802624D-04 -0.12359759658491D-03 -0.46155447267096D-05
 -0.79823594376771D+01 -0.13748462381406D+02  0.85185404424450D+01  0.77583329892893D-04  0.11339010356082D-03  0.33004964091437D-04
 -0.93199259997131D+01 -0.22632454587037D+01  0.54484025961574D+01  0.49339776195336D-03 -0.23129147238638D-03 -0.33509213841915D-04
 -0.79530334837929D+01 -0.42304631978397D+01 -0.23057535626971D+01  0.20504688770962D-03  0.45315001077804D-04 -0.26806319370347D-04
 -0.94721050269162D+01 -0.13599122484196D+02  0.99522424580880D+01 -0.20628555873799D-03  0.24057524252356D-03 -0.40820296888518D-05
 -0.61717405817444D+01 -0.14099968420013D+02  0.94030245931131D+01 -0.48088570714456D-03  0.48008147201903D-03  0.30919021619496D-03
 -0.85793302073108D+01 -0.15329823606596D+02  0.71947221001110D+01 -0.33589188049603D-03 -0.86063274200122D-03  0.27729005694530D-03
  0.11637714049151D+02  0.35248756744992D+00  0.75170209758627D+01 -0.75066577688143D-03  0.16445512402435D-03 -0.50574238519377D-03
  0.13587633164986D+02  0.10428422243245D+01  0.51356200058012D+01 -0.25160705299831D-03 -0.91350032405074D-04  0.10936732339491D-03
  0.13009767954926D+02 -0.22635673015509D+01  0.57055705433461D+01  0.30167263452412D-03 -0.42111862193321D-04  0.52506573708483D-03
 -0.96469934493457D+01 -0.31756696282673D+01 -0.20239462736626D+01  0.15515538626607D-03  0.21963740577401D-03 -0.14970887024776D-03
 -0.84798805892990D+01 -0.61994247522736D+01 -0.19043941181048D+01 -0.11609667368331D-03  0.88445530036247D-03 -0.88666507314006D-04
 -0.74433604971207D+01 -0.38049958826079D+01 -0.40740363695616D+01  0.61027838432652D-04  0.18055013633409D-03  0.58129289600172D-03
 -0.87733358266132D+01 -0.29215644849500D+01  0.73459878287405D+01  0.53002707667193D-03  0.50282995935114D-03 -0.16354826801248D-03
 -0.10450590431556D+02 -0.38353601218080D+01  0.46675839226143D+01 -0.85137912630384D-03  0.14223242998327D-03 -0.42917625376179D-03
 -0.10398836805931D+02 -0.54585341436433D+00  0.52260420201393D+01 -0.75492353870456D-04  0.10516087633737D-02 -0.54342107833324D-03
 -0.62496562162155D+01  0.84467747346261D+01 -0.79932570758846D+01 -0.89767111774506D-04 -0.28258323290405D-03  0.29241162221830D-03
 -0.56669704657198D+01  0.10629297415243D+02 -0.56262507573459D+01 -0.20508492508609D-03 -0.59341175445106D-03 -0.27364041221812D-04
 -0.87742869087521D+01  0.90425977042671D+01 -0.55038580931898D+01 -0.37521407407458D-03 -0.30595185625884D-03  0.31721082261503D-03
 -0.37186638167284D+01  0.80968427515552D+01  0.68218047438108D+01 -0.28485675107792D-03 -0.17569824284812D-03 -0.32600260096631D-03
 -0.32188798272290D+01  0.54292311562712D+01  0.68755232337932D+01  0.20209008082204D-03 -0.37157769778363D-03  0.22212802357441D-03
 -0.11867072733640D+01  0.45479196408679D+01  0.83023184449359D+01  0.33418239652854D-03 -0.13316827989046D-03  0.43441594743977D-04
  0.69800389115115D+00  0.63322825216452D+01  0.92816118383472D+01 -0.20884213694807D-03  0.19332573637069D-03 -0.42128286702536D-03
 -0.67023180969201D-01  0.88632961979195D+01  0.94639450804076D+01 -0.26405283358403D-03 -0.10658543477072D-03 -0.39409366228758D-03
 -0.23497097454984D+01  0.96876930916580D+01  0.82912886683507D+01  0.13589582208246D-03 -0.13079433201093D-03 -0.14557351341541D-03
 -0.10602507748004D+01  0.20036608045159D+01  0.90879738542775D+01  0.34662690929102D-03 -0.24850184923716D-03  0.65466153027147D-03
  0.10726600424484D+01  0.13576808937348D+01  0.10288338117766D+02 -0.18354650704570D-03 -0.10020249327508D-03 -0.94064243551662D-04
  0.32974369311654D+01  0.30149251549652D+01  0.10139635754801D+02 -0.38078474678317D-05 -0.10064483522738D-03 -0.64371635413558D-03
  0.29178160948613D+01  0.55406155002503D+01  0.10060246160546D+02 -0.23168910502282D-03  0.15473844739376D-03 -0.34634039582433D-03
 -0.33962277070677D+01  0.54575108510079D+00  0.92957834664556D+01  0.48621662952426D-05  0.18062480361565D-03  0.11389791501880D-03
 -0.29142586038502D+01 -0.20137433807507D+01  0.98822373759397D+01  0.20003457772164D-03 -0.17783045354178D-03 -0.76312460184678D-03
 -0.60767363325882D+00 -0.29862750451684D+01  0.10494327679721D+02 -0.12737157026011D-03  0.68863037541822D-04  0.26514338560985D-03
  0.12844440272654D+01 -0.13627942616201D+01  0.10867019166220D+02 -0.29024550337806D-03  0.22995562073419D-04 -0.76468413315354D-04
  0.36661779680577D+01 -0.21806816689174D+01  0.11688672732229D+02  0.35680753056776D-03 -0.20818351901463D-03 -0.58405705808921D-03
  0.57058708359672D+01 -0.52731394794467D+00  0.11648185009696D+02  0.19467652961941D-03 -0.29050058529492D-03  0.16428058549228D-03
  0.56690505684022D+01  0.20460628720103D+01  0.10910735361543D+02  0.48673945022512D-03  0.22762861680541D-03  0.13233744912803D-03
 -0.56286278893916D+01  0.17440802099186D+01  0.10099787663350D+02 -0.10073839932364D-03  0.14448519650559D-03  0.52546434132062D-03
 -0.76080605242157D+01 -0.57041758146266D-01  0.10683905497096D+02  0.29782547993239D-03  0.12198263395842D-04 -0.37157861705337D-04
 -0.72260646843434D+01 -0.26010799277230D+01  0.11153851311915D+02  0.14536234783498D-03 -0.23019863159804D-03  0.31752730568340D-04
 -0.48724935718450D+01 -0.36261618436860D+01  0.10885103457988D+02 -0.11588093992852D-03 -0.18232916906355D-03 -0.17777086289810D-03
 -0.56794198650615D+01  0.43149561622219D+01  0.10785807274232D+02  0.68247763616350D-04 -0.31145221366003D-04  0.18621370589188D-03
 -0.50405840867277D+01  0.40101739022401D+01  0.57325109639468D+01 -0.13746867060379D-03 -0.37682494472156D-03 -0.19600252639452D-03
 -0.31260913128527D+01  0.12362226652850D+02  0.82974108873326D+01 -0.41617188846261D-03  0.61641616743320D-03  0.21057422340181D-03
 -0.93149790460057D+01 -0.45769880163862D+01  0.11444484172315D+02  0.15338482426255D-03  0.72716013942081D-04 -0.33364527865604D-04
  0.91569502826087D+00  0.10368306857872D+02  0.10301913401264D+02  0.83033091609366D-04  0.25481608052981D-03  0.31385366412935D-03
 -0.50133896827420D+01  0.88539372299850D+01  0.54262882438933D+01  0.50104066406868D-03  0.69140514211726D-03  0.22563239885339D-03
  0.72711388080088D+01  0.32994652928510D+01  0.11116539735303D+02  0.70796583608212D-03 -0.61112575235162D-04 -0.10111044199421D-04
  0.38624832516988D+01 -0.40821828810765D+01  0.12467753371458D+02  0.52363281062636D-03 -0.74369764595517D-03 -0.35911272873544D-04
 -0.42374086409271D+01 -0.55827691407536D+01  0.11460375176284D+02  0.83652039363709D-03 -0.20988149812829D-03  0.60743805131855D-03
 -0.96836527384168D+01  0.35724668962126D+00  0.10782162778358D+02 -0.26031708902754D-03  0.14364188806989D-02 -0.42443620882422D-03
 -0.16359422702770D+01  0.13898279485833D+02  0.92147192370815D+01 -0.29689069834779D-03 -0.20239955402012D-03 -0.26600540042555D-03
 -0.54299688673281D+01  0.12889051051240D+02  0.73910585106456D+01 -0.20954865307426D-03 -0.26024937604605D-03 -0.22079903700097D-03
 -0.60379648432594D+01  0.15427655568883D+02  0.78067204444771D+01 -0.44666334768793D-04  0.52704622361516D-04  0.38101305217486D-03
  0.81544365297507D+01 -0.16864337454169D+01  0.11960101185531D+02  0.20283557713731D-03 -0.34692857525384D-04 -0.49316989926351D-04
  0.89453963296015D+01 -0.34358395209509D+01  0.10719957705426D+02 -0.31088532377820D-03  0.15158217149744D-03  0.48935246029780D-03
  0.95838024785104D+01 -0.67550444064891D+00  0.13736420139816D+02 -0.18036946522810D-03 -0.10391184135362D-03  0.30888115611433D-04
  0.12109223879187D+02 -0.14110371123843D+01  0.13632572595382D+02 -0.54039857399471D-03 -0.13010977160934D-03  0.11875788340982D-03
 -0.90298091053449D+01 -0.61986979062525D+01  0.13083665300979D+02  0.16731997684720D-03 -0.25635234533183D-03  0.62593146815335D-03
 -0.11181338227255D+02 -0.45872860147361D+01  0.96680674969732D+01  0.42174619561503D-03 -0.11904809372701D-03 -0.41059420486939D-03
 -0.12999962000930D+02 -0.64371156659415D+01  0.10198581470462D+02 -0.28477498569786D-03 -0.64105904743728D-04 -0.29296897946697D-04
 -0.74816155291642D+01  0.48410310464399D+01  0.12490553812409D+02 -0.48474385234727D-03  0.34756642789741D-03  0.60091652423266D-03
 -0.74589113296754D+01  0.49876692093529D+01  0.48638399583098D+01  0.41023478153506D-03 -0.16526631463905D-03 -0.42733712106647D-04
 -0.12157826945801D+02 -0.83001021224042D+01  0.10822479381735D+02  0.77702248831562D-03 -0.80322139023325D-03 -0.18159091158691D-03
 -0.13950015726355D+02 -0.65961502959733D+01  0.83649480711461D+01 -0.33814433537865D-03  0.14276881685365D-03  0.25715770437228D-03
 -0.13978714115031D+02 -0.57333612132802D+01  0.11817828628312D+02  0.31179888354836D-03  0.86599708040072D-03 -0.71089030064793D-03
  0.12607657402457D+02 -0.71983110337046D+00  0.15524332650951D+02 -0.31799550297440D-03 -0.41193011730610D-03  0.66313276954952D-03
  0.12778331964687D+02 -0.43076102686146D+00  0.11918802444212D+02 -0.48944124536304D-03 -0.26635883720821D-03  0.27752302245707D-03
  0.12388855459129D+02 -0.34768072251264D+01  0.13445038570772D+02  0.59025639681709D-03 -0.41614882726059D-03  0.22035283179742D-03
 -0.76698553014738D+01  0.67624774214927D+01  0.39098234819431D+01  0.58812208650462D-03  0.47344065903110D-03 -0.52348157303677D-03
 -0.90284917384821D+01  0.48117149808415D+01  0.62785562858712D+01  0.63587740676218D-03  0.31230674022188D-03  0.29369321551530D-03
 -0.77656002186806D+01  0.34691396969289D+01  0.34110464568172D+01 -0.14242377675705D-03 -0.15561809035433D-03  0.22851837416076D-04
 -0.77229088251405D+01  0.35213030710907D+01  0.13908071027929D+02 -0.50096084785302D-03  0.47530627567025D-03  0.68934974446593D-03
 -0.92129600934880D+01  0.48761398007188D+01  0.11258124913675D+02 -0.17658786749089D-03 -0.31789422086205D-03 -0.32436379905132D-03
 -0.69591068870700D+01  0.65949350061931D+01  0.13351314544582D+02  0.65002720842924D-03  0.12893288936277D-02  0.14222500475973D-04
 -0.42902659078140D+01  0.16322503881208D+02  0.83793074868813D+01  0.34469436087308D-03 -0.55784770761549D-03 -0.13325851925577D-02
 -0.74259642267004D+01  0.15652238769062D+02  0.95587319546135D+01  0.44625044481196D-03 -0.80646839920294D-03  0.12902922358652D-03
 -0.66831649082849D+01  0.16490948238791D+02  0.61087116627551D+01  0.66650964845904D-04 -0.46654412164285D-03 -0.52598989317433D-03
