   -0.02500186
    0.12110148
    0.00678798
    0.09746326
   -0.02077492
   -0.00546550
    0.02770504
    0.00308220
    0.09456999
   -0.26378416
    0.00957832
    0.08738221
   -0.25183702
    0.09104680
   -0.02493354
   -0.00275939
   -0.02313934
    0.13901936
   -0.03728383
   -0.01413445
   -0.01570586
   -0.35140351
   -0.34318904
    0.36498129
    0.39774355
    0.11432418
    0.13850879
    0.11020846
    0.13257318
    0.09929320
    0.11021616
   -0.49151714
   -0.38508294
    0.03122329
    0.38421434
   -0.49269755
   -0.39251254
    0.01602181
   -0.53924588
   -0.40456440
    0.02439159
    0.02117854
    0.02251370
    0.14572716
    0.09547652
    0.11575804
    0.12997772
    0.08262266
    0.09057083
    0.07915718
    0.08259354
    0.07308913
    0.07755759
    0.09056895
    0.08071832
    0.10246331
    0.07527531
    0.11834791
   -0.03268102
    0.11703180
    0.02226703
    0.09137064
   -0.02180082
   -0.01078988
    0.03649691
    0.00095495
    0.10052220
   -0.27518641
    0.01349361
    0.10383876
   -0.28269975
    0.10716886
   -0.02892313
   -0.00026755
   -0.02560008
    0.13730401
   -0.02950154
    0.00161392
   -0.02467395
   -0.34945802
   -0.34425813
    0.38255581
    0.37187281
    0.11821579
    0.11091179
    0.13336717
    0.11561560
    0.13409674
    0.09874933
   -0.51503508
   -0.39153520
    0.01850919
    0.37621398
   -0.49014216
   -0.39283446
    0.04308001
   -0.49090247
   -0.37980636
    0.02509426
    0.01694674
    0.00059671
    0.08795890
    0.12487134
    0.09417305
    0.08391406
    0.09341397
    0.11807728
    0.11968857
    0.08431486
    0.08833779
    0.07538421
    0.08857149
    0.07849241
    0.08358329
    0.06721429
    0.12021190
