$coord
        1.19230507354628       11.77218455602300        6.85540532135394      C
        0.40873329814234        9.47953919409492        5.82681549085765      C
        1.48815560135812        7.12751735416222        6.35122318140879      C
        3.92545015637257        7.08302844951716        7.72987145509403      C
        4.52905207410548        9.25872869578545        8.86483236829064      C
        3.12496566541351       11.65077439750972        8.60282030507910      C
        0.47295085728376        4.66761310807801        5.52337048825150      C
        2.11294420741136        2.66230428105829        5.50124390047367      C
        4.51059731684252        2.97828288171688        6.64566347022192      C
        5.53560388799763        5.00714800016604        7.82827552072292      N
       -2.13999500575739        4.00407909085085        5.34761055346745      C
       -3.00264511715873        1.96787598347396        3.88097507763282      C
       -1.11601288572380        0.33139641772217        3.31652049353033      N
        1.17246716125179        0.56000751149879        4.28769535543465      C
        3.06779008732531       -1.27104230826013        3.83075099068340      C
        5.41097489746413       -1.06290829896184        4.73518257288280      C
        6.11988982569872        0.96456323264462        6.12363875718769      C
       -4.11769439005686        5.48648348709369        6.21680004048590      C
       -6.67263073025556        5.21104561543142        5.26255174886169      C
       -7.22466123411629        3.19644942439599        3.64479614778815      C
       -5.35114070943167        1.66468390863826        2.98642738409804      C
       -3.42038504342692        6.89271329908235        8.44382097641294      O
       -1.77521855180903        9.42644117926073        4.06594122814523      O
        3.88058278256699       13.97481951678196        9.93510271569308      C
       -9.77837060246946        2.72844256085561        2.97884364686867      C
        5.77516476723499        9.27310415968599       10.36817883200439      H
        0.03780071525579       13.59341532239403        6.66764211236370      H
        7.78810290880039        0.98622612106842        7.37167701825370      H
        2.58486877372378       -3.12374090614549        3.18291748198076      H
       -5.78044149200668        0.02476019314737        2.09595398555030      H
       -8.19200692392712        6.41950491826763        5.89329752852997      H
        3.46921919215417       14.50996870250389       12.17300055613244      O
        5.39825237136219       15.71669537687751        8.40925202077882      O
        6.30282007629551       17.89419688447908        9.51856508454098      C
        7.20342217435287       -3.27372254288032        4.27671800535112      C
        9.54648845814617       -2.80959083896277        4.18071503744289      O
        5.80804802793772       -5.41851577490973        3.78294603289403      O
        7.34648153621700       -7.48802262766377        2.88930279863396      C
      -10.20355459642016        1.36298899298370        1.14001403561862      O
      -11.60702432555381        3.56767002638775        4.65321833242895      O
      -14.06288810419017        2.33521644232221        4.62720279752473      C
       -5.49179911428036        8.35161666281346        9.48937327962639      C
       -3.39916170555078       11.44066219873285        4.33361656499845      C
      -14.32563690085745        1.04755791060794        6.31169098988471      H
      -14.14477549013572        1.21534605876341        2.89777345832491      H
      -15.56424024924005        3.64753184544108        4.63189776972681      H
        6.32600827081136       -9.14911835201422        3.35504046120666      H
        9.32006358742881       -7.33505126742302        3.65816459624392      H
        7.62015052245973       -7.31190191167326        0.88829758716605      H
       -3.01559471548463       12.72391327928309        2.75584078962587      H
       -3.33812401680831       12.21132837091113        6.19027826441960      H
       -5.31567873968921       10.71304812416344        4.00917673483192      H
       -7.30625290430341        7.31353036383201        9.25319639172966      H
       -5.76280666581328       10.36972634506238        9.00591989220461      H
       -5.23537175973399        8.41004897452338       11.61734426354840      H
        6.26982289197395       18.00083243881919       11.72320684970661      H
        5.40377406282846       19.47881256915948        8.53954766159251      H
        8.34838414529532       18.11543113439274        8.93929334627119      H
       -8.15209183491033       -4.38710434878948        1.17924845309374      C
       -5.86669237410611       -4.19078016430200        2.54302379046660      C
       -6.27042685740069       -3.62322205081805        5.14875997896391      C
       -8.64409760310601       -2.65536337033206        5.85215191636975      C
      -10.80701587131828       -2.93372832889628        4.34604872460573      C
      -10.63421199781757       -3.79025839438277        2.04571700384608      C
       -4.21153635431887       -3.60265327441660        6.82762061911568      C
       -4.16731433445453       -2.03931867030256        8.96197892613483      C
       -6.55668219424459       -0.81127384203644        9.43073879205109      C
       -8.73000803639138       -1.29926362022843        8.19655393081194      N
       -1.90785888881022       -5.30932753227319        6.73496604805502      C
        0.17575165400598       -4.62273260882945        8.23805964937684      C
        0.18482144808540       -2.72785904072706        9.84530270450931      N
       -1.97402824820030       -1.50912375538089       10.42279667167906      C
       -2.01244217834317        0.52156682116985       12.25966560980203      C
       -4.34146616669108        1.77413657981541       12.71789706959185      C
       -6.53211020943194        0.99345381864350       11.41914722714186      C
       -2.11491082187084       -7.81641066478952        5.49031922129234      C
        0.09734008520062       -9.23495537137618        5.82375226154571      C
        2.36237225461977       -8.49200056128955        6.87170428691958      C
        2.26256801354746       -6.04830014238985        7.94660190393038      C
       -4.07338176594677       -8.99948819857116        4.08146480089437      O
       -3.60419555999215       -4.67774915714782        1.24700543300355      O
      -12.60234699380322       -4.73163108843542        0.38992793592548      C
        4.22136998044115      -10.43883463494236        7.44434544620536      C
      -12.68879961938473       -2.84117444126397        5.15960431795986      H
       -8.33604502533896       -5.42901820027495       -0.65816464337681      H
       -8.25994085462979        1.84026004845744       12.09583161142176      H
       -0.59955663702960        1.01100744699622       13.65023914674540      H
        3.65749315711912       -5.57012557247713        9.38106638537566      H
       -0.02260390891768      -11.08774792248782        4.88954324205542      H
      -11.82063071233084       -5.82772019311931       -1.51342652141237      O
      -15.11087714930623       -4.77903406821448        1.04840688159926      O
      -16.15723404715788       -6.31623037558293       -0.96249105388459      C
       -4.75193786949677        3.79677979038501       14.50432658583265      C
       -6.77718459338542        4.91023647595454       14.43867475474234      O
       -2.62873664604103        4.09282627315858       15.89344755153000      O
       -2.88010417765057        6.16656899139555       17.42070066022556      C
        5.27362003920721      -11.66727010387728        5.77639783775192      O
        4.78425584890506      -11.00726501345871        9.93346412872507      O
        6.77623510887476      -12.70578322723831       10.25120616253881      C
       -4.89625948738484      -11.30443190046842        5.04968157072607      C
       -3.61726589276729       -3.75971610031252       -1.28793980549117      C
        6.78535805648400      -13.25069204481722       12.21512861386283      H
        8.48751944058202      -11.33006996152771        9.86879950936468      H
        6.62872466362707      -14.49375234017338        9.14554741841637      H
       -4.37579266501731        7.30723167866176       16.78662097692703      H
       -1.23354445469855        7.37776664546761       17.36216059484095      H
       -3.92921038817349        5.49240920204709       19.12033446189634      H
       -5.10059292027217       -4.79833774735701       -2.39471271791669      H
       -2.09928343558832       -4.58871065831804       -2.37508955663846      H
       -3.94930879818912       -1.70612153939987       -1.57671048371490      H
       -6.26920380640951      -10.82947270480923        6.46359060959174      H
       -3.40132932318025      -12.30409684152063        5.86099143497110      H
       -5.53334593060840      -12.39316501848942        3.48304149792594      H
      -15.16053597247710       -8.05108518769877       -1.12252530502307      H
      -16.02816119802982       -5.27798856983462       -2.83065661484156      H
      -18.21594565517811       -6.58698148911411       -0.78017692152673      H
$end
