$coord
      -11.40458712300226        8.07508667885246       11.99039886617296      C
       -9.13767574181504        7.77854190094889       10.70668638743464      C
       -7.27167105064632        5.92649974183603       11.31338058616535      C
       -7.58105052434575        4.43945757552215       13.30703767123385      C
      -10.02315604413258        4.51720942638927       14.58427338183759      C
      -12.02876982055452        6.09821321228880       13.56048888193446      C
       -5.11716421811957        5.40488172773574        9.72837321880601      C
       -3.11780508863513        4.25755013888270       11.00713303599713      C
       -3.48213357970668        3.05162000239291       13.37018673198587      C
       -5.91632691093630        2.73928997801768       14.27225087399637      N
       -4.81224860256040        5.64775331256211        6.99082703660256      C
       -2.40973617811026        5.54344961370302        5.97270487221598      C
       -0.40384176281147        4.98510799640636        7.42549277282430      N
       -0.68240502167122        4.01850534802799        9.90825465816267      C
        1.37035091369925        3.07031352138619       11.37464258015300      C
        1.11958027218876        2.29168908788087       13.83423182360758      C
       -1.37159145752670        2.42269647702767       14.96998571781859      C
       -6.81650686429622        5.87407862283718        5.14304071270230      C
       -6.20729766486568        6.29088744176062        2.56973058762709      C
       -3.62863978754313        6.86477724829531        1.78604416477728      C
       -1.82657879925995        6.56095950588222        3.77616600438057      C
       -9.03856672833635        4.96803327698839        6.08447858076840      O
       -8.43025033367843        9.46679704590522        8.76927632438066      O
      -14.93897591475149        5.60681667440914       14.07180497497375      C
       -3.16563342523460        8.05127492840151       -0.83754962366371      C
       -9.97595741378949        3.68857150238055       16.48863563515541      H
      -12.77756355643061        9.55115350396549       11.31045532521740      H
       -1.82652308689125        1.75733035056961       16.80949736661944      H
        3.33826353717545        2.69840410625462       10.80675157969151      H
        0.06769874714908        6.54609114696016        3.14404033198146      H
       -7.48902221143224        6.49096849772408        0.98142816465965      H
      -15.97659486050212        5.11405630717454       16.11015433699845      O
      -16.19226961701810        6.91709993107331       12.31377492737778      O
      -18.52106279295618        7.09723654542891       12.87852571685949      C
        3.46576168612134        1.14035102345845       15.00392091728470      C
        4.94495647323837        0.11335002843556       13.51249782306319      O
        3.58935702417834        1.41382984276890       17.43197416883428      O
        5.90039632772714        0.22967970468438       18.23926327747516      C
       -1.11340939302716        7.63250386651137       -1.96342053134566      O
       -5.09575215092959        9.70255237847696       -1.67134815368559      O
       -4.57091735667495       10.42500104058445       -4.15439325092812      C
      -10.93126539759486        4.66481493523217        4.28947278269304      C
       -8.13049807855078       11.97855739875047        9.46913513019284      C
       -4.54277765572739       12.53646023524408       -4.45913296920235      H
       -6.06371728947752        9.76686778439576       -5.47863840613020      H
       -2.73819778029744        9.48894099245872       -4.69839903899598      H
        5.89400392821909       -1.77260819208989       17.83566165655120      H
        5.81118363721377        0.51080713180620       20.44621654336058      H
        7.65217314925181        1.43813567484164       17.87858253427679      H
       -7.43524408342568       11.67377915160597       11.39186660800721      H
       -9.85505925698416       12.87786527656050        9.83119635034201      H
       -6.98061852696500       13.27709909999322        8.40209778191844      H
      -11.70301595570685        6.48771259034585        3.59394108108140      H
      -12.68639295508268        3.84736748082967        5.14979545261605      H
      -10.36559180513463        3.34213009973269        2.76627229274625      H
      -18.95676165212898        8.20680460017709       14.71364735762960      H
      -19.02406558251121        4.98541477979450       13.07928161245197      H
      -19.96876281065050        7.47146500180885       11.17011624175571      H
        7.91491825557451       -5.92059423759887        5.49423388895851      C
        5.53955105132372       -5.93028364827439        4.18953489628080      C
        3.26463014498945       -4.86357941626929        5.15536242784684      C
        3.73355504348531       -3.15096204092591        7.36601112511063      C
        6.18257234379934       -2.80005901847163        8.29924068907995      C
        8.13835249202764       -4.53312596859011        7.66466506404247      C
        0.77318212296952       -4.64326083808553        3.85274152733462      C
       -1.27018880892805       -4.02827128554987        5.37124921876711      C
       -0.73497846022571       -2.70111995237249        7.63564750177559      C
        1.61302059202066       -1.99330988678986        8.23606519324097      N
        0.44105090254446       -5.21227768098644        1.17222566608661      C
       -2.04624581303846       -6.06739473092591        0.51034240187492      C
       -3.77324949550752       -6.43882574249813        2.10667293652187      N
       -3.53687761907887       -5.09768386640598        4.42482708878650      C
       -5.47607714083143       -4.62699417272589        6.00228402078287      C
       -5.37269822280118       -2.94007423974437        8.14361990773270      C
       -2.96571326058919       -1.90015703671068        8.77337456547129      C
        1.87122928762860       -4.00925735860704       -0.89984819337475      C
        1.27594496596494       -4.46957432254016       -3.45185194869789      C
       -0.66373445895442       -6.02858611273876       -4.05157245528638      C
       -2.28574781740565       -6.73621345815864       -2.15579672711561      C
        3.56164532751395       -2.42564139725380       -0.29014281659755      O
        5.22292448467138       -7.13314689792086        1.83609004488378      O
       10.40897927010694       -4.22285900397874        8.81940354234826      C
       -1.18485205585943       -7.46645459985820       -6.52303040035973      C
        6.49032273143600       -1.24518441164594        9.55419938306960      H
        9.53982968915763       -6.68669245135005        4.32411829685796      H
       -2.94015565819692       -0.46447808956559       10.15693024426720      H
       -7.06449778120147       -5.78853331441208        5.38971150076560      H
       -3.90438397228873       -7.88562522013310       -2.54445944308207      H
        2.43327986243937       -3.97124243665456       -4.81802955913416      H
       10.94964894842844       -2.42919692890110       10.11438516213901      O
       12.12245885902315       -6.19522159385114        8.65336479046524      O
       14.47589934336860       -5.39457313585502        9.64185017540564      C
       -7.47610960842300       -1.55686473713846        9.58055239317295      C
       -7.73404434139891        0.73535602813854        9.25263811926557      O
       -8.87748946479700       -2.93221028631313       11.10583536556017      O
      -10.62351834581116       -1.39184946165249       12.42194636284566      C
       -0.08737403788086       -6.75144967202632       -8.31453898726598      O
       -2.89623188927251       -9.38488700831003       -6.62369114666136      O
       -3.31042488893661      -10.01001645858051       -9.14228835225958      C
        5.40182617767370       -1.63989703494647       -2.30259123480015      C
        6.62160273068420       -9.44909302280262        1.20245511461637      C
       -1.88481977316285       -8.98296605181870      -10.36797595278424      H
       -5.21384874367795       -9.37382988688692       -9.62173994861063      H
       -3.65039674598523      -12.10290209287816       -9.38866505956391      H
       -9.87481782979484        0.46496635812890       13.24700774490427      H
      -11.29078050392525       -2.23590978426504       14.19719925526350      H
      -11.80929389019289       -0.54716137096261       10.85974706446224      H
        8.45191357630869       -9.76921116572897        2.30661208249373      H
        7.25130854859558       -9.44411527681626       -0.82119064899495      H
        5.24054987109358      -11.01947602188186        1.17209774757555      H
        5.56924901940906       -3.26355354332645       -3.61098483459561      H
        7.23074737447707       -1.58898495034557       -1.26827669229940      H
        4.94399443037199       -0.26614647331209       -3.72918205855290      H
       15.41932745877685       -7.06809156537328       10.49477628347061      H
       13.92278747015021       -3.69105953468545       10.80958657773459      H
       15.41929841252990       -4.50040367397843        7.90613808627760      H
$end
