   -0.02932757
    0.13400453
    0.01109115
    0.09410348
   -0.01935198
   -0.00208417
    0.03884226
    0.00330684
    0.09405643
   -0.26552464
    0.01144958
    0.09204932
   -0.26147982
    0.09514515
   -0.01521870
   -0.00707026
   -0.02535371
    0.13730652
   -0.03138176
   -0.01250901
   -0.02159209
   -0.35443364
   -0.36015224
    0.37070640
    0.35534997
    0.11042618
    0.10302128
    0.11870364
    0.11259866
    0.13300552
    0.08847559
   -0.47616333
   -0.37819591
    0.02284362
    0.40553968
   -0.48422124
   -0.38038512
    0.02566110
   -0.46669860
   -0.37141619
   -0.00858863
    0.02657418
    0.02340052
    0.10779151
    0.13255446
    0.08476697
    0.10379375
    0.09176809
    0.08919678
    0.06040033
    0.06725276
    0.08400304
    0.09281256
    0.08818669
    0.06432672
    0.10874452
    0.09258823
    0.09530059
   -0.02055451
    0.13170277
    0.01240294
    0.09346595
   -0.02148023
   -0.01725527
    0.03460932
    0.00440065
    0.09623557
   -0.26770296
    0.01071843
    0.10044356
   -0.26996922
    0.09721994
   -0.01970284
   -0.00853934
   -0.02214134
    0.13596407
   -0.03039773
   -0.00335694
   -0.01529338
   -0.35166556
   -0.34318703
    0.37879032
    0.37303019
    0.11263963
    0.11663857
    0.12012481
    0.11146636
    0.13356901
    0.09848349
   -0.49139196
   -0.36665791
    0.01508487
    0.38919583
   -0.47688196
   -0.37924013
    0.00723162
   -0.47516865
   -0.38952058
    0.00318106
    0.01062085
   -0.00559580
    0.12006172
    0.08324010
    0.10704758
    0.11552696
    0.09261075
    0.08523257
    0.09573157
    0.07691860
    0.08890968
    0.08538953
    0.07557996
    0.07910702
    0.07709201
    0.10110507
    0.10493040
