$coord
        2.17186407726604        6.37463487222568        7.81604729659385      C
       -0.25120945792326        7.50093953772672        7.02039773321396      C
       -0.98094829559667        7.01012125248007        4.54270646138061      C
        1.07400043719272        6.54661503370904        2.69056894243293      C
        3.40796681959625        5.65040331291225        3.53864155608787      C
        3.68263472706785        5.01918554500051        6.03961328819693      C
       -3.46412298974635        7.28101715375832        3.69391445366183      C
       -3.72100643673421        7.80982011320847        1.18860625146036      C
       -1.56057208818492        7.91102865367616       -0.45715764371742      C
        0.81594608630714        7.07348543981189        0.11967003075105      N
       -5.68281394898318        7.48363505772602        5.23624024797995      C
       -7.90408473755808        8.40604527731045        4.10578353317785      C
       -8.20221723071028        9.09906471520954        1.67292555673312      N
       -6.08515909536359        8.81756715456178        0.19847511165117      C
       -6.58500874404867        9.36338079911055       -2.37315893835221      C
       -4.74939747053080        8.68612596045148       -4.16262096144062      C
       -2.29171712285242        8.22742271087701       -2.91547003391989      C
       -6.00032416713179        6.18405888824377        7.53057554720321      C
       -7.88588443713617        7.11568911095854        8.94229041908574      C
       -9.86087059832467        8.84293935045184        8.14711922566945      C
      -10.05712412453522        8.95897908100203        5.50555880382643      C
       -4.18448031843899        4.40051247515853        8.25401260094302      O
       -2.11029340729251        8.99776770040814        8.29633900847151      O
        5.60511377108026        3.37475754505663        6.99811375578979      C
      -12.28990490375070        9.19165147113361        9.51500575173883      C
        4.46264653090929        4.52891708073701        2.20100584608263      H
        2.28079868106965        6.55484521095440        9.84195019474707      H
       -1.01754270807831        8.06682157047786       -4.53629257902730      H
       -8.37148659776706        9.73949105081865       -3.00612566629507      H
      -11.67370580045138        9.87273966201143        4.65236475666774      H
       -8.38148181154689        6.52963453674494       10.93594055837917      H
        7.75325368795797        3.88834278653109        7.12368207211742      O
        5.01917988522208        0.64878887594122        6.93181790936251      O
        7.55821963344343       -0.55062929741010        7.56904150155639      C
       -5.34009005525308        8.12032603887310       -6.78609736443340      C
       -3.44916709652448        7.24729597334150       -8.01354385317556      O
       -7.64145314932173        8.59255730577591       -7.86757808698037      O
       -7.45002270966604        8.01027993564936      -10.35488385232068      C
      -14.17734804299920        9.35310945902271        8.21828565020363      O
      -12.13889487341436        9.59418131926148       11.95398826220750      O
      -14.77348052378585       10.08355023990367       13.01128587762088      C
       -3.39623803168616        2.44880064460410        6.50082218012618      C
       -2.59472332762213       11.49983739760078        7.50508681526959      C
      -15.89476768689699       10.61452428870274       11.31120512723283      H
      -15.00670461113009       11.92531912530655       14.01177945883651      H
      -15.60867857456462        8.41288117992779       13.99364210805611      H
       -8.96843940852846        6.72377353676206      -10.54821048916469      H
       -5.67519183742131        7.31157204013504      -11.35137702961687      H
       -8.05354516457975        9.54054092693384      -11.48019491623436      H
       -0.71447900470167       11.87488933786077        7.24192313524561      H
       -3.19713579976817       12.76609551143790        9.12829797931888      H
       -3.81314525856069       11.64866929946479        5.96256029340315      H
       -2.99562106256891        3.17779605468731        4.80103012367617      H
       -4.19127015770829        0.69852868770388        6.57150527245120      H
       -1.52355780478263        1.76520148134709        7.01372108683805      H
        8.10140645038343        0.59404073120658        9.19478781651414      H
        8.79141670686640       -0.34787020211850        6.01576872488646      H
        7.58011840262270       -2.48670737013154        8.62374460256832      H
       -5.96635055354797       -5.38898800822712       12.90263775641058      C
       -4.27188046805903       -4.08409325844687       11.47819653486448      C
       -1.85861020567594       -5.29332201507684       11.80635297973569      C
       -1.13747402945337       -6.83510115719503       14.02045897672214      C
       -3.12992722395244       -7.51819716049606       15.58017486073587      C
       -5.72177501004050       -7.07617929369292       14.96991762311005      C
       -0.43762981171429       -5.98342302477954        9.46802251353410      C
        1.95579986294140       -6.95494514667645        9.89175068506985      C
        2.68021201271648       -7.77527754734980       12.36035676197288      C
        1.12507934351460       -8.18682483313689       14.25197455773937      N
       -1.30413481783708       -5.57769430343238        6.95074388627404      C
        0.78760220283388       -5.04033542916667        5.37306116905303      C
        3.18506126534778       -6.07635209753326        5.45521403658140      N
        3.78170224331404       -7.27702226591338        7.65938347101470      C
        6.11994153218512       -7.98459240097248        8.41465467965241      C
        6.78591301158627       -8.51167098098665       10.78316960815384      C
        5.25124600685501       -8.23156556554684       12.97832373474236      C
       -3.58712666511074       -5.27743358390720        5.48043277257240      C
       -3.58848691096724       -3.61053271769866        3.35239214580452      C
       -1.59100998987242       -3.30036593620069        1.70310414094920      C
        0.61962283448913       -4.04190773850139        2.90627209472968      C
       -5.71955295474505       -6.67807332353047        5.92525992962343      O
       -4.44636603391777       -1.76284040217976       10.23120516144275      O
       -7.50407788186238       -9.23947564132511       15.41997664145995      C
       -1.93324138071521       -1.15144219537838       -0.16878899586019      C
       -2.90048254727661       -9.05108275960253       17.02852769652638      H
       -7.77165854223772       -5.65476667047955       12.25906330434811      H
        5.74540317109527       -9.29758007159164       14.71496933948323      H
        7.54870361149293       -8.33950847776881        7.16003988967686      H
        2.30252385174016       -3.47168627803584        1.72468828833544      H
       -5.36713072116066       -2.67996098421813        2.94415421923658      H
       -7.14765984639445      -10.60369913137739       17.16061264743412      O
       -9.22040042012353       -9.81944557793227       13.56740056622075      O
      -10.60329713307376      -11.87068749712717       14.33306845174297      C
        9.40101472699472       -9.14957537494728       11.50205496564483      C
        9.80314884122407      -10.36550269564181       13.58970417389286      O
       11.46260567750304       -8.21164749226414       10.47673951915581      O
       13.93691944722376       -8.95548064549959       11.77804656114446      C
       -4.15615450401889       -0.37618491167503       -0.76275367802484      O
        0.66960062283012       -0.23663139889317       -0.65015924002002      O
        0.34027635304355        0.83172809481845       -3.01285073523337      C
       -5.07897603539963       -8.85935505394666        7.38758704852696      C
       -6.59673253994772       -1.47332555575320        8.69983590796277      C
        0.62872235483269        2.91221658757156       -2.86716713198781      H
       -1.45412178692973        0.23143910805269       -3.83133834067615      H
        2.07588159135742        0.00872515076399       -4.14831285499147      H
       14.66367831651893      -10.16178958476852       10.32335747985219      H
       13.95085733493623       -9.72199661552180       13.58652107112560      H
       15.13658929429212       -7.20244918552207       11.74296709800102      H
       -6.06696036819677       -0.93565058841431        6.84419210763806      H
       -7.84140146843569        0.16085120327578        9.36676822806428      H
       -7.63929815097188       -3.23296416067044        8.75887326234047      H
       -3.25147492616108       -9.46066440242554        7.85312904231205      H
       -6.17104262753968      -10.60635953312770        6.63584250998511      H
       -6.47952487665394       -8.95022537038214        8.99713932066715      H
      -11.10241221018408      -12.86895101334537       12.50044945478018      H
      -12.28548993478430      -10.88489251993829       15.11678643566197      H
       -9.72804856205410      -13.09028306706655       15.94339508201532      H
$end
