 -1.0
 -0.65033770748551D+01 -0.53852255412001D+00 -0.26830519843975D+01  0.90986417932441D-04 -0.56256212011247D-03 -0.45542303138523D-03
 -0.50198441111248D+01 -0.13434333656432D+01 -0.70980011990283D+00  0.24363596358107D-03 -0.15757128054706D-03 -0.40819353340007D-03
 -0.33845454329705D+01  0.61486901452961D+00  0.37510814267723D+00  0.36696364373275D-03  0.66461762783167D-03 -0.19439782177605D-03
 -0.34092073128984D+01  0.31430505893288D+01 -0.71110897198727D+00 -0.90000339861047D-03  0.36542178551914D-03 -0.38461601760371D-03
 -0.48070886834573D+01  0.34024762974134D+01 -0.28171862813817D+01 -0.48361589287216D-03 -0.75836411740877D-03 -0.82689754541346D-04
 -0.66427632329063D+01  0.19162414934535D+01 -0.37331201515134D+01 -0.26589035269999D-03  0.11388750442764D-03 -0.15905849513660D-03
 -0.15156152774785D+01 -0.18867983849889D+00  0.24175731373723D+01  0.38666142724602D-04 -0.23197114983126D-03  0.53477518309086D-04
  0.57304891325579D+00  0.13886027275232D+01  0.25654365489994D+01  0.16379410458884D-03  0.26373741076001D-03 -0.82241912358238D-04
  0.29557658301664D+00  0.40277624000706D+01  0.17128973007111D+01 -0.48163211966520D-04  0.30309005867977D-03 -0.61459627470175D-04
 -0.15982164765315D+01  0.47649334883021D+01  0.94439873968977D-01 -0.29149438760220D-03 -0.18244842772010D-03  0.18248135684785D-03
 -0.16995339432844D+01 -0.20138290145931D+01  0.43742305504773D+01  0.24092099782699D-04  0.25857863996611D-03 -0.44130832419048D-03
  0.53067391889085D+00 -0.28372865645846D+01  0.55671225639049D+01  0.71192299533455D-04  0.71181243950523D-04 -0.11411778873209D-03
  0.27522847483371D+01 -0.14626549965257D+01  0.52781426959338D+01 -0.60998892662611D-04  0.20905523046793D-05  0.29807958041893D-03
  0.28724456116276D+01  0.53877646618773D+00  0.37926856255422D+01  0.49285219075695D-03 -0.16819201178173D-03  0.31381371668381D-03
  0.44985504972434D+01  0.25225030473035D+01  0.45569402557266D+01 -0.27897773200672D-03  0.26862177600332D-03 -0.65879630082354D-04
  0.43281559421398D+01  0.49969713609157D+01  0.37971239861685D+01  0.69455017096706D-03  0.36019640445748D-03  0.17865366542030D-03
  0.23154048292913D+01  0.57492972765304D+01  0.19707460290524D+01  0.41545872864469D-03  0.22493198756320D-03  0.11597524254035D-03
 -0.40541872685411D+01 -0.28106436473836D+01  0.50247463810772D+01  0.22015951999903D-03  0.45447344702645D-04 -0.26297213025608D-03
 -0.38883635112730D+01 -0.49763716716017D+01  0.66004217588439D+01  0.28791133138507D-03 -0.50518961259751D-03 -0.30145874067368D-03
 -0.17383913526336D+01 -0.62207097286645D+01  0.74319304393079D+01  0.23927739136846D-03  0.31361068938171D-03  0.28280175400494D-04
  0.46691919212077D+00 -0.51635420890315D+01  0.68159012623857D+01  0.26968355704811D-03 -0.20608785532945D-03 -0.51967973450147D-03
 -0.63519822668757D+01 -0.18473362190088D+01  0.37728360662815D+01 -0.26693867298776D-03  0.29458229751473D-03 -0.22700700759843D-03
 -0.48847145227268D+01 -0.39853995487618D+01 -0.52993719039035D+00  0.21248057958657D-03  0.51333800288451D-04  0.27960518698581D-03
 -0.85561326084739D+01  0.23241535227064D+01 -0.57091667188696D+01  0.28077235591682D-03  0.44241822084323D-03  0.99377194372338D-05
 -0.18362642523424D+01 -0.88164872632182D+01  0.85493661103236D+01  0.36423566344615D-03  0.17963130820537D-04  0.44494283875927D-03
 -0.48750728870241D+01  0.52617640580968D+01 -0.36128710527631D+01 -0.74757366975891D-03 -0.56630464835520D-03 -0.67527881876062D-03
 -0.80827478021351D+01 -0.17994482347599D+01 -0.32563573994647D+01 -0.53416855179735D-03  0.53862988104317D-03  0.62304232109755D-03
  0.19561876929646D+01  0.77378340916153D+01  0.13473966261398D+01 -0.34943474763515D-03 -0.95773076546365D-04 -0.32288483593495D-03
  0.60062954011096D+01  0.21967805034424D+01  0.59507782596515D+01  0.60557798516116D-04 -0.66873333019765D-03  0.38271719117124D-03
  0.21279164306744D+01 -0.64844512180341D+01  0.70020378585299D+01  0.63053381425667D-03 -0.80966431757603D-03 -0.11940038414661D-02
 -0.56307856246283D+01 -0.58152947818880D+01  0.71590004816296D+01  0.22033157738397D-03  0.42933358328989D-03 -0.87826272863416D-04
 -0.82484250784631D+01  0.40068237081882D+01 -0.72898344710318D+01  0.60531613919120D-04  0.52571642076559D-03 -0.35032590085694D-03
 -0.10557891245685D+02  0.73126196377311D+00 -0.56279581838164D+01 -0.24946339861948D-03  0.22013608159260D-03  0.38491594191592D-04
 -0.12396810524968D+02  0.16124383339610D+01 -0.75677191924914D+01 -0.23072666690476D-03  0.19355264040834D-03  0.32720818061035D-03
  0.63658939153076D+01  0.66458570310225D+01  0.46615790150658D+01  0.28171790908710D-03 -0.49106334940033D-05  0.38035232609511D-03
  0.71650341118704D+01  0.82065418591656D+01  0.33435362494000D+01 -0.17148149684277D-03 -0.27976427482561D-03 -0.90951668627520D-05
  0.73607945975167D+01  0.61856164997450D+01  0.70719092221592D+01  0.11204846101142D-03  0.28708344467138D-03 -0.31691048809529D-04
  0.90365591175464D+01  0.80752409580966D+01  0.78940396009649D+01 -0.13311532873302D-03  0.15410107660570D-03 -0.46183890549297D-03
 -0.39218641052491D+01 -0.96544629121120D+01  0.90089461650044D+01 -0.21311354065448D-03 -0.61430974121389D-05  0.71655151331628D-04
  0.47192950273694D+00 -0.10142293013238D+02  0.86967504166778D+01  0.17095737309715D-03 -0.42211219253205D-04 -0.26394422126252D-03
  0.52296934397261D-01 -0.12622602815307D+02  0.95258955413769D+01  0.16796707312809D-03 -0.38179228578834D-03  0.30842298303220D-03
 -0.84960832162292D+01 -0.31037592332764D+01  0.46867627872105D+01  0.43344851632858D-03  0.83295005834477D-04 -0.45471552830590D-03
 -0.44806838757581D+01 -0.54978677151243D+01 -0.28103425053520D+01 -0.10016972543120D-03  0.17379105716223D-03 -0.22020496248347D-03
 -0.11551643599268D+01 -0.13710963920748D+02  0.83249292968541D+01  0.98347049183825D-04 -0.34680134188537D-03  0.53530931214890D-03
 -0.83323003061488D+00 -0.12049284979817D+02  0.11303901947862D+02 -0.50399375191946D-03 -0.23472752519479D-03 -0.12829411122306D-03
  0.18553126988214D+01 -0.13588446234387D+02  0.10323555627983D+02  0.23906855882875D-03  0.54265533680401D-03  0.55441121612088D-03
  0.98726526317957D+01  0.72410863505910D+01  0.96231891084000D+01  0.93373285831851D-04 -0.57799045152660D-03 -0.39472026629669D-03
  0.81340470211139D+01  0.97356677423662D+01  0.87264403587602D+01 -0.28933160258667D-03 -0.36847277014367D-04  0.10393888143031D-02
  0.10263540926916D+02  0.86237657406849D+01  0.62332200476824D+01 -0.24732708016304D-03  0.47792845481489D-03 -0.77088613558304D-03
 -0.39713576830441D+01 -0.73529527703035D+01 -0.20944913256397D+01 -0.71758574048799D-04  0.61936424189815D-04 -0.11112387486456D-02
 -0.30297391326753D+01 -0.47873971565970D+01 -0.41180551603126D+01 -0.40961425821949D-04 -0.22306353714592D-03  0.36182361637617D-03
 -0.64522555329819D+01 -0.56579408211006D+01 -0.35163990951176D+01  0.84688630081509D-04 -0.17997182122787D-03 -0.55932811943127D-03
 -0.88759148799054D+01 -0.31342284053538D+01  0.69012359723512D+01  0.92295908575781D-03 -0.22614561212648D-03  0.11672333183776D-03
 -0.89887331059609D+01 -0.50268038538957D+01  0.42132430631974D+01 -0.15063509041688D-03 -0.73939901705387D-03  0.42887737872030D-04
 -0.97012117419797D+01 -0.16503902978294D+01  0.37605117298044D+01 -0.55647992927300D-03  0.15895224591404D-03 -0.41674463107050D-04
 -0.13174675415779D+02 -0.86646403867445D-01 -0.86747605503789D+01  0.54448310727562D-03  0.39462289474412D-03 -0.50788510039887D-03
 -0.11149099851489D+02  0.23129114147059D+01 -0.92106376052177D+01 -0.65002034092788D-04  0.33194943352129D-03 -0.57409460666828D-03
 -0.13622170404299D+02  0.31645261728491D+01 -0.69320651324862D+01 -0.20191568843468D-03 -0.18157017270316D-03 -0.43622142326971D-03
 -0.42462566867538D+01  0.73093574431551D+01  0.70237589077331D+01  0.54320563472166D-04  0.64858727464176D-03  0.15958568937702D-03
 -0.42289279091439D+01  0.48348819709407D+01  0.81962893823000D+01 -0.90297749302371D-04  0.15812433810516D-03 -0.16026464100254D-03
 -0.21439827499390D+01  0.36543631712054D+01  0.94086765425309D+01 -0.29109893893422D-03 -0.40273233323373D-03 -0.13725836456366D-03
  0.13824721769267D+00  0.50371001353594D+01  0.92299078698448D+01  0.65494021269743D-04 -0.29433666700636D-03 -0.60743723128065D-04
  0.50460446782408D-01  0.76626186982621D+01  0.81153739886760D+01 -0.20255263411514D-03  0.13877040823160D-03 -0.20470783293638D-03
 -0.21604410123898D+01  0.88129435560348D+01  0.72629034388139D+01 -0.26475188982993D-03 -0.55548838012453D-03 -0.12168066556220D-03
 -0.21243150635338D+01  0.11175284512262D+01  0.10599889267683D+02  0.46638708226513D-03  0.27535945717450D-04  0.24381790525987D-03
  0.31658697770338D+00  0.18468300633882D+00  0.10923245021431D+02  0.88882923751636D-04  0.73104691389182D-04  0.35065428572574D-03
  0.25242780962811D+01  0.16430905361636D+01  0.10488002090882D+02 -0.59755178567245D-03  0.16316612292145D-04 -0.13178481715391D-03
  0.24494391084139D+01  0.40486919506155D+01  0.97891911036399D+01 -0.13140914865724D-03  0.60042056906073D-04 -0.32305513013985D-03
 -0.42113116051634D+01 -0.25602176249010D+00  0.11587836395292D+02 -0.56398025330068D-04  0.95967090853843D-04 -0.10109127962530D-03
 -0.38158766614795D+01 -0.30191642845641D+01  0.11649994557100D+02  0.12582963507166D-03 -0.23390967244662D-03  0.47200834855996D-04
 -0.15592005116386D+01 -0.40814821325692D+01  0.12068513983446D+02  0.66714686386694D-05 -0.44660057137680D-03 -0.10976076752054D-03
  0.41414144527732D+00 -0.23721919038342D+01  0.11810062349791D+02 -0.63378994655450D-05  0.16855482996253D-03  0.24056784669682D-03
  0.29144174656160D+01 -0.34122074311233D+01  0.12385217548889D+02  0.19634730398518D-03 -0.77995673165532D-04  0.34242529007273D-03
  0.50634244493143D+01 -0.18528712640517D+01  0.12167479093520D+02  0.27404283457716D-03 -0.38420654660034D-03  0.13469744355741D-03
  0.49707855004481D+01  0.57771316861451D+00  0.10838654508599D+02  0.48594858638889D-04 -0.10716553025344D-04  0.30715977619741D-03
 -0.67365403551691D+01  0.67663856349022D+00  0.12035641346952D+02 -0.26737104322373D-03  0.36944196699289D-04  0.17066111336972D-03
 -0.86319753487805D+01 -0.91694230598332D+00  0.11571132738276D+02 -0.14752821643936D-03  0.23379170994075D-03  0.48548487417913D-03
 -0.87076454149627D+01 -0.36150024138445D+01  0.11436320747163D+02 -0.66997305948723D-04 -0.25685600507829D-03  0.37404521846746D-05
 -0.61669031135831D+01 -0.44834413274333D+01  0.11869495671748D+02  0.26829157379062D-03 -0.28756584575376D-03  0.51059313588254D-04
 -0.71480257923758D+01  0.31726972196114D+01  0.12430513125858D+02 -0.11638551512834D-03 -0.27911335381901D-03  0.49082330444248D-03
 -0.63656099315776D+01  0.34405196123352D+01  0.75356405836973D+01 -0.22954515739806D-03 -0.19569446422789D-03 -0.95968270410928D-04
 -0.26439994721961D+01  0.11625831869174D+02  0.72792311339111D+01  0.46883341511925D-03 -0.67210840498417D-05 -0.21733132774761D-03
 -0.10567435196534D+02 -0.56518603667702D+01  0.10844192041865D+02  0.34726438284057D-03  0.49036576562778D-03  0.68981353211114D-03
  0.18153123715393D+01  0.85954850324348D+01  0.78711260784533D+01  0.56472385932800D-03 -0.44452295122495D-03 -0.12671172144230D-03
 -0.56240983513022D+01  0.75007830934184D+01  0.56469702580709D+01 -0.47055913557780D-03 -0.65645640085940D-03 -0.31858988829849D-03
  0.67844269096235D+01  0.13906962722384D+01  0.10623613190796D+02 -0.91166036533594D-03 -0.36757172466077D-03  0.61225265552908D-03
  0.29600543256088D+01 -0.52710980059984D+01  0.13030818685608D+02 -0.13191846545485D-03 -0.38097863385444D-03 -0.55332489275188D-04
 -0.60163250148313D+01 -0.65419527553592D+01  0.12148093818563D+02  0.56664426877209D-03  0.71547895368652D-04  0.10490051351474D-02
 -0.10503746609275D+02 -0.13655971169791D+00  0.11269047467873D+02  0.21363030038116D-03  0.35954610017941D-03  0.24341842493396D-03
 -0.46896045889413D+01  0.12655941326421D+02  0.80470767735451D+01  0.49761443758501D-03  0.23549570769605D-03  0.34017261956254D-04
 -0.58012478789514D+00  0.12905908009743D+02  0.64479694911851D+01  0.39028077094051D-03 -0.71369561347849D-04 -0.54712584869447D-04
 -0.13766463534178D+01  0.15493943683396D+02  0.64210491355160D+01  0.33830756415852D-04 -0.52899783245178D-04  0.43918348758310D-03
  0.75557986037064D+01 -0.26174941408134D+01  0.12955404700288D+02 -0.31079525452480D-03  0.21349743509392D-03  0.53817877266839D-03
  0.93441324444024D+01 -0.13849208773270D+01  0.12475087592263D+02  0.25010695843090D-03 -0.68463515287845D-04 -0.57617466691330D-04
  0.80409864443477D+01 -0.50782266697629D+01  0.13586548933045D+02  0.25500864541598D-03 -0.21339548700171D-03 -0.18038354116794D-03
  0.10569393439145D+02 -0.58519887412973D+01  0.13176835084855D+02 -0.19002760554927D-03 -0.24712095041627D-03  0.73523531672538D-04
 -0.97207329820674D+01 -0.77755999091234D+01  0.10807848020186D+02 -0.34377129855267D-03  0.12871750479687D-03  0.35543739107433D-03
 -0.13191867692722D+02 -0.50274174287595D+01  0.10338243079473D+02 -0.87003846438158D-04  0.32604399023290D-03 -0.13356171437416D-03
 -0.14818495856493D+02 -0.70350792735676D+01  0.11026577473567D+02 -0.26884661234977D-03  0.86882876521142D-04  0.44651690816645D-03
 -0.56119323047700D+01  0.41656125726595D+01  0.14259211245363D+02 -0.12607849661438D-03 -0.50410678678816D-04 -0.35936058454934D-03
 -0.72213240618828D+01  0.32531171297049D+01  0.49652425936337D+01  0.65494025943227D-04 -0.22434887336036D-03 -0.14288828461846D-04
 -0.14801987636261D+02 -0.76058806359642D+01  0.13122485191163D+02 -0.38451285305173D-03 -0.10017673543415D-02  0.58909035965913D-03
 -0.14235134428234D+02 -0.87149528218686D+01  0.98902015022279D+01 -0.36533271461615D-03 -0.34810636352463D-03  0.11074182768955D-03
 -0.16691231699642D+02 -0.64170773144904D+01  0.10709390156140D+02  0.50598806026846D-03 -0.12722233126177D-03 -0.27218080251501D-03
  0.11100356199092D+02 -0.70741085956926D+01  0.14633856731367D+02 -0.32279320595058D-03  0.11351005684079D-02  0.64201441953746D-03
  0.11837643850329D+02 -0.42496058822372D+01  0.13260216626712D+02  0.59467171201564D-04  0.21590295944800D-03  0.38148657486369D-03
  0.10605826750052D+02 -0.66760762093288D+01  0.11333098925957D+02 -0.57727492666714D-03  0.46165138522041D-03  0.25114735636982D-03
 -0.82248762405530D+01  0.50606836077566D+01  0.44643439739897D+01 -0.99165853837000D-03 -0.26989166651026D-03  0.36554795610420D-03
 -0.84220349307469D+01  0.18175442295844D+01  0.45356973576272D+01  0.80338102726942D-03  0.69441109437279D-03 -0.23914230545425D-03
 -0.52540051978937D+01  0.29818465885676D+01  0.38184439823290D+01 -0.41164554631222D-03  0.21151680571531D-03  0.75384665209160D-03
 -0.36972600455775D+01  0.35804306964596D+01  0.13965252895491D+02 -0.12646268861369D-02 -0.46992798774766D-03 -0.49119168982538D-03
 -0.64360322426481D+01  0.36615541538791D+01  0.16192392306887D+02  0.44602008499988D-04  0.57198873503203D-03 -0.52713561850684D-03
 -0.57424514039037D+01  0.62579048362212D+01  0.14138103123325D+02 -0.62708942980418D-03  0.14835979050980D-03 -0.19517645772106D-03
 -0.30161683073744D+01  0.15907379831395D+02  0.50288627198214D+01 -0.53450991647565D-03 -0.75958244157185D-03 -0.10456455647867D-02
  0.38369774751519D+00  0.16536616644317D+02  0.60974806861603D+01 -0.48377469329332D-03 -0.70507252628247D-03 -0.22828693171325D-03
 -0.23238326849989D+01  0.15769775917534D+02  0.82627349744420D+01 -0.80828074027197D-03  0.89940543501754D-05 -0.10282285484594D-03
