$coord
        1.16899671291895       -0.80431246730894       -1.30878931028793      C
       -0.59709372422101        0.32195330535501        0.24811220753427      C
        0.25168896608733        1.46401754868647        2.64781123450500      C
        2.58713154767279        0.68506046517264        3.60201862165820      C
        4.38888541215363       -0.07224564501701        1.91038854751468      C
        3.66123504069077       -0.96362644461064       -0.45279987181152      C
       -1.02364174148147        3.04325390064465        4.43061508005106      C
       -0.18358348325393        3.03596701071060        6.96676220555339      C
        2.15921727936676        1.92846099620346        7.67703960938877      C
        3.55834153749323        0.83563971999806        5.95305377371006      N
       -2.75819812848147        4.90573862843076        3.69745657549390      C
       -4.26588476783665        5.82865896948546        5.70870438618303      C
       -3.77475554932540        5.61728615267228        8.25191933769301      N
       -1.67150188449367        4.30940631372165        8.90306218131369      C
       -1.00579442044078        4.00666799865443       11.44336766635685      C
        1.28530606048400        2.89872610536091       12.04255877405872      C
        3.08711971067638        1.91719577032401       10.23185889039908      C
       -3.03559642696925        5.75743174373147        1.15511776508937      C
       -4.94716600057829        7.65183288527426        0.67939036894601      C
       -6.53062709148270        8.58789903807961        2.39095488648534      C
       -6.30636026513366        7.63338440709182        4.82320777656975      C
       -1.12944774657037        5.30003878995596       -0.52348616847489      O
       -3.19654070540430        0.40657929471255       -0.38254222742126      O
        5.64906755189216       -2.08542033653537       -2.13842245055015      C
       -8.02656353598919       10.94105372023049        1.76547584795552      C
        6.35254589629552       -0.25172613225547        2.28539128203778      H
        0.79428263158555       -1.23385610582493       -3.26182980565958      H
        4.86803759975189        1.01036682146368       10.71214442195251      H
       -1.94219604750066        5.13265763802533       12.94389253599033      H
       -7.31854960636604        8.64074434398150        6.20629340969487      H
       -4.90513088566966        8.79001610967429       -1.06871468696166      H
        5.34511903721280       -1.75636329528164       -4.35466257667918      O
        7.54668254435879       -3.24844291183248       -0.89724605717151      O
        9.33216359418936       -3.91446662666664       -2.65092267488732      C
        1.87512924036702        2.49486838190152       14.73416018144241      C
        0.67790682107317        3.54210345569787       16.41503521065302      O
        3.82193444058635        0.98447341294486       15.51515671384590      O
        4.28758947028632        0.70279514896364       18.06035572668248      C
       -8.27724077332590       11.58143821016487       -0.42177515219648      O
       -8.66039414271210       12.36565944444018        3.86211051966887      O
      -10.33579857959473       14.33468292825707        3.08351831622243      C
       -1.55341575905719        6.49384019055657       -2.80495533835039      C
       -3.79650740665523        0.87929184753641       -2.88346696136638      C
      -10.58389178567325       15.49814962045820        4.82792769125081      H
      -12.21337021270918       13.77834755214704        2.37868680897590      H
       -9.08626238449577       15.37497379325062        1.73508342268424      H
        2.76569368320397        1.59309955012926       19.07747893712182      H
        6.12407829573192        1.74325504573081       18.32284741120609      H
        4.54178719864507       -1.23325478578503       18.72288560111811      H
       -2.11542305093914        1.91803504897480       -3.49490053329661      H
       -5.50308737625460        2.03545668274872       -3.10144533919717      H
       -4.00146364070174       -0.87053955203750       -3.85449785286550      H
       -0.39784348038446        5.82069776187350       -4.38512018432160      H
       -0.90649764976623        8.46389606447008       -2.60675777660644      H
       -3.62561887916912        6.50478602770041       -3.38715037343469      H
        9.24170459746906       -2.59284439377585       -4.27358988277317      H
        8.39260989339278       -5.62502275713203       -3.68772924714322      H
       11.22104223978112       -4.09796652532554       -1.70585103010293      H
       -1.20471976229879       -5.12517594152286        2.74897300407978      C
       -1.17786810006006       -3.89689188797603        5.11217556629459      C
       -3.23724826181487       -2.53038519518035        6.10307980593971      C
       -5.31207301010565       -2.07583845508462        4.37521417857608      C
       -5.25952815206111       -3.30420994337296        1.93962548474668      C
       -3.37311093251109       -4.89025661900423        1.23071563029666      C
       -3.62480187472333       -1.98971757599768        8.75072497998789      C
       -5.75534296626693       -0.36822787505286        9.13248814023792      C
       -7.55634541094564        0.21852664944089        7.19264253141134      C
       -7.40791552781066       -0.65543315135369        4.86376325583892      N
       -2.41605275088767       -3.02675743728306       11.10314381430044      C
       -2.53249765933890       -1.46067646177376       13.21529864013232      C
       -4.26515286968263        0.34817734265534       13.47724602762592      N
       -5.86512176412268        0.85657318391312       11.58228427255319      C
       -7.94112626425806        2.47082254445888       11.96285302791107      C
       -9.70529506478012        2.93447437595615       10.03314026111830      C
       -9.51390481351358        1.81331220336143        7.76046780436233      C
       -1.14573324562920       -5.41064921802874       11.26683706087477      C
       -0.03685790643825       -6.08871455029885       13.53237451349712      C
       -0.03701510482783       -4.63053953424489       15.63547216704074      C
       -1.25500929489218       -2.31818290411983       15.53965523934371      C
       -1.16991103269101       -7.23669325086467        9.24777944306738      O
        1.07894358182066       -3.87267546990353        6.48968113377556      O
       -3.40393638241511       -6.00139224206987       -1.45298476244428      C
        1.62304517847459       -5.28295481929979       17.79527958102546      C
       -6.57806356107859       -2.98363224249411        0.52880495485286      H
        0.36482328231899       -6.04398785911412        1.81243593623046      H
      -10.74078136596175        2.45984116076203        6.38115130491844      H
       -7.71663172203176        3.92942992750458       13.32419058731458      H
       -1.47506014183489       -1.11158688960548       17.36013903333086      H
        1.12921607462615       -7.70866847552257       13.64935033671838      H
       -1.95082866806499       -7.60865553422062       -1.92640880086453      O
       -5.15278282461779       -4.95328678291990       -2.87170523864363      O
       -5.39048398825650       -6.23140153398834       -5.12473901333658      C
      -11.56240672565778        4.86120048100338       10.58246037782191      C
      -11.07558595106480        6.33078741881495       12.33126954405814      O
      -13.82151998713167        5.11795081777475        9.17736769058171      O
      -15.57781693291480        6.78647683018800        9.83580091949556      C
        1.71683469211682       -3.88479468610690       19.58472688729851      O
        3.09721750923969       -7.19952287965528       17.27528402367687      O
        5.03057573371845       -7.40479676719168       19.14257598975960      C
       -3.34426095372248       -8.56678759271975        8.99421748235064      C
        3.02592980599786       -5.51540054980920        5.99376411695226      C
        4.10589717213110       -8.00749962574285       20.82980768813701      H
        6.08928351398636       -5.79329312347997       19.61966523821442      H
        6.42033244149705       -8.67486184401682       18.27781326136411      H
      -16.48801324187768        6.43318753275692       11.65066147986942      H
      -16.89092287215375        7.22480066381485        8.24954305363189      H
      -14.51094333801223        8.51288072239232        9.97557404941198      H
        4.69619634249076       -4.82598495825171        6.99242657100397      H
        3.22295642084020       -6.10519344406843        3.98441396950285      H
        2.57725115400584       -7.42745638327443        6.99950382578913      H
       -2.82075907624882      -10.50931824301583        8.36276701886395      H
       -4.57111259483518       -7.79284995595809        7.50718003597146      H
       -4.27293332245994       -8.57604787223287       10.72437547901538      H
       -6.28671975174550       -5.05833978078415       -6.68838833660771      H
       -6.57254828804768       -7.80410283684050       -4.66734361423497      H
       -3.55806568075131       -6.93017861399337       -5.57496071445427      H
$end
