$coord
        0.24116301688359        0.00016704738134        0.20436209297173      C
       -1.09218721305411        1.80711064731841        1.48833557586941      C
        0.14401795674404        2.93911799904433        3.70122250353593      C
        2.41364489730281        1.82677262214722        4.59257352238427      C
        3.70810661286777        0.08599310496811        3.10118681110932      C
        2.72157337396660       -0.76932497769357        0.80293252486768      C
       -1.04789673803536        4.86839063884244        5.26636439017960      C
       -0.35120799167097        4.82240957983273        7.74811232104863      C
        1.78692739893726        3.57203848639380        8.56108290251402      C
        3.10965289082361        1.96436909543316        6.90048509705030      N
       -2.82557294956980        6.88294273445967        4.48611312263574      C
       -4.43369795426629        7.86144760265860        6.37873358875238      C
       -3.98084338887471        7.30828762927717        8.82102034381175      N
       -1.83995221305718        6.11066221976421        9.45989129078402      C
       -1.14494351723142        6.34477793459185       12.01539649753255      C
        0.71979980370101        4.84383876381264       13.13085335183160      C
        2.15129153575556        3.58340953850616       11.18437932483485      C
       -3.12294636924067        7.88565982172474        2.01202681361089      C
       -5.19774095526131        9.45288215712954        1.40217678268032      C
       -6.73314721421988       10.40129935888009        3.22235420554378      C
       -6.43502838138207        9.48033196435701        5.76829641551515      C
       -1.14721120582497        7.86059028511289        0.19577029643364      O
       -3.63206403336549        2.42285428248273        0.92000724928366      O
        3.90385329506782       -2.59936927598951       -0.98924242351956      C
       -8.76705806122402       12.17541506986083        2.54759453510436      C
        5.15838334528240       -0.85944598666788        4.08669979854832      H
       -0.46250533736927       -0.82517578587396       -1.57269772621199      H
        3.45607746584555        2.30752801121096       11.99182732756987      H
       -2.21145095021959        7.52821932590678       13.40242482861719      H
       -7.60429853199131       10.33093028595551        7.16278649397527      H
       -5.45599280370904       10.33421338451403       -0.30168246686741      H
        5.91966140691243       -3.50701001596656       -0.53949954036222      O
        2.59027263410374       -2.85782633657228       -3.32397874207965      O
        3.74596312176581       -4.57252461622879       -4.99674687036150      C
        1.34092055655250        4.56847836730807       15.80950950892132      C
        0.02622962575863        5.71910694935078       17.36531927587092      O
        2.99148403316467        2.70042665713948       16.63796870032895      O
        2.66622341841034        2.30261564675100       19.23735928064142      C
       -8.82774051397245       14.24792419623043        3.57857168377500      O
      -10.24702010137285       11.71884421496967        0.46139186747001      O
      -11.83645000358938       13.72994895700863       -0.06460559055900      C
        1.09530200006300        8.82414408570953        1.20393557738516      C
       -4.75840577486601        1.14458193612625       -1.10906547366578      C
      -10.94295209364047       14.93024378175239       -1.45176679350139      H
      -12.48330619486396       14.91319786681370        1.60854901866535      H
      -13.61645005753627       12.84573470232466       -0.66896623101805      H
        3.82242675701963        0.56769800777422       19.90899508050474      H
        0.67747128778250        2.06517269743940       19.44811449915178      H
        3.34557998406714        3.87982919577801       20.45999855369924      H
       -4.82817535940324       -0.91738573462448       -0.86929115611987      H
       -3.61371031694680        1.57458118295193       -2.84631320822286      H
       -6.71795289469776        1.85609593537870       -1.64908744359380      H
        2.25855033916980        9.43981134989940       -0.45334305024286      H
        2.31109968252431        7.45303538239559        2.16216774290861      H
        0.64650464254576       10.30003180738353        2.40896459634908      H
        3.51780836889353       -4.04605966327368       -6.89786785403388      H
        2.57649494470330       -6.10633435856546       -4.54891299265588      H
        5.76490100711093       -5.20509903871299       -4.65057777388928      H
       -1.19093408262684       -8.00847408211361        2.66854126954262      C
       -0.72889077980692       -6.41838589321643        4.80708975546704      C
       -2.73998295018091       -4.77974810254806        5.44220646236968      C
       -4.73248141310555       -4.17392995163564        3.75284789286745      C
       -4.85382371957996       -5.65593757491351        1.54506464028279      C
       -3.09274608604226       -7.53803940845811        0.97351926481755      C
       -2.77741276515800       -3.35713572166753        7.64026111349911      C
       -4.27347131833770       -1.20163819859027        7.68001637365734      C
       -6.08116734321409       -0.73982932888953        5.81240894773057      C
       -6.35181273821599       -2.22699766293434        3.85675683470704      N
       -1.51341686261006       -3.99366267333892        9.92850382030203      C
       -1.42500804695730       -2.27699777206229       11.94547864417324      C
       -2.62364465547567       -0.19835262082512       11.76277791512295      N
       -4.29508608022008        0.32932999070026        9.91675300171133      C
       -6.13698439330147        2.17938761611626       10.28194809951593      C
       -7.83494427046493        2.78339591892793        8.37034499683279      C
       -7.82490704585950        1.30552345143492        6.21492465072713      C
       -0.63956127967645       -6.64145879245056       10.63681734319288      C
        0.71887256354365       -6.95880967871074       12.98012463351465      C
        0.96086673320687       -5.08636463499681       14.71631976755348      C
       -0.30892136504206       -2.88892062063011       14.27795129245815      C
       -1.49497783101066       -8.72960448329173        9.25225805244506      O
        1.55844990329613       -6.15353495860016        6.03687188237073      O
       -3.24518777983956       -8.91886414862760       -1.50295779423018      C
        2.17772116819100       -5.50408153629204       17.19871205999959      C
       -6.38135229607002       -5.73418173707432        0.14664890869094      H
        0.09502167720306       -9.56788911234806        2.09716084924400      H
       -9.15592497184930        1.89338558435407        4.70826959818154      H
       -5.93129571784782        3.20596254405855       12.11675415602455      H
       -0.27814766390899       -1.40505458401992       15.66414050474579      H
        1.28668888956256       -8.76165046960126       13.46694415252765      H
       -1.28583172970089       -9.85882229102799       -2.08968935305439      O
       -5.34640726480920       -8.53351415573371       -2.99525288796924      O
       -4.92755468183976       -9.30120542355415       -5.56787888279649      C
       -9.73249363786391        4.76016443765236        8.96569135232608      C
       -9.67528523909710        5.70811258469587       11.12917873746824      O
      -11.30188825020634        5.28462493790504        7.04066672507956      O
      -12.83561079091902        7.30594348424861        7.48550837694508      C
        1.74209146243036       -3.80149898540551       18.71598637392521      O
        3.68694259025658       -7.64324425916487       17.49774219968825      O
        4.31513120903509       -7.88892390724369       20.09239301772879      C
       -4.08816106757341       -8.94716426345095        9.75057100295110      C
        3.83719918477773       -6.82413897419403        4.58594415423203      C
        2.71211889685727       -8.35339598400275       21.23592710268619      H
        4.93048897274612       -6.11241501924973       20.96849027363443      H
        5.90735152012950       -9.05572415389384       20.39978430868673      H
      -12.82544364297363        8.79854119000186        5.90311030134043      H
      -12.23570292675044        8.45934336008085        9.14355081310710      H
      -14.70405797174710        6.65884442086424        7.81749104159153      H
        4.46945207780113       -8.65114544367407        5.23097770743005      H
        5.28578172770964       -5.46088427985439        5.27337877588799      H
        3.61423596891439       -6.35012310027705        2.56513747807802      H
       -4.59074121819042       -9.04863057839635       11.75249985842543      H
       -4.62514408729862      -10.73054962050748        8.87802209058162      H
       -4.92226364500842       -7.28205524157914        8.88935176343738      H
       -3.07667886299616      -10.19790877314284       -5.89819194368189      H
       -4.92905529893220       -7.62343914582148       -6.98660089826936      H
       -6.32532016251112      -10.72892230073624       -6.10128093082486      H
$end
