$coord
       -3.38868609010933       -0.14149946869064       -0.70777585470409      C
       -3.40001237284937        1.97176079108751        0.75639949525224      C
       -1.28120714369990        2.31291663866664        2.41958707736623      C
        0.54045808195592        0.34937965504997        2.82110373201173      C
        0.58905113643850       -1.67993273045448        1.00783998790059      C
       -1.32578340022961       -1.86707191252592       -0.76581258954864      C
       -1.07580910658129        4.44007524209036        4.14115631936316      C
        0.15283337409166        3.96691545515734        6.42821653549262      C
        1.90394566429508        1.91802890635260        6.71796760703863      C
        2.13248274110270        0.10943102787038        4.81370696753155      N
       -2.39062011797897        6.77865836251692        3.85572350836435      C
       -2.59459594043528        8.39692540749903        6.02380861422769      C
       -1.49991985827441        7.88903726250035        8.35273682298718      N
       -0.04080550714713        5.86753055839190        8.38818076611163      C
        1.45139468576000        5.42351486335175       10.50313366980011      C
        2.80780658386329        3.26153609333708       10.99257794893322      C
        3.14837285091357        1.61354226904055        9.05787467172600      C
       -2.68697972407851        7.71069043846862        1.37966183951270      C
       -3.97670054472988        9.97911265892343        1.09851039176039      C
       -4.73577357701485       11.44986449294028        3.18970396038821      C
       -4.17777618662315       10.53823308441336        5.65680541965802      C
       -1.52135796175230        6.41027902371668       -0.64560837385269      O
       -5.69371945371090        3.42812285461382        0.87580872334195      O
       -1.21118336817983       -3.79451381102654       -2.76678382076496      C
       -6.08477724904664       13.91787691398848        2.90379417296702      C
        1.84431427002923       -3.30954769246890        1.35256157740704      H
       -5.28614960011688       -0.58385779011815       -1.48296879424424      H
        4.37941417559510        0.10610223575156        9.58143948689544      H
        1.02721155783341        6.75315260253886       12.01912614363842      H
       -4.38543339523609       11.80974643793823        7.19933914307822      H
       -4.51762141158589       10.60339634656372       -0.66617173373969      H
       -2.70009466323884       -3.60327160589648       -4.47120095690030      O
        0.70190208469781       -5.39108674148410       -2.61735730920102      O
        1.04817661417751       -6.67845703540973       -4.96617282224839      C
        3.84953983027676        2.65302104589700       13.55351875889073      C
        5.11068813738611        0.78335813579429       14.09201172807976      O
        3.43545377107226        4.40763598445615       15.31623895992687      O
        4.64382056349793        3.71485530167122       17.45076887929601      C
       -6.30538050694869       15.18388478885384        4.78236346867216      O
       -6.94772047076212       14.75316874696819        0.68446841069272      O
       -8.89070979185497       16.46319167210455        0.98610646503217      C
       -1.28850708969965        7.92696565086001       -2.86526069650630      C
       -6.69939845747449        3.80468279048233       -1.41131834697617      C
       -8.70788165485776       18.02244995359441       -0.52774632986756      H
       -8.89064906217572       17.44865062735815        2.88417771868182      H
      -10.74274103185886       15.73327900955650        0.56664038865339      H
        3.80386850715227        1.84729682642233       18.06210016868839      H
        4.39321134610542        5.13803450856907       18.98646152286426      H
        6.64349764417076        3.24731597599370       16.84642350601735      H
       -5.16085631433484        3.75518649230011       -2.66445240682824      H
       -7.79711543957941        5.52273460415184       -1.48539736916607      H
       -7.64359136673985        2.12183594865345       -1.93384369379790      H
       -0.24163750432575        9.54281335638833       -2.26874252763116      H
       -3.07402491911445        8.37920554508315       -3.92623550288873      H
       -0.27005600198463        6.78409017227993       -4.13150003831717      H
        2.10499493551265       -8.53482803833350       -4.76563505039978      H
        2.45205283836338       -5.38696208328490       -5.91798368038250      H
       -0.88238723346068       -6.88810956636221       -5.99107697870223      H
       -0.92805156613392       -8.63811985042367        4.44642553850887      C
       -0.94163116495302       -6.95811419856012        6.59201854984743      C
       -3.11812155094622       -5.12602694020405        6.87150327401036      C
       -4.50196883684986       -4.81351737295945        4.64864402549760      C
       -4.16563479401474       -6.29932589444480        2.50672708686954      C
       -2.48600673959020       -8.16163962898639        2.33723559680855      C
       -3.37876443240711       -3.51919192057361        9.01874965886501      C
       -4.73128680233860       -1.29206946512729        8.57433374153533      C
       -6.05181784263103       -1.09213204869788        6.27422744522888      C
       -5.97943158378812       -2.74162295817425        4.33200791141793      N
       -2.52105092797453       -3.79458602439812       11.58596699148009      C
       -2.65133546728763       -1.70334645818725       13.17012287649771      C
       -3.79635723706773        0.50588694139653       12.69103904856963      N
       -4.93806553493428        0.62484185609756       10.38359175444673      C
       -6.23375867691658        2.90369890550360        9.66352732979711      C
       -7.61832438258842        3.19202902234980        7.41279457979533      C
       -7.52336722260718        1.13572717770469        5.84490238299589      C
       -1.46199440824509       -6.07469798837796       12.55209492344726      C
        0.01691227053361       -6.07094826808698       14.63481781447595      C
        0.44145571893646       -3.80723710922593       15.84493378510261      C
       -1.11097246950842       -1.82708577324934       15.23279803003139      C
       -1.96615937242926       -8.39102254225709       11.30011273375269      O
        1.11874613909882       -7.09818527987192        8.26951311121127      O
       -2.40519094269950       -9.83633454284215        0.15934237623165      C
        1.87914799537129       -3.68302304976758       18.09175085240020      C
       -5.31859791512315       -5.73943683112905        0.78382157154999      H
        0.45655203367180      -10.20605906489914        4.46805755191367      H
       -8.60255727484637        1.10050826342922        4.03760885034864      H
       -6.44324117791492        4.17294466440080       11.08862240877195      H
       -1.02767782037453       -0.18415597780565       16.45452125571816      H
        0.69992678309506       -7.73596381764087       15.71753980546963      H
       -0.54729946793157      -10.91219847471363       -0.37313485710641      O
       -4.68434177748831      -10.13603273560842       -1.06101762940245      O
       -4.31955796373180      -11.81266817094742       -3.16921333374565      C
       -9.33139529616697        5.33189979555265        6.96642107980858      C
      -11.21896977763508        5.12526118581317        5.60761412163131      O
       -9.12409427501980        7.40707144566846        8.56675275937812      O
      -10.91396784820173        9.23077046871034        8.25191365437771      C
        2.33670719464558       -1.62118429836822       19.13123503411273      O
        2.92878430788057       -5.90411702597678       18.94043589619211      O
        4.85369737600483       -5.85552788844483       20.83212417879903      C
       -1.71452112882903      -10.45165826313183       12.84200920324739      C
        2.99464422693145       -5.14742616046793        7.77255970607893      C
        6.27509915865235       -4.36067964728516       20.61731353154018      H
        6.04174883168688       -7.60112980837111       20.62958900006439      H
        4.15559861760492       -5.94774374535720       22.88291707052134      H
       -9.96554446646453       10.91319592077931        7.31974707730474      H
      -11.47432869528214        9.75473808982342       10.20758418620150      H
      -12.68843538651768        8.51548828177019        7.26621680580124      H
        4.16414340901601       -4.64002593876795        9.45530456804340      H
        1.75126135353441       -3.58733638005706        7.17031998264266      H
        4.08029342042310       -5.75180792901359        6.11364494533643      H
       -2.40628032404116      -10.10249542480142       14.71327513116711      H
        0.36761487552055      -10.83140453338424       12.90078208267370      H
       -2.79906422164647      -12.07348524720531       11.81852878722039      H
       -6.15988416430631      -11.99772480732977       -4.22070633227458      H
       -4.36861933111621      -13.61363407359510       -2.01742402916983      H
       -2.70436101895968      -11.76748961277291       -4.45531494100203      H
$end
