$coord
       -2.55473175265297       -0.43654208566359       -0.55626262842033      C
       -2.70227464273457        1.70637078952833        1.08521962915367      C
       -0.47019301270983        2.48376590581244        2.53441079813936      C
        1.48256784468714        0.63382418173269        2.85604653583330      C
        1.35732214996543       -1.42751068202460        1.35525356275365      C
       -0.33379261991435       -1.86414887045652       -0.43900788783677      C
       -0.31547555584846        4.85731650678865        4.10723301128640      C
        0.75128797663264        4.55786408362741        6.55008436251986      C
        2.44251692134219        2.48957123637215        6.85097339623644      C
        3.04116973382873        0.75386954169010        4.97758645056326      N
       -1.88728476627573        7.08646449766270        3.74874011208354      C
       -2.41311230280104        8.60310524799644        5.82430717693743      C
       -1.32251593300173        8.36248831961075        8.18197097330204      N
        0.50211877566417        6.43931219703425        8.58647056214684      C
        1.88826306849269        6.27483707202533       10.98301514634340      C
        3.03010114989940        3.93575400781410       11.32408302437334      C
        3.40229708519687        2.22871463186890        9.32423670777458      C
       -2.35122284200584        8.16388471698954        1.18411035303896      C
       -4.10068205797512       10.13088278974136        0.87744586625236      C
       -5.05521974802700       11.30488564354158        3.14040595695502      C
       -4.00822583667024       10.61936568829043        5.48032135517022      C
       -0.73710756371596        7.41276047789249       -0.74946138233602      O
       -4.94472236620663        3.01436406753325        1.21198609124829      O
       -0.58657918782643       -4.17979741089115       -2.00667847642763      C
       -7.08997640882663       13.11613370569446        2.82201590868290      C
        2.63016035888794       -3.17174584577620        1.40916809177722      H
       -4.03769766947426       -1.17936839230126       -1.67100144863176      H
        4.80182320837029        0.86837761483806        9.61598441863624      H
        1.35730429106720        7.53867869636306       12.54929956544515      H
       -4.77313128310314       11.57289944655756        7.07954688608395      H
       -4.75795437006671       10.98673032833320       -0.88277618055263      H
       -2.32339418774922       -4.29674234696931       -3.48267535474430      O
        1.24198762896052       -5.90879744818828       -1.70681995980818      O
        1.11063400826177       -7.66132966945513       -3.63961765046596      C
        3.98321019356967        3.26151818218867       13.87308404380965      C
        5.61579334348852        1.73840256183159       13.95237043061202      O
        3.00925485469242        4.39934334979463       16.12604506865289      O
        3.94030917193508        3.13102002392656       18.16954580495641      C
       -7.74824649522188       14.37087791503725        4.62248201394554      O
       -8.19172504173583       13.40950707218222        0.42742310148581      O
      -10.13153402116360       14.99464957191975        0.67989931228155      C
       -0.87596191801578        8.94352200844417       -2.94159005466465      C
       -7.03107543640752        2.05788800512188       -0.08249564607033      C
      -11.38593199593856       14.29662529970229        2.18211300723157      H
      -11.23883132925907       15.44119539173171       -0.97110336191830      H
       -9.32394805494713       16.81275589946653        1.32029703401945      H
        4.97424270704047        4.44636025640841       19.37521428730117      H
        5.17203118141091        1.63094252233331       17.54171028384980      H
        2.23965545995921        2.09481273996105       18.94467142686462      H
       -6.66277286990385        1.47923424977343       -2.24993761002159      H
       -8.76400652787788        3.39860805653160        0.00274069055025      H
       -7.40347136307976        0.11243818719166        0.71496117191811      H
       -2.70744021614623        8.33661455545267       -3.93528997539188      H
        0.71170934608149        8.31984220374292       -4.12704572890057      H
       -0.63512437331442       10.86627355225068       -2.69075910964744      H
        2.86835840564321       -8.69538035195612       -3.99240494277772      H
        0.38261253309775       -6.55132565282510       -5.18991625018007      H
       -0.16758881252323       -9.23424024736976       -3.17588765489204      H
       -1.22939843286539       -8.61906198352573        3.98670291975361      C
       -0.81688727023748       -6.90522569310703        5.90082840021167      C
       -2.73535011711851       -4.99558195150207        6.23945040525961      C
       -4.39595143174370       -4.42079352433422        4.18980787855492      C
       -4.54242480594130       -6.09784654959874        2.19166781410068      C
       -3.19678272512659       -8.35391687156373        2.24170949850146      C
       -2.91887614035323       -3.25525630154307        8.36997794273381      C
       -4.08353705089745       -0.89989690222307        7.89338205420151      C
       -5.71570025569179       -0.68101546566601        5.82905518637433      C
       -5.78477899394977       -2.40496110782200        4.00384977156828      N
       -1.87904001409037       -3.61858589335970       10.85432275318753      C
       -1.58908119838526       -1.50194802498094       12.38537977846237      C
       -2.42863244379143        0.82228429747444       11.74033747968777      N
       -3.90045140891349        0.99533747087099        9.67974273107938      C
       -5.44850465505538        3.23734428721106        9.37506199092543      C
       -6.99079222757376        3.37109013294997        7.38321349157254      C
       -7.25133545879641        1.54234938208375        5.64341029527142      C
       -1.65857977478832       -6.05768705928864       11.97587976637711      C
       -0.39888817226936       -6.22229258253611       14.27830386320319      C
        0.43293006107260       -4.01772389605159       15.62632131083855      C
       -0.48690386383851       -1.75651770723014       14.75696723052022      C
       -2.64884864592681       -8.10565623231105       10.61743988208890      O
        1.42763387836941       -6.85119047269529        7.21171104039535      O
       -3.60905997908923      -10.22801615966210        0.09782539354759      C
        1.75561958129806       -3.92798867680025       18.03992242699670      C
       -5.86474478402589       -5.71539783822139        0.62602714975699      H
        0.21169674957134      -10.16511603059684        3.73256606790896      H
       -8.54615353858759        1.94473666888735        4.17579669626993      H
       -5.18566011500281        4.77076887882403       10.76109962558891      H
       -0.02196166571076       -0.04390917696583       15.67409264467068      H
        0.20104899311016       -8.07536939805076       14.99258852443222      H
       -2.11797313527374      -11.85816213770496       -0.34021747168449      O
       -5.84109183192905       -9.80589228419406       -1.10982942862421      O
       -6.55846930700151      -11.86568022583506       -2.53936454433751      C
       -8.79206722558793        5.60555386278093        7.04172909355121      C
      -10.35287814386714        5.57163801471906        5.31985242843353      O
       -8.69444282811754        7.36078183533579        8.97568102568768      O
      -10.71106210997311        9.00922277964922        8.81555816671947      C
        2.77193052212190       -1.96072154140527       18.74785342393597      O
        1.65439682025607       -6.19780415842615       19.48699070913370      O
        2.96897108979267       -5.90434127932457       21.68348277650832      C
       -2.08052936243138      -10.57427983875802       11.47042489415416      C
        2.81640497226691       -4.53912848846246        7.46451439181669      C
        4.58762098939106       -7.15242756659442       21.63053234261578      H
        1.92261554000504       -6.29670258531312       23.40658270521637      H
        3.41890981575956       -3.91066470414728       21.86401433125920      H
      -12.36603899221674        7.90940225607606        8.22763105579819      H
      -10.26691777861640       10.39062282378776        7.26227445157086      H
      -10.90303923616370       10.28030766073404       10.59595603986318      H
        4.83814387015324       -5.05593046464984        7.32354282453359      H
        2.46926077079963       -3.55959351108026        9.26671178043366      H
        2.46099418485506       -3.55901074262032        5.79564170781737      H
       -2.80665710307824      -10.64398026635221       13.23078113903327      H
       -0.11007208880157      -10.78490419661846       11.60590155766563      H
       -2.76320100512334      -11.81019862704727       10.03095247403874      H
       -6.63306686292047      -13.40956934625969       -1.17226684810486      H
       -5.28036101968785      -12.16757931376369       -4.06538917330607      H
       -8.47034837891427      -11.55604046611941       -3.39176081159951      H
$end
