 -1.0
 -0.83215912628274D+01 -0.26690663217159D+01 -0.59164287913181D+01 -0.29375641623021D-03 -0.98746745553564D-04 -0.62975431508976D-03
 -0.76242605612882D+01 -0.43078995638757D+01 -0.40827236432006D+01  0.27196598837147D-03  0.28055347766139D-03 -0.21163466109399D-03
 -0.50694225921699D+01 -0.52805357841245D+01 -0.38182227353453D+01 -0.22455794491797D-03  0.23360791553790D-03  0.14804170645813D-03
 -0.30853929903515D+01 -0.40984720606906D+01 -0.53915320072774D+01  0.38157398654349D-03  0.49862892418813D-04 -0.70658044419901D-04
 -0.42007871276931D+01 -0.21508208208726D+01 -0.71008854212643D+01 -0.63762138474716D-04  0.50886247995559D-03 -0.25668466252247D-03
 -0.66377078826652D+01 -0.16245767678606D+01 -0.77233758068768D+01  0.57205627707655D-04 -0.41899590266509D-03 -0.16747858852767D-03
 -0.38220308448857D+01 -0.68751473123884D+01 -0.19155510417773D+01  0.40557797610866D-03 -0.65800905671594D-04 -0.11224427818659D-03
 -0.13019753039027D+01 -0.78451589581815D+01 -0.20276968833493D+01 -0.36386824087198D-03  0.24794233098259D-03  0.44419029708494D-03
 -0.40985612072355D-01 -0.69402545217467D+01 -0.42372448685236D+01 -0.41529721549771D-03  0.22014554079094D-03  0.28521247577752D-03
 -0.73711520363300D+00 -0.49911987646103D+01 -0.54932773235193D+01  0.16424336765290D-03 -0.14270871932323D-03  0.16372884690635D-03
 -0.51424550723751D+01 -0.79143645168222D+01  0.25666030320285D+00  0.33960833863735D-03  0.62561016386565D-03 -0.44388128469756D-03
 -0.45488898825878D+01 -0.10415499699084D+02  0.10949779195015D+01 -0.78956103375465D-04 -0.51365524726595D-04 -0.56775016313584D-04
 -0.21660905064469D+01 -0.11437175261490D+02  0.65831135275057D+00  0.13738227422596D-03  0.40723871967242D-03 -0.16656851918541D-03
 -0.65138040063212D+00 -0.10083433583587D+02 -0.10465455459864D+01 -0.11997090720700D-03  0.68427856716618D-03  0.49956588636179D-03
  0.16371714744261D+01 -0.11175540298526D+02 -0.16560162059110D+01 -0.61530693552192D-03 -0.48715382515704D-03 -0.87890567717874D-04
  0.33767453128409D+01 -0.98619827241689D+01 -0.32640987770713D+01  0.39046972249482D-03 -0.32875619876728D-03 -0.47998344913474D-03
  0.25938480550602D+01 -0.76615799122326D+01 -0.43688042451488D+01 -0.20121695930932D-04 -0.60180583118344D-03  0.69741796241760D-03
 -0.66608517228542D+01 -0.60654750554396D+01  0.18047540723744D+01  0.40194442680614D-04 -0.59708177796715D-04  0.81899841249223D-04
 -0.83364128431083D+01 -0.71291727228426D+01  0.34501001772829D+01  0.65872952475539D-03  0.59402957908177D-04 -0.82687602999311D-03
 -0.79739564675583D+01 -0.97609189462902D+01  0.40887758906768D+01  0.58539837683551D-03  0.27412708220153D-03  0.26176920875366D-03
 -0.63465395470672D+01 -0.11267518508740D+02  0.29442921811395D+01  0.38583045906579D-03 -0.35773706133247D-04  0.43643966416433D-03
 -0.59520799809838D+01 -0.35092945041496D+01  0.12850125644766D+01 -0.10601981260475D-03 -0.41160392439172D-03  0.31389193497681D-03
 -0.93339549457569D+01 -0.53237462484999D+01 -0.24774731245891D+01  0.23954564449823D-03  0.17345208316976D-03 -0.73337936893708D-04
 -0.74274541049616D+01  0.75843733955204D+00 -0.90653042841403D+01  0.20632970427455D-03 -0.31016938804526D-03 -0.37324854918977D-03
 -0.92818070305366D+01 -0.11176241925505D+02  0.63768689337594D+01 -0.45033505056528D-03 -0.51600783503787D-03  0.38173224738028D-03
 -0.29966924687972D+01 -0.11077575861082D+01 -0.81807445234168D+01 -0.48096953444618D-03  0.86769739962728D-03 -0.80315224740447D-05
 -0.10239714509066D+02 -0.21981827300577D+01 -0.55913208900052D+01  0.37050328758886D-03 -0.61972927268754D-03  0.12252482661845D-03
  0.38924252542105D+01 -0.64344162689658D+01 -0.54314160418553D+01  0.53583651444039D-03  0.24267918470704D-03 -0.85041674477828D-03
  0.23596823240641D+01 -0.12931492277690D+02 -0.82984714831962D+00 -0.26395898099237D-03  0.41309003581507D-03 -0.57003678127187D-03
 -0.58338158697956D+01 -0.13306216729395D+02  0.34251457107858D+01  0.62880288360665D-03 -0.64818787663214D-03 -0.49167485273558D-04
 -0.99324325358208D+01 -0.64147423147917D+01  0.44424422385381D+01 -0.76822902139289D-04 -0.35115187879237D-03 -0.50965466160737D-03
 -0.80571139079576D+01  0.27953652443657D+01 -0.82261079631459D+01 -0.14655953583069D-03 -0.12289288483562D-03 -0.20023887242757D-03
 -0.77357577870960D+01  0.26648853825207D+00 -0.11638489428375D+02 -0.32111729987809D-03  0.30204555718244D-03 -0.34798151906934D-03
 -0.87142961926314D+01  0.27059172210369D+01 -0.13084895684503D+02 -0.63189588224797D-03 -0.65648814156917D-04  0.14305902236111D-04
  0.59313088978205D+01 -0.11070062118309D+02 -0.34477354241145D+01 -0.56016277286359D-03 -0.43594882783515D-03  0.50606146729560D-03
  0.65814893802522D+01 -0.12428259154767D+02 -0.18008604106388D+01  0.27696279946806D-03 -0.53233663112312D-03  0.11218295377258D-03
  0.72622493445538D+01 -0.10572696007795D+02 -0.56705649425823D+01 -0.49684028863148D-03  0.39846081673268D-03  0.38143522446226D-03
  0.93452475762767D+01 -0.12325356166254D+02 -0.54164458350343D+01  0.20364202366083D-03 -0.25366776571853D-03  0.75462007238876D-04
 -0.10820121565774D+02 -0.12794643508220D+02  0.61003826915768D+01 -0.79509723759465D-04  0.90736371511752D-03 -0.18941051892788D-03
 -0.85997542285414D+01 -0.10193672503854D+02  0.87149118419452D+01 -0.29698661479224D-03 -0.46146262572333D-03  0.89428057768642D-05
 -0.10036380332895D+02 -0.11322138328135D+02  0.10566590978023D+02  0.43906167926093D-03  0.22007328465531D-03 -0.17508794662522D-03
 -0.78064134592467D+01 -0.15613567725844D+01  0.17286133255810D+01  0.23030255042571D-03  0.41749236232846D-05  0.24395627552548D-03
 -0.11664357859809D+02 -0.62229732949667D+01 -0.37481240631425D+01 -0.49484415201655D-03  0.34602738562049D-03 -0.49268641869220D-03
 -0.11635847191178D+02 -0.98979934054940D+01  0.10768018231794D+02 -0.90485864723383D-03  0.29268630967661D-03 -0.72096905965859D-03
 -0.91531390893064D+01 -0.11659998420436D+02  0.12409640058466D+02  0.58363443172798D-03 -0.30671589860931D-03  0.87360590503291D-03
 -0.10870736928038D+02 -0.12965585998130D+02  0.99507731635180D+01  0.14200645858150D-02  0.12405275923466D-02 -0.88388123936130D-03
  0.11132202747574D+02 -0.11730545735895D+02 -0.66745968670390D+01  0.82027998777760D-03 -0.10144421489941D-02 -0.77963033832797D-03
  0.87067782514629D+01 -0.14208189617086D+02 -0.61641810254145D+01 -0.48568960941498D-03  0.26061964100514D-03 -0.57356899708932D-03
  0.96725468919660D+01 -0.12703748978962D+02 -0.34646124783439D+01 -0.15526179349625D-03  0.85092538512792D-04 -0.75653505101990D-03
 -0.12205091188834D+02 -0.72074171568950D+01 -0.19287216100346D+01 -0.37477855681179D-03 -0.29465315636666D-03  0.13538130643461D-03
 -0.11501952293883D+02 -0.78882352028799D+01 -0.51747061951966D+01  0.91671005474879D-03  0.14248200276627D-03  0.67251031897533D-03
 -0.13032888622813D+02 -0.46858189537495D+01 -0.35956557903324D+01 -0.20183241077433D-03 -0.31848490239817D-03 -0.12819057582198D-03
 -0.93572850705463D+01 -0.19468426222391D+01  0.52174392558596D+00 -0.82930835418628D-03 -0.42643500626566D-03 -0.66284838248568D-03
 -0.71949335877085D+01  0.30668240664801D+00  0.13300885805455D+01  0.78552065020391D-04  0.21399087323986D-03  0.19365026289678D-03
 -0.84784742995088D+01 -0.16824785659037D+01  0.37083322695410D+01 -0.23147106068877D-03 -0.46028791353940D-03  0.88103991221460D-03
 -0.90355775338084D+01  0.21932296140838D+01 -0.15056071989084D+02 -0.30629922196332D-03  0.17142585592107D-02 -0.40732501358406D-03
 -0.67556300573098D+01  0.31070869572071D+01 -0.13333734696752D+02 -0.17798452639611D-03 -0.15123533158819D-02  0.57865723065264D-03
 -0.99356906796812D+01  0.41969417144050D+01 -0.12528622842823D+02 -0.24164041149805D-03 -0.63405294355840D-03  0.53242543137958D-03
 -0.56673695910420D+01  0.12490975172853D+02  0.16728398492782D+02 -0.38512921833858D-03  0.10049823937888D-03 -0.38503324421531D-04
 -0.44451248337622D+01  0.10785908746770D+02  0.14936562065812D+02  0.22226934353426D-03 -0.41780288201122D-03 -0.14327918176760D-03
 -0.20886279256150D+01  0.99512763136632D+01  0.15772843637146D+02 -0.37970000375477D-03  0.57560510866143D-03 -0.16069546697163D-03
 -0.62913784384069D+00  0.11048410896813D+02  0.17711739621730D+02 -0.36593329044625D-03 -0.11171294154064D-03  0.37746824168381D-03
 -0.19372286736827D+01  0.12490029400013D+02  0.19480254322436D+02 -0.36542856495414D-03  0.40217524952263D-03  0.56941406387480D-03
 -0.44703280421311D+01  0.13219910728153D+02  0.18962116418662D+02  0.59581897868977D-03 -0.68931687190432D-04  0.22976863502662D-03
 -0.65036706385452D+00  0.84195989535822D+01  0.13895749870908D+02 -0.13001983616277D-02 -0.42367564546536D-03  0.13634877050849D-04
  0.20477844454415D+01  0.88399682617678D+01  0.14124652264038D+02  0.54212483219062D-03 -0.44586383835057D-03  0.48795909496772D-03
  0.31456684050250D+01  0.98219227923478D+01  0.16347694639167D+02  0.52542575391542D-03 -0.33360536454380D-03 -0.27778895236272D-03
  0.18510915659146D+01  0.11165515119212D+02  0.18119096941070D+02  0.39921343637047D-03  0.41948477244259D-03  0.25345687037675D-03
 -0.14682200204142D+01  0.65506075811640D+01  0.12444945146325D+02  0.13137599278359D-03  0.89115145233615D-03  0.97473377566132D-04
  0.22807929222099D+00  0.57063124040623D+01  0.10426116462141D+02 -0.24970240534633D-03  0.11964061627046D-02 -0.21967919175620D-03
  0.25949506411941D+01  0.66391525506794D+01  0.10193506728910D+02  0.22062256656389D-03  0.47535914902746D-03  0.63218594903135D-03
  0.35361324603190D+01  0.76848491322709D+01  0.12372314892319D+02 -0.31546208831786D-03 -0.76648063117085D-04  0.20835228380978D-03
  0.62208891514034D+01  0.77576811436328D+01  0.12763849264443D+02  0.10644812004799D-04  0.24769226798627D-03 -0.39648276188690D-03
  0.71411564458097D+01  0.80886990975085D+01  0.15121292699572D+02  0.23758793458931D-03  0.26386630138838D-04  0.27708219512077D-04
  0.56081792490131D+01  0.93189322171158D+01  0.16830545710860D+02 -0.85811804913905D-03  0.41826604478421D-03  0.44578803523413D-03
 -0.29819716764892D+01  0.45609188141895D+01  0.13449200045608D+02  0.64501517451893D-04 -0.82860300541147D-04 -0.31458763989978D-03
 -0.35536420998161D+01  0.23198369093390D+01  0.11923790512412D+02 -0.51419881707150D-03 -0.17835873540167D-03 -0.50188030867250D-03
 -0.21096874858693D+01  0.18514310127352D+01  0.97698016314139D+01  0.35464459334495D-03 -0.16006242479167D-03  0.49481667871893D-03
 -0.23266987519983D+00  0.35912816649576D+01  0.87471962315214D+01  0.50203054662736D-03 -0.19945837693068D-03 -0.19288804682000D-04
 -0.36659494719410D+01  0.44775991454204D+01  0.16002613937400D+02  0.10165120925448D-03 -0.44947608296951D-03 -0.14753773150353D-03
 -0.56174208067019D+01  0.10266761760447D+02  0.12645496242994D+02 -0.38835926538113D-03  0.11149778717254D-03  0.35631505039251D-03
 -0.56615338858239D+01  0.14798358195042D+02  0.21069219190223D+02 -0.44979683582178D-04  0.33499781419845D-04 -0.13757982020098D-03
 -0.22969736438258D+01 -0.54047034440494D+00  0.83497839289046D+01  0.21871799292122D-03 -0.33599157480361D-03 -0.20985729356991D-03
 -0.64787410985370D+00  0.13505236419021D+02  0.20581893720574D+02 -0.67945078189662D-03  0.16338793532688D-03 -0.13923756147916D-03
 -0.77439987971896D+01  0.12827258387251D+02  0.16604079114389D+02  0.60339676091062D-03  0.53898667129823D-03  0.37043786803305D-03
  0.61963645370158D+01  0.88158490614994D+01  0.18698272105270D+02 -0.65732495909594D-03 -0.21068889876695D-03 -0.86445706053740D-04
  0.74677375943107D+01  0.67671180497594D+01  0.11531784323922D+02  0.62977387539545D-03  0.32302118722188D-04  0.13423778499913D-02
  0.13526075573652D+01  0.31150906321572D+01  0.73714149968215D+01 -0.62919509064765D-03 -0.79907839076944D-04  0.57513281908457D-03
 -0.46847664827819D+01  0.96012994639414D+00  0.12928968118684D+02 -0.14909261348055D-03 -0.37595368968284D-04 -0.46498161748770D-03
 -0.52933669008854D+01  0.17073057490047D+02  0.21032647981557D+02 -0.26456194689220D-03 -0.15834323902308D-03 -0.29713759941990D-03
 -0.68969914163344D+01  0.13507015245814D+02  0.22916278656356D+02 -0.26466266987157D-03  0.55445801775881D-04 -0.37520128780519D-03
 -0.79267137353581D+01  0.11166099270979D+02  0.22312504295458D+02  0.17854171830448D-03 -0.23141966534008D-03  0.32391524144044D-03
  0.10056067824928D+02  0.80684526380071D+01  0.15649190834876D+02  0.69737327410008D-03 -0.45454802343926D-03 -0.54097529498766D-03
  0.11608962474892D+02  0.82104034893919D+01  0.14087602405482D+02  0.45818283532232D-03 -0.12088035134100D-03  0.57687259247710D-04
  0.10410981801158D+02  0.79378617969296D+01  0.18419460339968D+02 -0.33431395772736D-03 -0.58958230659122D-03  0.21932264050456D-03
  0.13017809551546D+02  0.89595467716233D+01  0.18512654804442D+02  0.51459868229107D-03  0.61997407658674D-04  0.11728032774625D-03
 -0.34176579320655D+01 -0.21947667702309D+01  0.96953711383200D+01 -0.21050168928482D-03 -0.10947116214233D-03  0.84470498412860D-03
 -0.12437531329155D+01 -0.57403816085378D+00  0.60731708985457D+01  0.42133781649969D-04  0.61494644085383D-04 -0.39390272845961D-03
 -0.56742084036311D+00 -0.32863509984988D+01  0.58456178335355D+01  0.12752646257687D-03 -0.27964547033442D-03  0.51366662597806D-03
 -0.18192782819452D+01  0.30624602903257D+01  0.17577960632918D+02  0.50820270847626D-03  0.48602550545507D-03 -0.12212040220382D-03
 -0.47602153360892D+01  0.12028017925172D+02  0.10696536466387D+02 -0.55902869110703D-03  0.10843982310713D-03 -0.32645915744399D-03
 -0.20506923944586D+01 -0.41632490042675D+01  0.71020508832702D+01 -0.31469635126729D-03 -0.10316600790707D-02 -0.37750686597162D-03
  0.12825119910615D+01 -0.36896045009161D+01  0.65961808817138D+01  0.17869082861593D-02 -0.65625899540843D-03 -0.69678124048747D-03
 -0.12868325003536D+01 -0.43377956706296D+01  0.41458897816863D+01 -0.29987414529302D-03 -0.11978781976101D-02 -0.45392617728074D-03
  0.13526561406557D+02  0.94059607267166D+01  0.20690516394815D+02 -0.16289092185926D-03 -0.42564884991445D-03  0.20364295289571D-03
  0.12693918167088D+02  0.10831788733046D+02  0.17463458643325D+02 -0.39785262467790D-03 -0.12088942689532D-04  0.73213160974505D-03
  0.14419710289055D+02  0.76619113736308D+01  0.17524222413662D+02  0.60427393389447D-03  0.10978240474216D-02 -0.67039276053455D-03
 -0.42310235852759D+01  0.11118941542831D+02  0.89017470094855D+01 -0.70365916666210D-04 -0.64824553929647D-04 -0.12804663741667D-02
 -0.28197522291288D+01  0.12400343927564D+02  0.11034231738586D+02 -0.74280191352652D-03 -0.19204889421012D-03  0.52502963215877D-04
 -0.60894285555321D+01  0.13789708896037D+02  0.10599591287334D+02  0.27851035108005D-05  0.24924804018354D-03  0.76983677705733D-05
 -0.30771583354800D+01  0.17035566281124D+01  0.18703806381465D+02 -0.53935247060486D-03  0.42389619944235D-03  0.23244939240684D-03
 -0.10289969176690D+01  0.38805601249987D+01  0.19160438187658D+02 -0.95770128085720D-04  0.11950429956793D-02  0.36992907702548D-03
 -0.59391472468005D+00  0.22316213805367D+01  0.16066894446386D+02  0.90033748115811D-03 -0.57933576649547D-03 -0.13593753619300D-02
 -0.78071029591297D+01  0.10913944205623D+02  0.20224502594461D+02  0.38031156562568D-04 -0.62418353921162D-03 -0.20119077835828D-03
 -0.98234767949733D+01  0.10784220707535D+02  0.22902563022580D+02  0.19965620766719D-02 -0.34917504550158D-03  0.29432858092935D-03
 -0.70422238924197D+01  0.94622710651414D+01  0.23224154205321D+02  0.41935144858295D-03  0.27913141481189D-03 -0.27828091199779D-03
