 -1.0
  0.17542267337893D+01 -0.57831254455296D+00 -0.80466257311532D+01  0.14690443844352D-03 -0.24784037728245D-03  0.20207646187497D-03
  0.22170793091432D+01  0.47841298194150D+00 -0.55325574467966D+01 -0.25240842331400D-03 -0.60522935308208D-03 -0.37789360821020D-04
  0.45783636247886D+01 -0.20258014042256D+00 -0.42023554977247D+01 -0.39933089706207D-03 -0.57534994335923D-03  0.53742816389590D-03
  0.62333000341358D+01 -0.19544318878085D+01 -0.54202774517310D+01 -0.13905273698310D-03 -0.23193934371889D-03  0.29100543842594D-03
  0.57232829394532D+01 -0.27064705482731D+01 -0.78294314492584D+01  0.84367750905627D-04  0.21026409149625D-03 -0.23002768474556D-03
  0.35723933655764D+01 -0.20607322420730D+01 -0.93214597688248D+01  0.46993200029858D-04  0.87889204999403D-03 -0.44826509480049D-03
  0.49733235276544D+01 -0.47416673068285D-01 -0.13917687355007D+01  0.56720264658039D-03 -0.38783496291433D-03  0.71500145264340D-04
  0.66211509612789D+01 -0.18757302932209D+01 -0.40200057172298D+00 -0.10469638886532D-03 -0.31060638947141D-03  0.34969285213961D-03
  0.83672893118016D+01 -0.31549945684019D+01 -0.18994954214537D+01 -0.13478899225831D-03  0.37692788657970D-03  0.16830690138397D-03
  0.82251640913179D+01 -0.33331855968922D+01 -0.43592843209251D+01  0.36964199159662D-04 -0.15287162628608D-03 -0.23451642726564D-03
  0.35165993888356D+01  0.18188235628406D+01  0.79388219502820D-01  0.15469815132201D-03  0.89930887737332D-04  0.19371352587786D-03
  0.29776196391790D+01  0.76891580455941D+00  0.25923647871358D+01  0.77076062612432D-04 -0.74418565992368D-04  0.30015256697841D-03
  0.47099215795821D+01 -0.76475206170223D+00  0.36735651436101D+01 -0.17851275029783D-03 -0.35197656759972D-03  0.14692161000210D-03
  0.65098315079767D+01 -0.20506781306184D+01  0.23060428484615D+01  0.24246664899022D-03  0.10349172566186D-03  0.98644119463816D-04
  0.87508731307756D+01 -0.30643082660302D+01  0.34417486246809D+01 -0.14960945833361D-03  0.48612112604506D-03  0.46671686013459D-03
  0.10380750499552D+02 -0.46914957086604D+01  0.20499944984725D+01 -0.14451673739845D-03  0.43038705000676D-04  0.25619227773035D-03
  0.99238212807578D+01 -0.47756949935817D+01 -0.71449954295330D+00 -0.23219768055765D-03 -0.10802221253822D-03 -0.96370135442980D-03
  0.30451657564735D+01  0.45946124118377D+01 -0.39603220258905D+00  0.32699748615893D-03  0.50361501973178D-03 -0.65631252661147D-04
  0.11428380081754D+01  0.56542832520460D+01  0.10687823462278D+01 -0.17108484293090D-03 -0.97528181129882D-04 -0.64358238007458D-03
  0.22325754488958D-01  0.43129589075118D+01  0.30042228895825D+01 -0.59093888377275D-03 -0.38771825377271D-03  0.58128558887955D-03
  0.86977577475795D+00  0.17968983460829D+01  0.36920160441103D+01  0.76261862697866D-04 -0.14833860414854D-03  0.33980465140973D-03
  0.42348146037265D+01  0.62086601509424D+01 -0.20607916792802D+01  0.10392526663429D-03  0.81198752205187D-04  0.56764317255001D-04
  0.52585622168017D-01  0.16316919781802D+01 -0.44603455974616D+01 -0.19966553150421D-03  0.29255643266356D-03 -0.42363931654668D-03
  0.29460821091411D+01 -0.33722217167652D+01 -0.11748880151157D+02 -0.15309494084671D-03  0.76395896715049D-03 -0.16958453730450D-03
 -0.20091417539640D+01  0.57304608552363D+01  0.43543579228400D+01 -0.28418418861872D-03 -0.26934694764898D-03 -0.18926265819836D-03
  0.73153175214537D+01 -0.40796331921632D+01 -0.83759545313045D+01  0.37155236458810D-03 -0.75375257101318D-04  0.99763154437824D-03
 -0.18374769543553D+00 -0.51875501089888D+00 -0.86657440332121D+01  0.10015092886481D-03 -0.34203917483162D-03 -0.72136240100212D-04
  0.10834530019297D+02 -0.62430486534140D+01 -0.18602752067012D+01 -0.48625463726874D-03  0.34237514939141D-03  0.93903142043951D-04
  0.90667501334618D+01 -0.34083902541824D+01  0.54408986828008D+01  0.44380411900595D-03  0.91513469293532D-03 -0.85269933167621D-03
  0.23353726280000D+00  0.35158678202084D+00  0.52971273859096D+01 -0.19474788972328D-03 -0.28497507451439D-03  0.14277347727001D-03
  0.42345328556100D+00  0.75478189705876D+01  0.63927016109001D+00  0.10827397272297D-02 -0.25812140094928D-03 -0.50553146718453D-03
  0.77281963901600D+00 -0.32632187751520D+01 -0.12817452581886D+02  0.66406668766188D-04 -0.37981257728665D-04 -0.57047278585161D-03
  0.53126398376251D+01 -0.41174758130059D+01 -0.12779906533038D+02 -0.15925504650854D-03  0.13020037012624D-03  0.96901342378399D-04
  0.46803780977752D+01 -0.46360785810731D+01 -0.15396518043323D+02 -0.56488937796012D-03 -0.26797095118720D-03 -0.11935607481401D-03
  0.11989477891577D+02 -0.64639707873239D+01  0.34409473794512D+01  0.26651718277189D-03  0.42417720299279D-03 -0.33621647574925D-03
  0.12560983826092D+02 -0.88189834920112D+01  0.31992791281836D+01 -0.38598593994683D-04 -0.31492197859865D-03  0.21331352787129D-03
  0.12734385400424D+02 -0.54928333176429D+01  0.57316087638934D+01 -0.48382699339345D-03  0.97496450159950D-04  0.34816554532355D-03
  0.13014588254474D+02 -0.72068496485130D+01  0.75738878602242D+01 -0.60965372459686D-03  0.23181594790872D-03  0.20423465997532D-03
 -0.41018826260821D+01  0.46798908600676D+01  0.45115299350873D+01  0.24550882683653D-03 -0.25394057925041D-03  0.22742069233571D-03
 -0.12612714475097D+01  0.79717322353689D+01  0.56477392253882D+01  0.15522117832937D-04  0.30836503551408D-04 -0.14076436328750D-03
 -0.27489631043364D+01  0.88803566049052D+01  0.73970808412197D+01  0.46713016740754D-03  0.49796225761843D-03 -0.20552587292177D-03
  0.44452720421288D+01  0.88024569011763D+01 -0.12268092474418D+01  0.86040561620283D-04 -0.37308062195496D-04 -0.84968322946833D-04
 -0.95712025268550D+00  0.35692596708356D+01 -0.58168346258157D+01 -0.21280914282895D-03 -0.28048308680964D-03  0.34273813894326D-03
 -0.19138024565416D+01  0.10074570751563D+02  0.87252196217538D+01 -0.52169871966329D-03  0.27854392356719D-03 -0.10306679143307D-02
 -0.38247409377293D+01  0.74405746769962D+01  0.84254328530400D+01  0.85155294187626D-03  0.32863726511686D-03  0.27577606937409D-03
 -0.43042203343226D+01  0.96116828769130D+01  0.63802720086480D+01  0.43430393110980D-03 -0.44090757434342D-03 -0.35517184181415D-03
  0.11129920411792D+02 -0.73678930129733D+01  0.85233173634280D+01 -0.41616971782791D-03 -0.36101761234593D-03  0.46409812499018D-03
  0.14276913692648D+02 -0.66960020057274D+01  0.91796992070426D+01 -0.18681074797936D-03  0.27050100286405D-03 -0.34372051135402D-03
  0.13620721443348D+02 -0.88619220643394D+01  0.64647086838479D+01  0.10805036744761D-02  0.32907964381330D-03 -0.54179513851681D-03
 -0.17669417533613D+01  0.32300216331613D+01 -0.79012973098092D+01  0.36618512359018D-03 -0.95461996154648D-03  0.93900530377511D-03
  0.41964660601512D+00  0.52106745511699D+01 -0.57380946313200D+01 -0.92734410875071D-03  0.19835442007960D-04 -0.26793221942353D-03
 -0.26431535114634D+01  0.42337634124922D+01 -0.50959190273978D+01  0.52214933061100D-03 -0.25555682317547D-03 -0.49556665862155D-03
  0.26245012010539D+01  0.97002565860124D+01 -0.55240713379986D+00 -0.51705374936089D-03 -0.82973924767513D-03  0.33327157145869D-03
  0.57881218275884D+01  0.10056147927656D+02 -0.20083407466943D+01 -0.57712639973947D-03 -0.30222599573981D-03 -0.92073180491741D-03
  0.58252687678379D+01  0.85334575710131D+01  0.59454080331063D+00  0.44277821195215D-05 -0.19971143130148D-04  0.55192554054269D-03
  0.28325578832573D+01 -0.37797673710236D+01 -0.15849350104362D+02 -0.23687949788164D-03  0.85322248233677D-03 -0.34615334392409D-04
  0.44834662751944D+01 -0.66434530018865D+01 -0.15410392175986D+02  0.92266020715389D-04 -0.46731872786238D-03  0.13243084318504D-02
  0.63701140227759D+01 -0.37865426319797D+01 -0.16610274760807D+02  0.12597189017557D-02 -0.26684886644610D-03 -0.92664862773070D-03
 -0.98684925792407D+01  0.52156669430938D+01  0.86226615504184D+01 -0.15243090974185D-04  0.41169868093684D-03 -0.28747457456927D-03
 -0.94329218277420D+01  0.29515142681485D+01  0.99550979840490D+01  0.46727476682056D-03 -0.58541879397737D-03  0.21973158708298D-03
 -0.90264698754177D+01  0.30668548764260D+01  0.12551784220512D+02  0.79821899596913D-04 -0.29834802943456D-03 -0.52190107838509D-04
 -0.84164686433381D+01  0.55595844018834D+01  0.13880782344435D+02  0.24212956134714D-03  0.74932579641579D-05  0.20616243924753D-03
 -0.93057450859870D+01  0.76654206970489D+01  0.12414574327416D+02 -0.20899171464561D-03 -0.35586430379988D-03  0.13734571354400D-03
 -0.97085923662463D+01  0.74293194766659D+01  0.98077140679005D+01  0.81155994191133D-04 -0.17136572775749D-03 -0.53327527792645D-04
 -0.83203396926845D+01  0.90361624478602D+00  0.14040386659709D+02 -0.60998189808734D-03 -0.46082695288529D-03  0.28351294555604D-03
 -0.71957118098315D+01  0.12871512943908D+01  0.16471635147939D+02  0.38103966742790D-04 -0.95902039534888D-04  0.46483234043586D-03
 -0.68632928953691D+01  0.37611122553680D+01  0.17547163380632D+02 -0.12088581798896D-03 -0.59901937220294D-03 -0.71186405272738D-04
 -0.76131944925538D+01  0.58791312690920D+01  0.16294402654070D+02  0.13712197801900D-03  0.43295373219078D-03 -0.16662264378834D-03
 -0.95414479764752D+01 -0.16850833932034D+01  0.13597186873716D+02 -0.23652197380418D-03 -0.13109797423604D-03 -0.35640173474866D-03
 -0.84920047024383D+01 -0.35498751651349D+01  0.15053370612896D+02  0.62229957060345D-03 -0.21203499768735D-03 -0.49127881004769D-03
 -0.74429577182195D+01 -0.31964181600341D+01  0.17510747536042D+02 -0.62005460033088D-04  0.11596711339214D-03 -0.65131722629194D-04
 -0.65149874620986D+01 -0.88965475680454D+00  0.17995757849807D+02 -0.29919466057100D-03  0.63819577492578D-03  0.56592238730268D-05
 -0.47437354794190D+01 -0.65912991518152D+00  0.19885983626172D+02 -0.31170426791013D-03 -0.10921554971344D-03  0.40949060502424D-03
 -0.39345267125145D+01  0.16183385953764D+01  0.20710381951383D+02 -0.18345845828494D-03 -0.35398070643355D-03  0.27505925980949D-03
 -0.49103315817411D+01  0.38204888462155D+01  0.19471189741652D+02  0.35913225516085D-03  0.21138812991440D-03  0.10331681712340D-03
 -0.11734620051278D+02 -0.18999383098402D+01  0.12226357361983D+02 -0.15169228403044D-03  0.46859450170396D-04  0.25252610478300D-03
 -0.12515279623459D+02 -0.44229355900599D+01  0.12079740976120D+02  0.38892717901379D-03  0.23702995223880D-03 -0.19042021268107D-03
 -0.11317571082933D+02 -0.64377305995345D+01  0.13247854495804D+02 -0.21149411583708D-04  0.30835373064850D-03  0.68596770343057D-04
 -0.92882967561937D+01 -0.59684585055036D+01  0.14832608826728D+02  0.81975193333196D-03  0.24412400289892D-03 -0.18131626543669D-03
 -0.13384333039472D+02  0.43110230530412D+00  0.12133340827471D+02  0.18711020100128D-03 -0.30339721128611D-03 -0.19682199689712D-03
 -0.89017402071845D+01  0.60891268928135D+00  0.87378307052854D+01 -0.34399526004080D-03  0.11396895992836D-03 -0.58712182803469D-04
 -0.10167595645666D+02  0.98820104504075D+01  0.87503706771473D+01 -0.24429496339028D-03  0.20600456951684D-03 -0.57830264154284D-04
 -0.12307275800950D+02 -0.90906727786023D+01  0.12824647588618D+02  0.31195688214807D-03  0.26828024957765D-03  0.13303117663942D-03
 -0.92530060722381D+01  0.94479435479049D+01  0.13520297655448D+02  0.29425999472833D-03  0.15552269449385D-03  0.44267613876511D-03
 -0.98780762552162D+01  0.52221873605187D+01  0.66806583981662D+01  0.85838778179668D-04  0.72839814651106D-03  0.98458815837612D-03
 -0.41986739107154D+01  0.55640905204118D+01  0.20200386085083D+02  0.62508379063820D-03  0.49414414761668D-04  0.74499958972057D-03
 -0.41064939500155D+01 -0.21167195522207D+01  0.21325963064024D+02 -0.99316545108548D-03  0.12211603063334D-02  0.61933715523787D-03
 -0.89367346077609D+01 -0.76123061067214D+01  0.15773687032012D+02 -0.31593238913016D-03 -0.23776095030815D-03 -0.99724604008445D-04
 -0.14348234772116D+02 -0.49753204644509D+01  0.11442801687004D+02 -0.11453897086865D-03  0.51027424038711D-03  0.12514488863115D-02
 -0.11848237327648D+02  0.97465069746984D+01  0.71247933224903D+01 -0.93166734558189D-04  0.24501054726762D-03  0.43467014436759D-04
 -0.90471824057782D+01  0.12178188413058D+02  0.94264392884255D+01  0.22597117135316D-03  0.65986534507176D-04  0.45703122126889D-04
 -0.10576131707162D+02  0.14452779477189D+02  0.86631039452220D+01 -0.72086148835181D-04 -0.30065088724490D-03 -0.88473929592813D-04
 -0.22100517020922D+01  0.20476123994064D+01  0.22896189751991D+02  0.11420052676560D-04  0.20054486727039D-03  0.43387813483445D-03
 -0.14265356235560D+01  0.40061173018154D+01  0.23541632329397D+02 -0.15121182700974D-03  0.20128636043929D-03 -0.44868564591576D-03
 -0.15080653105908D+01 -0.28616475597963D+00  0.24254869493921D+02 -0.74225584731355D-04 -0.31531035302717D-03 -0.16112773011049D-04
 -0.53609880420135D+00  0.35534317203319D+00  0.26595428136266D+02  0.48204932961105D-03 -0.18882615060277D-03  0.21792399603318D-03
 -0.14493315869476D+02 -0.94786077471029D+01  0.12637227285898D+02 -0.44513568429429D-04 -0.26239719545224D-03 -0.45554018696405D-03
 -0.10433292733857D+02 -0.10971258210792D+02  0.12363764838536D+02 -0.19847841960177D-03 -0.35138152401171D-03  0.37671907853566D-03
 -0.11433660980793D+02 -0.13399990277375D+02  0.11647018995687D+02 -0.20177127441576D-03  0.21238279030801D-03 -0.61742524474684D-03
 -0.16040267476588D+02  0.12021371303542D+00  0.11296538589102D+02  0.38956781032991D-03 -0.23133737560115D-03 -0.27280418896950D-03
 -0.81816220649991D+01  0.91149002484808D+00  0.62806018616746D+01  0.27960828459560D-03  0.32398449396457D-03 -0.24519636729569D-03
 -0.10545739436844D+02 -0.13731203081944D+02  0.98573462725267D+01 -0.16542567491764D-03 -0.89335883721241D-03  0.88866118105296D-05
 -0.13446987245153D+02 -0.13087672317569D+02  0.11516479500440D+02  0.87002543077960D-03  0.98830482277756D-04 -0.69743413474872D-03
 -0.10749357281055D+02 -0.14392915740154D+02  0.13263276491125D+02  0.77512231749936D-03 -0.92838172974740D-03 -0.13254929524844D-03
 -0.16334298723654D+01  0.20060420561759D+01  0.27220833704754D+02  0.14200729178789D-03 -0.59224854110478D-03  0.51318441698126D-03
  0.13831906721324D+01  0.11909614731602D+01  0.26322135414716D+02 -0.22874385428142D-03  0.12894137567583D-02 -0.10338424777633D-02
 -0.85662411864837D+00 -0.12763615477660D+01  0.27792639741205D+02 -0.73854709133607D-03  0.52981620391125D-03  0.80538649102566D-03
 -0.69503966309578D+01  0.25253256556209D+01  0.57536802297957D+01 -0.66991811271845D-03  0.22260853186821D-03  0.40565670241734D-03
 -0.98336191122779D+01  0.12865051898337D+01  0.51922188971370D+01  0.46300684414315D-03  0.51255504582418D-03 -0.53644829508293D-03
 -0.75341096371047D+01 -0.10871561533525D+01  0.57189016904668D+01 -0.47318449270286D-03 -0.60696511607253D-04 -0.76204379981449D-03
 -0.16754381538308D+02 -0.17104672560172D+01  0.11406077891875D+02  0.59535188759371D-03  0.29704314761655D-04  0.13035382182997D-03
 -0.15949073468682D+02  0.22625463955417D+00  0.92657924650028D+01 -0.61012678952421D-04  0.70512454464384D-03  0.21902605862486D-03
 -0.17151776887284D+02  0.18209416134944D+01  0.11946966844564D+02  0.55887931849272D-04  0.10643829984564D-02 -0.69786308455901D-03
 -0.97974779973109D+01  0.15519194002287D+02  0.70368884676133D+01  0.56005553553852D-03  0.21068453072989D-03  0.21484640664367D-03
 -0.10601473811169D+02  0.15737525355786D+02  0.10200216090174D+02 -0.21785360421631D-03 -0.48947388257236D-03 -0.91455011106203D-03
 -0.12567377777949D+02  0.13895446685294D+02  0.81746104055271D+01  0.81206357350801D-04  0.15655406161783D-03  0.10168216179561D-02
