 -1.0
  0.15042495075906D+00  0.33604298637836D+01 -0.63538913942484D+01 -0.24451780810034D-03  0.84427253999463D-04 -0.65424042596615D-03
  0.92333606331426D+00  0.13901281189406D+01 -0.44864665708897D+01 -0.40516319782677D-03  0.20298474727295D-03 -0.28473454360305D-03
  0.20367767868920D+01  0.20949191237796D+01 -0.21527794735527D+01  0.12707864734101D-03 -0.54121740444791D-04 -0.12784898924639D-03
  0.30965335197411D+01  0.45501862136175D+01 -0.20399789475345D+01  0.23922383937920D-03  0.45638405767313D-03 -0.55676844156807D-04
  0.25576687423320D+01  0.64107131871948D+01 -0.37328238590706D+01 -0.86027251388897D-04  0.21782974974294D-03  0.17308559223878D-03
  0.14612243063733D+01  0.56539309894345D+01 -0.60868776957770D+01  0.64016324693845D-03  0.20084772501872D-03  0.32747651960602D-03
  0.21592014377549D+01  0.50711091145082D+00  0.13049496923964D+00  0.23169411461263D-04 -0.24437608469061D-03 -0.34066320635152D-03
  0.35382622846211D+01  0.15074511224590D+01  0.20276935302357D+01 -0.45077491852307D-03 -0.35295642390806D-03 -0.54482347768065D-03
  0.45177180915309D+01  0.39819781196616D+01  0.22339492970359D+01 -0.55733518914867D-03 -0.33258311395043D-03  0.46889433460333D-03
  0.41146919600082D+01  0.54163333907352D+01  0.18135330680698D+00 -0.83917911388355D-04  0.59011291873825D-04 -0.25173932056203D-03
  0.65446423473359D+00 -0.15539046224181D+01  0.93805274801508D+00  0.50694669159370D-03 -0.75413368763069D-04 -0.23067334776105D-03
  0.15017430977924D+01 -0.32355731970967D+01  0.27569143276096D+01  0.41033979363421D-03  0.11583154363777D-03  0.64622265688453D-03
  0.34213017001606D+01 -0.25794138724907D+01  0.40730776230374D+01 -0.56528079088456D-03  0.29338641309554D-03 -0.52033801804923D-03
  0.36760644430134D+01 -0.10781872076761D+00  0.42791898792832D+01  0.33033092176419D-03 -0.47270222522605D-03  0.41951160591243D-03
  0.50098541451695D+01  0.86329351546201D+00  0.64912686507355D+01 -0.33722946782080D-03  0.29086468429730D-03  0.27793723202458D-03
  0.55333793119262D+01  0.33527345409053D+01  0.67004813863331D+01  0.82892841708429D-04 -0.58011222713796D-03 -0.23158955990618D-03
  0.57728294019206D+01  0.46092458173416D+01  0.45104447716793D+01 -0.64410752899246D-04  0.10526400972591D-03  0.13846125370138D-03
 -0.19913126814547D+01 -0.17232472967487D+01  0.29455322800778D-01  0.41282363148603D-04 -0.43415389296252D-04 -0.43649835586082D-03
 -0.34804680955297D+01 -0.37827583911236D+01  0.57504879830571D+00  0.92675706144077D-03 -0.27049064479400D-06  0.13399101211994D-03
 -0.21140179703995D+01 -0.59254117614904D+01  0.13673113099961D+01 -0.23373063894377D-03 -0.24972783140158D-03 -0.55913437168735D-03
  0.30279456974318D+00 -0.56380772421484D+01  0.26113750229785D+01  0.17277092627168D-03 -0.71777960099617D-03 -0.53810427401026D-03
 -0.28478068965455D+01  0.42007563360330D+00 -0.11712819808045D+01 -0.12126589944720D-03  0.40364547137490D-03 -0.67782755680268D-04
 -0.14151061409289D+00 -0.11471806327348D+01 -0.47754622476519D+01  0.13098527365820D-03 -0.38553687195695D-03  0.19128777559853D-03
  0.14174228874813D+01  0.72848734030685D+01 -0.83320429733518D+01 -0.44527370739606D-03 -0.98715346665213D-04  0.93006323451712D-04
 -0.34188465741486D+01 -0.82679917126972D+01  0.14647868496545D+01 -0.39131300305387D-03 -0.23422534172108D-04 -0.16614002046108D-03
  0.35836741398497D+01  0.80105980846341D+01 -0.32477764528011D+01  0.10407988236456D-02 -0.31778985688067D-03 -0.49946101895779D-03
 -0.12425044237817D+01  0.28025552260104D+01 -0.78315252853676D+01 -0.12666966163784D-02  0.46680438368450D-03  0.28429717283280D-03
  0.64091910436197D+01  0.62996305392041D+01  0.50797451726319D+01 -0.97205533328513D-03  0.86714774881743D-03 -0.94557519770918D-03
  0.47361322019356D+01 -0.27581912045867D+00  0.81367924664540D+01 -0.37104576261224D-03  0.59873092513869D-03 -0.10377311456518D-02
  0.83929829299589D+00 -0.72792444261269D+01  0.35863173055614D+01  0.96313512540394D-03 -0.13155947437935D-02  0.87086007770089D-04
 -0.53628917498812D+01 -0.43396992499772D+01 -0.32311280936182D+00  0.14863954526633D-03 -0.49750835206283D-03 -0.41966142227720D-03
  0.47342669163719D-01  0.91482363810833D+01 -0.82793524256048D+01  0.14341098226946D-03  0.69663568755337D-04  0.37806924877670D-04
  0.26130321052599D+01  0.65326000450194D+01 -0.10593008112692D+02  0.52798775334307D-04  0.39888588158789D-04  0.26617606307548D-03
  0.25049175245192D+01  0.84273158173158D+01 -0.12395829100155D+02  0.10304410803222D-03  0.62996527003663D-03  0.26587128868585D-03
  0.61129751578163D+01  0.47190736595843D+01  0.89969134208872D+01 -0.18286770510883D-03  0.35040986230272D-03 -0.37104956190070D-04
  0.63140725570517D+01  0.35644637535894D+01  0.11068867914648D+02  0.52436240939458D-03  0.13553731176136D-03  0.26128016463594D-03
  0.63332770103906D+01  0.73519219582705D+01  0.90247753489567D+01  0.50515888340813D-03  0.24199669525089D-03 -0.18793050920502D-03
  0.73153401694486D+01  0.82054815869640D+01  0.11245723816243D+02  0.75185868254501D-04  0.37315545304148D-03 -0.32970321093704D-04
 -0.26136932484485D+01 -0.96519259919004D+01 -0.14275433529768D+00 -0.24762497374890D-03 -0.37013974145843D-03  0.11516996467329D-03
 -0.55169399295169D+01 -0.83042597387042D+01  0.30095558600187D+01 -0.27175166305809D-03 -0.15455400679710D-03  0.13641930535478D-03
 -0.73702770409670D+01 -0.10151742349662D+02  0.20678233357206D+01 -0.64274900668676D-03 -0.24204376914330D-03  0.54193050282622D-03
 -0.55317428368112D+01  0.61148132117880D+00 -0.11976057930873D+01 -0.71554230237242D-04 -0.15711107311106D-03  0.20593784734559D-03
  0.13211386531658D+01 -0.32763803595272D+01 -0.39048836361634D+01 -0.39145256773311D-04 -0.40617870224709D-03  0.52519035369469D-03
 -0.63916531469293D+01 -0.10742909440638D+02  0.11503457325856D+00  0.77263425693859D-03  0.17047964693667D-03 -0.64189095882060D-03
 -0.92161529265419D+01 -0.93092061710358D+01  0.16844308134918D+01 -0.27151908776973D-03 -0.52533361003174D-03  0.37514282368120D-03
 -0.73482934372837D+01 -0.11677695221466D+02  0.32455069424444D+01 -0.78687243783736D-03 -0.79658267265485D-03 -0.84561085200411D-03
  0.83423931125589D+01  0.65904949713063D+01  0.11964686851778D+02 -0.25621949463491D-04  0.31341078887766D-03 -0.39667088767049D-03
  0.62048806911242D+01  0.85749149793257D+01  0.12949899530276D+02 -0.86177364530199D-03  0.46561359728834D-03 -0.10522729774422D-02
  0.85096751561091D+01  0.98538156710938D+01  0.11520011643521D+02 -0.60567838471158D-03 -0.11556868071497D-03  0.50732247306710D-03
 -0.12613582120365D+00 -0.47670435825121D+01 -0.42560250507568D+01  0.29457355910944D-03  0.34075253242160D-03 -0.49626726723601D-04
  0.21806517306337D+01 -0.34863768034115D+01 -0.20868394164097D+01 -0.43780833287494D-03 -0.36426129995950D-03 -0.23517553034758D-03
  0.29124237490341D+01 -0.30505391087882D+01 -0.53676469206532D+01  0.51759964560036D-03 -0.64364039594801D-04 -0.10295786773189D-02
 -0.59456458188251D+01  0.22680464711385D+01 -0.25843951632797D+01 -0.75491344173543D-03  0.14787032649305D-02  0.42575723967111D-03
 -0.62985229967969D+01  0.77650906248071D+00  0.84785635372377D+00 -0.13605975697949D-03  0.11396972140379D-02  0.93966767297858D-03
 -0.62362947796376D+01 -0.10932560361208D+01 -0.22463764603104D+01  0.10808021494122D-02 -0.34541484294100D-04 -0.19865929731302D-02
  0.31541924383314D+01  0.10398547573605D+02 -0.12001059530055D+02  0.69965308594619D-03  0.77951791857625D-04 -0.25634345480001D-03
  0.68664035410497D+00  0.81933574290506D+01 -0.13423936061934D+02  0.22770500288237D-03 -0.53073233726145D-04  0.56958047506754D-03
  0.36148115984507D+01  0.80603556178086D+01 -0.13942710482034D+02  0.11204960655859D-02 -0.47404438824519D-03  0.96817445662722D-03
 -0.71198237740180D+01  0.38256068170817D+01  0.73822323660363D+01 -0.71607728793103D-04  0.36770154588309D-03  0.50528868067373D-03
 -0.72151349632553D+01  0.23052799928740D+01  0.93847815490175D+01  0.45316031068048D-03 -0.27298521400941D-03  0.55494122093077D-03
 -0.48341270763955D+01  0.12565043446778D+01  0.10486452205806D+02  0.36619873410581D-03 -0.23074508734588D-03 -0.76667034150239D-03
 -0.25934482749783D+01  0.12394896579629D+01  0.90480705291001D+01 -0.42069795022050D-03 -0.40711606276084D-03 -0.12756804278939D-03
 -0.24216067928161D+01  0.30577470764946D+01  0.72726976094457D+01  0.40083762693093D-03 -0.12312346946054D-03  0.47499447223964D-03
 -0.44021878872293D+01  0.44289091217130D+01  0.65860243761823D+01 -0.14031259344357D-03 -0.59462635267701D-04 -0.23472556216648D-03
 -0.48958105776407D+01 -0.18055575136553D+00  0.12785738129858D+02  0.49963170740101D-04 -0.92166757321671D-03 -0.23405399647095D-03
 -0.31347772032400D+01 -0.22776334429643D+01  0.12841851819954D+02 -0.51263362478082D-03 -0.13411705256263D-03 -0.10524226252461D-03
 -0.14721678223187D+01 -0.24308736834854D+01  0.10710590331796D+02  0.29511052292545D-03  0.38696353950963D-03 -0.70679787808374D-03
 -0.72421271103679D+00 -0.44605222907947D+00  0.93451215908093D+01  0.40241054320859D-03  0.10896972374416D-03  0.63888944339995D-04
 -0.64034151147694D+01  0.26769837071377D+00  0.15002767873747D+02  0.24879278038661D-04  0.11162967167798D-03 -0.59062510126042D-03
 -0.72325138208009D+01 -0.20275973644178D+01  0.15977904019470D+02  0.20205048172176D-03 -0.27058666711945D-03 -0.61124212011939D-04
 -0.63556661713375D+01 -0.42825134084083D+01  0.15352390684577D+02 -0.39751899701454D-03 -0.14898910955994D-03  0.72395883893867D-03
 -0.43256486888692D+01 -0.45175888133699D+01  0.13804435943170D+02 -0.73664244126263D-04  0.14853409608615D-03  0.77242050255568D-03
 -0.31135732351456D+01 -0.67437161252527D+01  0.13459230956983D+02 -0.42179811908099D-03  0.48076288580007D-03 -0.34079014688227D-03
 -0.80918646419066D+00 -0.67839077594737D+01  0.12061791360649D+02  0.39360340335833D-04 -0.25643618606361D-03  0.10893332274579D-03
 -0.20095393449382D+00 -0.49254053578642D+01  0.10342076285369D+02  0.56717116332753D-03 -0.34532970972479D-03 -0.50799765143170D-03
 -0.71547330478070D+01  0.27863447420165D+01  0.15575016270207D+02  0.46864697928397D-03  0.18851876293104D-04 -0.81625170344921D-04
 -0.90712185816117D+01  0.28276543690895D+01  0.17417100792295D+02 -0.18102840000728D-03 -0.51748922661740D-03 -0.44244923624029D-03
 -0.97730860969770D+01  0.66608895323396D+00  0.18856456870757D+02 -0.17858017097138D-03 -0.11554921517775D-03  0.11850648744371D-03
 -0.90209893245434D+01 -0.15809911985855D+01  0.18006228482327D+02 -0.35077787210427D-03  0.82041861167330D-03 -0.15949218223878D-03
 -0.60858168444550D+01  0.48612221223672D+01  0.14514487760777D+02 -0.76678117804514D-05 -0.22058265829203D-03 -0.96216373545444D-04
 -0.94780442684075D+01  0.12739384805879D+01  0.10535301490598D+02  0.54059130097871D-03 -0.31474465756237D-03  0.39385184085966D-03
 -0.40268382566170D+01  0.66277155751791D+01  0.46670564749142D+01  0.30366376278156D-03  0.77479097702195D-04 -0.56734248784609D-03
 -0.11566257845548D+02  0.11380219317153D+01  0.21047408912673D+02 -0.31516993775159D-03  0.20924957025456D-03  0.18719072371297D-04
 -0.69059546011290D+00  0.29536526900853D+01  0.62703462808685D+01 -0.97143592581842D-04  0.26663318284163D-03  0.13086372803429D-02
 -0.85149509027408D+01  0.51168530106275D+01  0.67325350933810D+01 -0.16206425232158D-03 -0.34947052490828D-03  0.74819450252805D-03
  0.11446312649420D+01 -0.52633274569812D+01  0.92055401496225D+01 -0.64957855552761D-03  0.59055956090073D-03  0.10671830383869D-02
 -0.32980250166116D+01 -0.80605798050907D+01  0.15042455978212D+02  0.94365045023982D-03 -0.11637587406107D-03  0.10131620315600D-02
 -0.99380603130578D+01 -0.32552555193828D+01  0.18689817463642D+02 -0.12000514199282D-03  0.63326286838265D-03  0.13844659615125D-04
 -0.93677992487253D+01  0.47590843318548D+01  0.18254945368506D+02 -0.32044362474463D-03 -0.56146108070203D-03 -0.32633459204443D-03
 -0.57985191188359D+01  0.80391648569831D+01  0.39722853179433D+01  0.29938405008425D-04  0.22219302457888D-03  0.34380562410316D-03
 -0.16593763169919D+01  0.62647766257525D+01  0.36831891905719D+01  0.63976936490989D-04  0.88749943715615D-04  0.13894688420436D-03
 -0.20992418239900D+01  0.75596229834964D+01  0.10271230126297D+01 -0.58457556614679D-03  0.45814878006289D-03  0.47303619601413D-03
  0.29529087694969D+00 -0.90961579342409D+01  0.11983964055815D+02 -0.65260413468576D-04 -0.56764206588492D-03 -0.15387008577737D-03
  0.17253845845785D+01 -0.95092869781923D+01  0.10252950305743D+02  0.16956401299505D-03 -0.21189737052121D-03 -0.55097836659575D-03
 -0.56523046062612D+00 -0.10924254642493D+02  0.13762058601806D+02 -0.21078625605239D-03  0.24669975978433D-03  0.10126757198020D-03
  0.71635054752273D+00 -0.13163023239085D+02  0.13392943600188D+02 -0.25254232932765D-03  0.21791734956924D-03  0.10271909448740D-03
 -0.13701345409319D+02  0.14492421954150D+01  0.20299602258239D+02 -0.17229106567929D-03  0.25346840939913D-03 -0.57893102669410D-03
 -0.10635060208340D+02  0.96473365955266D+00  0.23472527654750D+02 -0.23460124224014D-04  0.17927071167769D-04 -0.33205561217716D-03
 -0.12287250063005D+02  0.11377301593917D+01  0.25394255137194D+02  0.59988135648106D-03 -0.14568545464287D-03  0.62676253231652D-03
 -0.75634424179516D+01  0.75257655294175D+01  0.14645892133749D+02 -0.29936270790565D-03  0.45318243089914D-03 -0.10037677207132D-03
 -0.11871766847470D+02  0.16836524431171D+01  0.95798722088585D+01 -0.66828912526396D-04 -0.11644921307083D-03  0.40439011528471D-03
 -0.10923638636695D+02  0.30472633649474D-01  0.26637893839874D+02  0.66108943612946D-03  0.10644143483333D-02  0.11871909873044D-02
 -0.14220326081345D+02  0.39760261282487D+00  0.24689868993325D+02 -0.17901795284531D-03  0.57050967570149D-03 -0.50777383739911D-03
 -0.12315010597301D+02  0.34179502815772D+01  0.25617840134069D+02 -0.14426052621793D-02  0.32785165973321D-03  0.36742407703059D-03
  0.62372952236175D+00 -0.14174356661082D+02  0.15171968163410D+02  0.92753893281444D-03  0.27818194045508D-04 -0.23681845351573D-03
  0.27772024996477D+01 -0.12673553993340D+02  0.13055264848367D+02  0.32893818492323D-03 -0.10904108563734D-03  0.10429572804715D-02
 -0.33379654212125D+00 -0.13999374618682D+02  0.11720746575786D+02  0.45122318365501D-05  0.17287937215457D-02  0.49462101497627D-04
 -0.13342255821048D+02  0.36723245252416D+00  0.10035542803574D+02 -0.19961149898536D-03 -0.15838626936421D-02  0.24648977688664D-03
 -0.11521796685336D+02  0.13803887349822D+01  0.75232951798808D+01  0.11678177978292D-02 -0.87153532262599D-04  0.41123719445144D-03
 -0.12601935290789D+02  0.34807392610030D+01  0.10482457054068D+02 -0.48483686831508D-03 -0.54127468775239D-03 -0.13834548543910D-04
 -0.93617771420526D+01  0.78650008061962D+01  0.13438889718443D+02 -0.16296526643182D-02  0.24814321136448D-03  0.55455199347878D-03
 -0.60545425834194D+01  0.87935877515423D+01  0.13809394685403D+02  0.51825410862502D-03 -0.12585745951548D-03  0.66571167586293D-03
 -0.80663021955707D+01  0.81163474622692D+01  0.16661520699093D+02  0.10134733059130D-05  0.12662569958057D-02  0.40932744450293D-03
 -0.40148117877604D+01  0.81201662908447D+01  0.59697439699142D+00  0.26406910420782D-03 -0.12917479483399D-03 -0.23138301594400D-03
 -0.23363123504437D+01  0.58174577391731D+01  0.15059409415302D+00 -0.19860326038527D-03 -0.80249653342975D-03 -0.73776796613635D-03
 -0.52763648804497D+00  0.90349909057107D+01  0.61847363144701D+00  0.35427996068252D-04  0.25244609489787D-03  0.59501005022050D-03
