 -1.0
 -0.19216405744651D+01 -0.74016917344287D+01 -0.15599741461298D+01  0.96355274225298D-04  0.66370166740629D-03 -0.19541822704166D-04
 -0.39942192987635D+01 -0.62359579210319D+01 -0.52351883314612D+00  0.13257107074374D-05 -0.33914046661551D-03 -0.70040167715183D-04
 -0.37532632539051D+01 -0.35650308357572D+01  0.26802819848789D+00  0.62290767652761D-03  0.58528950838290D-03  0.27019627793808D-05
 -0.12875041924051D+01 -0.25307092339705D+01  0.77552494866155D+00 -0.12882070507831D-03 -0.58257754840480D-03 -0.13897993033915D-03
  0.80186294547818D+00 -0.38738341153918D+01  0.81864910474483D-02 -0.25114127810182D-03  0.12526053073305D-03  0.30783222740559D-03
  0.48583768460568D+00 -0.61205510045480D+01 -0.13304111852684D+01 -0.18924232381616D-03 -0.28699542012496D-03 -0.27527282119777D-05
 -0.57433768153088D+01 -0.20088741376169D+01  0.11452816582456D+01 -0.18553190042004D-03  0.13083948877217D-03 -0.22710731298824D-04
 -0.53936230064570D+01  0.31388767355207D+00  0.24648687957904D+01  0.18069117450135D-03  0.17397405492421D-03  0.14486893765981D-03
 -0.28089703481548D+01  0.96532242860024D+00  0.29067720536101D+01  0.22698388857760D-03  0.34293405341540D-03 -0.65421959926646D-04
 -0.74533866387530D+00 -0.38587747197847D+00  0.20405350270424D+01  0.45886661289573D-03 -0.35495061712764D-03 -0.24830626896452D-03
 -0.82947874549752D+01 -0.19134378712027D+01  0.35066818531432D+00  0.80165511452117D-03  0.26809126099253D-03  0.18758696464878D-03
 -0.10229000748852D+02 -0.34048300698813D+00  0.13151985053290D+01  0.13916490893750D-04  0.18329908178165D-03  0.26643208782194D-03
 -0.96675052858995D+01  0.13588505936187D+01  0.30726918721840D+01 -0.46244038078869D-04 -0.24259600897522D-03 -0.36871628023230D-03
 -0.72350988697532D+01  0.18340733403334D+01  0.34800411072943D+01  0.21361924118400D-03  0.37715815353208D-03  0.17492686753279D-03
 -0.65751619356270D+01  0.37603582587300D+01  0.51162240431615D+01  0.38499883626603D-03 -0.46170295883374D-04 -0.19764888360031D-03
 -0.40468653716210D+01  0.45155985181371D+01  0.52294306168894D+01  0.29446611547263D-03 -0.15315621272018D-03  0.14199115496518D-04
 -0.21076188565621D+01  0.31114085407350D+01  0.43809432169266D+01  0.11148586450951D-03  0.61500234101370D-04 -0.31398734764501D-03
 -0.89407333967609D+01 -0.29357797660851D+01 -0.21147946263471D+01  0.48427187287520D-03 -0.43368465145015D-03 -0.44967838239538D-03
 -0.11526290562444D+02 -0.32202599915844D+01 -0.27863108221743D+01 -0.20652165300353D-03  0.70536317248079D-03  0.24768599924504D-03
 -0.13380688602771D+02 -0.14917747215149D+01 -0.19044536577617D+01 -0.46613096707183D-03  0.22707982609192D-03 -0.64024972267017D-04
 -0.12612285436433D+02  0.13625483413260D-01  0.15547392316931D+00  0.41496548080664D-03  0.17665803119652D-03 -0.62542850078662D-03
 -0.71798269063538D+01 -0.38025870898991D+01 -0.37210630644889D+01  0.43277853155443D-04  0.24826520040371D-03 -0.58276237815901D-04
 -0.62581577080021D+01 -0.74831285645144D+01 -0.16609429336893D+00  0.73136860691269D-04  0.31186683498540D-03  0.19917502199258D-03
  0.28656054151982D+01 -0.73103538063591D+01 -0.25035422099715D+01 -0.20620963440015D-03  0.54882309523981D-03  0.16080603645973D-03
 -0.16076178697938D+02 -0.19140453866601D+01 -0.24844669721801D+01 -0.26661697157590D-03 -0.71356483412645D-03 -0.63819425663953D-03
  0.25907170949060D+01 -0.30534379225026D+01  0.57854443560986D+00 -0.48037962974682D-03  0.92083067035343D-03 -0.27326058229380D-03
 -0.23872129234328D+01 -0.92041016468059D+01 -0.25401378640171D+01 -0.66275867961958D-03  0.49997098436471D-03 -0.95914872299498D-03
 -0.25161520471273D+00  0.40278648322506D+01  0.45503514314931D+01  0.14420602835897D-03 -0.98423721054595D-03 -0.10811255984028D-02
 -0.78174127535388D+01  0.46906428781873D+01  0.63930920260895D+01 -0.27321205310226D-03  0.36610991249334D-03 -0.89429034140225D-04
 -0.14022156248900D+02  0.68966691315302D+00  0.14752081971459D+01  0.53791628077078D-03 -0.19999457647188D-03  0.31586763127303D-03
 -0.11731020773599D+02 -0.44403262438741D+01 -0.43264408136797D+01  0.59902722158860D-03 -0.24313334263052D-04 -0.58599925342531D-04
  0.46504293688498D+01 -0.61282507866206D+01 -0.33068708154156D+01 -0.40267325066823D-04  0.21766252496673D-03 -0.25929861221338D-04
  0.23169022718377D+01 -0.97862766036713D+01 -0.32931566001556D+01 -0.23429611442436D-03 -0.12463310560536D-03  0.24381936882308D-03
  0.36129291654779D+01 -0.10403005707463D+02 -0.55268610053334D+01 -0.45483436301824D-03  0.49598350939417D-04 -0.81364030840657D-04
 -0.33394867824079D+01  0.68300460562183D+01  0.65793817029672D+01 -0.23115707912609D-04 -0.58166722114712D-04  0.39608179747275D-03
 -0.12884503818818D+01  0.72694053156908D+01  0.75648393888955D+01 -0.46164061194465D-03  0.49371673923951D-04 -0.34605120854890D-04
 -0.49338463677375D+01  0.86992671809194D+01  0.61317716363757D+01 -0.34399811977475D-03 -0.33308932214663D-03 -0.28352225487638D-03
 -0.41638856933546D+01  0.10932742701218D+02  0.76051238540931D+01 -0.38885292608553D-03  0.53359350584929D-04  0.20447946608288D-03
 -0.16905879866876D+02 -0.36138212708800D+01 -0.37098129419459D+01  0.63265136093134D-05 -0.27129266544275D-03 -0.80341452408783D-04
 -0.17514581000571D+02 -0.24929252127852D+00 -0.10206858787657D+01 -0.23618802591424D-03 -0.14345915778324D-04  0.10206784646878D-03
 -0.19366842260892D+02 -0.15872486633085D+01  0.62673688662734D+00  0.36467741139507D-03 -0.84410870928403D-04  0.18862086420333D-03
 -0.79377195257761D+01 -0.47737599165174D+01 -0.60652533771328D+01 -0.83942782762821D-04  0.25648101766643D-03  0.24585919161872D-03
 -0.72953121920998D+01 -0.77553117412732D+01  0.25245533575975D+01 -0.20328044500325D-03  0.38348526707073D-03  0.63905276459412D-03
 -0.21195183928378D+02 -0.17805099953533D+01 -0.53533070596069D+00  0.30260254039750D-03  0.10928670808624D-03  0.91140281158227D-04
 -0.19763085275260D+02 -0.23809211391502D+00  0.23475365859309D+01 -0.34741167213376D-03  0.81609417463988D-03  0.48817685203867D-03
 -0.18876942697437D+02 -0.34173057028195D+01  0.11839316626032D+01  0.45001892693357D-03  0.13621388579184D-03 -0.32676225696091D-03
 -0.22615980555717D+01  0.10682642848571D+02  0.83036272399994D+01  0.77160405151406D-03 -0.47246586234637D-03 -0.12735848426313D-02
 -0.55397756651380D+01  0.10870438135390D+02  0.92275469339892D+01  0.51590493259743D-03  0.15667773734578D-02  0.44628867790855D-03
 -0.43017915632447D+01  0.12406242158819D+02  0.61062923945539D+01 -0.32936764998693D-04 -0.38496342501229D-03  0.35086274489573D-03
 -0.78272844880979D+01 -0.58390328211709D+01  0.31596397896143D+01 -0.78656825240863D-03  0.60075963081392D-03 -0.67494980741342D-03
 -0.58284428579375D+01 -0.87827319252742D+01  0.37607568918262D+01  0.87907966126280D-03 -0.25409413920100D-03  0.80650024921367D-03
 -0.88606206972138D+01 -0.88363247922150D+01  0.23627599701252D+01  0.57363432187433D-03  0.91217930483747D-04  0.40478810754422D-03
 -0.63462602682746D+01 -0.50066440398635D+01 -0.71772902660225D+01 -0.98719066304273D-04  0.51966325978105D-04  0.26509098938629D-03
 -0.89633274562402D+01 -0.34131499679275D+01 -0.71090220895996D+01  0.15803848488212D-03 -0.42562095197515D-03  0.89067681581552D-03
 -0.88593824983100D+01 -0.67733843985886D+01 -0.59549761206127D+01  0.75855654969933D-04 -0.65953116714731D-04 -0.90936636703497D-04
  0.36667677037709D+01 -0.85428059805337D+01 -0.66285990894450D+01  0.49714288226890D-03  0.99730757198617D-03 -0.39196430433092D-03
  0.23018952081466D+01 -0.11579235328773D+02 -0.68538328364794D+01 -0.11312760750787D-03 -0.13721034132353D-04 -0.12908335245981D-03
  0.56139870322311D+01 -0.11231069359294D+02 -0.49394572253995D+01 -0.71052324595820D-04 -0.16766182797340D-03  0.11075257361414D-02
  0.28227142611478D+01  0.64501269242848D+01  0.18268589308295D+02 -0.12084575961190D-03  0.32667065382113D-04 -0.22186775243410D-03
  0.14600602742136D+01  0.57603985489809D+01  0.16016179499220D+02  0.29055000446865D-03 -0.63113644120912D-04 -0.46132399552136D-03
  0.27403860235657D+01  0.44057001875215D+01  0.14087449572122D+02 -0.14966941719264D-03  0.28367074411215D-03 -0.21160130635180D-03
  0.53819568353699D+01  0.49455866455114D+01  0.13997092642035D+02  0.45873305096576D-03  0.47790379965255D-03  0.32614430008326D-03
  0.67723478938450D+01  0.58809938857464D+01  0.16183784555756D+02  0.32942526190558D-03  0.58342258633532D-03  0.43850708052461D-03
  0.55291372144843D+01  0.61634131255494D+01  0.18366818465615D+02 -0.27031004180994D-03 -0.37743408297148D-03 -0.73699086082699D-03
  0.16085788456695D+01  0.28133508959702D+01  0.12223170984868D+02 -0.23955736246414D-03 -0.14707047273060D-03  0.50587288668904D-05
  0.31580813375723D+01  0.24071736560988D+01  0.10023065395619D+02 -0.44103337494144D-03 -0.48230283833450D-03 -0.32132216184209D-05
  0.56047627477005D+01  0.34372882433308D+01  0.98819730226209D+01 -0.57909664718089D-03 -0.19280419567530D-04  0.69689639345614D-03
  0.68548235434531D+01  0.43928208070185D+01  0.11930968308129D+02  0.51267349511663D-03 -0.14012030556419D-03 -0.99567016021666D-04
 -0.76340456196235D+00  0.13958003712195D+01  0.12323255531942D+02 -0.38197558915111D-03 -0.13570283367566D-04 -0.90628235080963D-04
 -0.15115093962138D+01  0.26966288274196D+00  0.99577618276637D+01  0.11772386806927D-03 -0.25540476586925D-03  0.24666641698016D-03
 -0.13768705069122D+00 -0.23847798141501D+00  0.79961278735195D+01 -0.16719202196054D-03 -0.53889065497289D-03  0.32212808699766D-03
  0.23122981631766D+01  0.60366198305387D+00  0.81387375774062D+01  0.12303739032834D-02 -0.67934986493930D-03  0.27393512031835D-04
  0.40748800534631D+01 -0.30564089638666D+00  0.63694715127061D+01 -0.12253918617044D-03 -0.35902512432838D-03  0.19922090884552D-03
  0.64696379767913D+01  0.86766387049269D+00  0.60124429109156D+01  0.87045648897949D-04 -0.42125913402085D-03 -0.98674007061662D-05
  0.71302702853875D+01  0.26224985719274D+01  0.78495994006487D+01 -0.25050955339580D-03 -0.22566593113044D-03 -0.13222913887208D-03
 -0.22603625888148D+01  0.12925697368623D+01  0.14430738377606D+02  0.37524306346250D-03  0.25999303421322D-03 -0.41226416246054D-03
 -0.48264119920016D+01  0.43249185043552D+00  0.14126624180180D+02  0.53307289153238D-04 -0.14002029247869D-03  0.82582645447927D-03
 -0.55441453424033D+01 -0.20290401337199D+00  0.11604781875938D+02 -0.17693919790598D-03  0.45872041422346D-03 -0.19610117890234D-03
 -0.39732939109953D+01 -0.28569720520071D+00  0.96294901378567D+01 -0.28667853986219D-04  0.31168611830612D-03 -0.27937949560687D-05
 -0.12582947316292D+01  0.18766281039511D+01  0.16722841730687D+02 -0.33400216220657D-03  0.20401666001754D-03 -0.40677287827869D-03
 -0.87621753514082D+00  0.67204367085850D+01  0.16005714142095D+02 -0.37554839162861D-03 -0.10477308251487D-03  0.20888896082404D-03
  0.69591896440639D+01  0.74938375908510D+01  0.20531654934235D+02  0.29294020502417D-03  0.51849131377119D-03 -0.43376270993692D-03
 -0.81319248018998D+01 -0.98790017141503D+00  0.10970357029179D+02  0.53041368005547D-03 -0.23512726268319D-03  0.21255328605332D-03
  0.87551151241811D+01  0.59043340171730D+01  0.16211240418098D+02 -0.66834287218914D-03  0.61542873068481D-03 -0.46344063955406D-04
  0.21933530184639D+01  0.75780861716026D+01  0.19813630362888D+02  0.12985261465911D-03 -0.41867108968940D-03  0.22326488910808D-03
  0.90533787303123D+01  0.33231291462227D+01  0.76303346061551D+01 -0.12593200282272D-03 -0.92358103893416D-03  0.70729131051627D-04
  0.34509166342629D+01 -0.11363770041437D+01  0.44964684604072D+01  0.61783716789666D-04 -0.66151960381956D-05 -0.68056996945040D-03
 -0.45877095288943D+01 -0.99431540700068D+00  0.78261826801168D+01 -0.34367618004459D-03 -0.12969784136910D-04 -0.24088975500728D-03
 -0.61064847870775D+01  0.27193766845456D+00  0.15783629028484D+02 -0.98767101766936D-03 -0.69329666900802D-04  0.82240902969490D-03
  0.57066007938526D+01  0.86946231348044D+01  0.21939827483586D+02 -0.49364109353419D-03 -0.11335336303710D-03 -0.35489099090897D-03
  0.95205482851460D+01  0.69649379267867D+01  0.20728174758744D+02 -0.85323523510042D-04  0.32375243274466D-03 -0.30372260115444D-03
  0.10899847438283D+02  0.89633026938839D+01  0.22002425075269D+02  0.19885512310148D-03 -0.19054234963473D-03  0.13003166742032D-03
  0.82214123291637D+01  0.36261977100810D+00  0.37804196180097D+01  0.23744500519167D-03 -0.53909640067816D-04  0.24505701234836D-03
  0.10501942645543D+02 -0.10355679780357D+00  0.40508455103988D+01 -0.17597427579332D-03  0.15872892025449D-03 -0.15973372942719D-03
  0.67817306102460D+01 -0.91884845836341D-01  0.16090522537381D+01 -0.16026645044226D-03  0.84962209387660D-04 -0.34037440894027D-03
  0.79229218665454D+01 -0.17503246854109D+01 -0.13438147982139D+00  0.76174290319209D-04  0.15322696856718D-03 -0.19448294248098D-04
 -0.98250875348091D+01 -0.43879708632590D+00  0.12464274257197D+02  0.31407570398555D-03 -0.21450181541188D-04  0.11706607479498D-03
 -0.83129239233123D+01 -0.25216699825480D+01  0.88527482126807D+01 -0.28549010845676D-03 -0.24180423924349D-03  0.57755416112604D-04
 -0.10719054490762D+02 -0.34628124670453D+01  0.85728335142970D+01  0.17461022812638D-04 -0.13478873195929D-03 -0.22678823544532D-03
 -0.29808834095374D+01  0.13585700001173D+01  0.18745347272462D+02  0.42712540991366D-03  0.96923621450409D-05  0.15652497468977D-05
 -0.19246272895523D+01  0.69479562034339D+01  0.13572348548330D+02  0.16617193518311D-03 -0.45662963888056D-04 -0.34298232416533D-06
 -0.10892333671394D+02 -0.46080282327175D+01  0.68139468993943D+01 -0.43856673753305D-03 -0.17707059217440D-03  0.39590940545121D-03
 -0.12350910469513D+02 -0.21036387564141D+01  0.88745409245076D+01 -0.12383199418665D-02  0.40105071629170D-03 -0.29228345559184D-04
 -0.10896710227122D+02 -0.49818851508995D+01  0.99980942708045D+01  0.12588414702213D-02 -0.11627119822580D-03 -0.32135049008945D-03
  0.75348359973121D+01 -0.37719765451483D+01  0.61836665617054D+00  0.19094659069701D-03 -0.68873704670231D-03  0.46885021934141D-03
  0.96103312256692D+01 -0.55004932094652D+00 -0.10373408603112D+01 -0.14417623714309D-03 -0.38962885248009D-03 -0.24524104942260D-03
  0.63606765601928D+01 -0.15289157555885D+01 -0.16974974371302D+01  0.99470500167036D-05 -0.48948806859970D-03  0.77043911255224D-03
 -0.20499239980720D+00  0.73765873760096D+01  0.12545141834047D+02 -0.80897044414397D-04 -0.81808219002631D-03 -0.17209182430467D-04
 -0.33628242442147D+01  0.82475082441170D+01  0.13543036322027D+02 -0.65892562776867D-03 -0.63417940253305D-03  0.28313456124648D-03
 -0.27740075204000D+01  0.52853002223585D+01  0.12688946682257D+02 -0.12621147108121D-02  0.74695380960352D-03 -0.34853852509773D-03
 -0.47135565047366D+01  0.26344839622322D+01  0.18770427762955D+02 -0.39486263806820D-03 -0.59743310577173D-03  0.50044426164749D-03
 -0.18444178464237D+01  0.14844036437549D+01  0.20492242674478D+02  0.50653716013102D-03 -0.36530508064350D-03  0.32514023417492D-03
 -0.32818655900571D+01 -0.75280938126251D+00  0.18746770218570D+02  0.29583991110322D-03 -0.12594656110945D-02  0.10720599950590D-02
  0.12576726083674D+02  0.92021981248831D+01  0.20835477695243D+02 -0.74120426792155D-03  0.30117567524057D-03  0.27460896322168D-03
  0.11219165798424D+02  0.84087471892556D+01  0.23993279437916D+02  0.48186148690315D-03 -0.63561400449236D-03  0.28320945149907D-03
  0.98213295480649D+01  0.10774264818198D+02  0.22070736291546D+02  0.14785263122806D-03 -0.23899057925081D-03  0.41677719664828D-03
