 -1.0
  0.46170066141206D+01  0.23768954079268D+01  0.26757405343154D+00  0.11166227364588D-03 -0.20307694203776D-03 -0.45187410200670D-03
  0.19372572626671D+01  0.22526586853474D+01 -0.51275120060837D+00 -0.18762172554293D-03 -0.30895182955014D-03 -0.74994845064869D-06
  0.15827511333313D+01  0.13867521130315D+01 -0.28993747210191D+01  0.10355677399469D-03 -0.45808790257163D-03  0.17269237124588D-03
  0.34269876073147D+01  0.17504334316591D+01 -0.47981608178294D+01  0.65860706531098D-03  0.83130116497128D-04 -0.51279653403446D-03
  0.58238564490924D+01  0.26593350544862D+01 -0.40615906630636D+01  0.33423541317276D-03  0.21529695681477D-04 -0.51412960760726D-03
  0.64629912830336D+01  0.27542515638064D+01 -0.14854168937501D+01  0.67602025622830D-04  0.60069926825166D-04 -0.29298483637185D-03
 -0.80810672754101D+00  0.53257578573669D+00 -0.39303369784703D+01  0.56245575358123D-04 -0.37209919509093D-03 -0.51481743887412D-03
 -0.14972665196502D+01  0.93883552290207D+00 -0.64294538634804D+01  0.27998401519882D-03  0.11247262297323D-03 -0.32845784509031D-03
  0.60152984966578D+00  0.10818875500173D+01 -0.83630168209805D+01  0.29902954123179D-04  0.27731847899454D-03  0.16397556744106D-03
  0.30393706444796D+01  0.17692780089742D+01 -0.72924180127455D+01 -0.10795097287686D-03 -0.19163254439745D-04  0.25121260188351D-03
 -0.25479238475676D+01 -0.60749744896256D+00 -0.22476272314495D+01  0.64675708878932D-05  0.25528691486182D-03  0.34900938649913D-04
 -0.51290808764659D+01 -0.58749074113239D+00 -0.29272622439838D+01  0.22041779143124D-03 -0.11718607182639D-03  0.32355527846260D-03
 -0.58172669529799D+01 -0.70418220887943D+00 -0.54549762524224D+01 -0.38480895941146D-03  0.16314017643734D-03 -0.34331045247381D-04
 -0.38760263841461D+01 -0.12513825341299D-01 -0.73666589282128D+01  0.42009628707457D-03  0.23227388424447D-03 -0.18744028029984D-03
 -0.44338044662441D+01 -0.27886194408866D+00 -0.99473154875831D+01  0.17333207586694D-03  0.26700616765538D-03 -0.15855760097278D-03
 -0.25841756637186D+01  0.30463380682644D+00 -0.11647723680699D+02 -0.52338844453301D-04  0.13783767758004D-03  0.33905277636500D-04
 -0.10999192067713D+00  0.74478291218399D+00 -0.10869393662049D+02  0.43109483642393D-03  0.53241524549210D-03 -0.61843818807214D-04
 -0.19596644484956D+01 -0.25824480051777D+01 -0.20004198560151D+00  0.29868455864215D-03 -0.31803330676187D-03 -0.76529493655669D-03
 -0.38085379481151D+01 -0.30750983681343D+01  0.18847218935968D+01 -0.31766358910878D-03  0.14166764701373D-03  0.89454023179042D-03
 -0.63036343517377D+01 -0.16794179732614D+01  0.15580112452904D+01 -0.16421392030289D-03 -0.51503683933755D-04  0.32033563683405D-03
 -0.69496611912215D+01 -0.12364385163649D+01 -0.12692447379677D+01  0.65073637387107D-03 -0.70910128179467D-03 -0.92590700989523D-03
  0.34776707978489D+00 -0.40901668033332D+01 -0.38737871199596D+00  0.18308465801443D-03  0.13809682113745D-03 -0.19404657574215D-03
  0.22158478162652D+00  0.33054242223189D+01  0.10258387185517D+01 -0.13508994195614D-03 -0.26473642651564D-03 -0.39680176304101D-03
  0.93405519833350D+01  0.25230776390690D+01 -0.87544698530425D+00 -0.17326341994998D-03  0.24085672856055D-03  0.71396308944606D-04
 -0.86974907608629D+01 -0.18294734969758D+01  0.30104598989845D+01 -0.12343845216305D-04  0.34759543468482D-03  0.34085015946648D-03
  0.69518525133162D+01  0.30807582612346D+01 -0.56834238761878D+01 -0.90789332976736D-03  0.53848728533147D-03 -0.14064572172741D-03
  0.50516963674492D+01  0.24209963578467D+01  0.22950197134513D+01 -0.24195214760079D-04 -0.37225515922153D-03  0.97570424095412D-03
  0.12276468504788D+01  0.11598557097960D+01 -0.12272065300316D+02 -0.71589545070224D-03  0.27788391246263D-03 -0.22922809025213D-03
 -0.64812101984989D+01 -0.77928793896780D+00 -0.10372066054109D+02 -0.47299717198154D-03 -0.10515050409991D-03 -0.10869709426071D-02
 -0.87531028731586D+01 -0.34670416624700D+00 -0.15458908517431D+01 -0.20675207601138D-03  0.43220372775964D-03  0.14978024564347D-02
 -0.33574565874594D+01 -0.41157707670927D+01  0.38218488021290D+01  0.72446415763634D-03 -0.12755945532607D-02  0.65780479427204D-03
  0.10202736630150D+02  0.19183200532560D+01  0.11631582906081D+01  0.31388632030456D-04 -0.20637163472857D-03  0.37927577649565D-03
  0.10956908645083D+02  0.22644714290498D+01 -0.29882516343781D+01  0.16017885868960D-03  0.22745510546751D-04  0.15128167373751D-03
  0.13038529948758D+02  0.68252651530514D+00 -0.25471293499980D+01 -0.84159921341248D-03 -0.61806421966082D-03 -0.22875272569333D-03
 -0.28642105688187D+01 -0.65055014705817D-01 -0.14570416533049D+02 -0.41055282682295D-03 -0.20889936275297D-04 -0.36070404850363D-03
 -0.12874742364154D+01  0.88113713187964D+00 -0.15894523515155D+02 -0.10983078663123D-03  0.22208168818687D-03  0.11002165235867D-03
 -0.46685821776659D+01 -0.19401319849616D+01 -0.15066052190908D+02  0.54678198630594D-04  0.12865693029111D-03  0.18928246147116D-03
 -0.43090281640208D+01 -0.31592354536452D+01 -0.17569220410320D+02  0.48779712265459D-03  0.60491778214974D-03  0.27417808574419D-03
 -0.88539141845232D+01 -0.32725435562348D+01  0.48134693267319D+01 -0.60532940793933D-03  0.57530977774904D-03  0.54912734500854D-03
 -0.10443445196605D+02 -0.27940478627639D+00  0.22053525893802D+01 -0.14931875378485D-03 -0.12283053092285D-03 -0.13906204536366D-03
 -0.12313939380169D+02 -0.51315040796903D+00  0.40600820266550D+01 -0.36129693477494D-03  0.70068984644006D-04 -0.27497313454852D-04
 -0.23913973022745D+00 -0.66316617068883D+01 -0.25766532714489D+00  0.29817800675841D-04  0.33819744914361D-03 -0.54186207234384D-03
  0.43939752118868D+00  0.25171156562787D+01  0.36506578875104D+01  0.90260758411184D-03 -0.66031425062635D-03  0.65123128298701D-03
 -0.11664161061597D+02 -0.55514331604873D+00  0.59157982319342D+01 -0.31710982181261D-03  0.11338746987242D-02 -0.33655059294522D-03
 -0.13488209815555D+02 -0.21129409366148D+01  0.36598222561625D+01 -0.90269656402138D-03 -0.76973513611674D-04 -0.26450454244293D-03
 -0.13924651651730D+02  0.10938805960412D+01  0.39303201467699D+01  0.71216104789795D-04  0.40282107223710D-04  0.62856529565970D-03
 -0.63102365720127D+01 -0.34882702551837D+01 -0.18481682555224D+02 -0.15150716799932D-02  0.39092361240199D-03  0.14809773627258D-03
 -0.30599013652505D+01 -0.49994148188967D+01 -0.17615915126428D+02  0.55465115297619D-03  0.18967518141265D-03  0.46853399090515D-03
 -0.33319298209527D+01 -0.15639586267824D+01 -0.18569005684311D+02 -0.10995632171284D-03 -0.10856666872904D-02  0.88712159382854D-03
 -0.60836401789800D+00  0.76109950260978D+00  0.36512336151806D+01 -0.62322432306762D-03 -0.94749814576745D-04 -0.52480211749831D-03
 -0.30189161645142D+00  0.35819934119810D+01  0.52337686309162D+01  0.62325674978548D-03  0.11906718873676D-03  0.43082836521052D-05
  0.26489993560769D+01  0.24224512279572D+01  0.42054432797130D+01  0.12657540527711D-02 -0.63015219615709D-04  0.48558123266808D-03
  0.84344781612203D+00 -0.70811543327699D+01 -0.17968328188343D+01  0.49703846345511D-04 -0.76922325881241D-03  0.36362989312661D-03
 -0.21150171503002D+01 -0.69220279410581D+01 -0.79297468193471D+00  0.44356144780143D-03 -0.99705585474398D-03 -0.42641375392409D-03
  0.43928640617632D-01 -0.72158797720299D+01  0.17334061442260D+01 -0.36983538854542D-03 -0.92606600987738D-04 -0.44939544046075D-03
  0.12877685439461D+02 -0.12693076651466D+01 -0.34831122592081D+01 -0.59293043531687D-03  0.17808941563645D-03  0.27275481936636D-03
  0.13149518969399D+02 -0.57144601296127D-01 -0.52117735686361D+00 -0.17334897103086D-03 -0.54171564117509D-03 -0.26222823599178D-03
  0.14503437842961D+02  0.16152902920349D+01 -0.33525062931487D+01 -0.13241681246992D-02 -0.18019598149478D-03 -0.73113895928440D-03
  0.71990708267014D+00 -0.76779964667700D-01  0.10826169963260D+02 -0.35512778151236D-03  0.17928129024368D-03  0.36677250780920D-03
  0.12803446661870D-01  0.10211728240775D+01  0.13216911167536D+02  0.37822336048998D-03  0.14473314111306D-03 -0.28602037121443D-03
 -0.26049740576501D+01  0.12091909997139D+01  0.13786434458661D+02  0.47613352386588D-03 -0.25632307757443D-03  0.41585043793896D-03
 -0.43647744081278D+01  0.62490801803876D+00  0.11738413685392D+02  0.37740093840891D-03 -0.91838588026866D-04  0.29800504806520D-03
 -0.36446796754382D+01 -0.86359933177693D+00  0.96542094296047D+01  0.38582704530034D-03 -0.33986631068097D-03 -0.33723568348869D-03
 -0.10305116509801D+01 -0.11071418738944D+01  0.91468868894119D+01  0.12799330057868D-03 -0.71189776763661D-04 -0.31018884552053D-03
 -0.36957507429063D+01  0.16297558383006D+01  0.16216290771366D+02 -0.35753049635670D-03  0.11108744207542D-03 -0.56865417567301D-03
 -0.62216032826660D+01  0.24147185506598D+01  0.16330342963754D+02  0.18591455354609D-03 -0.46189649778041D-03  0.24571543033316D-03
 -0.78735230916758D+01  0.18501113515962D+01  0.14036546050052D+02  0.77125246563463D-04 -0.15737819268386D-04 -0.56948318633530D-03
 -0.68458694413232D+01  0.84723557481894D+00  0.12026541582647D+02  0.67989073759089D-03 -0.55020476463779D-04  0.29193344467769D-03
 -0.24951309164818D+01  0.13090823039003D+01  0.18528744334345D+02 -0.38064735270629D-03 -0.26090670031036D-03 -0.65996910510935D-03
 -0.38433252684709D+01  0.26789556448985D+01  0.20718335537839D+02 -0.76301302200313D-03  0.17607636878774D-03 -0.43188257155250D-03
 -0.59790276502385D+01  0.40483957965376D+01  0.20498264145306D+02 -0.40920154547864D-03 -0.33518890679405D-04  0.29024265086283D-03
 -0.71795082953598D+01  0.38306091657721D+01  0.18383213655962D+02  0.80528401268685D-03  0.26611683967279D-03 -0.56156937073115D-03
 -0.97194254342446D+01  0.45765316942042D+01  0.18359408032501D+02  0.51272263831527D-03  0.48011066159159D-04 -0.12285234772886D-03
 -0.11130823573920D+02  0.44738485138498D+01  0.16175119717577D+02  0.11341948277795D-03  0.37888100085773D-03 -0.18897136001441D-03
 -0.10284592099249D+02  0.27985199440929D+01  0.14235762733346D+02 -0.69484500512093D-03 -0.69316863594005D-03  0.32257474628212D-04
 -0.98511674095488D+00 -0.97491874024078D+00  0.19061818072226D+02 -0.14877053693108D-03 -0.38344659184523D-03 -0.17069843760350D-03
  0.20977843350508D+00 -0.11920564871801D+01  0.21500744080853D+02 -0.51896367493841D-03 -0.27823229972320D-03  0.15049508386036D-03
 -0.78903806243608D+00  0.30839297811792D+00  0.23670398515098D+02 -0.10326525882930D-03  0.25418652787126D-03  0.51345831858589D-03
 -0.27348795426146D+01  0.19101251132558D+01  0.23292681410847D+02  0.40045267889099D-03  0.31133533125724D-03 -0.42179425259860D-03
 -0.45673347078498D+00 -0.25738267927123D+01  0.16938461699014D+02  0.33789201071699D-03  0.23154964890337D-03 -0.11767786421772D-03
  0.17204307945941D+01  0.20626245321653D+01  0.15033759552328D+02 -0.12220083688118D-03  0.18426284809819D-03  0.19365397668972D-03
 -0.98857239711149D-01 -0.28143953810162D+01  0.73223967291651D+01  0.25564577252789D-03  0.13395839835050D-04  0.23195650134686D-03
 -0.93567097855294D-02 -0.49671381584187D+00  0.26229038719098D+02 -0.25840896081544D-03  0.30678752225490D-03 -0.11196667437331D-03
 -0.51190842123002D+01 -0.11883355212894D+01  0.83707794694097D+01  0.21154194229448D-03  0.68569392683009D-03 -0.57467256326658D-03
  0.26502328538840D+01 -0.46615345551262D+00  0.10433766752604D+02 -0.71763708045503D-03  0.10571612917969D-03  0.53284495202108D-03
 -0.11236721233127D+02  0.30577246711246D+01  0.12477092452150D+02 -0.61408716423123D-05  0.66640155532097D-03  0.44757383423878D-03
 -0.10607927124773D+02  0.54608529831430D+01  0.19947716933738D+02 -0.28053866146707D-03 -0.79835578772662D-03  0.25745793775229D-03
 -0.31495073240582D+01  0.32159134084587D+01  0.24772211664118D+02  0.13140116258670D-02  0.27979901738941D-03 -0.85534162065586D-03
  0.13772313825753D+01 -0.27194275446623D+01  0.22179381237366D+02 -0.60862444433214D-03  0.30098445986192D-03  0.26115136067758D-03
 -0.97176792817274D+00 -0.48720130437983D+01  0.66895893207713D+01 -0.14016029616334D-03 -0.27071508799962D-04  0.32855296864684D-03
  0.21621376872906D+01 -0.19326838765002D+01  0.63769509103148D+01  0.27326773370912D-03  0.51229204329164D-03 -0.13660947331852D-03
  0.31888863473279D+01 -0.31323822448270D+01  0.40844744653171D+01 -0.50171608600211D-03 -0.30228240866509D-03  0.78762929353973D-03
 -0.13708515881503D+02  0.57193196356911D+01  0.15728912688123D+02 -0.64068693046491D-03 -0.24893576683558D-03 -0.21925799968182D-03
 -0.14641912313053D+02  0.55595399032464D+01  0.13607951379225D+02 -0.84088466384413D-04 -0.64504766356698D-03  0.24140277865824D-03
 -0.15022884350103D+02  0.70611876497138D+01  0.17474806126878D+02 -0.10591972995482D-04 -0.31865913142202D-03  0.18028645446298D-03
 -0.16673320864624D+02  0.85907626093365D+01  0.16420454340859D+02  0.51619347090886D-03 -0.13612631755949D-03  0.11662537455094D-03
 -0.51004235644723D-01 -0.28704850675617D+01  0.26779036534626D+02  0.20644118231256D-03  0.33298980164982D-03  0.51917247142997D-03
  0.89725506925803D+00  0.11830565450773D+01  0.27682010511792D+02  0.97349459786206D-04  0.71529191643207D-04  0.13314812270352D-03
  0.70917941940111D+00  0.31722716362645D+00  0.30398574128920D+02 -0.39061532005976D-03  0.25010552009554D-03 -0.40353647553202D-03
 -0.17382884378347D+01 -0.49460007687072D+01  0.16535900859615D+02  0.22389254824691D-03  0.15246277110411D-03 -0.59594643326187D-04
  0.43971154514513D+01  0.19861397816419D+01  0.14331571299631D+02 -0.15652146581681D-04  0.33626991547804D-03  0.48636980003231D-03
  0.23056549338528D+01  0.12382304104302D+01  0.31345247799947D+02 -0.34279423577831D-03  0.47870837433384D-03 -0.39605344503488D-04
  0.55185586967987D+00 -0.17465464623662D+01  0.30459685110670D+02 -0.25096390292769D-03 -0.13815774265228D-02 -0.56121955945992D-03
 -0.12163319691262D+01  0.10125179165683D+01  0.31180186714259D+02 -0.14984269313372D-03  0.22520149035141D-03 -0.75224073523297D-03
 -0.16247008997550D+02  0.10306754795986D+02  0.15467311634794D+02 -0.99754706490955D-03 -0.39153355498578D-03 -0.31329994701387D-03
 -0.18115279371341D+02  0.88366189798651D+01  0.18028866892756D+02 -0.57249744153419D-03 -0.16036110332967D-03  0.18579423271761D-03
 -0.17823648057029D+02  0.73295708041145D+01  0.15145067951256D+02 -0.66393357670507D-04  0.79117337511809D-03  0.52633056658528D-03
  0.51873133560483D+01  0.38173503287323D+01  0.14791880124498D+02  0.49739497015328D-03 -0.88876126074153D-04 -0.92889635244678D-05
  0.42426468270225D+01  0.14478428617610D+01  0.12258562454432D+02 -0.37938953483279D-03 -0.56157630025390D-03  0.98020465909782D-04
  0.55775881183624D+01  0.49523991302567D+00  0.15468184971214D+02  0.86342463186006D-04 -0.54550292129428D-03 -0.69692443438365D-03
 -0.54364296774207D+00 -0.66120435416938D+01  0.16518372583737D+02 -0.43350936564617D-03  0.49955815024056D-03  0.12389067786083D-03
 -0.23780258921012D+01 -0.46263293496358D+01  0.14509796673651D+02  0.13331795718388D-02 -0.22921140669596D-03 -0.27908283566238D-03
 -0.32860666637090D+01 -0.47533583386922D+01  0.17836961249076D+02  0.14561985309936D-03  0.11743963600973D-02  0.13739987302538D-02
  0.46260700048676D+01 -0.20270564284902D+01  0.28880871216030D+01  0.15918369512957D-03  0.26478569149194D-05  0.43490154188145D-04
  0.16686586346738D+01 -0.31858824182470D+01  0.26020132048410D+01 -0.82207173982098D-03  0.52635229414847D-03  0.20679438352601D-03
  0.34634734593880D+01 -0.52117343956930D+01  0.43342347139086D+01 -0.12231177864350D-03 -0.57951183084367D-03  0.44820462674271D-03
