 -1.0
  0.21591729299129D+01  0.39846758408216D+01 -0.75536228817324D+00 -0.61035647287212D-04 -0.53353501579842D-05  0.43648098633392D-03
  0.89722744745812D+00  0.17371017093398D+01  0.23220836464725D+00  0.13729175230435D-03 -0.82381494419487D-04 -0.15243682343240D-04
  0.16586201381383D+01  0.29484472997557D+00  0.24584270098882D+01 -0.16290594794533D-03 -0.39884561454146D-03  0.14353274904027D-03
  0.43115058828351D+01  0.10092242145135D+01  0.33619418717841D+01 -0.25848064640700D-03  0.17501693233412D-05 -0.27274534534597D-03
  0.56692544298228D+01  0.28604802225782D+01  0.23994012047830D+01  0.14944981794490D-03 -0.68927130092097D-03 -0.35002279645603D-07
  0.45884874444667D+01  0.44079064089198D+01  0.46590249108418D+00  0.26047011631167D-03  0.23669299228681D-03 -0.35543129429401D-03
  0.16621140121335D+00 -0.13025853778887D+01  0.38722954162314D+01  0.26861555518830D-03 -0.38234423174060D-04 -0.34285538463448D-03
  0.16613596122405D+01 -0.28223282602209D+01  0.56008731794569D+01  0.33030674242869D-03  0.61464293722451D-03  0.32009971778818D-03
  0.41757299851917D+01 -0.20115046814493D+01  0.65051513993910D+01  0.28206273818023D-03 -0.15261367094038D-03 -0.18838128840530D-03
  0.53800679834991D+01  0.59995221172417D-01  0.54385561993814D+01  0.13036626464999D-03 -0.59058647903578D-03  0.10652181682548D-03
 -0.25317700207622D+01 -0.19571793484266D+01  0.35952555316421D+01 -0.27356327375464D-03 -0.23113629982832D-03  0.16114264475331D-03
 -0.33895158720482D+01 -0.40990085188782D+01  0.49101984742106D+01 -0.41468420972135D-03  0.83471535153182D-03  0.11068058613702D-03
 -0.20617551271604D+01 -0.56088709817124D+01  0.63188479320387D+01 -0.43714802947704D-03 -0.13988120264290D-04  0.78572631382333D-05
  0.52550108270380D+00 -0.50795165020313D+01  0.66399798457646D+01 -0.36449754924731D-04 -0.18282232866085D-03 -0.37277782739033D-03
  0.18534090620989D+01 -0.63017286928123D+01  0.87089200408751D+01 -0.31935293900176D-03  0.20948290218595D-03  0.37849193821272D-03
  0.44610786522669D+01 -0.58477012656027D+01  0.91177289716589D+01  0.27424000368603D-04  0.12133620536017D-03  0.19492987092732D-03
  0.54888935965355D+01 -0.35181599427652D+01  0.83332814675524D+01 -0.96894383912106D-03  0.27227334032957D-03 -0.16619090728619D-03
 -0.46012228927219D+01 -0.74141580820602D+00  0.21961368400626D+01  0.44021674392439D-03  0.24165732574402D-03 -0.12643421055960D-03
 -0.69761978722419D+01 -0.16550938999552D+01  0.20608148652916D+01  0.42283601248047D-03 -0.25542404482070D-04 -0.98705413919162D-04
 -0.76486174224072D+01 -0.37906918087496D+01  0.34185986550812D+01 -0.21146657522246D-03 -0.49767368555984D-03  0.30465203720053D-03
 -0.60459883556013D+01 -0.51235299258403D+01  0.46965931790331D+01 -0.24565906063789D-03  0.22682928378720D-04  0.45674512989337D-05
 -0.43140579234489D+01  0.19350720342392D+01  0.19570561802250D+01 -0.12778229603279D-03 -0.43134038758460D-03 -0.44052597913897D-03
 -0.14587554666474D+01  0.11049155360402D+01 -0.10801574484624D+01 -0.25043470861493D-03  0.98966356717181D-05 -0.17843027368713D-03
  0.53740821052569D+01  0.70018774947961D+01  0.15934247992856D+00 -0.15307808024527D-03 -0.15711806379845D-03 -0.28546431179060D-03
 -0.10281087369774D+02 -0.46905027343440D+01  0.30393883976688D+01  0.15446647384936D-03 -0.27460516958405D-03  0.85425696827350D-04
  0.74525946216688D+01  0.31701832709653D+01  0.32751829202494D+01 -0.64945074324834D-03 -0.13517335785159D-03 -0.24239300614405D-03
  0.21718613130641D+01  0.45033360118495D+01 -0.26821241224731D+01 -0.50913588824369D-04 -0.72900303910631D-03  0.71894408820277D-03
  0.72185931154164D+01 -0.29009379156106D+01  0.93948942019791D+01 -0.69266662413632D-03  0.25012319897883D-03 -0.20281947943713D-03
  0.13418076845361D+01 -0.80456272524140D+01  0.96063359680411D+01 -0.30460903288689D-03 -0.11833558172819D-03 -0.37024461055634D-03
 -0.70267286742915D+01 -0.63213791190462D+01  0.61422134692447D+01 -0.51069485417008D-03 -0.40135572460671D-03  0.83011875113373D-03
 -0.87067476372813D+01 -0.67265662962114D+00  0.11297128844546D+01  0.25796686100784D-03 -0.52604657455274D-03 -0.76743127132584D-03
  0.46233071820882D+01  0.81164664069196D+01 -0.17355874245590D+01  0.31346241741476D-03  0.70664860713828D-04  0.15515907537181D-03
  0.69571151172825D+01  0.82800626233051D+01  0.18531790751469D+01  0.54673327837812D-04  0.22805199575242D-04  0.10589680598312D-03
  0.67817312740865D+01  0.11052400413240D+02  0.21253788076796D+01 -0.44573385020716D-03 -0.33764114398191D-04  0.10528232957359D-03
  0.59772827550526D+01 -0.73897307197082D+01  0.10971186856728D+02 -0.46301763928064D-03 -0.12544102901133D-03  0.85671134386212D-04
  0.78800864420001D+01 -0.66668328196758D+01  0.12051099612562D+02 -0.29545377051854D-03  0.47619754334947D-03  0.62004839081244D-04
  0.49340052743092D+01 -0.97814232331351D+01  0.11636528875130D+02  0.27432935339728D-04  0.21218410882081D-03  0.11233066383107D-03
  0.61875576594886D+01 -0.11126688610590D+02  0.13433210106574D+02 -0.45990620776838D-03 -0.42805329157293D-04 -0.17823686632318D-03
 -0.10838901969507D+02 -0.68185902128675D+01  0.37432959815366D+01  0.44118053850418D-03  0.67328077831629D-04  0.20253822339029D-03
 -0.11612527292524D+02 -0.31904886867666D+01  0.16858514471545D+01  0.30726950072623D-03  0.37183825483413D-03  0.21428302301454D-03
 -0.13983009166828D+02 -0.43398604753422D+01  0.10308805860260D+01  0.23344303465737D-03 -0.25004318482141D-03 -0.39327982801636D-03
 -0.63033616520489D+01  0.31529481547048D+01  0.85447034097619D+00  0.28293168876355D-03  0.17666593920063D-03  0.38454282488017D-03
 -0.15703487604207D+01  0.93440140819078D+00 -0.37068821924978D+01  0.13959077802266D-03  0.96242857696105D-03 -0.39904370066814D-04
 -0.15013402912411D+02 -0.51202705516476D+01  0.27340416192596D+01  0.11853012890778D-02 -0.44099801042180D-03  0.64593697957149D-03
 -0.13555460474570D+02 -0.60569830097673D+01 -0.27669488925079D+00  0.38360716387675D-04 -0.50407192369737D-03 -0.22112032054046D-03
 -0.15260449957360D+02 -0.25473593458824D+01  0.70945285568758D+00  0.32310424493352D-03 -0.40673397869144D-03  0.61352597244015D-04
  0.58829620656443D+01 -0.99242485428868D+01  0.15048583431505D+02  0.20494833406899D-03 -0.45865506005309D-03 -0.11747968217244D-02
  0.82936904113077D+01 -0.11474375626314D+02  0.12748269145545D+02 -0.16004041697504D-03  0.13514055126446D-03  0.57317590399616D-04
  0.56984625026740D+01 -0.13091719814966D+02  0.13560627526032D+02 -0.18339379706706D-03  0.81484019500444D-03 -0.75142750884537D-03
 -0.17307102442132D+01 -0.11022426581542D+01 -0.44148877256429D+01  0.71566589007129D-03 -0.80317460452860D-04 -0.13904284055560D-03
  0.50992747583975D+00  0.79129223848516D+00 -0.47935231758769D+01  0.10784245617174D-02 -0.83379101692717D-04 -0.18859280509425D-04
 -0.25379489849413D+01  0.26704280079743D+01 -0.44122467925394D+01 -0.65112721600134D-03  0.39636107438990D-04  0.60059391123694D-03
 -0.67636964846791D+01  0.35034351105423D+01 -0.13418995433387D+01 -0.69925910109498D-03  0.10742714977333D-03 -0.65120564408198D-04
 -0.62168909330983D+01  0.49828242480362D+01  0.14103361061504D+01  0.27122274689003D-03 -0.14777303116571D-03  0.61371465867722D-03
 -0.80357423693417D+01  0.28263648703444D+01  0.17788452402701D+01 -0.41653693683910D-03  0.14099033512137D-03  0.97142357896755D-04
  0.61033579570888D+01  0.11471406336290D+02  0.37820125623233D+01  0.10970158565201D-02  0.59305561373263D-03 -0.46573619915183D-03
  0.58002355545340D+01  0.11811537159785D+02  0.52916455509189D+00 -0.29847606151008D-04 -0.90236993932443D-03  0.24771780504821D-03
  0.85434597967754D+01  0.11944031237831D+02  0.20839847032234D+01 -0.17270892842794D-02  0.28984971096840D-04  0.32735384393866D-03
 -0.99926229611828D+01  0.43271922114941D+01  0.64099094371821D+01 -0.96523865583987D-04  0.10268372252727D-03  0.27012211479064D-03
 -0.81879129542669D+01  0.26917080034494D+01  0.76031493310154D+01  0.44390060045902D-04 -0.10175475267592D-03  0.19960308089010D-03
 -0.57522177116229D+01  0.35989734328497D+01  0.82591874908360D+01 -0.34553754062036D-03  0.13761749248978D-03  0.66202043346467D-04
 -0.50477481344608D+01  0.57907752035275D+01  0.71581393991321D+01  0.30583374532557D-03 -0.28529109608986D-03  0.92567077343625D-04
 -0.66943506208356D+01  0.72549237558474D+01  0.55444839997384D+01  0.64994860311335D-03  0.39157786216495D-03  0.32368113744169D-03
 -0.91863625520550D+01  0.66660944746814D+01  0.52995702382797D+01 -0.11829510649828D-03 -0.37953660164668D-03 -0.12155704498806D-04
 -0.39220403933548D+01  0.21123311697997D+01  0.97829772129603D+01 -0.79282245858366D-03 -0.45268466290430D-03  0.11376558286379D-03
 -0.12868831515298D+01  0.28943248922865D+01  0.90469826229843D+01  0.78840131378467D-04  0.20336661043470D-03  0.14340856813530D-03
 -0.77024102346981D+00  0.50537306262229D+01  0.77507633719562D+01  0.57612235798915D-03 -0.13328205829890D-03 -0.67730108793443D-03
 -0.26287540314388D+01  0.65445811951474D+01  0.68383941263702D+01  0.17573980775567D-03  0.24593283794375D-03  0.79771241091177D-03
 -0.42563704348748D+01 -0.54400689105108D-01  0.11340749330929D+02 -0.55088414801336D-03 -0.13163690231699D-03 -0.41984294781169D-03
 -0.21299409466161D+01 -0.16014248413423D+01  0.12109165749628D+02  0.57715985606497D-03  0.84160021739324D-05  0.47014395586034D-03
  0.26032099253438D+00 -0.64824262184772D+00  0.11862383272621D+02  0.14950701681390D-03  0.53197955530182D-04 -0.15765960455579D-03
  0.64200927924029D+00  0.16299875056715D+01  0.10380576330201D+02 -0.67182528706775D-03  0.23595875794067D-03  0.46587033826487D-05
  0.32789272764555D+01  0.22443387661187D+01  0.10237485626917D+02  0.53016544031671D-03 -0.36909638280375D-03  0.18566023474385D-03
  0.36119869434508D+01  0.42489183884346D+01  0.85331812688597D+01 -0.47711914869031D-04 -0.37111511100940D-04  0.32130515103371D-03
  0.16883362549551D+01  0.57258449658880D+01  0.75163407565131D+01  0.60482642082708D-03  0.92814093616386D-03  0.33739739104450D-03
 -0.65590712784442D+01 -0.60095789192032D+00  0.12631319952439D+02  0.25550361128667D-04  0.92124179956938D-04  0.85879848855175D-04
 -0.71254991709211D+01 -0.30382897768401D+01  0.13070593389538D+02  0.43643167945840D-04  0.29248253483782D-03 -0.53521767425753D-03
 -0.52357853288750D+01 -0.48445546716166D+01  0.12899417762320D+02  0.11180210624961D-03 -0.45943235271867D-03  0.66852345983599D-03
 -0.27567426488079D+01 -0.40743159790988D+01  0.12718678456300D+02 -0.39403873217162D-03 -0.23034339191819D-03  0.18130826936143D-03
 -0.87052096516838D+01  0.12462863099534D+01  0.13229404023164D+02 -0.36108496792574D-03  0.12254413917554D-03 -0.39592199844325D-03
 -0.88658542747177D+01  0.16770792975408D+00  0.82788610031319D+01 -0.12036089832029D-03 -0.22225644457408D-03  0.18699580368848D-03
 -0.11057342807364D+02  0.83185863146683D+01  0.40582412671638D+01  0.11596491377100D-03  0.10388623561296D-03  0.27822206420172D-03
 -0.57185914140273D+01 -0.77019273573728D+01  0.12803794581210D+02  0.31017101639147D-03 -0.25750926737861D-03 -0.40857101606466D-03
 -0.56338200402543D+01  0.80052143795192D+01  0.38843589495853D+01 -0.70996179582544D-03  0.36105165221074D-03  0.99898238998396D-03
 -0.11733676509873D+02  0.38179347221285D+01  0.58910856470829D+01  0.17187880709271D-03 -0.22733463622776D-03 -0.45954699886783D-03
  0.24162972001758D+01  0.75197504051783D+01  0.68860333646034D+01 -0.20432184152836D-03 -0.74801408090164D-04 -0.16982978763946D-03
  0.48674607877085D+01  0.17695928607186D+01  0.11292890964047D+02  0.13473916792788D-03  0.59866490185443D-03  0.16971132103212D-03
 -0.12600410671391D+01 -0.54565464089799D+01  0.12715405549924D+02 -0.74081884976692D-03  0.44329929829558D-03 -0.31208035479853D-03
 -0.88469537721723D+01 -0.36462813829358D+01  0.13504809944552D+02  0.38626441610839D-03  0.14472199076603D-03  0.23035499841162D-03
 -0.13261649969510D+02  0.76352995059302D+01  0.45687075495922D+01  0.71327706019835D-04 -0.35316032203033D-03  0.21275486177880D-03
 -0.10302936242467D+02  0.10413235689830D+02  0.25919438128275D+01 -0.18733603066093D-03 -0.21623245875564D-03 -0.19042257495880D-03
 -0.11774152810557D+02  0.11098769980628D+02  0.31710259368766D+00  0.18775417732962D-03 -0.23966140102745D-03 -0.21500971434361D-03
  0.60605851063101D+01  0.55387808682080D+01  0.81602864418196D+01 -0.62960986942445D-04  0.51731441361021D-03 -0.14434645066222D-03
  0.61250003243105D+01  0.78552091147420D+01  0.79575588318978D+01  0.45709560922745D-04  0.26667070716167D-03 -0.61772047880206D-03
  0.85142178540884D+01  0.41170716442838D+01  0.79068639651465D+01  0.17951306988972D-03 -0.23282411520371D-03 -0.22550800520071D-03
  0.10192784504848D+02  0.59360951424906D+01  0.71867330991334D+01 -0.17030447769758D-03 -0.40330891930189D-04 -0.17095856246712D-03
 -0.79518406011716D+01 -0.85553659264948D+01  0.12862682376365D+02  0.92136470834948D-04  0.22715881501359D-03 -0.18746024446746D-03
 -0.36129719987627D+01 -0.90217650074743D+01  0.12067053854650D+02  0.38115837770027D-03 -0.53992066378677D-03 -0.13149814583228D-03
 -0.45682358865378D+01 -0.11208125214009D+02  0.11092332938266D+02 -0.88908809307939D-04  0.33599777315520D-03 -0.29418718796786D-03
 -0.86329808160643D+01  0.35920844085137D+01  0.14519015116557D+02  0.17873347779675D-03  0.39543836113007D-05 -0.38182805016716D-03
 -0.11248731068670D+02 -0.43584907701162D+00  0.72674396064067D+01  0.49036784672393D-03  0.10757302617745D-03  0.31902728747756D-03
 -0.52847952507140D+01 -0.12677053172084D+02  0.12401417701825D+02 -0.45054361761841D-03 -0.34993412964883D-04  0.33876576560429D-03
 -0.26001511350856D+01 -0.11891508331193D+02  0.10050640286464D+02  0.41165973882856D-03  0.27513298042641D-03 -0.28506491141212D-03
 -0.56906829791848D+01 -0.10687108028026D+02  0.94733504015611D+01 -0.11929748123007D-02  0.66526245093191D-03 -0.23555342534372D-03
  0.11528596504076D+02  0.51903816996970D+01  0.58154599568932D+01  0.40702517579864D-03  0.12067102697172D-03  0.95542102769278D-03
  0.11013353305144D+02  0.64246754874345D+01  0.89475571186949D+01  0.14682295510419D-02 -0.17981201092794D-03 -0.58604236553484D-03
  0.93382509438389D+01  0.73307260648553D+01  0.60549496263137D+01  0.13102929709334D-02 -0.16479801128431D-02 -0.25368346155834D-03
 -0.12153409015677D+02 -0.18967804155127D+01  0.82130153926454D+01  0.43778369458065D-03  0.46238726186603D-03 -0.36829439880952D-03
 -0.11074255904633D+02 -0.12092121906636D+01  0.53765059377815D+01 -0.63028405147701D-03 -0.57259684038569D-05 -0.40049873863147D-03
 -0.12685051914500D+02  0.10961159152563D+01  0.74410540006537D+01  0.39330845878769D-03  0.16293782646852D-03  0.76547605721288D-03
 -0.80970828772295D+01  0.31137958657163D+01  0.16325670603011D+02 -0.61170205104393D-03 -0.39709231011720D-03 -0.13037553410108D-03
 -0.10479532874664D+02  0.46352325207012D+01  0.14720729430682D+02 -0.37816355125525D-03  0.96366643642797D-03  0.89891469699494D-04
 -0.75059669031065D+01  0.52163318376803D+01  0.13354762358514D+02  0.20318949742271D-03  0.51977991758401D-03 -0.13172050197244D-03
 -0.13583706222423D+02  0.99220313956621D+01  0.53331022690533D+00 -0.89288017269589D-03  0.25046225945884D-03 -0.92098105226298D-04
 -0.11441891020705D+02  0.99352412076579D+01 -0.12806803211656D+01 -0.50130433774884D-03  0.10315897169033D-02 -0.54807783184597D-03
 -0.11693240096798D+02  0.13198138136296D+02 -0.10555999857187D-01 -0.89727332030365D-03 -0.14971811853832D-02  0.41577293168975D-03
