 -1.0
 -0.68936269742906D+01 -0.26897883954618D+01 -0.16755299151552D+01  0.23723225708641D-03 -0.14039708077207D-03  0.89417428883219D-04
 -0.45650411878013D+01 -0.36439489036444D+01 -0.10657559121270D+01 -0.28672619566649D-03 -0.63937648013289D-04  0.36440689077056D-04
 -0.31688174184593D+01 -0.20002847282073D+01  0.73964885560031D+00 -0.58651164106830D-03 -0.43371797840592D-03 -0.29165292894146D-03
 -0.38320788853832D+01  0.53222180349894D+00  0.15286250654397D+01  0.24979399654720D-03  0.32129129685286D-04 -0.71672059180934D-04
 -0.61959219983346D+01  0.14824609743292D+01  0.46063034746349D+00  0.34589909603247D-03  0.20439063832132D-03 -0.21324251585210D-04
 -0.76965718170653D+01 -0.18906174354909D+00 -0.10644227393569D+01  0.59336592304217D-04 -0.13011429850238D-03 -0.39516370719485D-03
 -0.93165861801994D+00 -0.28952457157716D+01  0.19661211757566D+01  0.23708868016558D-03  0.32781027887986D-03  0.30742051158100D-03
  0.90398829367112D+00 -0.11716182123523D+01  0.29789039114390D+01  0.32414450433013D-03 -0.11400076390537D-03  0.22321016858009D-03
  0.20141757890462D-01  0.13458082024968D+01  0.37030804852662D+01 -0.17500385961713D-03  0.76956909536281D-04 -0.29500900785142D-03
 -0.24185530619941D+01  0.19148078188086D+01  0.29790569956994D+01  0.12514089317826D-03  0.23257298190137D-03 -0.13593354297688D-03
 -0.58341747148894D+00 -0.55593010092985D+01  0.27687111229902D+01  0.18602945250666D-04  0.65054509189065D-04 -0.24155763347547D-03
  0.19975963415393D+01 -0.62323920239030D+01  0.35297302393062D+01  0.80213039230336D-04  0.15536091530698D-03  0.14777752434537D-03
  0.36668484124833D+01 -0.44551858575958D+01  0.39792727958389D+01  0.19868014742383D-03  0.24837836324054D-04 -0.61428583460487D-04
  0.32288663282559D+01 -0.20102405040796D+01  0.39685762732541D+01  0.12457693865577D-03  0.43809238908620D-04  0.65864284965488D-04
  0.49089011607693D+01 -0.23227229275422D+00  0.53512845400808D+01 -0.88488490988998D-05 -0.23976082764720D-03 -0.37858072899527D-03
  0.41249693310121D+01  0.23126182043060D+01  0.54846483803557D+01 -0.50596922371863D-03  0.16511895782694D-03  0.12766910916648D-04
  0.16733226204956D+01  0.31242274835500D+01  0.46372487140986D+01 -0.12445976265226D-03 -0.21486021914082D-04 -0.27473874941145D-03
 -0.26992749990242D+01 -0.73659817407636D+01  0.25777659348923D+01  0.41860142886476D-03 -0.15686555150051D-03  0.12426381681851D-03
 -0.20011004766993D+01 -0.99087620732514D+01  0.32407685655759D+01 -0.32093161121750D-03  0.16442479656083D-04  0.53496418244451D-04
  0.41491275560511D+00 -0.10750632830114D+02  0.37793199011119D+01 -0.68046748896185D-03  0.19383925998033D-03  0.73602138812845D-05
  0.24783032396525D+01 -0.89119588421549D+01  0.37944189849843D+01  0.23772222881390D-03  0.48411573830237D-03 -0.10318834420781D-03
 -0.52773974231014D+01 -0.66292282131469D+01  0.24304016265493D+01 -0.32984019903301D-03 -0.22127827244505D-03  0.29726960214071D-03
 -0.38771726365088D+01 -0.57096301497307D+01 -0.24654629624041D+01 -0.62240615276744D-03 -0.27784267954640D-03 -0.85124260391996D-04
 -0.10516333555357D+02  0.74789371575493D+00 -0.14942461934097D+01  0.35382985116103D-03  0.55482578743079D-03 -0.23467904964823D-03
  0.72775545251269D+00 -0.13247068557122D+02  0.46442727684877D+01  0.37573501760533D-03  0.16714088356192D-03  0.18616504404038D-03
 -0.67424041506977D+01  0.34924628812278D+01  0.34641552324613D+00 -0.92638416103838D-03 -0.24882789103635D-03 -0.76214214588454D-03
 -0.79337928758884D+01 -0.35983919324688D+01 -0.31846334083955D+01 -0.40459730673518D-03  0.64934244362732D-03  0.65122027865077D-03
  0.10041579694463D+01  0.51347387271194D+01  0.44947445626360D+01  0.17110125776906D-03  0.43747942816551D-03  0.61793117073879D-03
  0.66819291012435D+01 -0.72271367854800D+00  0.60815544471206D+01 -0.14658564582708D-03 -0.90533403316756D-03  0.66873078369978D-03
  0.44990364823104D+01 -0.93728488333785D+01  0.40518287815648D+01  0.42221622283904D-03  0.31753698163361D-03 -0.22068597491401D-03
 -0.36296238294850D+01 -0.11221363703484D+02  0.31436100714024D+01 -0.32384049658607D-04  0.46830407503853D-03  0.13213763480847D-03
 -0.12269632442532D+02 -0.67619890219578D+00 -0.14488073535630D+01 -0.10595396885554D-03  0.60389008959378D-03  0.29521113361176D-03
 -0.10841458740615D+02  0.31913376835861D+01 -0.22490683793235D+01 -0.28772192161919D-03 -0.26995232511237D-03  0.16308829267610D-04
 -0.13302629611987D+02  0.37382145323246D+01 -0.29622424022151D+01  0.72376077895596D-03 -0.72790234751073D-04  0.18308035142147D-03
  0.59526001543316D+01  0.41647488676647D+01  0.60987266865673D+01  0.83872050035934D-04 -0.12541896176761D-03  0.30774377026857D-03
  0.53920577281644D+01  0.63264266352791D+01  0.67138476884344D+01 -0.87392879277417D-04 -0.57164177820871D-04  0.38498633410320D-03
  0.84679144188379D+01  0.36747507262717D+01  0.58078767842052D+01  0.53684872916323D-04  0.66056737607220D-03  0.18557491241399D-04
  0.10169354980002D+02  0.56286863914720D+01  0.65963252826569D+01  0.21663513770781D-03 -0.29998755800331D-03 -0.93136854833597D-04
 -0.11563464216226D+01 -0.14680263977329D+02  0.51731427953684D+01  0.40542962451349D-05  0.15468526688033D-03  0.16562492287984D-03
  0.31795644602373D+01 -0.14009561609378D+02  0.50299079285288D+01 -0.13060902045577D-03  0.14457566749161D-03  0.28666418776715D-03
  0.33446314641348D+01 -0.16433718442560D+02  0.59230461189797D+01 -0.10859678995689D-03  0.20758729578442D-03  0.45979816541451D-03
 -0.67117503827979D+01 -0.79918003480344D+01  0.42727784033006D+01 -0.21836746499286D-03 -0.44582130428301D-03  0.53210459094794D-03
 -0.16856896498367D+01 -0.53976287574568D+01 -0.40409887405792D+01  0.51911702707451D-03 -0.59689995032429D-04  0.14670703686770D-03
  0.33830470273959D+01 -0.16743236699060D+02  0.80778225804699D+01 -0.23500813199289D-03 -0.53459205494878D-03  0.31767163993518D-03
  0.52583068849938D+01 -0.17231367344633D+02  0.50284387768414D+01 -0.18472931066723D-03 -0.22467475063925D-03 -0.37109022030012D-03
  0.21082441108302D+01 -0.17889465402202D+02  0.49543552239406D+01 -0.25156831146696D-03 -0.10338757051405D-02 -0.45137866363409D-03
  0.12044152034115D+02  0.47845304563771D+01  0.64766011442645D+01  0.28580794651664D-03  0.13451696677450D-03  0.74075897496836D-03
  0.98746360606836D+01  0.62306301767719D+01  0.84774368677175D+01  0.29799721257563D-03 -0.68021660424474D-03 -0.42037371570847D-03
  0.10041068199097D+02  0.74243229302520D+01  0.55592052012079D+01 -0.84656051062258D-04  0.32829266671856D-03 -0.81980122541838D-03
 -0.42766919059687D+00 -0.69069096873646D+01 -0.42324048026253D+01 -0.70796759462791D-03 -0.97818884142480D-04  0.59365021391678D-03
 -0.32475215871078D+00 -0.40679252973314D+01 -0.33250499380002D+01 -0.70514951517064D-04 -0.12047591734354D-03 -0.47794804740781D-04
 -0.22815833737136D+01 -0.49571164289275D+01 -0.59117302520154D+01 -0.49180534755050D-03  0.42278783445471D-03  0.23714436094878D-03
 -0.60758027229300D+01 -0.75632690021236D+01  0.61471803000272D+01 -0.46647037135304D-03  0.57492236997737D-03 -0.52572594456819D-03
 -0.68672107957592D+01 -0.99988767900405D+01  0.43211973818519D+01 -0.30056948132315D-03  0.20307939416628D-03 -0.45196253719110D-03
 -0.86522080888907D+01 -0.72190015377165D+01  0.45297296640034D+01  0.11871521620971D-03 -0.96195715939070D-03 -0.11659855422224D-03
 -0.13800561267172D+02  0.46246673888057D+01 -0.48597172066785D+01  0.33983801116360D-03 -0.22032170812000D-03 -0.26515767368019D-04
 -0.13886151293894D+02  0.51858289366110D+01 -0.15344055702103D+01 -0.31273766855224D-03  0.37886062642308D-03 -0.35284983619033D-03
 -0.14690798395250D+02  0.20556044311842D+01 -0.27334905148888D+01 -0.12413779495225D-02 -0.10098274722756D-02 -0.20527922980068D-03
 -0.39934175853274D+01  0.10859591403611D+02  0.10124487055406D+02  0.57387663949369D-03  0.66054053072892D-03 -0.23432121622368D-03
 -0.45586287931046D+01  0.81787644553562D+01  0.10212547665237D+02 -0.32885971525545D-03 -0.32284652334253D-03  0.27090395426427D-03
 -0.25902601347337D+01  0.62945047071008D+01  0.10713542332716D+02 -0.71879092296451D-04 -0.27987998720056D-03 -0.92208203263437D-04
 -0.21117673667892D+00  0.74791796021427D+01  0.11487201281403D+02  0.41277785433215D-04 -0.30674044301129D-03 -0.49178281843393D-04
  0.68551460933703D-01  0.10127546577726D+02  0.11389053776900D+02 -0.40464707990765D-03  0.12693722293916D-03  0.16588321391665D-03
 -0.17292803042537D+01  0.11728508403156D+02  0.10664516871603D+02  0.11900982710081D-03  0.29887335354916D-04  0.24948227862507D-03
 -0.29193615725943D+01  0.35571776100118D+01  0.10662570473485D+02  0.34326594885066D-03 -0.21434230905750D-04 -0.80248890262919D-04
 -0.65784010423564D+00  0.22285716026360D+01  0.10853467012821D+02 -0.13351343900933D-03  0.68805539328396D-03 -0.52593919849297D-04
  0.16044984875873D+01  0.36146224515747D+01  0.11591962093840D+02  0.92840195765497D-04  0.77807494372929D-04 -0.18679798022001D-03
  0.20132043081991D+01  0.61594521330187D+01  0.11814332979621D+02 -0.15188977333426D-03 -0.21102653156481D-03 -0.58922285865990D-03
 -0.51985150390997D+01  0.21107425871216D+01  0.10602383650895D+02 -0.52976496842136D-03 -0.56098520296770D-03  0.83655647907464D-04
 -0.49453755905989D+01 -0.41735343583648D+00  0.96223988644668D+01  0.29261404812844D-03 -0.36368738137073D-03 -0.52059172742311D-03
 -0.26499281220352D+01 -0.16285650206693D+01  0.96420517830713D+01 -0.87312793134529D-04  0.45828605052851D-04 -0.47566621522977D-03
 -0.55006688744205D+00 -0.57858972337536D+00  0.10545238258764D+02  0.32437114827509D-04 -0.30883675742208D-03 -0.13244595726460D-03
  0.17268578153701D+01 -0.18673579430659D+01  0.11280494475468D+02 -0.32062404583975D-03  0.10185901995153D-03  0.87141175162921D-04
  0.39221254613055D+01 -0.51426554752708D+00  0.11921368470279D+02  0.40161716978055D-03  0.31870451670047D-03  0.13103735095796D-03
  0.36500614199693D+01  0.21213845774403D+01  0.12287310409489D+02 -0.86618329508906D-04  0.17448718195596D-03 -0.77641316550903D-04
 -0.78046337392494D+01  0.30168343234852D+01  0.11362103950299D+02  0.51695669837450D-03  0.26007016186160D-04  0.19042390128966D-03
 -0.99377770089615D+01  0.19649031772529D+01  0.10087705277561D+02 -0.39318045445501D-03  0.10522170400555D-03  0.53291032767282D-04
 -0.95291007267567D+01 -0.13761073320430D+00  0.87180711415915D+01 -0.20477238455381D-03  0.47897218780417D-03  0.91961456992747D-04
 -0.71140187152038D+01 -0.13282353099280D+01  0.84665461921382D+01  0.36495339758459D-03 -0.69344774862726D-03 -0.22522442200820D-03
 -0.83251528284647D+01  0.45040491009860D+01  0.13334921278907D+02  0.14169445642206D-03 -0.25970679353780D-03 -0.15816409869364D-03
 -0.70121606327174D+01  0.74989614823357D+01  0.97897146876637D+01  0.37765344228950D-03 -0.18430714705868D-03 -0.64939778846035D-03
 -0.14661499127440D+01  0.14475782704479D+02  0.10680248011836D+02 -0.58712522997263D-03 -0.10319158157645D-03 -0.12204292193420D-03
 -0.11813482961491D+02 -0.10445161848199D+01  0.72794468861564D+01  0.30021818011599D-04 -0.10271475981135D-03 -0.27828575753646D-03
  0.18940356294584D+01  0.10988677595511D+02  0.11947998382889D+02 -0.31164916007337D-03 -0.17615524278417D-03  0.40162615955207D-03
 -0.54998145101730D+01  0.12123057846725D+02  0.96231278584577D+01  0.38972781141051D-03 -0.35590537363471D-03 -0.49169154475184D-03
  0.56432160008944D+01  0.27429771976180D+01  0.12980504290142D+02  0.51748195235284D-03 -0.14853400283080D-03 -0.12485819017953D-03
  0.17491588773002D+01 -0.38058952991708D+01  0.10615163341083D+02  0.84856995354687D-03 -0.24985081703176D-03 -0.38315700504155D-03
 -0.69090454881735D+01 -0.30679548320482D+01  0.71803159037237D+01 -0.30295881788878D-03  0.33509432508380D-05  0.35873914368717D-03
 -0.11730006706637D+02  0.28156687021121D+01  0.10233593541967D+02 -0.33310800244611D-03  0.44356734953427D-03 -0.39590239918639D-03
 -0.39033345565925D+00  0.15650818594958D+02  0.12411196827606D+02 -0.75793899260474D-04 -0.74945031821490D-05  0.55099786852243D-03
 -0.25176932930658D+01  0.15721201584771D+02  0.86939016601471D+01  0.25440195068774D-03  0.28464995553262D-03  0.52350200249840D-03
 -0.16337063877424D+01  0.18155905117167D+02  0.84176955464334D+01 -0.71632366589959D-05  0.38435073814949D-04 -0.30659392104225D-03
  0.62914472732091D+01 -0.18928431289070D+01  0.12019958207289D+02  0.65699123077937D-04 -0.11101980659787D-03  0.92289611169317D-04
  0.80028094978286D+01 -0.16019399572654D+01  0.13574680185012D+02 -0.12847295735663D-03 -0.27528569560005D-04 -0.17856210983308D-03
  0.67231472360705D+01 -0.37224696295801D+01  0.10147719369003D+02 -0.68821749387032D-04  0.18281166209741D-03 -0.42223907466447D-04
  0.91093088264065D+01 -0.44783675534891D+01  0.10421381611787D+02  0.32862082541393D-03 -0.20846220939644D-03  0.28230245404194D-03
 -0.14010009791450D+02 -0.46419634816534D+00  0.78513101527221D+01  0.27603902326543D-03 -0.19728503360761D-03  0.22107955430328D-03
 -0.11198293370641D+02 -0.23821203968810D+01  0.51898935517184D+01  0.17660691629431D-03  0.11861386999744D-03 -0.25491156786183D-03
 -0.13261143899199D+02 -0.32055302835582D+01  0.39501358942078D+01 -0.22511124653979D-03 -0.43076797050184D-05 -0.15325520058903D-03
 -0.63341757008313D+01  0.48455066174875D+01  0.14989432543109D+02 -0.24224983906615D-03  0.20776724394710D-03 -0.26200605054870D-03
 -0.88299965363318D+01  0.93734367843550D+01  0.10210394472335D+02  0.26154907881307D-03  0.26256268631829D-03 -0.69174633650100D-04
 -0.12754053836136D+02 -0.30694113036649D+01  0.19093926919797D+01 -0.15097224168975D-03  0.37597810892999D-04 -0.34080376615103D-03
 -0.14735668099881D+02 -0.18030926675987D+01  0.45581924161495D+01  0.31122619444374D-03 -0.16750565328128D-03  0.79775002051427D-04
 -0.14101285608408D+02 -0.49155756996116D+01  0.50810426739508D+01 -0.23485599012396D-03 -0.50134520922235D-03  0.27911594703254D-03
  0.96760467193134D+01 -0.57268556595016D+01  0.89273262149183D+01  0.25353731622048D-03  0.27498443234499D-04 -0.62836922901652D-03
  0.90432348504025D+01 -0.56356841353851D+01  0.12156905678347D+02  0.25235038567572D-03  0.40771961176315D-03 -0.16590389496496D-04
  0.10445555252339D+02 -0.30175579332488D+01  0.10202236333982D+02  0.61485290480058D-03 -0.57828095572450D-04 -0.15790735815351D-03
 -0.85500233443298D+01  0.10658681572997D+02  0.84407961541115D+01  0.15055839071224D-03 -0.31728406929851D-03  0.43167280652914D-03
 -0.90386128026125D+01  0.99767250308695D+01  0.12465254478427D+02  0.15935218921673D-03 -0.26377528230944D-03  0.93458777701781D-03
 -0.10802651664375D+02  0.85719106703640D+01  0.98441194893166D+01  0.35608061959697D-04 -0.10937859306641D-02 -0.22047491356152D-03
 -0.66590195019041D+01  0.45390872821628D+01  0.16981489441533D+02 -0.27238090303467D-03  0.11376058571115D-02 -0.74972779976353D-04
 -0.53204920877815D+01  0.66866491814874D+01  0.14665549329607D+02  0.37495857203527D-03  0.33973174631703D-04 -0.29585084166569D-04
 -0.48447754563532D+01  0.33690724288617D+01  0.14428701590797D+02 -0.10142554101998D-03 -0.36278857940302D-03  0.91028872542755D-03
 -0.42098323069486D+00  0.18707738165905D+02  0.10001287159679D+02 -0.18361276984404D-03 -0.44686853731014D-03  0.46891259239220D-03
 -0.32898788881445D+01  0.19653697691625D+02  0.84950401827918D+01 -0.37785132174596D-03  0.80576659744068D-04 -0.49476406580499D-04
 -0.10266821030383D+01  0.18393738219765D+02  0.65103012708501D+01 -0.65212275142412D-04  0.27913719603737D-03  0.70070236154209D-03
