 -1.0
  0.25981972133731D+01  0.13118071314981D+01  0.22517387179216D+01  0.46012983101555D-05 -0.63966446862739D-04 -0.74005466340757D-04
  0.34741169928580D+01 -0.12059095577533D+01  0.23426541300700D+01 -0.27490096352376D-04 -0.14547842602258D-03 -0.19284883587433D-03
  0.42553651800392D+01 -0.22901442326586D+01  0.47902500419284D+01  0.35444122895297D-03  0.50202089435509D-04  0.66375158138954D-03
  0.45218810423349D+01 -0.64926792317405D+00  0.69906193791198D+01  0.42976388184300D-03  0.11424957802572D-03 -0.56045944748511D-03
  0.37772787901634D+01  0.20118143631954D+01  0.66032801860407D+01 -0.89146354223880D-03  0.31691404825831D-03  0.25360450010312D-03
  0.26999594635781D+01  0.27642795654012D+01  0.45788288790046D+01 -0.49598608417915D-03 -0.13654852561405D-03  0.63605003476701D-03
  0.43509279752577D+01 -0.48400536158098D+01  0.54475105268893D+01  0.16460411508733D-03  0.49244679388156D-03  0.53850532548800D-05
  0.58357812902690D+01 -0.56148374009377D+01  0.75352241070465D+01  0.25022432563515D-03  0.50862756851207D-03  0.23443576063948D-03
  0.59847909476511D+01 -0.38863197339944D+01  0.94259869172526D+01  0.19034393130266D-03 -0.91563582673804D-04  0.92708358807946D-03
  0.52930723438859D+01 -0.14568481741771D+01  0.92072494374009D+01 -0.14727120868056D-03 -0.45635316823882D-03 -0.28725332520498D-03
  0.33786490199829D+01 -0.68780829729954D+01  0.40383830604702D+01 -0.43074379919094D-04  0.11329947745286D-03  0.67504850151692D-04
  0.47507165429023D+01 -0.90439061022323D+01  0.36830441618705D+01 -0.43274648728236D-03  0.20072607982577D-03 -0.16049617951917D-03
  0.65539327238992D+01 -0.96218264790387D+01  0.53954374904760D+01 -0.13975532890373D-03 -0.68142285483460D-03 -0.42872458113372D-04
  0.72729883361844D+01 -0.79135542322116D+01  0.72146407117304D+01 -0.79773379781585D-03  0.89301876404073D-03  0.25740280130331D-03
  0.92658783939161D+01 -0.84745730753775D+01  0.89988327362385D+01  0.73329536152408D-04 -0.31543502580128D-03  0.22134069598216D-03
  0.93734516728477D+01 -0.66893253492022D+01  0.10938144502066D+02 -0.59482744166298D-04 -0.33172543036094D-05 -0.84821001787554D-05
  0.78190207915434D+01 -0.44454882869175D+01  0.11315202569474D+02  0.18195793161947D-03  0.26376508998358D-03  0.47128241648184D-04
  0.10012370486512D+01 -0.65890523028336D+01  0.28193389508434D+01  0.31264275240533D-03 -0.45942220393409D-03 -0.93927141113716D-03
  0.23540794388104D+00 -0.78198795904723D+01  0.68393703927551D+00 -0.23416361106902D-03 -0.27197642856316D-03  0.10832735147626D-03
  0.18858988460551D+01 -0.98756568045676D+01  0.32866057823748D+00  0.68679571369831D-04 -0.24640092244406D-03 -0.27320847269737D-05
  0.39258016011149D+01 -0.10777877760554D+02  0.19579243790095D+01 -0.52445290308782D-03 -0.27931437625891D-03 -0.55139247266259D-03
 -0.29343303985227D+00 -0.41395314225070D+01  0.35697096725407D+01  0.19670683002632D-03  0.56389762351458D-04  0.16831991783191D-03
  0.35648156559652D+01 -0.26893512689040D+01  0.20390952071806D+00 -0.83423987114840D-04  0.19253705817269D-03  0.47822611706913D-03
  0.21594985431098D+01  0.54927734569148D+01  0.48225436552651D+01  0.56505855558216D-03  0.68674625701953D-03 -0.38347793320087D-03
  0.14081140406137D+01 -0.11162807689425D+02 -0.21163883346028D+01  0.89780700619920D-03  0.47050677077192D-03  0.47298784549268D-04
  0.36660784408612D+01  0.33171716328627D+01  0.80815350102939D+01 -0.49706728410669D-03 -0.55204037032847D-03 -0.72760473269803D-03
  0.17151859029010D+01  0.21800994124460D+01  0.62708894733043D+00  0.39619255813118D-03 -0.56123188204225D-03  0.30297693770034D-03
  0.79093947113034D+01 -0.30411945718330D+01  0.12781992179828D+02  0.48474678381701D-04 -0.20729255440438D-03 -0.30127166628814D-03
  0.10327431078515D+02 -0.10125004538159D+02  0.85740419753834D+01 -0.43444076946393D-03 -0.16639575198636D-03 -0.25709795783998D-03
  0.45149693762475D+01 -0.12757347991152D+02  0.16556882244179D+01 -0.53739694601993D-03  0.33830381384747D-03  0.52669471242637D-03
 -0.13401732419782D+01 -0.72740519055682D+01 -0.40521828870923D+00  0.10140611882568D-02  0.25903631351640D-03  0.61999246403944D-04
 -0.78904961342383D-02  0.61179619346614D+01  0.45970712235959D+01 -0.27346554581727D-03  0.13363453590391D-03  0.45176428581979D-03
  0.39786419096041D+01  0.74014082835297D+01  0.51671044834817D+01  0.69925974331624D-04  0.27994945883888D-05  0.38176952079661D-03
  0.28693812325270D+01  0.98030021779100D+01  0.49686736042797D+01  0.15310708386020D-04  0.10166060396525D-02  0.12564018796178D-03
  0.11648949451534D+02 -0.74607492654830D+01  0.12464241531425D+02 -0.19962812119695D-03 -0.47619544981117D-05 -0.82026646299478D-03
  0.13706664685240D+02 -0.65996818438889D+01  0.11708106077403D+02  0.35226532726348D-03  0.56666436340802D-04  0.77168075784613D-04
  0.11463153804200D+02 -0.89062239203455D+01  0.14689978713073D+02  0.42772056575232D-03 -0.35074286780628D-03  0.16862480580889D-03
  0.13784432100151D+02 -0.90555750065426D+01  0.15928379024409D+02  0.19313686048401D-03  0.17922471900315D-03 -0.11749016950746D-03
  0.40082107636321D-01 -0.10444522524417D+02 -0.37660642248739D+01 -0.55825307406823D-03  0.14739648962039D-03  0.23822409558631D-03
  0.25556853901442D+01 -0.13455806449170D+02 -0.22280795682239D+01  0.31021610517487D-04  0.79857619094536D-04  0.38104847057556D-03
  0.17350266712796D+01 -0.14501011414912D+02 -0.43940135742456D+01 -0.10275012343041D-03  0.63585566916583D-03  0.39974008076164D-04
 -0.21149958750343D+01 -0.26617589946250D+01  0.21547877571541D+01 -0.14451232560432D-03  0.36039249011521D-03  0.39584307969964D-04
  0.36186132121079D+01 -0.95690406123600D+00 -0.17978181109031D+01  0.43785096834918D-04 -0.34812863674732D-03  0.18890070710078D-03
 -0.51462698439066D-01 -0.15163793414785D+02 -0.42620626743418D+01  0.55943387390736D-03 -0.48066872182581D-04 -0.24465400048231D-03
  0.28957588853353D+01 -0.16084943044333D+02 -0.47859845016216D+01 -0.29503368265634D-03  0.42312825956122D-03 -0.21555803420037D-03
  0.17568443948821D+01 -0.13601232248938D+02 -0.60527548282884D+01 -0.53575937923918D-03 -0.21535697822148D-03 -0.31477950774202D-03
  0.13587944429008D+02 -0.99501831878975D+01  0.17783111104664D+02 -0.94432850803335D-03 -0.30478875631265D-03 -0.63324048342657D-04
  0.14851631629164D+02 -0.72891220196138D+01  0.15885829895158D+02 -0.18133922603038D-02 -0.44170093774276D-03 -0.70627643151553D-04
  0.15077002261616D+02 -0.10316337230985D+02  0.14578891994680D+02 -0.60274384486185D-03 -0.41419138907727D-03  0.71348811667098D-03
  0.49207200129204D+01  0.29330735481312D+00 -0.77605460448506D+00 -0.37037380196350D-03 -0.51542039872958D-04  0.36701733576688D-03
  0.15359969419032D+01 -0.75288025551181D+00 -0.19562264248661D+01 -0.63983383138533D-03 -0.34338486702371D-03 -0.61975310724739D-03
  0.42474860373526D+01 -0.19239147999167D+01 -0.35072307714141D+01 -0.72936262448200D-03 -0.24715295225782D-03  0.93917051817873D-03
 -0.19161796561308D+01 -0.32830419423127D+01  0.34319413737525D+00 -0.93080168050625D-05 -0.35080672586470D-06  0.56891333588960D-03
 -0.21656171161175D+01 -0.57515826317452D+00  0.25051645066444D+01  0.35994712399245D-03  0.13093623878686D-02  0.90707240179147D-03
 -0.40113857304295D+01 -0.32366029925794D+01  0.27321986681788D+01  0.18514719045116D-03 -0.69255044617797D-04  0.20277999960218D-03
  0.39937078214165D+01  0.11444094515687D+02  0.45568404966357D+01  0.17730657567697D-03 -0.60200133198799D-03 -0.44805375872137D-03
  0.20952878579280D+01  0.10172982057889D+02  0.68293379349911D+01  0.16319220751344D-03 -0.12127865796192D-03  0.71840470172485D-03
  0.14459592665027D+01  0.99038877071279D+01  0.34445250566452D+01 -0.85208293713579D-03  0.16340028943635D-03 -0.24650789988841D-03
 -0.12692609552290D+02  0.10891468107767D+02  0.83576016048855D+01 -0.10551659089001D-03  0.25305032364922D-03 -0.41184142025637D-03
 -0.10781045896583D+02  0.90496776633065D+01  0.88946833483570D+01  0.43439022159082D-03 -0.33927510159800D-03  0.12402663408422D-03
 -0.10687176096268D+02  0.69110973786892D+01  0.75077907861070D+01 -0.22173422374800D-03 -0.19829860505153D-03 -0.15717973646655D-04
 -0.12679465226581D+02  0.64039993445178D+01  0.57950372700207D+01  0.14062404308394D-03  0.19706868764412D-03 -0.79646897088936D-03
 -0.14196605371963D+02  0.84678851787080D+01  0.49462778183983D+01 -0.19433861467019D-03 -0.52770397549592D-03  0.91323894770452D-03
 -0.14265074712190D+02  0.10751514252466D+02  0.60993060511440D+01 -0.77318426716053D-04  0.20822379364049D-03  0.19985873475733D-03
 -0.91231179363136D+01  0.46379187676352D+01  0.78824315745694D+01 -0.44764513173949D-04 -0.44286357302476D-03 -0.20070367126648D-03
 -0.10199668029966D+02  0.22501244752896D+01  0.70675093652947D+01 -0.43882299884932D-03 -0.44634566108920D-03 -0.37176188739467D-03
 -0.12057413870174D+02  0.21537965047424D+01  0.53174111090545D+01  0.30724030712347D-03 -0.56642988968074D-04  0.78721551289832D-04
 -0.13413369484366D+02  0.41404025107864D+01  0.45840977773371D+01  0.29821547813323D-03 -0.74152527932833D-03 -0.49060301786312D-03
 -0.70293456168317D+01  0.45682302913510D+01  0.94974625893326D+01  0.12387487302344D-03  0.43310728464554D-03 -0.32270333362253D-03
 -0.62137524130457D+01  0.23119944431308D+01  0.10482659902080D+02  0.36116414776003D-03  0.34369484633150D-03  0.12827186930009D-04
 -0.70344727639116D+01  0.24859430688973D-01  0.95818654775213D+01  0.25825849066717D-03 -0.31130441272601D-04 -0.13910810769193D-03
 -0.87177770517188D+01  0.14082375149569D+00  0.76074122464043D+01  0.19435593723856D-03 -0.10272850571272D-03  0.41056832602170D-03
 -0.92533700066863D+01 -0.20093921710474D+01  0.60928658186789D+01  0.25187049427968D-03  0.97164010765512D-04 -0.63736513407289D-03
 -0.11375343491685D+02 -0.23108236245779D+01  0.47047659519852D+01  0.32045685002084D-03  0.45080567512192D-04  0.29023012472316D-03
 -0.12943527938723D+02 -0.24788845493260D+00  0.40239749628012D+01 -0.36683599799732D-03 -0.92997431798250D-03 -0.39604352515217D-03
 -0.55285742650658D+01  0.67782654026629D+01  0.99121065334470D+01 -0.96785635440697D-04 -0.16808758306837D-03 -0.45183873186052D-04
 -0.35375140775390D+01  0.68203258812548D+01  0.11626957977006D+02 -0.26591057909374D-03 -0.21029831195381D-03 -0.12797580664431D-03
 -0.29924457347327D+01  0.47065506740758D+01  0.12858468555354D+02  0.78587661426438D-04  0.44957450031229D-03 -0.35536442476037D-03
 -0.41611971943598D+01  0.24436744744624D+01  0.12048357826070D+02 -0.11515999013936D-03  0.45196696080536D-03 -0.46594647440648D-03
 -0.52952665157622D+01  0.88771074208434D+01  0.82960789745364D+01 -0.33721520396525D-03  0.22919914943454D-03 -0.16991340275333D-03
 -0.89968758056152D+01  0.94890705820656D+01  0.10935988076385D+02 -0.40750684156333D-04  0.28487479895589D-04  0.28647138656303D-03
 -0.14987399130608D+02  0.12980151893563D+02  0.46609046554510D+01  0.16261111455399D-03 -0.17018649197818D-04 -0.44219546658608D-03
 -0.91093782241090D+00  0.43688481287878D+01  0.14978366473994D+02  0.14948104664756D-03 -0.45644337456845D-03 -0.92412730024267D-03
 -0.15511483083470D+02  0.82020070807363D+01  0.35744125897879D+01  0.11745560183322D-02 -0.84646997264598D-03  0.15459080710527D-02
 -0.13061487642691D+02  0.12726170456352D+02  0.96210850824567D+01 -0.10683849870979D-02 -0.24507905063971D-03 -0.25848865115346D-03
 -0.14803914867325D+02 -0.20077434216262D+00  0.32219110996145D+01  0.13232377342943D-02  0.16138023865650D-03 -0.45945998303575D-05
 -0.88812648751427D+01 -0.38444448510039D+01  0.70242606167943D+01  0.59573816577360D-03 -0.75280590300449D-03 -0.74505517147981D-03
 -0.36419817293787D+01  0.11250519211032D+01  0.13315674055507D+02  0.45039483619815D-03  0.12801630936375D-02 -0.91802274533367D-03
 -0.30110952790538D+01  0.88302813296230D+01  0.11940374118750D+02  0.25516154564713D-03 -0.80783883250733D-03 -0.43864497942337D-03
 -0.15825935684481D+02  0.12849968176942D+02  0.26064375270055D+01 -0.82607385925053D-04  0.94430481631404D-04  0.11306507031030D-03
 -0.14072561306285D+02  0.15377731170672D+02  0.55582272455721D+01  0.32288908352511D-03 -0.32739511832060D-03  0.30449783508573D-03
 -0.14224375802834D+02  0.17663939107857D+02  0.39974417852109D+01  0.88270235853996D-04  0.28481360870242D-03 -0.24996264545817D-03
 -0.12335677537309D+02 -0.47622146781897D+01  0.34613915394298D+01 -0.43626452557854D-03 -0.60515128756771D-05  0.19451443695803D-03
 -0.14485879879883D+02 -0.51494186567091D+01  0.31438295102164D+01  0.47903595978944D-03 -0.43692523977815D-03 -0.14444305406280D-03
 -0.10151914069823D+02 -0.59970179683089D+01  0.27925707594526D+01 -0.94959442445875D-03  0.29173268196463D-03  0.25792731324263D-03
 -0.10803155859082D+02 -0.81475088853257D+01  0.13837204221441D+01 -0.96683545407100D-04  0.10850864835252D-03 -0.45117500927782D-03
 -0.73052488984035D+00  0.28810891130536D+01  0.16728781368282D+02  0.39856653529245D-03 -0.26058653650907D-03  0.17801604706593D-03
  0.12550413287299D+01  0.59681510040374D+01  0.14839552092555D+02  0.59909723349543D-04  0.19882204466058D-03 -0.54314929662681D-06
  0.28013812402727D+01  0.63921034985721D+01  0.17123392728712D+02  0.12734178551783D-03  0.35151245342278D-03 -0.21608058146179D-03
 -0.53131198485843D+01  0.85886986288818D+01  0.57651174545368D+01 -0.19820266689204D-03  0.28314624423051D-03 -0.21923737879832D-03
 -0.93240750532316D+01  0.11649188889678D+02  0.12359967582225D+02  0.14818075184137D-03  0.23770001972267D-03 -0.16496045907611D-03
  0.47821298091669D+01  0.68511891834704D+01  0.16958032887274D+02  0.12625229086569D-02  0.11277247413172D-03  0.12152822465311D-02
  0.24956991257919D+01  0.51366650214259D+01  0.18774582651437D+02 -0.38116150143605D-03 -0.25512053188977D-03  0.89188091626374D-03
  0.18301245622896D+01  0.81975398384397D+01  0.17719679466604D+02  0.42258363619820D-03 -0.54859644472628D-03 -0.40155767631119D-03
 -0.11603061037345D+02 -0.97119725900180D+01  0.26199672761037D+01 -0.42853379397251D-03 -0.65554805919808D-03  0.30436637732346D-04
 -0.93688540950202D+01 -0.86707472690226D+01  0.16391715351565D+00 -0.40680591348084D-03  0.43547123333733D-03  0.33930777409603D-03
 -0.12296667533795D+02 -0.76374334813466D+01  0.25530239006030D+00 -0.12733660023121D-03 -0.58063845210337D-03  0.11083611824744D-02
 -0.83769665539100D+01  0.11686378601534D+02  0.14245237284018D+02  0.12179064109295D-02 -0.24390052493330D-03  0.10045773364888D-02
 -0.11048287220247D+02  0.11517325715377D+02  0.13182535672053D+02 -0.17141714318860D-03  0.36269800238193D-03  0.75014693646856D-04
 -0.93818112112796D+01  0.13638947659771D+02  0.11347754177270D+02 -0.35197282389338D-03 -0.66038699555173D-03  0.10045068177604D-03
 -0.42594265351099D+01  0.10160900109430D+02  0.48032632015138D+01  0.16905430522077D-03 -0.63223190716363D-03 -0.84469569167107D-03
 -0.75667196952772D+01  0.85521742384775D+01  0.53742373291386D+01 -0.44677122669180D-03  0.38574452472122D-03 -0.28047129587895D-03
 -0.42647235291706D+01  0.66434290225686D+01  0.55313004507591D+01 -0.41948912173488D-03  0.20512850975565D-03 -0.49921235381927D-03
 -0.15350531256577D+02  0.19056100091443D+02  0.49638719627387D+01  0.54095912179953D-03 -0.59420214332634D-04 -0.69440934242981D-03
 -0.14717420670851D+02  0.16884010033156D+02  0.22484512162803D+01  0.11990616707890D-02  0.24799129568555D-03  0.61489834317371D-03
 -0.12176307055413D+02  0.18182657694846D+02  0.37820635561690D+01 -0.51337675033154D-03 -0.25357881201873D-03  0.66756494358882D-03
