 -1.0
  0.77214680817406D+01 -0.78924616985987D+01 -0.14845381538230D+01  0.52130054419894D-04  0.61997510038077D-05  0.10701096369444D-04
  0.55881892143813D+01 -0.67440216652911D+01 -0.16029194896725D+00  0.75996876544032D-04 -0.69770614473847D-04  0.22904486761334D-03
  0.54023564135168D+01 -0.57238505542796D+01  0.23368613346458D+01 -0.51203165629204D-03 -0.72791142582657D-03  0.15079283833578D-03
  0.78430080687276D+01 -0.54005295070108D+01  0.33715264058268D+01 -0.22728983811563D-03 -0.51790187822758D-03  0.21053309565531D-04
  0.10092093228753D+02 -0.61163970264086D+01  0.21279179618442D+01 -0.35601548162682D-03  0.15360769761019D-03  0.10706853185307D-03
  0.10050331520055D+02 -0.73624093156828D+01 -0.36764948358857D+00  0.33348284743201D-03 -0.24657586481079D-04  0.10688862917159D-03
  0.32514729054850D+01 -0.45258361830711D+01  0.34443805662908D+01 -0.38055796898020D-03 -0.13051924310834D-04  0.73839487299053D-04
  0.33814130132349D+01 -0.49118690401491D+01  0.61026667050811D+01  0.20541835295436D-04  0.87466411658156D-04  0.24426283198922D-03
  0.56744228729033D+01 -0.47623204831339D+01  0.72776681575073D+01 -0.77117424695182D-04  0.11737409702629D-03  0.24166621246328D-03
  0.77665326263859D+01 -0.42493708702119D+01  0.57143077537928D+01 -0.18833032226177D-03  0.31297308349387D-03 -0.53810888218381D-04
  0.72606844475124D+00 -0.38497521548934D+01  0.24550177073151D+01 -0.87673785844620D-04 -0.41344681668627D-04 -0.23905615571165D-03
 -0.14074728447748D+01 -0.43997482763519D+01  0.40241057817959D+01 -0.20075692529233D-03 -0.47285130655422D-04  0.49014602972091D-03
 -0.10483574633538D+01 -0.51702797602459D+01  0.65419301947953D+01  0.11528093421757D-03  0.72456407574988D-04  0.71495135752143D-03
  0.10173836243043D+01 -0.53211008079286D+01  0.76707371941855D+01 -0.29441145051042D-03 -0.31467824990081D-03  0.66848824816266D-04
  0.12985952165399D+01 -0.52381313549934D+01  0.10319916746301D+02  0.41641753463593D-03 -0.66885518664502D-04  0.34600870752200D-03
  0.35681987032165D+01 -0.50616064312732D+01  0.11463350354960D+02 -0.25794925586021D-03  0.10856369737844D-03  0.53531046039063D-03
  0.57994570553203D+01 -0.49669467984454D+01  0.99759278419156D+01  0.27607137731638D-03  0.54102547843956D-04  0.24851646119126D-03
  0.46506711726165D+00 -0.21842206193268D+01  0.27197821208603D+00  0.58033690862423D-03  0.52430722472885D-03  0.76628621332285D-04
 -0.19942499122522D+01 -0.14943381711485D+01 -0.40155275264266D+00 -0.19634916665447D-03  0.83730613566542D-04 -0.12712807142391D-04
 -0.42249176633051D+01 -0.19777353935222D+01  0.11652817456096D+01 -0.17048947836221D-03  0.42388765675757D-03 -0.17437594102437D-03
 -0.35905569699612D+01 -0.31453451606611D+01  0.34460210063689D+01 -0.20238706628584D-03  0.55124208509955D-04 -0.17421788101997D-03
  0.28710859381266D+01 -0.17165807733151D+01 -0.91620956902355D+00  0.34855981083849D-03 -0.18226039149011D-03 -0.15306988569665D-03
  0.32328464336581D+01 -0.73719960842338D+01 -0.12807636687592D+01 -0.12417910982538D-03 -0.66053813732591D-04 -0.28879460005604D-03
  0.12376258877246D+02 -0.84576921093495D+01 -0.17247932202928D+01  0.37597451765590D-04  0.39175218519531D-04 -0.18997679673945D-03
 -0.67420410148636D+01 -0.11231781782371D+01  0.75408145780743D+00  0.28203087417572D-03 -0.27268337141959D-03 -0.10192761072850D-03
  0.12056450818480D+02 -0.64095828185328D+01  0.29921577507898D+01  0.50832317308873D-03 -0.54668277964669D-04  0.35448030953200D-03
  0.80105861991660D+01 -0.78421157605373D+01 -0.35311467206488D+01  0.74405991751594D-03 -0.89053516120752D-03 -0.17700198199806D-03
  0.76828126321096D+01 -0.46680109124602D+01  0.10811692989205D+02 -0.61442184423543D-03 -0.29914497378142D-03 -0.86268777364754D-03
 -0.57957908326845D+00 -0.50398890906345D+01  0.11288632104553D+02  0.87211647114026D-03  0.63880804892366D-03 -0.95042048050911D-03
 -0.52537374400767D+01 -0.38044531243933D+01  0.46569892324491D+01 -0.11976645931215D-03 -0.41128335096165D-03  0.56371367346552D-03
 -0.24372441618692D+01 -0.46427370295948D+00 -0.21699661318305D+01 -0.43027165588420D-03 -0.75762634447779D-03 -0.43551766518242D-03
  0.14254039656396D+02 -0.80008279587543D+01 -0.74774051937233D+00  0.87664918327596D-05 -0.96428637665166D-04 -0.66722808508591D-04
  0.11951621189444D+02 -0.10197854478033D+02 -0.36372243138100D+01 -0.25803988819794D-06 -0.11476256332912D-03  0.26856977033484D-03
  0.14358925766409D+02 -0.11278821348192D+02 -0.39982526897521D+01 -0.59243132140810D-04  0.11625580491626D-02 -0.50046067347378D-03
  0.38723124869801D+01 -0.60462139610174D+01  0.14112101153202D+02 -0.96354318562239D-04  0.23465485460596D-03 -0.64763836522853D-03
  0.59086022906154D+01 -0.67067954309949D+01  0.14826412200482D+02 -0.14554444881617D-03 -0.25001963464372D-03 -0.97680444771595D-04
  0.16061821128143D+01 -0.59947212610203D+01  0.15456516378841D+02 -0.23957753180629D-03  0.49097934412224D-04  0.28899721083868D-03
  0.17832226236492D+01 -0.74437258390327D+01  0.17563632875123D+02  0.48846989552571D-03 -0.18689627238006D-03 -0.28031050939248D-03
 -0.83904698293926D+01 -0.18936900068392D+01  0.21631288844013D+01 -0.48762934045185D-03  0.23533212540760D-03 -0.81344394398651D-04
 -0.73676680029083D+01  0.62504467814804D+00 -0.11120215497502D+01  0.41483236127112D-04  0.10904729902611D-03 -0.36073397200592D-03
 -0.99322213929200D+01  0.12080219329472D+01 -0.12155707916717D+01  0.38872542856006D-03  0.45012749563791D-03  0.61342020308513D-04
  0.25099867294652D+01 -0.67703685303772D+00 -0.37003640433940D+01  0.18649531172652D-03 -0.49423195220606D-03  0.41839406408808D-03
  0.24448211963023D+01 -0.10021372741278D+02 -0.93844112935975D+00 -0.10820372010042D-03 -0.14888421674525D-03  0.16085308099032D-03
 -0.10688977889074D+02  0.82254460182180D+00 -0.30117715521596D+01  0.45883967185102D-03  0.13077773707468D-03  0.76677964531936D-03
 -0.10081370248574D+02  0.31659678082346D+01 -0.12196584881935D+01 -0.80938520344764D-03 -0.14560832804065D-03 -0.45524255258158D-03
 -0.11020320274695D+02  0.31765659570099D+00  0.34064371652447D+00 -0.28527567127935D-03 -0.92969780465019D-03  0.58473780277799D-03
  0.15434076964582D+01 -0.60472057262912D+01  0.19296336087077D+02 -0.12728690298513D-03  0.68955334343856D-03 -0.54435395203365D-03
  0.36453514870314D+01 -0.84324579151034D+01  0.17944936543964D+02  0.37639119766694D-03 -0.44685295058955D-03 -0.12375167621195D-03
  0.40098605703510D-01 -0.84797307348903D+01  0.17782939119410D+02 -0.16173120832885D-03 -0.15017925712097D-03  0.37307883446714D-03
  0.40087466434420D+01 -0.11271790082559D+02 -0.22579423095405D+00 -0.89163130956213D-04  0.81147201207545D-04 -0.96380740053750D-03
  0.20475315846709D+01 -0.10614839946028D+02 -0.28286178233168D+01  0.16040028896898D-03 -0.45841295421712D-03 -0.94826971473829D-04
  0.64301756122693D+00 -0.10343827392435D+02  0.35930673886304D-01  0.36605877918827D-03 -0.34852946839524D-03  0.81132062684134D-03
  0.13992045844075D+01  0.10070604350417D+01 -0.35324305571955D+01  0.93443116821686D-04  0.21114161334894D-03 -0.39129813240082D-03
  0.14677410078761D+01 -0.21730003588058D+01 -0.48925525884720D+01 -0.22798691252852D-03  0.45725090233237D-03 -0.13388622710955D-03
  0.45306760404105D+01 -0.38864122410600D+00 -0.37077142173606D+01  0.31715998138327D-04 -0.42433796848275D-03  0.62102446327280D-03
  0.15693315598558D+02 -0.98606209444199D+01 -0.38974665347524D+01 -0.35834843893854D-03 -0.21150377295341D-04 -0.52536786129706D-03
  0.14349286804651D+02 -0.12295843018250D+02 -0.57616101203745D+01 -0.46483603624559D-03 -0.19750433576444D-03  0.14077462022440D-03
  0.14640560562093D+02 -0.12587522077375D+02 -0.23219137123572D+01 -0.58441779709741D-04  0.61480968116945D-04 -0.69322393585209D-03
 -0.11946558467718D+01  0.34582083133359D+01  0.79081896260980D+01  0.12395158057531D-03 -0.59095529051039D-04 -0.36223040273779D-03
 -0.32864016731078D+01  0.38903936262989D+01  0.92796645408768D+01 -0.10208793780951D-04 -0.15883770665239D-03 -0.60075153110173D-04
 -0.52470529572570D+01  0.52198192383677D+01  0.81307458654905D+01  0.41077666239332D-03 -0.78159580814489D-04 -0.29861709490409D-05
 -0.47744623262671D+01  0.66865198787303D+01  0.61112722478321D+01  0.25759898345586D-03 -0.26904641802825D-03  0.69491457549994D-04
 -0.22669478130117D+01  0.65954165353369D+01  0.50217768606801D+01  0.26915345661036D-03  0.40772190278759D-04 -0.26294094336454D-03
 -0.61472359870138D+00  0.47128553613232D+01  0.56114719355206D+01 -0.17736000183445D-04 -0.17808020686639D-03  0.36579190683274D-03
 -0.75196491232078D+01  0.57490412638326D+01  0.94340867504755D+01 -0.76191015689848D-04  0.10469279155218D-03  0.52213901865509D-03
 -0.88938994673021D+01  0.78400025805057D+01  0.84243058748217D+01  0.50085990593478D-03 -0.11702020689289D-03  0.27319833398796D-04
 -0.83525632349790D+01  0.90373412959989D+01  0.60644589703787D+01  0.16638804974433D-03  0.26249813832713D-03  0.72383385902124D-03
 -0.61922574079086D+01  0.83390185324016D+01  0.48908180205770D+01  0.22730645827549D-03  0.27083209937397D-04 -0.21079892887525D-03
 -0.87429256144419D+01  0.46242464303320D+01  0.11553891927249D+02 -0.46828341653949D-03  0.11321941116588D-03  0.15775470801294D-03
 -0.10194893501607D+02  0.62621185340919D+01  0.13180483313545D+02 -0.14184319560859D-03  0.24543597389143D-03  0.50328306777227D-04
 -0.11037839217119D+02  0.85111799920912D+01  0.12416350707584D+02  0.61979097826377D-04  0.88335542545918D-04  0.44282653308008D-04
 -0.10523929386915D+02  0.93867783635463D+01  0.10150287690299D+02  0.11222526345073D-04  0.23347890507258D-03  0.17902095173694D-03
 -0.11598445431188D+02  0.11579232565821D+02  0.93293717629654D+01 -0.15235569669283D-04  0.23489708116135D-03 -0.19175764960247D-03
 -0.11626955252918D+02  0.12100002689017D+02  0.67040110314637D+01 -0.14200364498037D-03 -0.14028891600542D-03 -0.11443722611851D-03
 -0.98247207643395D+01  0.10893044047900D+02  0.50970137151840D+01  0.54044386078102D-03 -0.68803840601408D-03 -0.48861860106195D-05
 -0.89208716436094D+01  0.18731073443261D+01  0.11752085885600D+02  0.14330112729757D-03 -0.27588150710370D-03  0.15322659848279D-04
 -0.99589432151320D+01  0.10038903181841D+01  0.13920249906838D+02 -0.80542056804825D-03 -0.33275045168196D-04 -0.11561471367979D-03
 -0.10995930251628D+02  0.25626198990217D+01  0.15616174032180D+02 -0.47058260732559D-04  0.47873099443478D-03 -0.58702992210759D-03
 -0.11183636430359D+02  0.51149361766854D+01  0.15342611167051D+02  0.11105905535473D-03  0.14969087430303D-03  0.11140977417661D-03
 -0.84862420775106D+01  0.22228997341539D+00  0.98403387054185D+01  0.19505476695910D-03 -0.22075499323664D-03 -0.83394045867968D-05
 -0.34914798549000D+01  0.30240962101490D+01  0.11858880597072D+02  0.54117460028614D-04  0.67234768713051D-03 -0.50364616952509D-03
  0.20346951228342D+01  0.49862476605795D+01  0.47644635563059D+01 -0.48867136414598D-03  0.48623782616372D-03 -0.18952174834984D-03
 -0.12297133594412D+02  0.14008822589231D+01  0.17733835555882D+02  0.33152040317849D-04 -0.73525613619754D-04  0.65789772013841D-04
 -0.18529366462907D+01  0.80138177019857D+01  0.35247563670664D+01  0.26599288521598D-04 -0.12387255423928D-04  0.60861213227616D-03
 -0.28556034751293D+00  0.16680940900631D+01  0.81519401208248D+01  0.69093296129204D-03  0.37131131575996D-03 -0.30656973228256D-03
 -0.95592853759721D+01  0.11546483101465D+02  0.31726619966754D+01 -0.13081215075841D-02 -0.50203703016657D-03  0.73866379091949D-04
 -0.13009193078162D+02  0.12370984264544D+02  0.10682473270938D+02 -0.16921407150453D-02 -0.12338679425834D-02  0.14340611028096D-03
 -0.12421217618786D+02  0.61859089554418D+01  0.16610616231926D+02 -0.80370305270230D-04  0.35919208800739D-03 -0.23863312842927D-03
 -0.10065297934145D+02 -0.98786505977551D+00  0.14093386811171D+02  0.20252125051312D-03  0.30668383697977D-03 -0.45057742933612D-03
  0.38862315785381D+01  0.52545858602880D+01  0.63465978919375D+01  0.28432811485095D-03  0.48847808793525D-03  0.20786887239029D-03
  0.25539263578162D+01  0.41406647988293D+01  0.23353503241840D+01 -0.23528118626216D-03  0.13601620202558D-03  0.17139664250168D-03
  0.50517357033724D+01  0.34797552745193D+01  0.18518717534314D+01  0.82522377317208D-04 -0.36379376672254D-03 -0.38128322008765D-04
 -0.12599820594754D+02  0.14569962609812D+02  0.56094759060863D+01  0.26542106908509D-03  0.13013665220298D-03 -0.16073699108802D-03
 -0.13307371854452D+02  0.16082184038236D+02  0.71146554689853D+01 -0.88281531067408D-04  0.27788386116003D-03 -0.29735966233276D-03
 -0.12754077165422D+02  0.14915373311342D+02  0.30190488170699D+01  0.16280018116597D-03  0.24302074398947D-04  0.15283854646483D-03
 -0.13290944264706D+02  0.17491346559153D+02  0.25441666260001D+01 -0.17349548404922D-03 -0.33288468444481D-03  0.13266806747987D-03
 -0.14087410186919D+02  0.23137989678050D+01  0.18729462649231D+02 -0.34285094256757D-04  0.14305335467221D-04  0.23790200594019D-03
 -0.11517183614647D+02 -0.81704034356493D+00  0.18641557835793D+02  0.12050301247568D-03  0.20284390078694D-03 -0.70813227265369D-03
 -0.13488050690411D+02 -0.20026814284515D+01  0.20156971827264D+02  0.17975328731627D-03 -0.34491447697087D-03 -0.14594850405454D-03
 -0.85583073870767D+01  0.13692578219837D+01  0.74764774726077D+01  0.38757017862694D-04 -0.11071353105655D-03  0.48493705095067D-03
 -0.99218095963584D+00  0.31521445480050D+01  0.13175504584510D+02  0.21621715864684D-04 -0.76531783305134D-04 -0.27348045634189D-03
 -0.14745116158978D+02 -0.30960802338540D+01  0.18920410962074D+02  0.40503714360094D-03 -0.51112739353920D-03 -0.87214189957239D-05
 -0.14407486957814D+02 -0.80950405318437D+00  0.21640619725208D+02  0.22457056462305D-03  0.11224073474909D-02  0.97253151296253D-03
 -0.12617939793001D+02 -0.37356991907743D+01  0.20977941674437D+02  0.51074415116036D-04 -0.10850573538923D-02 -0.45754189467389D-03
 -0.14981853601362D+02  0.17701295256595D+02  0.13780397001440D+01  0.45262715346353D-03 -0.57665807175353D-03 -0.48648977009909D-03
 -0.11732030578402D+02  0.18459853913746D+02  0.14896394996638D+01 -0.13801276173002D-03 -0.40540269102755D-04  0.99386122912044D-03
 -0.13608867486233D+02  0.18078886845450D+02  0.45000290656973D+01 -0.42299388590938D-03 -0.52152357110442D-03 -0.47000800631272D-04
 -0.14631893713438D+01  0.42482910032566D+01  0.14947572090445D+02 -0.63765312149992D-03 -0.86514571906233D-03  0.12368771375773D-02
  0.50001946101961D+00  0.41383479192194D+01  0.12129186317335D+02 -0.27171145675535D-03  0.42933838543643D-03  0.29923669147583D-03
 -0.20998510190747D+00  0.13532286396440D+01  0.13835719504650D+02 -0.16447560907778D-03 -0.55977680197484D-03 -0.26165281924812D-03
 -0.99308212595293D+01  0.29998295502484D+01  0.74839467313928D+01 -0.33911256162079D-05  0.85926204887076D-03 -0.65493433266761D-03
 -0.95560465850264D+01  0.42202142592258D+00  0.60503713476476D+01  0.87668975100390D-03 -0.17842922973774D-03 -0.83171386365311D-04
 -0.66736023383733D+01  0.15007447229095D+01  0.62232023876928D+01 -0.27438044453803D-03 -0.75851662372753D-03 -0.51755667023492D-03
  0.52547029680743D+01  0.15336734964624D+01  0.16971019717704D+01  0.26787815132290D-03  0.13559355287285D-02 -0.69435248304103D-03
  0.59647792115125D+01  0.43484668953962D+01  0.35523723025607D+01 -0.12153042605923D-03 -0.17604015346489D-03  0.89391137328542D-03
  0.56340010006549D+01  0.42458058520690D+01 -0.85697422806274D-01 -0.19283154159966D-03 -0.65130843330917D-03 -0.65745459347873D-03
