$coord
       -0.91742009465141       -1.69034548501385       -2.78122570577386      C
       -0.86129795515132       -3.12693645636426       -0.47982670144155      C
        0.69241035709810       -2.52279693159067        1.59328276971923      C
        3.00036528064464       -1.06221867627298        0.89286985315593      C
        2.93614347514015        0.28361104019620       -1.25039653109185      C
        0.92440730694518        0.11200805062044       -3.04810368477870      C
        0.38130839782382       -3.28320137146187        4.22257077916730      C
        2.62560250191828       -3.52933911901242        5.53349540119259      C
        4.81222701870586       -2.04783927188972        4.67695989482035      C
        5.08213276080175       -1.15624937677198        2.35960787678962      N
       -1.89342452178441       -3.63127305467205        5.71928099682840      C
       -1.75542065835272       -5.03569627394476        8.08000835204489      C
        0.54287282368719       -5.63159335778892        9.20695079933149      N
        2.59152580487327       -4.85586072677222        8.01562703164469      C
        4.85844947111840       -4.96504248977927        9.24525816966746      C
        6.95425055661866       -3.52091645484368        8.16698711951752      C
        6.92062326274436       -1.86622291460484        6.25844672548002      C
       -4.28849870924167       -2.86235742445262        4.70953614123811      C
       -6.31235913340396       -4.34190295365315        5.36746732232596      C
       -6.28107226412514       -5.81105706043812        7.56628389107029      C
       -4.01220014871181       -6.07760035519245        8.94938015685848      C
       -4.48624330673364       -1.35174813666680        2.67117089786397      O
       -2.62513177816101       -5.25888964244907       -0.48645640969560      O
        0.88555520745784        1.19678466055877       -5.73427390635378      C
       -8.52942208062897       -7.52530439438053        8.19759739292152      C
        4.84992520249826        0.74325179007790       -1.93964874944044      H
       -2.62306257582854       -1.48270735285733       -3.81833887716358      H
        8.83033893292318       -1.00987836562800        5.68010731499367      H
        5.21699058481396       -6.51654713019797       10.55595770991943      H
       -4.03765317360181       -7.05099743307163       10.70012372367128      H
       -8.05389751768148       -4.08653938439451        4.56268853456045      H
        2.68515477771136        2.43033338136901       -6.27798319161514      O
       -0.87857705597535        0.22455165905883       -7.26047031742504      O
       -0.23204884174762        1.03956592339058       -9.56452613301433      C
        9.33182170842027       -3.98305748419219        9.55978131667351      C
       11.33437916221021       -3.27623904935157        8.67646777709349      O
        9.35060766587482       -5.24925138549536       11.75443889774939      O
       11.77655226336698       -5.45073010669685       12.41119638504905      C
       -8.18354359807647       -9.84862730622999        8.43867268389841      O
      -10.72029393768191       -6.60190662847469        9.13130359944261      O
      -11.62618651403372       -8.28581384325545       11.01937698660129      C
       -5.12173285664701        1.01297199991641        3.40871937586109      C
       -1.82246547799272       -7.50157378682408        0.55160895050957      C
      -11.84335735328791      -10.24361175748425       10.22032083789688      H
      -13.67206423744653       -7.43229727694082       10.72440149652522      H
      -10.95592332845052       -8.02741568355189       12.99420127024877      H
       12.87865471113924       -3.66437898305232       11.89104450949116      H
       12.84753863302530       -7.23489385400065       11.40817221503372      H
       11.74673235850766       -5.09961313640242       14.41379386106592      H
       -3.40154820076488       -8.52367083204654        1.27875693750652      H
       -0.40650399015090       -6.91269280855697        2.02383148009365      H
       -0.64092515719680       -8.45496390965416       -0.55930431118468      H
       -3.53440360360258        1.23896933129271        4.76113824872318      H
       -7.14825172691732        1.17428377198245        4.18676386575966      H
       -5.04968634628604        2.38664812004611        1.80890084555995      H
       -0.65983337042101       -0.04636521051498      -11.38122916369685      H
        1.85548970352344        1.03446899164957       -9.42640459321825      H
       -0.74671036352802        2.92703821661020       -9.85647142785430      H
       -2.19343962342886        2.08860767701510       14.95604176062220      C
       -3.36101002736365        3.85562987978944       13.29716985472753      C
       -2.45898083010976        3.90696751448659       10.71148927118927      C
       -0.12983762356619        2.74244721206797       10.04047504085239      C
        1.03914404963176        1.06428618608775       11.84596923504935      C
       -0.06427926763292        0.74684775547362       14.15336208171519      C
       -3.94678180273695        4.78539377131239        8.68516527776177      C
       -2.79457053775463        5.50452158921355        6.40499320913058      C
       -0.28518711766690        4.68313510701185        6.04997476246949      C
        1.06053751072863        3.35776787765348        7.75331840248874      N
       -6.61907063335410        4.91460716522657        8.89688757998112      C
       -7.50086791769903        6.71239204630240        6.98792096021101      C
       -6.18856970255176        8.04044729009846        5.26828737744159      N
       -4.01626092054772        6.91484730450754        4.57272577970185      C
       -2.61225194225447        7.64783994261103        2.43088563764160      C
       -0.31979734405677        6.66501510875077        1.86119914712251      C
        0.90592760592162        5.09866635111664        3.69461321806955      C
       -8.42982884924078        3.71160529713358       10.37236617844171      C
      -10.98634441054639        4.17715615728340       10.35351806566718      C
      -11.79298632446731        5.95324518147882        8.56545198076755      C
       -9.98972785106672        7.25165184315201        7.07009983943043      C
       -7.82263541595332        1.53897941481768       11.65849272415962      O
       -5.18195046042312        5.58917675296719       14.30333759766594      O
        0.23950884358636       -1.65528225980292       15.34978495884892      C
      -14.32441012935933        6.80725206084189        9.10663666200986      C
        2.93271983224538        0.30698757231950       11.81770325539501      H
       -3.17979983044631        1.37821234505778       16.38025157850302      H
        2.77545778057828        4.30439833074831        3.45938587544136      H
       -3.41620816959874        8.64739809462417        0.78960499172583      H
      -11.00112271422328        8.78600037744711        6.13045385100633      H
      -12.59172479568408        2.92456674113912       11.04509829750763      H
       -1.71817073009840       -2.85391981480688       15.44470980681180      O
        2.62835734247537       -2.72856187277005       15.80162941427830      O
        2.90820665252101       -5.34630606656643       15.76306686622959      C
        0.76999851650138        7.59771301294440       -0.52267058656720      C
       -0.30521711112581        9.19447306193718       -1.74723176292679      O
        2.93700792020629        6.42092217546017       -1.04617585907431      O
        3.32064261928328        6.59301134263052       -3.59370665765324      C
      -16.12245062577975        5.42264403550908        9.05314207538818      O
      -14.48838059143933        9.30135810480560       10.06858390859327      O
      -16.64676048811231        9.43122461666950       11.50063354554937      C
       -9.15349504279502       -0.61804437084420       10.97502844335152      C
       -5.21858315236389        8.04901704001441       13.22497215523252      C
      -18.00631588122243        8.27981217254650       10.52919904161888      H
      -17.08023878537013       11.56075703026128       11.91126099788997      H
      -16.06665945322538        8.66229075369582       13.30203758006945      H
        5.34945944160058        5.83088875282519       -4.10767048700431      H
        2.95850567397832        8.44658976590594       -4.36739638941174      H
        1.78583416662074        5.25745614878785       -4.28261375433764      H
       -6.74553696422977        9.05187588119708       14.39671571581669      H
       -5.73744112369768        8.23398514654247       11.37964104863490      H
       -3.12031675235606        8.71804683244953       13.43604934086204      H
       -8.42479998066126       -0.82778773187331        8.84805500056187      H
      -11.13446084901726       -0.39235460482861       11.59715453830418      H
       -8.17503309470309       -2.14593687973222       12.06829605758922      H
        1.64091137696606       -6.37381091002327       16.96923358812063      H
        5.02759683506228       -5.72646121496030       16.22003919301577      H
        2.23510546503027       -5.79412384561197       13.90378103985952      H
$end
