$coord
        4.64720382745850       -2.77221055228662       -3.52066008527361      C
        3.03049602762306       -3.40556402888639       -1.81579909134237      C
        3.66308791456727       -2.90577010831838        0.89531288255363      C
        6.25053894765970       -2.66031845972661        1.48269232597246      C
        7.99213322313922       -2.45325311959266       -0.50466199098807      C
        7.12908143067598       -2.10056553336411       -3.04582606146608      C
        1.77892831233367       -3.03440328139816        2.85195370967967      C
        2.54833490711811       -3.40428640846269        5.34906288974661      C
        5.09617273148918       -3.79301384577875        5.74224516006020      C
        6.85035924136904       -3.50539900460973        3.88875655663420      N
       -0.87047568090393       -2.63710949673669        2.59412985763017      C
       -2.51301722863582       -3.27727790304041        4.65359438849643      C
       -1.93918959264128       -3.78821441000783        7.05022368736836      N
        0.71070564666507       -3.46246153156850        7.49972223844764      C
        1.60050211139989       -4.22060833719260        9.80849653223881      C
        4.14757275973455       -4.54118744223798       10.25715733198044      C
        5.74099631823807       -4.36169229796925        8.23305177626295      C
       -1.93873088779506       -1.42333324251375        0.51677941548490      C
       -4.45347996851908       -1.24902429560541        0.32208210310050      C
       -6.34784650332709       -2.06121902703067        2.12625174893586      C
       -5.30510433415630       -2.98064151600862        4.33789618518344      C
       -0.67913545562609       -0.31485834872186       -1.47050984696210      O
        0.70263581841006       -4.51369637419586       -2.75832499428746      O
        9.05003166530558       -1.53928934172658       -4.92125152421718      C
       -9.09663783979085       -1.19367639322907        2.38573940575429      C
       10.02442466266483       -1.87296331250093       -0.26562995665932      H
        4.37132058419474       -4.01344602979794       -5.12677056809054      H
        7.58490709627985       -4.88728453217615        8.85401685753817      H
       -0.07001608844067       -4.07314678840983       11.21207136043544      H
       -6.38131692395653       -3.31962795045472        6.02751992481803      H
       -5.56028609250868       -0.23263723071428       -1.20104069261889      H
        9.75427719327769        0.50177019063704       -5.65856500589803      O
       10.11556330026033       -3.99527881138814       -5.49931526221221      O
       11.84111513924522       -3.33181926384172       -7.53997444102559      C
        5.41104580021845       -4.64197372663637       12.88178490410538      C
        7.79745461407114       -4.47503595870051       13.22746929808406      O
        3.63142446794103       -4.31426302939199       14.73568281261289      O
        4.91001584777652       -4.75722371069276       17.07357291819824      C
      -10.45996793715004       -1.93996613899755        4.05364062876705      O
       -9.71066044709577        0.35692994501317        0.41311850488307      O
      -12.02337123575068        1.56029849445007        1.24285208955576      C
       -1.29139822857443        1.52458506954554       -3.15507126519347      C
       -0.18925131084827       -6.63245126503594       -1.49197755681939      C
      -11.77186073026959        3.10258732767765        2.44696529223531      H
      -13.25743996293573        0.19169627689277        2.12925917591945      H
      -13.15977537867350        2.08584276559200       -0.53141175899449      H
        3.29383827545153       -5.05636110898036       18.33966917637921      H
        5.88339216400786       -3.03824299638908       17.63787166167734      H
        6.20732725338746       -6.42381938406518       17.07997930926592      H
        1.23368699540459       -6.93147509342787        0.04260860486190      H
       -0.32406242175026       -8.34271548484944       -2.80468613227737      H
       -2.10908146047383       -6.03208409398213       -0.92355444831205      H
       -2.69929975434915        2.83158212086298       -2.38891401613587      H
       -1.66028605445951        0.37245546163227       -4.75174614911669      H
        0.26921336032998        2.67797377645373       -3.56592723628248      H
       10.99909037855139       -2.07967855853383       -8.99855769346309      H
       11.66818835930715       -5.15117149551621       -8.62812333128324      H
       13.67839189809589       -2.73933668036734       -6.54713356434072      H
       -0.17092842025561        1.17622382694548       13.66647333567223      C
       -2.76512196407283        1.55991509515683       13.22882165654300      C
       -3.60729918581402        2.13643272434374       10.65851251745749      C
       -1.63304988749870        2.30988528300687        8.76840254975263      C
        0.88342910565906        1.81633339918906        9.32955258973046      C
        1.72861891761921        1.33237309316958       11.70476710565574      C
       -6.02422724771186        3.12667909915891        9.82338964361183      C
       -6.21847058493517        4.37268630670407        7.56937413850456      C
       -4.35370914252745        4.03070089547828        5.68798477921520      C
       -2.16577339272757        3.11051209628948        6.49627263975929      N
       -8.16234469371950        3.46037447192832       11.52761323659273      C
       -9.58995919814817        5.76581813974991       11.08952575493335      C
       -9.66026939489965        7.00965189928401        8.76128241674620      N
       -8.20844523730956        6.17251763264730        6.98758726856767      C
       -8.53196173231436        7.05935681818522        4.63154897058715      C
       -6.86862233461053        6.52906778152383        2.70497523698118      C
       -4.66336470254583        5.27280673680944        3.28682956719258      C
       -9.24569080262827        1.71950503434150       13.23712131364798      C
      -11.22407500232862        2.12245977845877       14.92470168294713      C
      -12.35306609039645        4.47231336558828       14.57969627613759      C
      -11.48574580301466        6.25827148918110       12.89824988971744      C
       -8.91337457455404       -1.03615273385974       12.86592362377885      O
       -4.51451543919896        2.19224001650952       14.98526521929904      O
        4.47412958890308        1.73511892424304       12.04645551083013      C
      -14.59952236832160        5.16925750775526       16.04919477641576      C
        2.36535629564241        1.80746753174942        7.75848070337730      H
        0.74105328403127        1.14676006519459       15.56597767991212      H
       -3.57103643776601        4.42237343753479        1.69132758310027      H
       -9.99869082351389        8.42437848060596        4.41447305745587      H
      -12.29023409012504        8.12192497522619       12.94811711327238      H
      -12.30185521486518        0.61215757877765       15.65853062352741      H
        4.91017050311713        2.30732910611832       14.25565211448199      O
        6.42269030585532        1.21653769309081       10.38923539766281      O
        8.68227360376281        1.10820181231745       11.60919228655434      C
       -7.12871242248202        6.81272887179247        0.05428530765577      C
       -9.20089919318781        6.56208414648592       -1.02586052997572      O
       -4.87980529554880        7.21578548791532       -1.29476768192288      O
       -5.25383697464346        7.56277814010901       -3.70621243916198      C
      -16.26619588779127        6.58855288498146       15.25234492535884      O
      -14.71962661028260        3.65090005436776       18.24205825003149      O
      -16.84566877665088        4.51307388307800       19.38883241149278      C
       -9.73426355808603       -2.20287620881955       10.75615804116983      C
       -4.08289543800415        1.32601959419605       17.54632011664498      C
      -17.03279576119067        3.66888991818584       21.20929230073642      H
      -18.20267272692291        4.57057882493342       17.82591913039201      H
      -16.56055172052709        6.42537103343235       19.72683262186762      H
       -6.80383387371402        8.95682479357066       -4.03861074771065      H
       -5.84096292727363        5.72852665284021       -4.67362036367701      H
       -3.80634393811395        8.51001870426250       -4.77125920982528      H
       -2.79714276009786        2.55320710624387       18.38634896563147      H
       -2.99280262111084       -0.46769282492910       17.46633590358491      H
       -5.77313526241309        1.09874309477007       18.81093194096055      H
      -10.45035285978398       -4.00941811145478       11.61052964910518      H
       -7.96302822138146       -2.39171637092843        9.85563773351402      H
      -11.19646530121458       -1.28588102601153        9.62360123593383      H
        8.26961274906938        0.00018681363093       13.27602397513023      H
        9.34732878400448        2.96698072549475       12.14339926761843      H
       10.26245070811137       -0.04143211123614       10.57883907731338      H
$end
