$coord
        1.37506201895623       -3.42455304785415       -1.70230206931246      C
        0.42579142967913       -4.24243080535038        0.47344138242384      C
        2.02265089926598       -4.08828653970645        2.79889223182761      C
        4.64233659230995       -3.18209337288321        2.53723477812376      C
        5.34338742892178       -2.15816263619359        0.20091507573040      C
        3.79256953777130       -2.40933102878716       -1.90298206168564      C
        1.32680721337547       -4.65274542119717        5.46573083702358      C
        3.30195213065393       -5.46583420665942        7.00524152224319      C
        5.91867306760954       -4.76063116154507        6.29275897105696      C
        6.43309792828143       -3.36604062904236        4.25176853033467      N
       -1.23225597536680       -4.64319081212663        6.29301299122498      C
       -1.64760839970848       -6.31365357712095        8.31085412630153      C
        0.13649057964423       -7.06165124685748        9.85352507377605      N
        2.66870609693760       -6.75347871305837        9.09278772856052      C
        4.66116188211649       -7.53144641028931       10.84592717431046      C
        7.17130132221615       -6.67834198708846       10.26914946768724      C
        7.96203932033722       -5.35683404646078        7.97993850951065      C
       -3.17007733367199       -3.09060852156961        5.34683060346702      C
       -5.72393862430907       -3.56070644820470        5.94511463412531      C
       -6.19492687169599       -5.83378339351927        7.37024806227051      C
       -4.29568281207699       -6.84797086017750        8.74140635749541      C
       -2.54446851718228       -0.95292903772984        4.05672623794115      O
       -1.80870523566349       -5.68492294207339        0.47888267949352      O
        4.58731394363811       -1.00560157311255       -4.23879765428219      C
       -8.74411636848932       -6.62923028310413        8.35695166270389      C
        7.21375616406713       -1.74983341816666        0.04623726894797      H
        0.31961431454157       -2.75744286211435       -3.45070479096643      H
        9.94660208375712       -5.61101081254330        7.33940898352156      H
        4.27522633507197       -8.46926640699398       12.55787178265612      H
       -4.64818621543351       -7.70809239339974       10.56206655753001      H
       -7.08285475699909       -2.34458746414689        4.99087442391764      H
        6.79428551309457       -0.37479255941200       -4.38951557029379      O
        2.26550229480451       -0.14607497018037       -5.51351089311068      O
        3.05516019955124        1.51076675705125       -7.67525980389223      C
        9.01145527043989       -7.84859840657334       11.83153915072143      C
       11.37377760395951       -7.99110822510779       11.31436168777364      O
        8.15167357076841       -8.39211439483393       14.20014330215078      O
        9.97788813636638       -9.69549337978949       15.55477058519982      C
       -8.84822885224522       -8.27484578372123        9.86615869839408      O
      -10.92439939799410       -5.44463114783537        7.46915117898552      O
      -12.81152908755283       -5.99308512010028        9.40792714859904      C
       -4.34441840357816        1.00934685944550        3.80939886175456      C
       -3.28842974402337       -5.82949636985571       -1.68813264656101      C
      -12.12440669853672       -7.83326248797734       10.31959744501389      H
      -14.50735054031593       -6.29714361893161        8.33921701709871      H
      -12.28573997325820       -4.45112321284276       10.79080104107608      H
       11.66596530787561       -8.65068660902374       15.96924132187700      H
       10.61061036124756      -11.17167080453277       14.10776301323421      H
        9.15238368126593      -10.47831545742696       17.27188137327668      H
       -5.01944907809209       -7.12219525975922       -1.37855031751493      H
       -2.46792507557799       -6.87618277971634       -3.18116760241286      H
       -3.97826608940627       -4.23091435993968       -2.48668061067279      H
       -4.61081975214489        1.76567831194826        5.67055135525456      H
       -6.13072380568598        0.16084550967556        3.12031814109638      H
       -3.94192227485955        2.53579870829493        2.56648995432671      H
        3.87854447666465        3.49760943062884       -6.88784320692868      H
        1.22623807665566        1.55884286562903       -8.71427335262751      H
        4.52063928328621        0.55816596595967       -8.91260275191600      H
       -1.53251894621879        2.45329487381178       12.80330597983876      C
       -3.38286297429144        4.06330632942160       11.79975135960848      C
       -3.18506167969577        4.63816008579858        9.14398611272594      C
       -0.77821403839036        4.02210962299994        7.88115390865783      C
        1.04338783174181        2.80125994808627        9.29781971619913      C
        0.69217614743097        1.83885489724446       11.72123241270598      C
       -5.01092391746065        5.75673006630053        7.53668820383527      C
       -4.24078895604011        6.65483112321719        5.20457131673273      C
       -1.80867433353508        6.40448918013377        4.35066988202263      C
       -0.02584393805656        5.17823474380368        5.45406902363511      N
       -7.79048679748251        5.44625229020209        8.00520549497644      C
       -9.30371640060768        7.26644469133941        6.83511562953594      C
       -8.47938558564455        8.48696620497196        4.74543734056857      N
       -5.94894449591220        8.17826414677192        3.96998329074411      C
       -5.17225136703489        9.69831524672617        1.97369272878666      C
       -2.87962246281166        9.31976439801907        1.00270415291402      C
       -1.24456951768313        7.79174699368107        2.19049823459764      C
       -8.99150559104642        3.31198715948923        9.31382693261848      C
      -11.40788267544211        3.59895519889441       10.23404472744254      C
      -12.69150753242894        5.63367676810619        9.18948708721342      C
      -11.85272082174936        7.51048472455351        7.49289170132176      C
       -7.45190496094447        1.31293435952707        9.43128122254058      O
       -5.72521161180854        4.60466314002884       13.00588280123636      O
        3.04187294354760        0.79882147129097       13.06598555903420      C
      -15.29938940929149        5.93218281329361       10.07747899550762      C
        2.88759690924481        2.37922772167144        8.23983355969789      H
       -2.20255857229328        1.58655500301723       14.43835088515000      H
        0.75847674942025        7.86349831949242        1.78490335479601      H
       -6.23709659074179       11.10068777845585        1.08496766674660      H
      -12.77149560232405        9.26262967953951        6.97334788406103      H
      -12.67094724429721        2.64710264290300       11.62043064996260      H
        2.91265190645136       -0.77899103433222       14.90361116777169      O
        5.52376041823300        1.59442579302491       12.27042269907390      O
        7.45542124186944       -0.26412150277678       13.12309674179087      C
       -2.23807231826489       11.26334896447112       -1.04801366003706      C
       -2.98327827741680       13.51106121081429       -1.01878345839664      O
       -0.61859643197094       10.49417249034831       -2.96253054130096      O
       -0.21487912221371       12.38505191810652       -4.79038891004168      C
      -16.15935254547720        4.45160049087637       11.77472890887983      O
      -17.11136491957094        6.75013128725713        8.42883791450094      O
      -19.66568131596769        6.10514509163533        9.01884745346581      C
       -8.46902255903982       -0.36962450804219       11.00267041003338      C
       -5.74994396337812        6.33232797154370       14.90967326606393      C
      -19.56215433266543        4.96670866378835       10.71634306566489      H
      -20.74388683782346        4.91243270002984        7.70059332734960      H
      -20.19942513148415        8.06162823547225        9.58089072384780      H
       -0.22933687607312       11.55406823898017       -6.56659977159412      H
        1.76706547583276       13.13907810601973       -4.51324665409657      H
       -1.74573243240178       13.75113665307601       -4.17389105020285      H
       -5.20078118464883        8.26674963596641       14.29789557195259      H
       -4.37987914387128        5.96536752630084       16.55224870685931      H
       -7.50935046610047        6.53046556220364       16.00606861937635      H
       -8.37388495480948        0.12784217510523       12.89343422719937      H
       -7.48180905608830       -2.37461984083473       10.89248539558614      H
      -10.51015030822252       -0.72867654310521       10.34590975128101      H
        8.55214586808400        0.58593790006440       14.53658509028275      H
        8.56955506609217       -0.89721710060742       11.47007049945358      H
        6.13698278666714       -1.68994263652398       13.64180257076425      H
$end
