   -0.02595689
    0.11148931
    0.01425517
    0.09554724
   -0.02660875
   -0.00405905
    0.03077693
    0.00471374
    0.10420509
   -0.26760611
    0.00512863
    0.10014113
   -0.27634781
    0.10749070
   -0.02640660
    0.00736083
   -0.02763681
    0.13431429
   -0.03153186
    0.00073324
   -0.03345172
   -0.34283717
   -0.35152519
    0.39513690
    0.37216749
    0.12043405
    0.12309121
    0.10851391
    0.13536197
    0.11940966
    0.08875818
   -0.49178111
   -0.39436789
    0.01911964
    0.35773366
   -0.48011864
   -0.37437824
    0.00755190
   -0.48523725
   -0.37972653
    0.01960645
    0.02166394
    0.00958229
    0.08582668
    0.09987888
    0.11394161
    0.14302234
    0.08166227
    0.08805378
    0.08937495
    0.07151752
    0.07636769
    0.09865377
    0.09586571
    0.07278091
    0.08103072
    0.12382877
    0.08348445
   -0.01959145
    0.11728514
    0.00215294
    0.09826220
   -0.00005836
    0.01365626
    0.02184923
    0.00449917
    0.08753670
   -0.27196958
    0.00518616
    0.10406755
   -0.29106761
    0.10001459
   -0.02510929
   -0.00110385
   -0.02131175
    0.12679580
   -0.03684552
    0.00316970
   -0.01983896
   -0.36074482
   -0.34972233
    0.39382513
    0.39855940
    0.12873509
    0.13401897
    0.11807052
    0.12248109
    0.16269118
    0.09042823
   -0.50270610
   -0.38808515
    0.01208320
    0.37367819
   -0.48905686
   -0.39263931
    0.02047158
   -0.48671149
   -0.39034761
    0.00166717
    0.02553081
    0.03025726
    0.13764860
    0.07359824
    0.09850603
    0.09780342
    0.07460938
    0.12778454
    0.07704606
    0.07002901
    0.07486803
    0.07391831
    0.06258131
    0.08980164
    0.08266839
    0.08210406
    0.12696976
