$coord
       -5.22476369289165        1.25381526829403       -1.62073189036968      C
       -7.03469491239547        2.46435877285015       -0.10943519037314      C
       -7.65098757977183        1.39420466330097        2.33881018919477      C
       -7.07603316732638       -1.30409929419516        2.75709810199216      C
       -6.01622462189710       -2.66735525612271        0.71190487702464      C
       -4.88575978577176       -1.38893606999837       -1.33330428417152      C
       -8.29258280440852        2.82001806583365        4.48945303132771      C
       -9.13278883822982        1.64428394988017        6.61129725199440      C
       -9.28057242234706       -0.89456124181574        6.45408302450496      C
       -7.86723178341790       -2.24750233133159        4.79784488880636      N
       -7.93817028223440        5.66818160659627        4.70906114282063      C
       -9.05614608243632        6.90845938078698        6.91171564382030      C
      -10.61133162838337        5.60431409415393        8.30922120021298      N
      -10.39257561977926        3.07679462033643        8.37640727057477      C
      -11.84277122540856        1.86160880799589       10.30778462247745      C
      -11.72002786205974       -0.79049078623791       10.35735775009261      C
      -10.68486650996584       -2.23558381956570        8.31760612780867      C
       -5.87022722937528        6.98738487065860        3.59675323247832      C
       -5.40712505355850        9.60777556378304        3.96509415686369      C
       -6.66905714501126       10.76896939507892        5.98789382308287      C
       -8.26280758122620        9.41933715009076        7.54359831505841      C
       -4.13107760757116        5.36757512652493        2.39946159227058      O
       -7.93145762556718        4.71127255885155       -0.84426849487859      O
       -3.56112528673599       -2.93250358772841       -3.44625944630880      C
       -6.75525244667457       13.46696092622659        6.60513579496726      C
       -5.92619411618998       -4.57330571658072        1.01086539629515      H
       -5.34614125354886        1.87976255179831       -3.53434956757600      H
      -10.60051358015149       -4.26116288829132        8.23802139877053      H
      -13.02923381714963        2.65086139674119       11.68182091247554      H
       -9.62646382618459       10.35458827502920        8.74740328509122      H
       -3.91931449027067       10.47504724509739        3.01937720378077      H
       -3.46242348247455       -2.01394796183424       -5.48007728224165      O
       -3.06313575976839       -5.37437031582019       -2.74544561732814      O
       -3.38232726883869       -6.96465601679039       -4.85121409012580      C
      -12.77677830855467       -2.79837835656214       12.29217761692049      C
      -12.59145049644913       -4.87120512044265       11.85988673868229      O
      -13.84604780539843       -1.40634727760706       14.25551439805990      O
      -14.72991595245138       -3.01962805241312       16.47676085646165      C
       -5.52720857540011       14.80645958120466        5.26065605230973      O
       -8.13822733115237       13.90326351016236        8.72079223671664      O
       -7.46890274868784       16.31663337649718        9.08478780461093      C
       -2.27223209347118        6.55559443207962        1.00957389840862      C
      -10.64319340070025        5.35436906338948       -0.79935711986541      C
       -6.59329281970831       17.36923449013987        7.51278978211247      H
       -6.28944383528022       16.46025530399816       10.56074819436141      H
       -9.19628996891184       17.51347751014062        9.63776978775691      H
      -15.16641573085339       -4.86105632717015       15.74353113940700      H
      -16.53865780249738       -2.22115887373609       17.33588976136567      H
      -13.32666589924527       -3.07920212813984       18.06324708690208      H
      -11.86661127147288        5.67426184647661       -2.52242858692255      H
      -10.66635883851942        6.96622368347170        0.32442348055854      H
      -11.80062695336213        3.93687232303508        0.46497587807691      H
       -0.69141766978143        5.09875641602843        1.09431493150870      H
       -1.60545513621053        8.17921058499122        2.03644085606089      H
       -3.22452170804716        7.11064130025088       -0.79834136921778      H
       -2.78066830606982       -6.02150980880415       -6.62079113743954      H
       -5.43601189341220       -6.72466807077351       -5.45524145588916      H
       -2.81082106265130       -9.01169032345165       -4.67841017793174      H
       -0.11992845250270       -6.18449538464382       11.13233058103935      C
        2.06827357928843       -5.39664268656484        9.96052162496878      C
        1.54382636808092       -3.67736093992692        8.10471587697527      C
       -1.07693423738257       -3.29423662131429        6.91857883839626      C
       -3.14918068596142       -3.79585615612516        8.40626279190624      C
       -2.55049020181754       -5.44800094650462       10.52426958151496      C
        3.67141386232514       -2.07234759107280        7.43199976314002      C
        3.26605408334969       -1.21642653103541        5.07509759507974      C
        0.94222227511120       -1.39862814080521        3.70367991163749      C
       -1.28622940763297       -1.99084117362524        4.72997919027456      N
        5.74353174171991       -1.02445507261656        8.91367470542501      C
        7.94606414042806       -0.27586341710116        7.52023981259661      C
        7.94705205548033       -0.17839948945967        4.97656634171153      N
        5.56027823635004       -0.16072405118020        3.71444057879197      C
        5.52697620532859        0.53945607118869        1.24504099965488      C
        3.02837802451633        1.10554354175108        0.25597286753554      C
        0.90605856131485        0.22931008002619        1.58673481337308      C
        6.08376029574275       -1.14825369589360       11.73191369946195      C
        8.45706028361799       -1.51896704417804       12.64100289073139      C
       10.54524419066506       -0.97138873872870       11.21792280529999      C
       10.23613410344045       -0.03367887092812        8.88557055659845      C
        4.06628003430863       -1.54406602972072       13.54081870595597      O
        4.54948204903451       -6.34325765847793       10.07400095780431      O
       -4.27140436116014       -6.82439851402766       12.25343107358697      C
       13.04984552276824       -1.32490229929980       12.52323496520475      C
       -4.82465140644128       -3.90596543250008        7.35508786801362      H
        0.16135650490566       -7.32001978626221       12.78276365623104      H
       -0.72662565921443        0.68028412446194        0.40213680708558      H
        7.00143677078528        0.90954023464932        0.16063099461056      H
       11.93153291123256        0.35945826954622        7.58141846993091      H
        8.77546670009157       -2.34507150737661       14.48709849060445      H
       -4.91632854624979       -9.01570273832642       12.14616339562557      O
       -5.42542182993731       -5.13430164329939       13.87629119630475      O
       -7.81052146502466       -5.81875878883250       14.77129619828713      C
        2.61175146472587        2.13254251424104       -2.39922968331547      C
        3.99732484690785        1.33106707161672       -4.19209620320675      O
        0.41462130476057        3.51208828488547       -2.81220859321113      O
       -0.14954883213603        3.13523265527323       -5.38390753585706      C
       14.79131968438251       -0.25849405283783       11.34293906929864      O
       13.22126829307339       -2.90924156020363       14.60506883788033      O
       15.36940793817937       -1.86809496709157       15.96608592142280      C
        1.89870086057453       -0.33140121364637       12.56102497720839      C
        4.96527326706680       -7.91565608910458       12.23030812167985      C
       15.14663503972450       -3.03917612685569       17.97464623036879      H
       15.32689272741573        0.18013393543087       16.37450277443135      H
       17.19625260234293       -2.92219058252055       15.61569087490027      H
        1.13522057539071        1.67232435598216       -6.03113026563701      H
        0.06166813763838        4.76749349152186       -6.61587603456343      H
       -1.99012146868268        2.65733115959945       -5.70040759155152      H
        3.87565368009026       -9.72246981689026       12.03870896311175      H
        4.76335471577591       -6.99648275995546       14.20552885462473      H
        6.98292840420383       -8.48227561116694       12.14173602522597      H
        2.39264478262942        1.54690345366795       13.19480049017888      H
        0.09239927044795       -1.24869203659339       13.07324722802231      H
        2.17269435160901       -0.25747646287360       10.53379586036657      H
       -8.60931827252348       -4.52362217873746       16.17231099193848      H
       -7.50119564710852       -7.40438260836826       15.89463654148920      H
       -8.97897105246047       -6.62959661720398       13.30416758356647      H
$end
