 -1.0
 -0.60096096737737D+01  0.11437683537915D+01 -0.22021140188133D+01 -0.35225726369390D-03 -0.29528097926119D-03  0.22978846921097D-03
 -0.46384959238950D+01 -0.45626998618876D+00 -0.80693106927318D+00 -0.42925295168185D-03  0.23281559309646D-03 -0.10852926396900D-03
 -0.29437358293165D+01  0.64695623689223D+00  0.10499199234693D+01 -0.20485999407634D-03 -0.48852921769788D-03  0.15934406287049D-03
 -0.20923703570429D+01  0.31543015654383D+01  0.81471171090066D+00  0.59740770632617D-04  0.81749458492837D-04  0.74389594792631D-04
 -0.35943263546185D+01  0.48380603094667D+01 -0.63188176508719D+00 -0.48662303240435D-03 -0.54785701271484D-04 -0.93198641012037D-05
 -0.56737135906596D+01  0.38531473003135D+01 -0.18883652024266D+01  0.86444688331452D-04 -0.13829564088765D-03  0.70540831870801D-04
 -0.17219628127371D+01 -0.83541116275071D+00  0.28868282208047D+01 -0.16243087176029D-03  0.26198483298809D-03  0.52370497327329D-03
  0.66061131798155D+00 -0.14685455932830D+00  0.35802025699073D+01  0.51070915058970D-03 -0.18345727323182D-03  0.20933943945508D-03
  0.14296690286663D+01  0.23120429712782D+01  0.29974325386637D+01  0.13478946335601D-03  0.22442376074986D-03 -0.34985151785934D-03
  0.28509373995396D-01  0.40558408431267D+01  0.17561269849993D+01  0.81596977546777D-04 -0.21823855497462D-03  0.54921945458860D-04
 -0.28095270767048D+01 -0.31856471023818D+01  0.36569650980985D+01 -0.28374110942961D-03 -0.41368927485398D-03 -0.53937333704069D-03
 -0.10242698559195D+01 -0.46719921082193D+01  0.50024284614434D+01  0.13971571252337D-03 -0.12464888188293D-03  0.76816420378477D-03
  0.14400151119967D+01 -0.41262528040660D+01  0.54179422280802D+01 -0.37675102069790D-03 -0.21140182202521D-03  0.26569266207233D-03
  0.23077918460008D+01 -0.18191900181854D+01  0.47052759682564D+01  0.11999198507405D-03  0.43513144670115D-03 -0.44351443953443D-03
  0.46592028623250D+01 -0.91733054042445D+00  0.55190541701687D+01 -0.16914106266761D-03  0.40620784652864D-03  0.25798129442502D-03
  0.54469040866463D+01  0.15316645330948D+01  0.54075350471477D+01 -0.16557301929088D-03  0.44025587101688D-03  0.19491698354543D-03
  0.36684426381458D+01  0.30483258224309D+01  0.41971764912517D+01  0.64030134402590D-04  0.12262014640106D-03  0.26809139079597D-03
 -0.54100260083707D+01 -0.39080716666050D+01  0.41917725655860D+01 -0.33180104555959D-03 -0.15661010468737D-04 -0.40439743974058D-03
 -0.61327216988522D+01 -0.61347955990073D+01  0.52563514714405D+01  0.19906826915939D-03  0.46930181607980D-03 -0.18736556782398D-03
 -0.43058412489548D+01 -0.76624867746555D+01  0.62028637597161D+01 -0.33628494098830D-03  0.83526800322464D-04 -0.12438313964852D-03
 -0.17929425627636D+01 -0.71075965858343D+01  0.60367906315002D+01  0.37475524887808D-03 -0.40341650616213D-03 -0.28047728740539D-03
 -0.70558946676847D+01 -0.21134512707554D+01  0.37230545911767D+01  0.30264335026457D-03  0.14153739716484D-03 -0.20327262366626D-03
 -0.42761447730637D+01 -0.30486762827740D+01 -0.13862982067102D+01  0.14551264143535D-03  0.11804403008804D-03 -0.45176159624059D-03
 -0.77255717171705D+01  0.53815981322253D+01 -0.31496015731754D+01  0.36718738124915D-04  0.19057504707519D-03  0.23725194244542D-03
 -0.51229844472913D+01 -0.10037568093690D+02  0.73500501718852D+01  0.38063749147658D-04 -0.50494782583964D-04 -0.15982929383462D-03
 -0.33719322482563D+01  0.68934209963920D+01 -0.45611206688668D+00  0.56831515519218D-04  0.80202511230661D-04  0.45995516000200D-04
 -0.67570216984759D+01  0.40942158347441D+00 -0.40042816410309D+01 -0.39266769130586D-03 -0.37246774724326D-03 -0.78274028575853D-03
  0.41228291075341D+01  0.50368618407814D+01  0.40308206135975D+01 -0.99749904774277D-05 -0.21063681512995D-03 -0.15860525666359D-03
  0.58940186494907D+01 -0.21687417248566D+01  0.64255650876758D+01 -0.20954301299536D-03  0.30712276654459D-03 -0.10976669502864D-03
 -0.16836696217907D+00 -0.75284140181700D+01  0.72094377090325D+01  0.20279334190445D-03 -0.26673434874593D-03  0.33226325469362D-03
 -0.81036252608324D+01 -0.66503874317498D+01  0.55245273517756D+01  0.13605032159369D-03  0.67865469175696D-03  0.18480619925350D-03
 -0.92625971081063D+01  0.42558194969571D+01 -0.46062657187652D+01 -0.29971439349098D-03 -0.27385084744737D-03 -0.74926486934390D-04
 -0.76853118452515D+01  0.78733563204090D+01 -0.25660149918398D+01 -0.28006527289176D-03  0.27597183313080D-03 -0.61915850239103D-04
 -0.89861598681315D+01  0.91369332983713D+01 -0.46207094722829D+01  0.57902445081090D-03  0.17423735417136D-03 -0.41259253525138D-03
  0.79147595115885D+01  0.25663203338339D+01  0.65092110813173D+01  0.78594382153694D-03 -0.26114277902075D-04  0.29546506884486D-03
  0.90571984225998D+01  0.12603819473712D+01  0.79296243599801D+01 -0.16628747748434D-03 -0.23903781371672D-03  0.44103665020281D-04
  0.85936535760449D+01  0.47571059592830D+01  0.52331918291139D+01  0.26032663530937D-03 -0.75220239081211D-04  0.50879203597227D-03
  0.10751210870910D+02  0.57031150062327D+01  0.63384272050227D+01 -0.15682582353727D-03  0.30594741570247D-03 -0.49977931938798D-03
 -0.35296087025383D+01 -0.11302564907529D+02  0.85069601465178D+01  0.22796797719516D-04  0.12053878563342D-03  0.19434703166979D-03
 -0.75342451443690D+01 -0.10641999279496D+02  0.71904595113551D+01 -0.53416724604497D-03  0.39428052265189D-03  0.22909652047601D-03
 -0.83588608493377D+01 -0.12811302029604D+02  0.84134855977472D+01  0.31800050197165D-04  0.92759195622706D-05 -0.14843591385262D-03
 -0.97377517041226D+01 -0.23729980834946D+01  0.33615892894818D+01 -0.28898580403337D-03  0.49350667780141D-04 -0.52849203119070D-04
 -0.63541103190052D+01 -0.37884444055104D+01 -0.26968852927513D+01 -0.26825011446296D-03 -0.37365503544152D-04 -0.87677234384975D-04
 -0.75468481244209D+01 -0.14708350666980D+02  0.77954749711659D+01 -0.58921353215750D-03 -0.83661530449453D-04 -0.10269929806588D-02
 -0.10371159709603D+02 -0.13135115925171D+02  0.82769431785656D+01  0.12326131802948D-03 -0.72226043316756D-03 -0.12717144680285D-03
 -0.78926959543625D+01 -0.12775533684232D+02  0.10447462325931D+02 -0.21144758467928D-04 -0.66153594202039D-03  0.79445153881988D-03
  0.10735337930148D+02  0.76850407790584D+01  0.66308223397322D+01  0.10476663080462D-03  0.15317616204985D-03 -0.25261536408884D-03
  0.12444964925760D+02  0.54552357414777D+01  0.52239045896150D+01 -0.50901549504526D-03 -0.11602090924321D-03 -0.41456948988953D-03
  0.10877580118042D+02  0.48911053785237D+01  0.82421338185597D+01  0.61196160551378D-04  0.19749131730684D-03 -0.42826413573645D-03
 -0.57112083648336D+01 -0.39427598894695D+01 -0.47436253698685D+01  0.16077191163074D-03 -0.55209715644174D-03  0.55345354821542D-03
 -0.79817933783922D+01 -0.26204128792503D+01 -0.21813871996803D+01  0.22651706078204D-03 -0.83694099589185D-05  0.12814805468427D-03
 -0.66428425190543D+01 -0.58093636892467D+01 -0.21338640197264D+01  0.20893629482500D-03 -0.43606712746497D-03 -0.34521732357141D-04
 -0.10626384137195D+02 -0.29034982409546D+01  0.51555821239693D+01  0.38549289060495D-04 -0.49905378575337D-03  0.19121324591078D-03
 -0.10248600894287D+02 -0.38349660341512D+01  0.19811005605516D+01 -0.24222005690143D-03 -0.57245952868926D-03  0.13100902261051D-03
 -0.10522407353959D+02 -0.60098688032222D+00  0.28575913501912D+01 -0.16885154747668D-03  0.35921574664775D-03  0.19458528501616D-03
 -0.10961975584794D+02  0.91614123167710D+01 -0.42625037424703D+01 -0.13958272541599D-03 -0.28888696823634D-03  0.34960762738928D-03
 -0.85057690702924D+01  0.80990838321300D+01 -0.62378691743367D+01 -0.17583480217663D-03 -0.62796579520411D-03  0.19278454118982D-03
 -0.86332879990989D+01  0.11118414357670D+02 -0.46422543002757D+01 -0.28331349540295D-03 -0.11037673290868D-03 -0.32469557632642D-04
 -0.26337206995756D+01  0.70890574971242D+01  0.58666073457346D+01 -0.42773524075677D-03 -0.28291568946706D-03 -0.33928516837238D-03
 -0.28419053844660D+01  0.47536543929916D+01  0.69263734337322D+01  0.22231707536198D-03 -0.36213691739019D-04  0.15362972418525D-03
 -0.10498939627207D+01  0.40011517635597D+01  0.89010236069006D+01  0.10675574821516D-03  0.65746493126909D-05 -0.39946498935757D-04
  0.12915491172509D+01  0.52751143341746D+01  0.91398016048566D+01  0.21691209093507D-03  0.88863246936337D-05  0.23665276064831D-04
  0.15068593546504D+01  0.75971211639743D+01  0.80500990358088D+01  0.39892764498679D-03  0.22252611688126D-03  0.18938916205647D-03
 -0.61041355667391D+00  0.85748035556043D+01  0.65472744892610D+01 -0.25395223270820D-05 -0.12522550478850D-03  0.25359016893193D-03
 -0.14643275830144D+01  0.16395088721273D+01  0.10183775893510D+02  0.23692470715794D-03  0.16890496290695D-03 -0.92184199267436D-04
  0.75968699064973D+00  0.27184563958158D+00  0.10964209079851D+02  0.29403273896953D-03 -0.39598014761381D-03 -0.17057549838951D-03
  0.30558152062875D+01  0.17092450075252D+01  0.11119263982000D+02  0.98202068701677D-04 -0.26453223719735D-03  0.14399598619819D-03
  0.32636486038428D+01  0.40604538321281D+01  0.10259020342691D+02  0.61851860978108D-04 -0.23257140234486D-04  0.17383346268909D-03
 -0.38499224243623D+01  0.43648051237737D+00  0.10784288695788D+02  0.84297318573671D-06  0.12374324888895D-04  0.25809505152027D-03
 -0.37712093006248D+01 -0.23198204913789D+01  0.10985077835666D+02 -0.59009361749750D-04 -0.20987569126927D-03  0.41316589493058D-03
 -0.15376596373218D+01 -0.36056440537158D+01  0.11692028787254D+02 -0.17254060445184D-03 -0.27003098737892D-03  0.86487226647962D-04
  0.71565630382305D+00 -0.23518674027553D+01  0.11689507840666D+02 -0.16396451903924D-03 -0.17054094660642D-03 -0.60034183050771D-04
  0.27964936532627D+01 -0.34715127373914D+01  0.12841409326330D+02 -0.51595686890381D-03  0.28313461827161D-03 -0.49645665688432D-03
  0.50482408483764D+01 -0.21862135165433D+01  0.13022298470255D+02  0.11176017648901D-03  0.86310919427474D-04  0.56390452317362D-03
  0.51105061937740D+01  0.30400562698007D+00  0.11992502329152D+02 -0.18815087614809D-03 -0.13277689662830D-03 -0.98402006308164D-04
 -0.63154866185444D+01  0.17697874964640D+01  0.11126472432448D+02 -0.11246886951330D-03 -0.53932539538944D-04  0.68446949171122D-04
 -0.82839335581138D+01  0.21900972618344D+00  0.11003131944880D+02  0.26125090248049D-03  0.31381318459406D-03  0.67378042069365D-04
 -0.83031639561179D+01 -0.23066814056140D+01  0.10930026825442D+02 -0.12490257692508D-03  0.23189075131028D-03 -0.17302344976569D-03
 -0.60426552062388D+01 -0.36540140495293D+01  0.11103516495278D+02 -0.42209815558318D-04  0.14129466342603D-03  0.37620685349821D-03
 -0.64416742343016D+01  0.43924503033949D+01  0.11153877838923D+02  0.44895585921823D-03  0.18578981815329D-03 -0.42473809220685D-03
 -0.46668853867330D+01  0.29468366485540D+01  0.63233172357791D+01  0.34584693073870D-03  0.14006229400220D-04 -0.29855503928385D-04
 -0.32387068137609D+00  0.10642183397885D+02  0.46930811145125D+01 -0.18518897789159D-03  0.19851421240737D-03 -0.12087578796753D-03
 -0.10845191599512D+02 -0.35633318835538D+01  0.10831265851769D+02 -0.18959974331734D-03 -0.59653907303332D-03 -0.11153704067454D-03
  0.31317179609848D+01  0.88503153603687D+01  0.84649528084832D+01 -0.18800760110539D-03  0.20743696317484D-03  0.26785841768115D-03
 -0.40234353995571D+01  0.77745094422145D+01  0.45247959030729D+01  0.48980523375859D-03  0.70513278537736D-03  0.88659529889270D-04
  0.69237056032392D+01  0.14003702719751D+01  0.11786269026404D+02 -0.80383736221165D-04 -0.42728413877620D-03 -0.41094851541865D-03
  0.25166491386313D+01 -0.54217622065324D+01  0.13460523665678D+02  0.58666127732914D-03 -0.48910872880012D-03 -0.15802730043902D-03
 -0.60535959039723D+01 -0.55730811263862D+01  0.11399405315699D+02 -0.15578700845887D-03 -0.12888279531545D-03 -0.58098982493926D-03
 -0.10234006339461D+02  0.86144509481365D+00  0.11174357907994D+02 -0.19087436527394D-03 -0.16891607941189D-03 -0.18759508031269D-03
  0.16737982228797D+01  0.11635249924339D+02  0.43988684849481D+01 -0.13785761962860D-03 -0.17024538447782D-03  0.17048817705623D-04
 -0.25857339285477D+01  0.11539881548407D+02  0.36145735091574D+01  0.55677002602881D-04 -0.15976404957305D-03  0.15081185342158D-03
 -0.22525168106650D+01  0.13884313929900D+02  0.25662862596228D+01 -0.32806087107348D-03  0.22430483829719D-03 -0.50725464773028D-04
  0.74638111055334D+01 -0.32063912453453D+01  0.13992692582756D+02  0.28744884656608D-03  0.12355071903975D-03  0.54766934030862D-04
  0.76148567380997D+01 -0.53931702065079D+01  0.14849993136217D+02 -0.60230566982125D-04  0.58589143944944D-04  0.79393776030591D-04
  0.95070413841934D+01 -0.16709895363249D+01  0.13735588038441D+02  0.24668724878779D-03 -0.13988963787591D-04  0.71814820869315D-04
  0.11562411478913D+02 -0.30880223741991D+01  0.14698951287856D+02  0.22041238663773D-03  0.50665623804565D-03 -0.32924685079718D-03
 -0.12855534534602D+02 -0.25057876399764D+01  0.10132579749575D+02 -0.20049749322337D-03  0.36641866367604D-03 -0.11793385901830D-03
 -0.10458192780893D+02 -0.60373858714797D+01  0.11295152686425D+02  0.15152901756508D-03  0.30211689761576D-04 -0.62940307779917D-04
 -0.12731083776389D+02 -0.72906871573913D+01  0.11948578449835D+02  0.35323127747535D-03 -0.37712277157180D-03  0.15170932363704D-05
 -0.88936786303982D+01  0.51332845886499D+01  0.11761541043168D+02  0.28974790549803D-03  0.62507822874626D-05 -0.31598830817955D-03
 -0.69470464335569D+01  0.36174535959661D+01  0.52172385740357D+01  0.19968815300008D-05  0.15574411516129D-04  0.31010049589138D-03
 -0.13433959826686D+02 -0.79712803725334D+01  0.10124280041498D+02  0.54028027705045D-03  0.38332979854205D-04 -0.73010986194859D-03
 -0.14149591080141D+02 -0.57930925076819D+01  0.12723020682704D+02 -0.56653244341448D-03 -0.23793506484283D-03 -0.23666152737310D-03
 -0.12789987361949D+02 -0.84561651211723D+01  0.13526416864018D+02 -0.16247614616124D-03 -0.52706497324921D-04  0.93579684039175D-04
  0.11460020239600D+02 -0.50207355949038D+01  0.14382655388252D+02 -0.26966582862959D-03  0.40821834938116D-03  0.35345260650582D-03
  0.11550354060385D+02 -0.29115561393413D+01  0.16754566272984D+02  0.11276916116452D-03  0.22604211945185D-03  0.46034454668413D-03
  0.13503864305177D+02 -0.25283891270385D+01  0.14131136576298D+02  0.20219157433753D-04 -0.67934992689355D-03 -0.21948416575218D-03
 -0.66807244332747D+01  0.43465655641107D+01  0.32858998306173D+01 -0.76994537872699D-04 -0.63524131323532D-03 -0.17772105770586D-03
 -0.79304725181521D+01  0.49983101289335D+01  0.65201577801304D+01  0.10481452018731D-03  0.41892408337979D-03  0.38038008823208D-03
 -0.81747044425558D+01  0.19165799736808D+01  0.49076560686640D+01  0.26923008039270D-03  0.14707301503719D-03 -0.38221624925231D-03
 -0.98940303151285D+01  0.50739585789492D+01  0.99225318818400D+01  0.15575226905173D-03  0.53387759301912D-03 -0.71800611741486D-03
 -0.88630850652603D+01  0.71448064993592D+01  0.12295375017542D+02  0.46757282928778D-03  0.77596561422734D-04  0.13023483806135D-03
 -0.96944653097263D+01  0.43716978534884D+01  0.13536970309240D+02 -0.51617534989689D-03  0.26408426485338D-03 -0.41042549909905D-03
 -0.37122779361436D+01  0.15494090528689D+02  0.32036626941554D+01 -0.72494637668905D-04  0.73011693351272D-04  0.12996646340258D-02
 -0.25033377721750D+01  0.13452975377932D+02  0.62214657225076D+00  0.43236810888101D-03  0.53660961333586D-05  0.25258580022668D-04
 -0.44412111921160D+00  0.14504963915865D+02  0.33371896148599D+01 -0.11984305781135D-03 -0.57931720336238D-03 -0.47870469206414D-05
