 -1.0
 -0.54686875125198D+01  0.17454359051842D+01 -0.17917051741436D+01 -0.20401871368997D-03 -0.20156829666578D-03 -0.11925800910112D-03
 -0.38626017758287D+01  0.21083016102490D+00 -0.31369589459423D+00 -0.88961567492215D-04  0.13788201786451D-03  0.58766157799370D-03
 -0.21182834066328D+01  0.15333261968477D+01  0.13254520702795D+01  0.10432057578225D-03  0.18036975998631D-03  0.26216447716104D-03
 -0.14310156433890D+01  0.41036195422061D+01  0.64356400726613D+00 -0.51446757685855D-03 -0.13286679145062D-04  0.28355495588860D-03
 -0.30286708347221D+01  0.54978948651545D+01 -0.87783001077486D+00 -0.41001336572567D-03  0.97584086564727D-04 -0.24255292803916D-03
 -0.51189604070334D+01  0.43492412535512D+01 -0.20267548859305D+01 -0.17623226337400D-03  0.31862440655182D-03  0.21390038682757D-03
 -0.52270033362895D+00  0.20971954660143D+00  0.31532161458593D+01  0.22931524061471D-03 -0.40890317838813D-03  0.48132890147303D-03
  0.19195888275258D+01  0.11740315490137D+01  0.34024491182277D+01  0.22522112953735D-03  0.22894690538521D-03 -0.15632278452812D-03
  0.26242136857953D+01  0.35091445636804D+01  0.22362025261649D+01  0.16512069422727D-03  0.31601834019923D-06 -0.35537932850242D-03
  0.95347922378501D+00  0.49691923712215D+01  0.99193853609279D+00 -0.25264858283578D-03 -0.32460623035571D-03  0.24643192220149D-03
 -0.12788004051366D+01 -0.20001092750804D+01  0.44516607378070D+01  0.29936490599846D-04 -0.85905355849598D-04  0.25443230230188D-03
  0.74948761126601D+00 -0.34734876555687D+01  0.54964831259033D+01 -0.34041740308714D-05  0.41116363578207D-03  0.39315303587427D-04
  0.32049115930627D+01 -0.25284297001575D+01  0.56039742520294D+01  0.36736384240401D-04  0.96871513795664D-04  0.24818300505815D-03
  0.36885135224184D+01 -0.23772444734015D+00  0.45807263135963D+01 -0.18454925109551D-03  0.52782347375396D-04 -0.31050368438406D-03
  0.61230490504930D+01  0.78585096377845D+00  0.47757614438829D+01  0.24515901975772D-03  0.23025486300407D-04  0.10124835613262D-03
  0.66925925340213D+01  0.31364088319714D+01  0.39904083082928D+01  0.35168381787075D-04 -0.13370281174924D-03 -0.23234855173490D-03
  0.49320879252813D+01  0.45064035482350D+01  0.27206197311477D+01 -0.19376198038497D-04  0.11641352228722D-04  0.86360083923987D-06
 -0.38224550845473D+01 -0.31376869550861D+01  0.46086888921316D+01  0.45386320807741D-04 -0.35695384948317D-04  0.20896534397207D-03
 -0.39812692865646D+01 -0.55324111149544D+01  0.57557384911967D+01 -0.81115244201429D-04 -0.23434833209885D-03  0.94277704870134D-04
 -0.19354734142919D+01 -0.69013059742310D+01  0.64477121833406D+01 -0.16282878964745D-03  0.20900257381854D-03 -0.48534001620961D-04
  0.46602166902061D+00 -0.59046095809400D+01  0.64893361965244D+01  0.55378995426125D-03 -0.27277032035772D-03 -0.14417429779304D-03
 -0.59052032463202D+01 -0.16150918178920D+01  0.41014548438580D+01 -0.29371375140794D-03 -0.34005759693778D-03 -0.76854263490136D-04
 -0.37740438323921D+01 -0.23151251241992D+01 -0.32226887248000D+00 -0.11084879800961D-03 -0.12918778172124D-03  0.12188346446445D-03
 -0.61699302741785D+01  0.56812755714530D+01 -0.43413263098864D+01  0.72894983196208D-04 -0.58330728851030D-04 -0.70151529621393D-04
 -0.23917124438866D+01 -0.95055503153468D+01  0.73385173578655D+01 -0.11888256283206D-03 -0.69165452471482D-04 -0.26374094325244D-03
 -0.23931605096574D+01  0.73725177082249D+01 -0.14236862488193D+01  0.72944099307891D-04 -0.11387683935464D-03 -0.46997248799439D-05
 -0.69789936887074D+01  0.94482072954208D+00 -0.29125480837139D+01  0.50589004069131D-04  0.48131308832122D-03 -0.39615215923681D-04
  0.56911543354059D+01  0.61281205812758D+01  0.18115502077919D+01  0.39185975889347D-03 -0.57550356062620D-03  0.24672282271062D-03
  0.74635360981165D+01 -0.49688780581978D+00  0.57220506860928D+01 -0.12892118410950D-04  0.16229121900121D-03 -0.51793982401258D-04
  0.21222177823625D+01 -0.67788343103183D+01  0.73475321406425D+01  0.56206421374548D-03 -0.60232461284311D-03 -0.23560992117130D-04
 -0.57919837953942D+01 -0.63159780508515D+01  0.59958468815173D+01 -0.20851391025519D-03 -0.22786849002077D-03  0.52755171789874D-03
 -0.48780762213821D+01  0.70054366407231D+01 -0.56773383797595D+01  0.18613160324694D-03  0.90206843096441D-04  0.15045291411648D-03
 -0.87511962465316D+01  0.50510210147236D+01 -0.50162284004040D+01  0.16964415875143D-03  0.29846859462621D-03 -0.28242249245860D-03
 -0.92359779485190D+01  0.62047426007878D+01 -0.72105839512031D+01 -0.12713315473855D-03 -0.19541660053913D-03 -0.35027994528427D-03
  0.90904433535174D+01  0.44412790608589D+01  0.47557856310928D+01 -0.10306748488727D-03  0.10332038714891D-03  0.68448699378456D-04
  0.10043739586196D+02  0.40200201393973D+01  0.67856278415309D+01 -0.17222860199905D-04  0.30320035036462D-04 -0.85206162701960D-04
  0.10423392500767D+02  0.57885655871682D+01  0.30675964066361D+01  0.21198995896693D-03 -0.16041419991949D-03  0.18759646003973D-03
  0.12782320655228D+02  0.67561125775584D+01  0.40476162418593D+01 -0.21884233043940D-03 -0.44797006904628D-04  0.79435943674353D-04
 -0.44544274894572D+01 -0.10339855784856D+02  0.67975837204102D+01  0.18033324645742D-03 -0.93957203944880D-04  0.18382935282796D-03
 -0.64672933369555D+00 -0.10831024548232D+02  0.86475815047135D+01 -0.84877359180757D-05  0.14202392148279D-03 -0.25437671922737D-03
 -0.14628051935386D+01 -0.13276207388499D+02  0.89423268053896D+01 -0.65772026871538D-04  0.21504439013633D-03  0.39354311800012D-03
 -0.79681161344677D+01 -0.26170356714065D+01  0.52481862096418D+01 -0.27730134173189D-03  0.24476010822706D-03 -0.10342069940513D-03
 -0.51843656845737D+01 -0.36171658553368D+01 -0.21953478632256D+01  0.29842985422681D-03  0.16874018096418D-03 -0.12937419631117D-03
  0.39119247034843D+00 -0.14557789761372D+02  0.90725476975023D+01  0.32864800002000D-03  0.41014602581238D-04 -0.26638537813722D-03
 -0.27296374981756D+01 -0.13583916550183D+02  0.72368319604081D+01 -0.16353907740548D-03 -0.30920487977368D-03 -0.50033447321969D-03
 -0.25084635614281D+01 -0.13423237852033D+02  0.10802233553622D+02  0.32405443726775D-04 -0.33217417678953D-04 -0.19954420638515D-03
  0.12540080015731D+02  0.67418063108890D+01  0.62164885176766D+01 -0.44489180502219D-03 -0.81797585695419D-03  0.73946809064245D-03
  0.12937685901074D+02  0.88069289473828D+01  0.36773966911178D+01  0.21697652129095D-04  0.72057388483317D-03 -0.38527436923712D-03
  0.14302449178967D+02  0.54255214356031D+01  0.37425361452307D+01 -0.34207602400485D-03 -0.10254140615969D-02  0.88401057777276D-04
 -0.46776760653741D+01 -0.27362463662073D+01 -0.39302464420179D+01  0.55195119403717D-05  0.36843652283007D-03  0.48270434982219D-03
 -0.71641310975181D+01 -0.31899277804291D+01 -0.17031446431926D+01 -0.17037076121229D-03  0.43201288309277D-03 -0.96153636054018D-03
 -0.46164749944397D+01 -0.56406532104011D+01 -0.16748839650234D+01 -0.17217918122834D-03 -0.14447319534626D-02  0.18243015804716D-03
 -0.95048779931707D+01 -0.10988970921160D+01  0.51543162374335D+01 -0.48642633488767D-03  0.45634611723075D-03 -0.43549137926562D-03
 -0.77499756295079D+01 -0.31300636665561D+01  0.72479520836375D+01 -0.50912610809141D-03 -0.22338060833306D-03  0.19904216458520D-04
 -0.84509581682012D+01 -0.43064686052371D+01  0.41826232497468D+01  0.39234247759224D-03 -0.34724080552921D-03 -0.29426637975102D-03
 -0.76721456420869D+01  0.57315575035870D+01 -0.85999004599619D+01  0.33882306659052D-03 -0.71401631809089D-04 -0.35415847776230D-03
 -0.93150005598064D+01  0.82303042904616D+01 -0.67954246706636D+01  0.13009206087437D-04 -0.13733789324693D-04 -0.18598198164553D-03
 -0.10922541425291D+02  0.56005737625894D+01 -0.79942257771762D+01  0.22004949842674D-03 -0.26821722035486D-03  0.25344799682151D-03
 -0.24904312782274D+01  0.64292122015746D+01  0.63033151173890D+01  0.84992147269281D-04  0.29200295942842D-03 -0.41014824950303D-04
 -0.35861376308781D+01  0.42226352945608D+01  0.72174990382230D+01  0.32216068684277D-03 -0.73766809204366D-04  0.42291512267355D-04
 -0.21152835310461D+01  0.26898304858864D+01  0.89093137325151D+01 -0.45036488931330D-03  0.10247622577649D-03 -0.12865828206147D-03
  0.62599537881540D+00  0.31752494374293D+01  0.92623336599399D+01 -0.23573206484654D-04 -0.24549878842172D-03 -0.19993931443077D-03
  0.14907343174679D+01  0.55668594893571D+01  0.83421259239592D+01  0.27618004243068D-03  0.69149831575490D-04  0.13901568647307D-03
  0.42150790555083D-01  0.71057280324634D+01  0.68683360579895D+01  0.26252697914248D-03 -0.99363950740597D-04 -0.29494730734325D-04
 -0.33603549721409D+01  0.98215864838324D+00  0.10562740004879D+02 -0.29046017219656D-04  0.25532171117836D-03 -0.17184457181472D-03
 -0.16742385662681D+01 -0.93018330878422D+00  0.11487277799055D+02  0.21500290506645D-03  0.21834280931281D-04 -0.13196705885427D-03
  0.99234390363334D+00 -0.61654746491010D+00  0.11386573263522D+02 -0.39481238248476D-03 -0.20032446081907D-03 -0.18787902026018D-03
  0.21718512127775D+01  0.14821118779425D+01  0.10516735972797D+02  0.11651901741719D-03  0.89129544301881D-04  0.66344181341158D-04
 -0.60103736048109D+01  0.68056988074632D+00  0.11287578256115D+02 -0.13958479882298D-03  0.12047853765503D-03  0.27343739906907D-03
 -0.67584309018126D+01 -0.15403935558687D+01  0.12403174087125D+02 -0.38754435878130D-04  0.33364779268496D-04  0.17692389213129D-04
 -0.51354626573139D+01 -0.34050778479878D+01  0.13317009668284D+02 -0.13173695829815D-03 -0.12439003867827D-03 -0.99097979610276D-04
 -0.26335091339666D+01 -0.29686549229348D+01  0.12924120210763D+02  0.93046051136501D-04 -0.11606458808331D-03 -0.14995615632568D-03
 -0.98925615699724D+00 -0.47559698350700D+01  0.13769601910683D+02 -0.46321553411206D-03  0.31247252360915D-03 -0.52869329122689D-04
  0.15163073215320D+01 -0.47668167377614D+01  0.13374207339943D+02 -0.15125595236502D-03 -0.18320674609048D-03  0.89485036979487D-04
  0.26049949180245D+01 -0.25503218864858D+01  0.12312039047663D+02 -0.11334501435638D-05  0.23222791988232D-03 -0.37071746607129D-05
 -0.79075607762474D+01  0.25434661305936D+01  0.10855061864850D+02  0.32849640494480D-03 -0.78491521569043D-04  0.74206308472350D-03
 -0.10466431053465D+02  0.18496919057750D+01  0.10724877346405D+02  0.27854997541597D-03 -0.18591113618282D-03  0.80542683941925D-04
 -0.11219678921829D+02 -0.44136490228369D+00  0.11794359062803D+02  0.21658695319060D-04  0.13492433426381D-03 -0.91065527442782D-04
 -0.93642512350872D+01 -0.20413408704626D+01  0.12634932879239D+02  0.23718392549289D-03 -0.21666920581202D-03 -0.50068737087170D-03
 -0.72476546951227D+01  0.51360509045351D+01  0.10624091829734D+02  0.20214760044408D-03  0.97967004478077D-04  0.23906517814267D-03
 -0.60170488105897D+01  0.35014731221138D+01  0.63970279584552D+01  0.17957558333218D-03  0.62233186518445D-04  0.72132411649626D-04
  0.12608452546896D+01  0.91331298128792D+01  0.55811399428541D+01 -0.24731192629902D-03  0.35950543955383D-04  0.78116444906381D-04
 -0.13874300460187D+02 -0.12197357300113D+01  0.11558525601801D+02  0.17800561606942D-03 -0.22803001235425D-03 -0.42754484755776D-04
  0.33955226755435D+01  0.60369595970670D+01  0.86239591476564D+01 -0.23133877045019D-03  0.29246752220540D-03  0.11330917280820D-03
 -0.34483539927483D+01  0.77122432669181D+01  0.50559835463832D+01 -0.24994431694180D-03  0.21265286393567D-03 -0.23840624703291D-03
  0.46228084388258D+01 -0.25002830619125D+01  0.11876432829957D+02  0.94337530485847D-03 -0.12377240315792D-03 -0.22216135600458D-03
 -0.16014442811336D+01 -0.62924824756406D+01  0.14983060622272D+02  0.71699668741544D-03 -0.12590344970894D-03  0.69726199113559D-03
 -0.10072510668189D+02 -0.37263334539480D+01  0.13493546366458D+02  0.42782766823863D-04  0.35252949186310D-04  0.59163016017651D-03
 -0.11762850259641D+02  0.30860778170657D+01  0.98717275308504D+01  0.28995610913500D-03  0.17662561110297D-04  0.17126622444948D-03
  0.31727900791572D+01  0.10159092648813D+02  0.65059858380336D+01 -0.11550759995926D-03 -0.31353989220007D-04  0.19199823613842D-03
  0.13581135030118D+00  0.10060618883926D+02  0.34692002178425D+01 -0.23823888067788D-03  0.75414274429159D-04 -0.30928464777421D-03
  0.17053228787368D+01  0.11892928313684D+02  0.23794288739510D+01  0.11340856175979D-03 -0.12028248792775D-03  0.25252769083207D-03
  0.30618923656042D+01 -0.70680565308080D+01  0.13906003188300D+02  0.31977571587616D-04 -0.46103145401852D-03 -0.90067547740842D-04
  0.22791912140840D+01 -0.89738114342706D+01  0.14693538654335D+02  0.16269421427641D-03  0.20409642017972D-03  0.18633601475636D-04
  0.56044903793624D+01 -0.67082775601039D+01  0.13461245102393D+02 -0.22504481383981D-03  0.97827787092172D-04  0.23359761715099D-03
  0.68773505342136D+01 -0.88210876433863D+01  0.14255804848476D+02  0.23669192602241D-03  0.16629864917645D-03 -0.32725231605460D-03
 -0.15449710360406D+02  0.18245019504711D+00  0.10744506541465D+02  0.25075343267061D-03  0.40411902172095D-03 -0.24057535754981D-03
 -0.14310383924626D+02 -0.35157835916221D+01  0.12333910075887D+02  0.16519037150055D-03  0.11615500952666D-03  0.13333045416078D-03
 -0.16866446102523D+02 -0.41316451726409D+01  0.11979838898221D+02 -0.50259170608414D-04 -0.79109615781235D-04 -0.80646211842562D-04
 -0.84223400521452D+01  0.65630564704217D+01  0.12322616085525D+02 -0.22074424851093D-03  0.29803455886488D-03 -0.33831061697777D-03
 -0.74573933758826D+01  0.52368084261093D+01  0.47992202400174D+01  0.26809640649843D-05 -0.27572588768786D-04 -0.59767090199599D-04
 -0.17642740989537D+02 -0.24222546994416D+01  0.12747735384218D+02  0.21955265764849D-03 -0.61855382396958D-03 -0.13510027515402D-03
 -0.17408132300949D+02 -0.57546630866404D+01  0.13152785248145D+02 -0.56304720104354D-03 -0.98758514739334D-04  0.66564389053264D-03
 -0.17162935540045D+02 -0.46941233278640D+01  0.99994814333146D+01  0.57134201066376D-03 -0.33929451172547D-03  0.47177190926486D-04
  0.85695173072995D+01 -0.92938526308306D+01  0.13342495087470D+02 -0.17485777778069D-03 -0.29900604282422D-03 -0.40982277426779D-04
  0.55181704898015D+01 -0.10429835679584D+02  0.14272332721613D+02 -0.45848187191560D-03  0.20856655766488D-03 -0.76377859108113D-03
  0.74098389796887D+01 -0.88839677641409D+01  0.16229203980890D+02 -0.11444109748955D-03 -0.50357085192311D-05  0.10558059672849D-04
 -0.80774779009036D+01  0.40449726838793D+01  0.32891567155470D+01 -0.50893662236126D-03 -0.16445258142499D-03 -0.10141722367234D-03
 -0.66630954183194D+01  0.71226729447198D+01  0.43056464941425D+01 -0.68876609813175D-03  0.60611007552850D-03  0.83426062320035D-04
 -0.91992520235783D+01  0.59324674419610D+01  0.57432578264859D+01 -0.37340749338163D-03  0.42625328520278D-03 -0.80840682240177D-04
 -0.99807578171476D+01  0.76722263947701D+01  0.11741898937615D+02 -0.76541008678024D-03 -0.33826374085692D-03 -0.45351644892146D-03
 -0.69177388365637D+01  0.78194725023263D+01  0.13069661592793D+02  0.70688743514012D-03 -0.20859702531527D-03 -0.29523569370699D-03
 -0.90369993605854D+01  0.54486070644150D+01  0.13968954823662D+02 -0.22626912194639D-04  0.25721878019991D-03 -0.75375834967850D-04
  0.31138892861024D+01  0.12474414418769D+02  0.37503551294625D+01 -0.81036748171461D-04 -0.13407843741103D-03 -0.33389385715583D-03
  0.65331409793797D+00  0.13422363204247D+02  0.16209349463630D+01 -0.20956432414517D-03 -0.13490164684045D-03  0.99147799549280D-04
  0.29990773879339D+01  0.10936271287528D+02  0.96919145113243D+00 -0.12020736475305D-03  0.18546640667344D-03 -0.21932365122155D-03
