 -1.0
 -0.73055359654945D+01  0.99629684953973D+00 -0.29690848065654D+01 -0.40876507007177D-04  0.13697251520563D-03 -0.48612615421445D-04
 -0.55569515900577D+01 -0.37025849447848D+00 -0.13784565052169D+01 -0.36327494943345D-03  0.15027724869544D-03  0.32086095843956D-03
 -0.37188624609479D+01  0.11474653750545D+01  0.12065978048515D+00  0.21232253193545D-03  0.22668189802834D-03  0.45155253235209D-03
 -0.30687180703411D+01  0.34391288465517D+01 -0.65644880139000D+00  0.52179332589666D-04  0.46415123147224D-03 -0.20870998992886D-03
 -0.47711108463396D+01  0.45699920867169D+01 -0.23953819669477D+01 -0.13586898892297D-03 -0.23730149368100D-03 -0.16825277013677D-03
 -0.69745878352723D+01  0.35364356850224D+01 -0.34698055109117D+01  0.12354381022595D-04  0.13235069059341D-03  0.16406046439731D-05
 -0.23182789064180D+01  0.87128999836244D-01  0.21143886930825D+01 -0.11712360448230D-03 -0.17189646829438D-04 -0.36691442457360D-03
 -0.22558496207223D-01  0.11520472230326D+01  0.29217526510820D+01  0.11495593160719D-03  0.16913863770887D-03  0.23143819488766D-04
  0.42753380414986D+00  0.35284480655441D+01  0.17049949032566D+01  0.11299028816986D-03 -0.17398027487079D-03  0.17479986758243D-03
 -0.12895978617201D+01  0.48630485741359D+01  0.33917197378252D+00 -0.35758928428387D-03 -0.19033744839382D-03 -0.38522882426108D-03
 -0.27003616164910D+01 -0.21650366499166D+01  0.36069190664957D+01 -0.97813694696354D-04  0.60673078760994D-03  0.33415067162791D-03
 -0.73455355716798D+00 -0.34374583820637D+01  0.50548841114325D+01  0.30021771428714D-03 -0.67242833222594D-03 -0.29101434024512D-04
  0.12371990731637D+01 -0.20721216375443D+01  0.57568766578002D+01 -0.15137620324528D-03  0.75376751023453D-03 -0.31983186760445D-03
  0.16901712500714D+01  0.11388660887474D+00  0.46909583673453D+01  0.12943300815018D-03  0.39441564690059D-03 -0.47693814420989D-05
  0.39263888837465D+01  0.15415822983998D+01  0.54038540659832D+01  0.55004535895461D-04  0.27995558840951D-03  0.31708765486950D-03
  0.43176481233899D+01  0.37351626157629D+01  0.41101835268355D+01 -0.67104327695005D-04 -0.53221267393032D-04  0.41969792582058D-03
  0.27531296036994D+01  0.48511137093165D+01  0.23200179606223D+01  0.64645510116726D-03 -0.30988040985342D-03 -0.17301355132054D-03
 -0.51895156167398D+01 -0.33391066754534D+01  0.38419964226195D+01  0.11675699658706D-03 -0.53758440470712D-03  0.88365879862356D-04
 -0.55222595888967D+01 -0.56411844528449D+01  0.48871977250571D+01  0.16900286133505D-03 -0.59975000018394D-03  0.15199637179516D-03
 -0.35566088949669D+01 -0.68226964837805D+01  0.62854710397479D+01 -0.18129701910776D-03  0.16514971077360D-03  0.19580688664457D-03
 -0.12048026122132D+01 -0.57347569889789D+01  0.62112069639289D+01 -0.31734180334124D-03  0.21767069053002D-03 -0.22331799354977D-03
 -0.72116716894693D+01 -0.18670233917695D+01  0.31317233294348D+01  0.16536280263237D-03 -0.17507913101930D-04  0.16141564155127D-03
 -0.52222391775746D+01 -0.30984671352089D+01 -0.16564212517194D+01 -0.15274136574056D-03 -0.22073909095725D-03 -0.46481331944158D-03
 -0.82980605153688D+01  0.46358464755315D+01 -0.58378336725877D+01 -0.12573948016409D-03 -0.12540679966113D-04 -0.19498173296348D-03
 -0.44190154938600D+01 -0.93025340519553D+01  0.75814429642230D+01  0.61475939058847D-03 -0.35197080544656D-03 -0.70535035014908D-05
 -0.43144833107237D+01  0.64042544867176D+01 -0.32125608568772D+01  0.45989752151817D-03  0.43225523185320D-03  0.73036676290126D-04
 -0.84329884100414D+01 -0.15962147074498D+00 -0.43138781121945D+01  0.23479883780693D-03 -0.10543965840992D-02 -0.89619070735058D-04
  0.31159817998021D+01  0.68367095005053D+01  0.19289177443175D+01 -0.34659076020686D-03  0.15911935585933D-02 -0.73053883974675D-04
  0.50323897904902D+01  0.77047654283814D+00  0.69088924980788D+01 -0.54006676584986D-03 -0.10173757493845D-03  0.32203911715190D-03
  0.15810069115829D+00 -0.64000768802549D+01  0.76520296480346D+01  0.55669182914735D-03 -0.10245081961735D-02  0.88199533320639D-03
 -0.72313062204263D+01 -0.65951451598732D+01  0.44669690380013D+01  0.23707477441971D-03  0.14790818637922D-03  0.74413070534162D-03
 -0.10390465669673D+02  0.55875159064366D+01 -0.53882886395666D+01  0.13984744322231D-03  0.82314777400287D-05  0.41453578615965D-04
 -0.75206696403048D+01  0.36332324293460D+01 -0.81499925748736D+01 -0.70754782004915D-05  0.19304745666717D-03  0.28145037592426D-03
 -0.92837886725084D+01  0.44059116823760D+01 -0.99368381463952D+01  0.31982041297752D-03  0.27069441043935D-03 -0.12751461209865D-03
  0.68928126519637D+01  0.52370193341626D+01  0.48457747384777D+01 -0.32780384841301D-03  0.61394715548317D-04 -0.32959395384324D-03
  0.72521023221232D+01  0.72206528662729D+01  0.37427147713366D+01 -0.19076263294012D-03  0.69590961416732D-04  0.22408657853653D-04
  0.84633792151763D+01  0.43019374809279D+01  0.66415606618546D+01  0.39409170975639D-03 -0.34587790465325D-03  0.30222423184449D-05
  0.10466198368686D+02  0.61098383458542D+01  0.66986404429276D+01 -0.34375328089564D-03 -0.22064545505974D-03  0.19813486346541D-03
 -0.64687739823655D+01 -0.10256296380029D+02  0.70767897029281D+01  0.11094465324202D-03  0.97773356433784D-04  0.19290533319183D-03
 -0.31808816222522D+01 -0.10202961991610D+02  0.96512666487466D+01 -0.18311030307088D-03 -0.38554932486235D-04  0.17614986739428D-03
 -0.42223430024981D+01 -0.12160213509149D+02  0.11032569404114D+02 -0.32115194574801D-03 -0.16963799753900D-03 -0.25718975271415D-03
 -0.95779028946525D+01 -0.25111735545118D+01  0.40037880702351D+01 -0.20335626924909D-03  0.40806416666962D-03 -0.13321689480268D-04
 -0.70854916256845D+01 -0.43801618891464D+01 -0.34617167143088D+01  0.16005273672543D-03 -0.33497185467775D-03 -0.16004870924069D-03
 -0.32137212078234D+01 -0.12049267630185D+02  0.12946544366050D+02  0.12273139839251D-03  0.33146788603504D-03 -0.26802864942958D-03
 -0.37050444581083D+01 -0.13985266384410D+02  0.10377437609004D+02  0.43071941201546D-03 -0.17733196305061D-03  0.51401629722461D-04
 -0.64514902351201D+01 -0.11785729374703D+02  0.10976343207887D+02 -0.17377819058402D-03  0.52777334826995D-03 -0.49765197101795D-03
  0.11656552941895D+02  0.55499896568865D+01  0.52058662783387D+01  0.17615071322238D-03  0.64073971706854D-03  0.10554097521201D-03
  0.11275782918407D+02  0.59487906544258D+01  0.84375972038669D+01 -0.76110709425917D-03  0.50595426515258D-04  0.27534020810458D-04
  0.96976025122736D+01  0.79855512450874D+01  0.66907599307232D+01  0.55495666189201D-03  0.32155881051586D-03 -0.75995162753025D-04
 -0.88675627372385D+01 -0.40753083830234D+01 -0.25429312138154D+01 -0.85730367640459D-03  0.45706150915390D-03 -0.27703373288195D-03
 -0.68659230217302D+01 -0.64432711074062D+01 -0.35356092323910D+01  0.85025915212883D-03 -0.63467874931010D-03 -0.35655262326029D-03
 -0.71738290800563D+01 -0.36927971466839D+01 -0.53083743623655D+01  0.23251449881998D-03  0.13092254815928D-03  0.24011153766964D-03
 -0.99913868566845D+01 -0.40663087091775D+01  0.27480321705905D+01  0.70951406326515D-03  0.91918950195441D-03  0.67404344260803D-03
 -0.11017748825851D+02 -0.10441392589258D+01  0.35726125034209D+01 -0.62636065949648D-03  0.14155407238216D-03  0.35435964378352D-03
 -0.97292756341439D+01 -0.31678205192500D+01  0.59179400827940D+01  0.15470145866696D-03  0.55818678853163D-03 -0.31049069535927D-03
 -0.10963866922800D+02  0.37456082343780D+01 -0.91178843159446D+01 -0.55929365995336D-03  0.33626094179491D-03  0.34880755914605D-03
 -0.90633622328374D+01  0.34419061740417D+01 -0.11997095314638D+02 -0.30321211322350D-03  0.90405387148664D-03 -0.31628481875180D-03
 -0.95477070054317D+01  0.64846358368989D+01 -0.99352909723243D+01  0.78099316600129D-04  0.13970454339049D-03  0.32078869059726D-03
 -0.19384971659580D+01  0.68524892650052D+01  0.79140508559081D+01 -0.16302773462717D-03 -0.46081544747891D-03 -0.40190029472194D-03
 -0.25435373341405D+01  0.43725156905450D+01  0.85459205889868D+01  0.22627368375399D-03 -0.19219448010805D-03  0.37218286567812D-04
 -0.66233001078036D+00  0.30507300252928D+01  0.10138125939781D+02  0.30116924885384D-03  0.40814433924152D-03 -0.82596938759878D-04
  0.19000601624141D+01  0.40607366777051D+01  0.10414115351052D+02 -0.72320489190139D-03 -0.11237471291955D-05 -0.19351754256087D-03
  0.23079229907020D+01  0.64193689445997D+01  0.93753554870518D+01  0.38270590608936D-03  0.51433731434867D-05  0.14363982417311D-03
  0.39425772871919D+00  0.79315164071431D+01  0.83239595345593D+01 -0.18919712742475D-03 -0.26284573356824D-03 -0.71322749033134D-04
 -0.13101375035875D+01  0.70253277096403D+00  0.11410208071181D+02 -0.54675338626881D-03  0.23314721874154D-03  0.23571648521798D-03
  0.61032912327611D+00 -0.88966001795995D+00  0.11912760464597D+02  0.34929445077718D-03 -0.93183953089696D-04 -0.65435615937639D-05
  0.33042349200707D+01  0.13161800495893D+00  0.11825007124200D+02 -0.83199216832263D-03 -0.76636691928010D-03 -0.16160608118588D-03
  0.40129818847287D+01  0.26954530290488D+01  0.11177403189063D+02  0.43388655504535D-03  0.12109733544578D-03 -0.30871837750721D-04
 -0.38751858684154D+01 -0.21548177633913D+00  0.11702686799821D+02  0.33917121104801D-03  0.36317249659402D-04  0.10705510729490D-03
 -0.41161120374371D+01 -0.29494723178284D+01  0.11896344844280D+02  0.41347505409631D-03 -0.24536100613281D-03 -0.67375816236505D-03
 -0.21524328749614D+01 -0.46714138103096D+01  0.12160229561693D+02 -0.14498648369852D-04 -0.44147565848302D-03 -0.22069840496857D-03
  0.62268511742732D-01 -0.34862708506211D+01  0.12365328481976D+02 -0.13924431574147D-03 -0.61552585483376D-05 -0.15075078209925D-03
  0.21550337908859D+01 -0.51369253712151D+01  0.13147932652375D+02 -0.24486011204677D-03  0.21844608272891D-03  0.22595037964870D-03
  0.44617900869217D+01 -0.39140002823168D+01  0.13163279397525D+02  0.52591093181757D-04 -0.18169764834563D-03 -0.97773903242497D-04
  0.52127301993398D+01 -0.13246010275434D+01  0.12879437578953D+02  0.37300135052566D-03 -0.74314311737864D-05 -0.22408902037599D-03
 -0.59939946180506D+01  0.13006433057114D+01  0.12024956724714D+02  0.70489509478195D-03  0.13927251223158D-03  0.23630149289442D-03
 -0.84803495853741D+01  0.56944564662789D+00  0.11460492440834D+02  0.65112645890735D-04 -0.12106236425514D-03 -0.42675231691145D-04
 -0.87223518139683D+01 -0.20474840797168D+01  0.10965060938840D+02  0.19006340655040D-03 -0.75597107470616D-03 -0.43826402592419D-04
 -0.66294428322687D+01 -0.37343703278297D+01  0.11091814585497D+02 -0.12984747398636D-03  0.68550847282931D-04 -0.19489339329746D-03
 -0.57294340084626D+01  0.38229617130064D+01  0.12873024357908D+02 -0.16370198497336D-03  0.23975022710328D-03  0.20860198851965D-03
 -0.45260501861502D+01  0.29392262771975D+01  0.74874148126082D+01 -0.87054226542702D-04 -0.25726456659791D-03 -0.12973095290952D-03
  0.85127058280369D+00  0.10620369297777D+02  0.72899242888459D+01 -0.19469166931194D-03 -0.21723579260113D-03 -0.33604990597719D-03
 -0.11128596378080D+02 -0.27019259750604D+01  0.99097353375474D+01 -0.43228620182147D-03 -0.78763470693995D-04  0.35620641126687D-03
  0.41593788462582D+01  0.70953356369794D+01  0.95753338701176D+01 -0.84900307729678D-04  0.31947236359339D-03 -0.54436743901803D-03
 -0.31039321127832D+01  0.79327861373046D+01  0.68423514609773D+01 -0.17642858971891D-03  0.44415510010725D-03 -0.14262092557780D-03
  0.70198893844389D+01 -0.86198017973956D+00  0.13020684886546D+02  0.32756072362333D-03 -0.27284899696211D-03 -0.49339205429429D-03
  0.21003402030054D+01 -0.69978186853614D+01  0.13807724313609D+02  0.60514069992958D-03  0.46173149254084D-03 -0.86844277072526D-03
 -0.68224866774049D+01 -0.57089731071924D+01  0.10775624250850D+02 -0.22875604557981D-03 -0.66781041222378D-03 -0.20595525927412D-03
 -0.10049917460209D+02  0.17140632605386D+01  0.11130763830356D+02  0.62912502388479D-04  0.44009408370861D-03  0.88675398043584D-03
 -0.89703023281892D+00  0.11758426959022D+02  0.63617437815877D+01  0.58637308737115D-03  0.31881185476722D-04 -0.20342550674582D-03
  0.33035618845331D+01  0.11204948488085D+02  0.75554074953631D+01 -0.36147721319462D-03 -0.25498551351775D-05  0.69350449889983D-04
  0.38372070056005D+01  0.13445611345147D+02  0.61199436633561D+01  0.16990205029912D-03 -0.52658690014475D-04  0.17469345674640D-03
  0.66151425400867D+01 -0.56085756266908D+01  0.14336589353310D+02  0.26798621928128D-03  0.15922274989615D-04  0.12399118847986D-03
  0.68272231177601D+01 -0.78639755355224D+01  0.13886844973196D+02 -0.30338772316642D-03  0.41146634246462D-03  0.46925342399673D-03
  0.82783631748002D+01 -0.44314266220634D+01  0.15863124263197D+02 -0.11815616904313D-03  0.19881277832669D-03 -0.35007026599398D-04
  0.97653767099966D+01 -0.63492990271006D+01  0.17409458544323D+02 -0.26986578003897D-03 -0.98612065876885D-05 -0.14876812701665D-03
 -0.11426125832103D+02 -0.48232895455505D+01  0.88369915869637D+01  0.19621008518898D-03 -0.34630623278643D-04  0.13290589588911D-03
 -0.12998228470751D+02 -0.90029209919627D+00  0.97239518162426D+01 -0.26926583442461D-03  0.41623596713121D-03  0.26398313670304D-03
 -0.15229242407088D+02 -0.19988376998855D+01  0.87886807280029D+01 -0.50767806870142D-03 -0.15358847109725D-03  0.33271795492407D-03
 -0.76569708868533D+01  0.54945110760333D+01  0.11930843204682D+02  0.18756238215194D-03 -0.11696760624795D-03 -0.34070944795901D-03
 -0.60280288951939D+01  0.39645175004027D+01  0.57510080542171D+01  0.83379126826439D-04 -0.19028825763887D-03 -0.73414296734141D-04
 -0.16775194357308D+02 -0.70668758897299D+00  0.88392424727158D+01 -0.64709148983677D-03 -0.39107702608984D-03 -0.92940949172560D-04
 -0.16035481973883D+02 -0.36880359730634D+01  0.96602676746326D+01  0.83697352947778D-03  0.89549929082177D-03 -0.35419305806690D-03
 -0.14561800719539D+02 -0.25612597820231D+01  0.68000464789567D+01 -0.37431035109660D-03 -0.99454235015468D-03 -0.40480732994032D-03
  0.86576913110687D+01 -0.81198265159009D+01  0.17369434981644D+02 -0.24656688156591D-03  0.21004048784119D-03  0.35735655957118D-03
  0.10009848755792D+02 -0.54294113939675D+01  0.19339222679647D+02  0.25471588663570D-03  0.35376601667686D-03  0.29487510606580D-03
  0.11557035151338D+02 -0.68792516260274D+01  0.16619359058040D+02  0.28301549895997D-04 -0.32468732166690D-03  0.75195380440570D-03
 -0.68249064841946D+01  0.54874772259031D+01  0.68369954061073D+01  0.12208043472502D-03 -0.28296032487655D-03  0.11362517876823D-02
 -0.73651050672675D+01  0.24954542836416D+01  0.50690644874985D+01  0.63010933869949D-04  0.12488761281692D-03 -0.14075403503810D-02
 -0.50509131961265D+01  0.50967168955255D+01  0.42219941484938D+01  0.33811827411641D-04 -0.49539689151990D-03 -0.69104340169407D-04
 -0.70966526358987D+01  0.73946886188235D+01  0.11659543545806D+02 -0.21843153953284D-03  0.74359169863817D-03  0.42307322915452D-03
 -0.93336834708320D+01  0.55647368747268D+01  0.12927432361833D+02  0.77280223442668D-05  0.16081331675538D-03 -0.98942371312053D-04
 -0.80480864290649D+01  0.45995580109858D+01  0.10057987291076D+02  0.89507481335417D-04  0.46539414747995D-04  0.63379383066514D-03
  0.38340214789549D+01  0.12750783875285D+02  0.41598979838205D+01  0.34949794154206D-03 -0.91804829154097D-03  0.10670441324771D-03
  0.58237270101819D+01  0.13937150678751D+02  0.62660020097172D+01  0.19437770135759D-03  0.18956253803160D-03 -0.28216265949887D-03
  0.25945478058074D+01  0.15048587112856D+02  0.66416480474899D+01 -0.66377243341506D-03 -0.13443635546116D-03 -0.19505734180695D-03
