$coord
       -6.23124264300829        0.07449654909569       -3.76299119057855      C
       -4.18898891260320       -0.97593502782980       -2.44402434578131      C
       -3.08645460505029        0.68103165616443       -0.51267070700863      C
       -3.47273914433820        3.44400650651450       -0.72360478897565      C
       -5.51294596593524        4.33783773376845       -2.21286201559114      C
       -7.10257165586000        2.67593368044258       -3.42740821751724      C
       -1.44430510219253       -0.16463898307434        1.52312646859262      C
        0.45881097081083        1.56831083179281        2.22727927660712      C
        0.13999597708837        4.23682201689831        1.70880408145707      C
       -1.83954322402850        5.13031642356810        0.32010644235849      N
       -1.42038008032107       -2.66127673108725        2.45780587683063      C
        0.73765516965953       -3.49897050028051        3.85777883352519      C
        2.49500357403160       -1.70568316017320        4.62320701797135      N
        2.11792409330814        0.77532243252921        4.18732083241136      C
        3.67087328103705        2.61027551356267        5.31273422928178      C
        3.62345551553653        5.14183583047507        4.68955422969116      C
        1.79045701536673        5.91776005903650        2.97020452108788      C
       -3.50236662122687       -4.43342320731313        2.03756033208689      C
       -3.00652738289400       -6.92062877980397        2.80806270999430      C
       -0.68026907046032       -7.63158383477441        3.63488307789363      C
        1.32151753412305       -6.12806207692232        4.13707431476496      C
       -5.99316212188360       -3.52405930628261        1.29386348792452      O
       -3.34341176450004       -3.29466085599422       -2.89000729760603      O
       -9.68125700704116        3.27600278978228       -4.12215824708528      C
       -0.56339396889700      -10.40910995268850        4.32195045504024      C
       -6.16870253100687        6.23609881215361       -1.68088410628603      H
       -7.55248772272991       -1.27971184614540       -4.61596866202514      H
        1.57921186716456        7.97086094018743        2.58469689027578      H
        5.16097016880097        2.35717109315785        6.59843412170142      H
        2.85067606403218       -6.73310842100486        5.32957115787823      H
       -4.50404568908724       -8.31669703243191        2.73527881841868      H
      -10.51621126594812        5.38973681047879       -4.45221515203599      O
      -11.06726989568482        1.13107430658030       -4.13417036974791      O
      -13.32539522000244        1.15534183544912       -5.59568363451847      C
        5.32231809994067        7.01786178338975        6.04042021908749      C
        5.02601679596628        9.29756883330635        6.07655286662817      O
        7.12075494909448        5.76830242397508        7.50159878364281      O
        9.02839851968088        7.48074991442075        8.25595617745977      C
       -2.64044286095359      -11.41319552974816        4.72288757129645      O
        1.90284576000571      -11.55525182377270        4.39393773679635      O
        1.72763560325956      -14.02435797687443        5.31205233490582      C
       -7.90516961264516       -5.13395849972075        2.09573562934346      C
       -4.87811143543160       -4.84478332650080       -4.44162013942100      C
       -0.24216542828676      -14.68290120514935        5.18621781503996      H
        2.60921849166574      -14.44866641881185        7.21252869122469      H
        2.82269448447329      -15.32915838793254        4.25428473194104      H
       10.67640672928673        6.62976040993660        9.29790212838187      H
        7.99309333972056        8.84018200304229        9.29798104794691      H
       10.05791124290410        8.20850450588101        6.52014820986538      H
       -3.70311753290007       -6.32345913492247       -5.12853565691932      H
       -5.58268968793329       -3.80824225274702       -6.18365788765559      H
       -6.51823803006536       -5.26255933440141       -3.39828461882473      H
       -8.90392073075903       -3.67324447465165        3.00902985936684      H
       -7.41245707978020       -6.60778876782438        3.35513881727647      H
       -8.98096510996673       -5.97008445413402        0.39154272938378      H
      -13.07799826510127        2.86519398999889       -6.91685852543258      H
      -14.95210586886028        1.72013747450847       -4.25977629577877      H
      -13.87431048658602       -0.60262133115310       -6.28184932352428      H
       -2.14855474738873        8.02114444765711        9.11415702631842      C
       -2.79389700180358        5.53392455317710        8.96402824008767      C
       -1.15331470261858        3.75366910385923       10.20146221424162      C
        1.53027623935813        4.43405098638367       10.82905917297450      C
        2.05031578919312        7.06089746999861       10.85418626638987      C
        0.12103908616508        8.77693462165439       10.40567085736088      C
       -1.97167507841402        1.20019633520279       10.84230174943296      C
       -0.04552747957297       -0.75299131842869       10.73553392637320      C
        2.62418186153524        0.16710800554149       10.79558689834285      C
        3.39056738915350        2.59893518878948       11.17293544390462      N
       -4.41728077036628        0.38269078270634       11.64272066762813      C
       -4.94531781000972       -2.28180861286015       11.43949008427457      C
       -3.17615522386270       -4.14225370526124       11.28094602814260      N
       -0.80378942955839       -3.19586054991781       10.98817528635601      C
        1.14379423510907       -4.92418707903049       11.08834281729317      C
        3.67369511539786       -4.20303326150930       11.13730108953401      C
        4.43924582806711       -1.69781187891890       10.79147879315424      C
       -6.17973908890125        1.97451673033044       12.83245664817564      C
       -8.66896581717777        1.17936765342440       13.04670464001141      C
       -9.42487658927594       -1.13366875803716       12.38312607106873      C
       -7.60498017163808       -2.93050953613126       11.78403842481985      C
       -5.33496043752202        4.28895244466029       14.13111129214284      O
       -5.20585342302960        4.83200544130074        8.00155371539401      O
        0.59053492059466       11.39589820211295       10.72573160317719      C
      -12.05889631132987       -2.11360148244568       12.60748480456639      C
        3.86880105648813        7.68863573439956       11.71476647866329      H
       -3.29820341008965        9.48900699713263        8.30800531744614      H
        6.40676746840469       -1.40033187742827       10.56106634291381      H
        0.75395630107344       -7.02891615405470       11.25117648610589      H
       -8.16754663092560       -4.85965012221196       11.47468408068261      H
       -9.88099905521663        2.32819242719666       14.25372749277039      H
        0.21075980298322       12.88816083374695        9.05190013846924      O
        1.23998138962750       12.14969748459827       13.09232839301151      O
        1.52637180056241       14.77583905858057       13.23879155528695      C
        5.58422154277278       -6.24720082989947       11.11330340627959      C
        7.23841790467180       -6.19808072207877       12.78151323340599      O
        5.69871572005840       -7.73145548982333        8.96166769823301      O
        7.78166498245535       -9.25571585879372        8.80679040647865      C
      -12.64122860860325       -4.29274949892422       13.02647208531287      O
      -13.93412008804353       -0.33365488916338       12.42024414242631      O
      -16.21929187135702       -1.41167378576810       13.30824664716389      C
       -6.89294231601934        6.42902133726168       13.80025304051623      C
       -6.17211147152268        5.85603182827829        5.86717392829877      C
      -18.09618661254979       -0.60942412438645       12.98306298853385      H
      -16.12543561105256       -1.61049073770034       15.32511390566896      H
      -16.05737590950731       -3.14023099594757       12.40473532425020      H
        8.34916557696542       -9.32526811981289        6.78633682814985      H
        7.42167834864080      -11.14095049275357        9.45293481509298      H
        9.16299523699723       -8.57376443559730       10.06509247667881      H
       -4.57876577241907        6.86423649170305        4.85842078216998      H
       -7.46771722157154        7.48594254454855        6.26345624576052      H
       -7.23687807282604        4.79291106148054        4.60890145764033      H
       -7.02388530329772        6.83817390230795       11.75740400741963      H
       -6.05697379641433        7.98169305859675       14.92622114954014      H
       -8.73482839770039        6.49862932668669       14.65871382101881      H
       -0.39742701596449       15.37739680963866       13.68768711588210      H
        2.33472997113740       15.49495652293499       11.45280665985401      H
        2.86879330521979       15.23327204782122       14.81620306412074      H
$end
