$coord
       -8.17570171820411        7.30875328920453        3.90280632015069      C
       -5.58828420525755        6.40044117837190        3.38444103501458      C
       -3.97311216129328        5.78223747928298        5.51929084148391      C
       -4.70507968949007        6.83057401198562        7.78839921987703      C
       -7.20966133437572        7.46472517679703        8.31483332076542      C
       -8.86968412791260        7.71394848789418        6.42714022868094      C
       -1.65621042805570        4.47189693498979        5.74414132673151      C
        0.08747982017249        5.26102224402309        7.67602018337988      C
       -0.84575994607318        6.63608105860808        9.76895507652367      C
       -3.30989089513007        7.40040769793034        9.80446426999227      N
       -0.64942651762003        2.91035059699824        3.92263605346450      C
        2.10249055357547        2.58077278343453        3.67671886361725      C
        3.70825894724353        3.55542584601586        5.41947954531361      N
        2.64185410792299        4.47591167607625        7.52919381185106      C
        4.37138403253955        5.10459321517121        9.37020119258280      C
        3.57651442566132        6.68685361171588       11.46856196368671      C
        1.05014005276573        7.42538146467046       11.47570561617069      C
       -2.27717664660619        1.87056903955908        1.94946399546232      C
       -1.11240761336445        0.35674468757623        0.22542495183128      C
        1.46221368185778       -0.17274719669209        0.06725997427104      C
        3.00667187109836        0.86738574129855        1.83800583716341      C
       -4.83174303720366        1.60252191523730        2.12981542670975      O
       -4.55499811750742        7.38855966657089        1.02899927267531      O
      -11.58070174658527        7.40952759804610        6.95726428310446      C
        2.17788572776368       -1.73846614404588       -2.18534898348323      C
       -7.76746984177267        7.79070217392398       10.20550470776610      H
       -9.59497397761439        7.56629585953885        2.53490977174454      H
        0.58434148760665        8.90856838561905       12.78071018291442      H
        6.36184299527406        4.83880678534104        9.23307574603482      H
        4.98360083287207        0.27528691816201        1.70837494226064      H
       -1.76072434119610       -0.56693702030901       -1.55338683792219      H
      -12.77357241987287        6.69226159680779        4.94232713415820      O
      -12.87976443098398        8.08991765738347        9.17792186093296      O
      -15.47184333720878        8.41642361165828        8.49524147831015      C
        5.42156724128584        7.96203686895695       13.29162218726788      C
        7.68866972095714        7.97645038123416       13.03727742666350      O
        4.20414684059385        9.35907096325314       15.27573750958140      O
        5.83257082076075       10.20146280802498       17.07954270779142      C
        3.12594235674786       -0.70435420163050       -4.09307006929743      O
        1.28172526695758       -4.39221113161069       -2.36905902282362      O
        2.71105822180538       -5.32413081193867       -4.26746099072383      C
       -5.91902614714898        0.90685105677376       -0.32483903630580      C
       -6.00489971131005        9.15617127841947       -0.29326608728046      C
        4.34244616842239       -6.01815024808810       -3.31516945445157      H
        2.93892937243950       -3.65885386919986       -5.52021611069441      H
        1.94940114765241       -7.22438358249789       -5.07758675805666      H
        7.84512786416691        9.53648747832301       16.92508768910456      H
        4.93667136631538        9.85664056188301       18.95724508234565      H
        6.26759872638860       12.31451846354059       16.53419509883147      H
       -5.05402490481094        9.86909175701185       -2.02770491988996      H
       -6.57873645819378       10.63155901508632        0.87868159523678      H
       -7.63109351824247        8.21619390937859       -0.71760931710923      H
       -4.95506025391145       -0.83842947137725       -1.15267224823522      H
       -5.55628033124316        2.56452980252777       -1.18713040536991      H
       -7.84965649828594        0.38636817912648       -0.61634606500005      H
      -16.81311478086246        7.15654637766514        9.47511428644044      H
      -15.64072600334630        7.75306557899565        6.48793150591948      H
      -16.34675463739551       10.43341996294460        8.64392456737114      H
       -5.57748829790710        0.25960818422315       10.88483694012684      C
       -4.79609613361388       -0.85925248985083        8.60782203220487      C
       -2.28116300820413       -1.70447186848928        8.46438025027826      C
       -0.48631635350038       -0.41108946269802       10.01817654818422      C
       -1.26903654398661        0.72684998351849       12.11666973491693      C
       -3.84187610031579        1.05730244089325       12.77656983858867      C
       -1.52224889853668       -3.56327681387872        6.63795688642390      C
        0.89875931511817       -3.70038772699520        5.82560520533484      C
        2.71992666027912       -2.20808626893453        7.25609245481177      C
        2.04625426843474       -0.66510861865538        9.29393745667311      N
       -3.37613410774558       -5.46595803522762        5.68007159776095      C
       -2.64873496020256       -6.54737425243351        3.21818278366394      C
       -0.25884199989291       -6.43637013892878        2.26277849285039      N
        1.60353584252606       -5.35626739896320        3.80516917559056      C
        4.12975383404983       -5.52131386567045        3.34646384841070      C
        5.84675287617621       -4.21975878250750        4.75194700264892      C
        5.29383073963589       -2.62595130225593        6.75977619169959      C
       -5.46017398215212       -6.52522379474124        7.10217953496178      C
       -6.77051332044980       -8.50252263708731        6.16475574499940      C
       -6.51631512259674       -9.30223274826417        3.63219719605134      C
       -4.46633361914742       -8.22463530507785        2.20036173159227      C
       -6.02374486642774       -6.06678651835379        9.67533382158773      O
       -6.39733091366831       -1.39768408692984        6.75867277111211      O
       -4.82709846956850        2.37091460465822       14.99407370695778      C
       -8.60052213171646      -10.36316356670372        1.98178656803312      C
        0.01268948530871        1.40620340644209       13.49048388775451      H
       -7.50778220160771        0.30952939326522       11.15089412262912      H
        6.79890788582389       -1.60206662583987        7.60303163867665      H
        5.01615660571177       -6.75431406498566        1.88102427677573      H
       -4.47518417173173       -8.80505574106677        0.29284206218256      H
       -8.39765361870249       -9.44881380049535        6.94737827129122      H
       -7.09693068647491        1.79166496562417       15.43365993052350      O
       -3.30745530062727        3.99855106591255       16.30604842659992      O
       -4.70587377351452        5.86606613558378       17.71391487604849      C
        8.56307341864243       -4.96082741885045        4.65971309486793      C
        9.32605990888696       -6.04925464843807        2.82588493452028      O
        9.95896734763687       -4.18924070142055        6.77889474847683      O
       12.22999825782139       -5.33381524143367        7.10148525004334      C
       -8.25563451085710      -11.04752057061484       -0.10580068530164      O
      -11.02535029358755      -10.30945231731623        3.09630395255467      O
      -12.79433618165621      -11.56098843969047        1.53272172929618      C
       -8.39413586402416       -6.59982240354681       10.84599162516042      C
       -8.30805814033530        0.43431187502726        6.36973939092782      C
      -12.74005969634658      -10.42874318351583       -0.30976349252795      H
      -14.67990830039485      -11.31109333441348        2.22077190853573      H
      -12.40398799281930      -13.71245562034232        1.65479159193910      H
       12.94966529294022       -4.86033285909001        5.23936534298426      H
       11.88393818855963       -7.34738386757898        7.61884030898049      H
       12.88820690134601       -4.32821167928739        8.66215316754109      H
       -8.77474322330061        0.44148269012037        4.45436913943071      H
       -7.72375684594870        2.40410149895706        6.83685400364596      H
       -9.91848435840185       -0.19182053466718        7.51918122971145      H
      -10.08229886478036       -5.92518698774776       10.03259259140901      H
       -8.09494241414434       -6.11658780001398       12.93502795686921      H
       -8.39658853288340       -8.60191485473150       10.57732073797563      H
       -6.60950211927518        5.69816292327719       17.19628385030453      H
       -4.05787626954010        7.93705885275187       16.91117421098611      H
       -4.56391164160548        5.40865248822462       19.81892407606724      H
$end
