$coord
       -5.24734681250020        7.18931769940378        2.40441653887336      C
       -2.63524154890287        7.01259104948928        2.13273132068225      C
       -1.19734000124819        5.72823012195487        4.03056451187843      C
       -2.52801867062839        5.12125992706176        6.35591658731430      C
       -5.17770839025770        5.40592895003562        6.69424844198760      C
       -6.52044487425314        6.20969665985090        4.49801057720619      C
        1.32976993849902        5.65767650310840        3.67848292066333      C
        2.83048493328888        5.23376791023291        5.88160165942122      C
        1.39192046739929        4.99227619534803        8.33401744763566      C
       -1.31157254886078        4.92966197686237        8.55770286214906      N
        2.77853423224534        4.63315423127824        1.48789572706796      C
        5.45896791353601        4.75399763374792        1.50792155711803      C
        6.52627231076151        5.71430585284585        3.53116251535013      N
        5.36740520354935        5.30559526120030        5.75467807230606      C
        6.54746190699298        5.38401337436349        8.14737126034712      C
        5.28001441459028        4.92065764749417       10.30272655819537      C
        2.82678339124678        4.85064809943171       10.44237643040772      C
        1.53859800292228        3.35128649819599       -0.53557988642418      C
        2.98655981751540        2.63369223750980       -2.77410741569925      C
        5.79681303125118        2.31197190747668       -2.73324680669116      C
        7.00808380268755        3.46832162903641       -0.48050028841543      C
       -0.85572088463718        2.65940931062778       -0.08250587090836      O
       -1.66462284585262        8.28823117845719       -0.03744315161873      O
       -9.20217278595363        6.72858577608047        4.47987318571890      C
        7.03034131504569        1.31252838978899       -4.80039492943953      C
       -6.05782520546227        5.92545396610751        8.41169893963450      H
       -6.61385283910233        7.91517487234569        0.95410724252153      H
        2.02761270876326        4.22602401037903       12.23579105782203      H
        8.57890471040205        5.72006169729611        8.22763875475362      H
        8.97252038756752        3.23997185827038       -0.22766185525610      H
        1.74696960704916        2.18835983932243       -4.27677025552684      H
      -10.17387155274309        6.47800330404519        6.52153212559630      O
      -10.60694157033224        7.45404359644823        2.31198544597061      O
      -13.21226771934269        7.73656655944763        1.99936046405946      C
        6.73995553705026        4.49283338802272       12.62278604603941      C
        8.05138051649057        2.55026764580936       12.66101594276107      O
        7.10538976728256        6.20159973601404       14.63795605945146      O
        7.95620572253902        4.92453056831549       16.77158707306475      C
        6.82490605066135        1.82246240931533       -7.05387349072448      O
        8.90148179114995       -0.27630610169765       -3.98574164563960      O
        9.75277593535001       -1.94867766975902       -5.78184104583065      C
       -1.53788492334804        0.58680965737641       -1.59175938194943      C
        0.26725616056801       10.20018864457477        0.31902120821286      C
       11.34693427751772       -1.03457469677606       -6.59665118077623      H
        8.36158090425056       -2.10205099243852       -7.21807333391942      H
       10.77279666341454       -3.49307884586075       -4.69724060902850      H
        6.75674063982932        3.43981985011685       17.79602378917074      H
        8.43571421365483        6.28330674869002       18.27760676159296      H
        9.56472263209380        3.93043573628032       16.45789734770032      H
        0.45857098012038       10.50919831209551        2.22898992773032      H
       -0.54216033597637       12.15597846983207       -0.29612092975017      H
        2.12865321828360        9.65644975649049       -0.44787937197842      H
        0.01111992956357       -0.81537474416396       -1.72749847120652      H
       -2.20852997118108        1.37786101771604       -3.61745822212635      H
       -2.98694812031191       -0.25535522103033       -0.56570334836462      H
      -13.72578584377617        9.76329463798676        2.62815943745661      H
      -14.21928768245426        6.38138998201097        3.12035819486454      H
      -13.59282416221160        7.45255274568259        0.00501268101824      H
       -9.44527124080501        1.33291358861793       12.99729125330460      C
       -9.00356050019794       -0.38143606423025       10.93828716189897      C
       -6.46328339151126       -1.29882289854317       10.26409901092448      C
       -4.41398605156925        0.33179000506631       11.08872617227120      C
       -4.75034484680541        1.89127179443565       13.13805023883264      C
       -7.10058969656059        2.27370296013968       14.25128326358436      C
       -5.76710390595994       -3.41029802149968        8.73191319261048      C
       -3.36429698973001       -3.41847762747683        7.69535271858449      C
       -1.60079943377990       -1.34298519674204        8.09964769950759      C
       -2.27121553056079        0.63050848827810        9.70255087884324      N
       -7.22085672847669       -5.54249783310408        8.27922863215720      C
       -6.11633836553638       -7.20901869501816        6.25599943837638      C
       -3.56200799823588       -7.26169736839540        5.36555817179839      N
       -2.28772803982511       -5.29081328808489        6.10035392802126      C
        0.15685082705123       -5.25360457747481        5.07791689240343      C
        1.64198882850016       -3.04191649225352        5.27863033137303      C
        0.77389670597898       -1.18961165343304        6.76429376182027      C
       -9.47791589614077       -6.73380212670155        9.67965493567369      C
      -10.67540874564056       -8.78451631480314        8.83961571762274      C
       -9.69718855439965      -10.12906139596917        6.69503265546965      C
       -7.52128852128504       -9.33034531048411        5.46272625492856      C
      -10.24047272365389       -5.73210464375471       11.90239508636997      O
      -11.13915469005236       -0.77048203290226        9.48028287220306      O
       -7.40846599711619        3.58139190964125       16.63362301809971      C
      -10.53468697761486      -12.78492832756348        6.01925140446032      C
       -3.29810291777726        3.23379869953791       13.88934023564270      H
      -11.33858651543219        2.07719862989608       13.09894903123159      H
        2.04748290267162        0.33940033512929        7.25194064181768      H
        1.01470569473457       -6.68343018706584        3.77312827676176      H
       -6.43901856006793      -10.46222702367949        4.15637389943530      H
      -12.23960378710183       -9.74030679765240        9.93390345975260      H
       -5.61235294064820        4.45638462988367       17.74251856920013      O
       -9.85368870258126        4.07479775247569       17.85172301575445      O
       -9.40189497583949        5.27531492792453       20.18453560093664      C
        4.28601854392543       -3.16918974421995        4.51121088395390      C
        4.90066712628624       -4.83270182326644        2.90040586684174      O
        5.77149695123351       -1.27861570884425        5.23226079390874      O
        8.16391762423637       -1.52955373139425        4.07884642897585      C
      -12.79713524344914      -13.06891101250286        5.85367011192004      O
       -8.64781280340750      -14.79452707402583        5.56005385835671      O
       -9.73476173091885      -17.26416720549591        5.20049945860678      C
      -12.22966704615563       -6.53911041425356       13.62877478011703      C
      -10.69023189175391       -0.56872086751945        6.69738789147138      C
       -8.01229685364171      -18.44446952735862        4.87770501101759      H
      -11.11269310206128      -17.38332440008042        3.49717718286250      H
      -10.90124895580809      -17.70154922117012        6.86797469069702      H
        8.94002952353573       -3.31516312977479        4.84810613850921      H
        9.55738501135586        0.05342686986554        4.73319353959350      H
        7.84304983600737       -1.24988498197396        2.04168303728820      H
      -11.38394509624714        1.30911372401657        6.17493054672313      H
      -11.40691919335919       -2.19107921326568        5.70601189773170      H
       -8.55659133120412       -0.68874659066099        6.49946719485368      H
      -14.03209798631058       -6.48954060018298       12.73722074972484      H
      -12.21393801061531       -5.34393795946202       15.23716580783828      H
      -12.09965280008743       -8.62080857922058       14.45158889377749      H
       -8.28610156169762        6.87036625046572       19.68418474095006      H
       -8.62470094354788        3.84855654115489       21.60236842309626      H
      -11.24328232780383        5.91628244503772       21.02385766979563      H
$end
