$coord
       -5.25372033498478        5.57430930589328        1.88819143909220      C
       -2.57974690214465        5.51117656513143        2.26769637479869      C
       -1.40619022150791        4.54644297800697        4.50587295013902      C
       -3.10050878281751        4.45862471148181        6.67589928880501      C
       -5.76265915692586        4.57322894053749        6.44321920532955      C
       -6.85261033161752        5.03042425746820        4.04386595577026      C
        1.19619627198210        4.79227717050887        5.02995492443371      C
        1.93747634323515        5.74056008793375        7.41842830473222      C
        0.13628779574570        5.58899329889415        9.48793179202674      C
       -2.32048395253387        4.78968561978404        9.07792277341252      N
        3.34130466418089        4.51133954130742        3.25846393204272      C
        5.63686431183574        6.02861437152605        3.25282027084789      C
        6.10271716629575        7.24271996212528        5.42324188243350      N
        4.41027800901650        6.78363574954508        7.42725473086592      C
        4.68382200419293        7.99438318263271        9.79928954120689      C
        3.42695077547153        7.40280178750785       12.19635300769428      C
        1.14078602616453        5.94345074095139       11.94355986742380      C
        2.76436243348706        2.68930116354668        1.30738092035313      C
        4.59716113082568        2.95843718970429       -0.66974803614367      C
        6.88324947687367        4.21934410882907       -0.74263008323962      C
        7.42180791090740        5.58825990715256        1.31604725173781      C
        0.75920460795858        0.87474787943746        1.26191966985310      O
       -0.91543920659344        6.34692120642683        0.55889066249709      O
       -9.68091352919888        5.00762161900807        3.85575120750911      C
        8.52292349513518        3.53211790902873       -2.97825562107156      C
       -6.66951570350284        4.92813953865027        8.16402241570457      H
       -6.21837739110692        6.53811995560289        0.32699866080209      H
       -0.10538320277463        5.14316879130994       13.30818915121950      H
        6.10813410989353        9.45449908314514        9.92400628719305      H
        9.22573671998854        6.50950001682254        1.62190423952510      H
        4.48218422320885        1.73540054606370       -2.31264258027307      H
      -10.63289487802059        2.96582879182186        3.62733578542092      O
      -10.76405882922918        7.48579675247186        3.98711834378676      O
      -13.36331942266754        7.67937534686685        3.21890838660524      C
        4.32125439066222        8.15652696489259       14.77606268051516      C
        6.44071921111343        9.17049716481258       14.74222730677124      O
        2.72457831383078        7.79969531673608       16.85552878472988      O
        4.31093015489213        7.96565811315182       18.93886891730138      C
       10.82379706914141        3.89359556288992       -2.89305786429613      O
        7.43464130035143        2.49784836166580       -4.86924956666154      O
        9.39227123902123        1.94552091879928       -6.72488648906434      C
        0.25012401752243        0.51879052252610       -1.28591747897060      C
       -1.16166544257287        9.13769323266707        0.03717238342164      C
       10.83995143789042        0.80399429351798       -5.79506182352706      H
       10.17646996329380        3.75892450812465       -7.21150612905444      H
        8.50802818353245        1.24196983702902       -8.64431241662280      H
        3.25596590019512        7.84636761507422       20.61195306489304      H
        5.40830776457297        9.82915818562587       18.79682953609238      H
        5.86662720120187        6.34936902332453       18.93868571976673      H
       -2.96826828183771        9.76318527611729       -0.75361311161036      H
        0.37937724281433        9.63795012280579       -1.32135274657319      H
       -1.48828180607349       10.23632440049110        1.84672005216031      H
        0.90654567934208       -1.43432026116900       -1.59925323953269      H
        1.34030666177643        1.09593803768061       -2.94653174821755      H
       -1.85164128391268        0.66395005920088       -2.07591107901496      H
      -13.50385762794746        7.27396366453264        1.28960831717065      H
      -14.45388559633776        9.34367843068046        3.79162703064482      H
      -14.12972274584139        5.97497676496201        4.10779917537086      H
       -6.22740901774596       -0.04558512777544       12.62871309439429      C
       -6.69790400415483       -1.86230075856319       10.82149913276688      C
       -4.29006358079460       -2.95594524001778        9.85554015836889      C
       -1.89314724928680       -1.95683994514234       10.30335213569237      C
       -1.78380602787943       -0.11504702650078       12.41900376964810      C
       -3.91240023705646        1.04113749634563       13.25015709889161      C
       -4.35587072640545       -5.08489927025292        8.41928800451580      C
       -2.36496178376375       -5.39960063628661        6.90938926759180      C
       -0.18233882658922       -3.85367144513454        7.19245589772627      C
        0.31677310859646       -2.47980425450869        9.21395663342005      N
       -6.32146520002701       -7.17396953810617        8.62515678266174      C
       -6.49934908976331       -8.65953481032487        6.45516258998629      C
       -4.72631769578461       -8.72173540231593        4.65566339970289      N
       -2.58001783941021       -7.33004274623181        4.97261239684226      C
       -0.65935160091816       -7.56219369818249        3.08039402877524      C
        1.01517486353350       -5.58202525821210        3.00167281185996      C
        1.45991747285644       -4.04587989884173        5.06539081065244      C
       -8.33223489321950       -7.12338870153061       10.45514167041559      C
      -10.60121286677236       -8.46140008371269        9.79173427192353      C
      -10.89425208803011       -9.54878488483395        7.39858151846255      C
       -8.80783193552720      -10.03884139438728        5.91350456591874      C
       -7.96411321563286       -6.01743794156220       12.68200149472884      O
       -9.06648170530745       -2.20909507676196        9.68432867594990      O
       -3.79450053097519        3.54678026352742       14.65769689712331      C
      -13.30301595266114      -10.39604369519027        6.45775001522236      C
        0.00366738216839        0.36771912005589       13.16858931329100      H
       -7.98178000478364        0.38669255859954       13.68282084548070      H
        3.13186041410102       -2.91837902997181        5.08960356591540      H
       -0.97682959084972       -8.78044374383723        1.51964599027127      H
       -8.71368253923978      -11.65925399139214        4.61825770583574      H
      -12.16033924214258       -8.22491164228165       10.97122369666993      H
       -2.11578598786686        3.93642394542672       16.07221392179461      O
       -5.78345997995988        5.17587300105516       13.61504560595040      O
       -5.88215068884212        7.35689668909232       15.06284669234591      C
        3.01689866105786       -5.81707468310842        1.40842872317900      C
        3.77120640480198       -7.91524890752707        0.67035314586799      O
        4.48162249740993       -3.57157944658754        0.72734258856052      O
        5.96740370440023       -4.08428515112600       -1.44627620993589      C
      -15.24376765196341      -10.04751737372418        7.56678365547419      O
      -13.39269014407300      -11.98820665103732        4.28755981456969      O
      -15.69568449956788      -12.86806664080898        3.71127376668213      C
       -8.78921472880488       -7.41211919380317       14.91336873436600      C
      -11.17826519174147       -0.99696078952846       10.70173810138751      C
      -15.71025307126537      -14.54460132054271        4.96397516950155      H
      -15.67159604104574      -13.83441634303340        1.89289470035994      H
      -17.28660159421805      -11.43365605009459        4.14932309617445      H
        7.62919902382198       -4.96163094501443       -1.03578650804881      H
        6.37513793321664       -2.14561730162230       -2.15378320186691      H
        4.79416024569511       -4.91733926601337       -2.81780535563718      H
      -11.95954798791539        0.20644936352990        9.37127696923666      H
      -11.38126116213024       -0.12339038740939       12.60355014115993      H
      -12.49327790468231       -2.46914412687854       10.86711664737881      H
       -7.27338621806227       -8.20833602089264       15.88401276515691      H
       -9.86616794073231       -9.28296702911021       14.29611702184421      H
      -10.20003436700009       -6.16076744449030       15.74772118055207      H
       -6.80537804936743        8.84630356433169       13.93734742192997      H
       -4.01937875701187        8.02600505814711       15.71784562013338      H
       -7.11021073273642        7.10774922017767       16.70822186970420      H
$end
