$coord
        0.00155828855348        1.60269206975749        0.07628990906290      C
       -1.41883361196782        3.38267735668015        1.63524032421595      C
       -0.52097660094876        3.70574976621954        4.30787881915250      C
        1.13211709679796        1.76748154493191        5.19068772814839      C
        2.58943172033478        0.35944561740490        3.45836162963091      C
        1.89773081825019        0.17416093361017        1.03378217480325      C
       -1.75844589757561        5.48833643631454        5.98545051946594      C
       -1.48618924082897        4.78139951884485        8.44927581051962      C
        0.03004333631353        2.71504352534286        9.38768205971941      C
        1.41104257051151        1.29997963618892        7.78106339163466      N
       -3.13782707285209        7.74368069424297        5.31620969566376      C
       -5.05888395895276        8.16639072980907        7.08667294621811      C
       -5.07790776870639        7.59818839917653        9.52917377958802      N
       -3.26561383172337        5.81366402113834       10.17535520070916      C
       -3.06627759071558        5.20905711994862       12.71257048228257      C
       -1.35543320508352        3.41263398496701       13.58103292509418      C
        0.08878174764535        2.13960709333785       11.89728177540092      C
       -3.05784056229898        9.45896477216044        3.17953729224434      C
       -5.31977082204452       10.73790466562866        2.51403135302275      C
       -7.19328274080004       11.07282085691196        4.39098427615217      C
       -7.06954325644622        9.80792352778499        6.68570610369426      C
       -0.89184482872400       10.04707916927055        1.74608026588361      O
       -3.35624596907372        4.97635391343859        0.82780278679926      O
        3.33449568284875       -1.69492133723313       -0.63342412058742      C
       -9.17867403422651       13.03871516041875        4.10592839050214      C
        4.26314574115713       -0.67637808399593        3.94446144101451      H
       -0.87937166354465        0.87017373688442       -1.61569338611723      H
        1.41606911983913        0.64863998869613       12.39247941627406      H
       -3.86566351535095        6.36396849678237       14.30739952082567      H
       -8.35603608708860       10.25374313694214        8.15741889344317      H
       -5.07810920332238       11.64557061115889        0.65047460981798      H
        5.05371560446766       -2.80257090454865        0.37304020512814      O
        2.68673536681727       -1.92080486642396       -3.12398721740840      O
        4.24981479494235       -3.58128903382210       -4.23247616780613      C
       -1.29925686922659        2.64498712808624       16.16933506469893      C
       -0.15586041170199        0.62019544822940       16.55619757843886      O
       -2.82947592889606        3.80675574468767       18.05247759159341      O
       -2.25930567121418        2.95568694711032       20.57714828868260      C
       -9.27916634285862       14.36333288116069        2.26869622022112      O
      -10.63457202019550       13.30007076682076        6.19972339095900      O
      -11.86365299557843       15.66390014423231        6.51708655658945      C
        1.52917206556971       10.62477846512902        3.01266420353709      C
       -3.56528395806524        5.39789393846938       -1.88069769248991      C
      -10.50159999097377       17.01448173557992        5.79549291405818      H
      -12.53189999640929       16.17092305093405        8.35353179350735      H
      -13.30744566272117       15.60773956996267        5.10611750741280      H
       -2.17169135963636        0.84483847195782       20.50364450491137      H
       -3.90163398505184        3.51730281488802       21.85245215310616      H
       -0.31501582137151        3.45830777241558       21.25413890307839      H
       -4.52840364365246        6.98414902691670       -2.33062309196202      H
       -4.80656558100085        3.78844047035460       -2.28251795248116      H
       -1.62378217245915        5.52120879402665       -2.73560460461273      H
        3.04843480904003       10.95663813448388        1.76806975482376      H
        1.83016740910016        8.95657558517383        4.24148878707833      H
        1.19642389870810       12.33207218661811        4.15767111536128      H
        3.77898310589216       -3.90951663131911       -6.18249205212615      H
        3.83970522647621       -5.37378362809943       -3.16018466033591      H
        6.28404415620151       -2.97458961423745       -4.18598427071403      H
        2.45799491501582       -8.05641662614421        2.63167814966751      C
        1.87853524287636       -6.47285033305421        4.64750222566707      C
       -0.41619007608416       -4.93670701019486        4.68868368626738      C
       -1.64641042861501       -4.76953022206393        2.21901446354650      C
       -1.25236470015530       -6.50529390794944        0.27411172588161      C
        0.62247162751776       -8.31575810497995        0.71863915565994      C
       -1.73824102912417       -3.91224088711758        6.79713502748836      C
       -3.47452743217690       -1.89390299376776        6.18116925435430      C
       -4.27132901212714       -1.56600538791806        3.62007868947432      C
       -3.39685823357294       -2.95934788204227        1.57724336893076      N
       -1.43358083588213       -4.67594985770832        9.45385563349744      C
       -2.70304132489983       -3.19345383956732       11.31498225098997      C
       -4.07997066522713       -1.08714227125938       10.62949104657828      N
       -4.79110586722238       -0.69776148657232        8.29024012298818      C
       -6.53545448139034        1.15743024641476        7.63457034589386      C
       -7.37301279482012        1.57125666144182        5.16669914331520      C
       -6.33971997016738        0.09909551426232        3.23567395780590      C
       -0.39170800430543       -7.19652144273890       10.28195752835116      C
       -0.40576758328847       -7.73387535277417       12.79046074031573      C
       -1.34494828117177       -5.91810069255976       14.56612182844031      C
       -2.40309597314456       -3.77280985487365       13.90211493041262      C
        0.08870579161395       -8.75521104405352        8.16418868092373      O
        3.54998379364539       -5.88286441671451        6.61764696032985      O
        0.88491883939939      -10.05568306462320       -1.61250048836803      C
       -1.04173614058295       -6.17238068319227       17.25714693819690      C
       -2.41262237622126       -6.34942139206209       -1.40228691265466      H
        4.09788713041488       -9.26926123329616        2.98029671263203      H
       -6.94844867051417        0.33116350777141        1.35861538310890      H
       -7.58443231012195        2.13123121778404        9.15248315508639      H
       -2.95273309525295       -2.25271402608761       15.30251711781298      H
        0.80958604545276       -9.35101961671106       13.29700714769086      H
        2.64701096684084      -11.47988530538004       -1.79969605085579      O
       -0.92977010270187      -10.06385659483861       -3.49413463922276      O
       -0.40155774389187      -12.09671675143397       -5.24368251097048      C
       -9.56276891388278        3.16285067532101        4.71943175773687      C
      -11.66849816383393        2.62717911129530        5.43743874094232      O
       -9.27279015840822        5.52541600015715        3.68725477446875      O
      -11.61677158084407        7.18985698039680        3.84248526017630      C
        0.70715819745638       -7.33269626608213       18.25848996865809      O
       -2.64712988481344       -4.54514258238980       18.52013237755435      O
       -1.93688460905469       -4.36509239814754       21.02369173529803      C
        1.16383259660493      -10.91256278583461        8.95784544413547      C
        6.02801149803719       -5.88387319227288        5.75054897450372      C
        0.03139702043859       -4.53320050285034       21.26217158562947      H
       -2.92838226342208       -5.96605151592556       22.00625148728457      H
       -2.55823479622883       -2.48505910491654       21.72759763040870      H
      -11.41664076018165        7.74227111763995        5.68153780511460      H
      -13.70900273913125        6.33648950782483        3.93661182209939      H
      -11.40210135453108        8.78672158077045        2.39684139530661      H
        6.86498548456360       -7.59433668602936        6.56961928372488      H
        7.05125130321326       -4.20881081713579        6.53218554857168      H
        6.31813064116233       -5.76672807237200        3.65437699403068      H
       -0.44916844831669      -11.92360556128163        9.77942744424620      H
        2.97301952042352      -10.68597988982534        9.79221030355289      H
        1.70321414885910      -11.87603362696677        7.31792419916512      H
        1.17335810152258      -11.47087731329861       -6.45879937639658      H
       -2.01475857771694      -12.70821449540838       -6.26246435037805      H
        0.17719693247267      -13.77575267290420       -3.99980475473333      H
$end
