$coord
        1.43772650578609        1.75694187069121        0.25834308993601      C
       -0.35528571186854        3.27338139394694        1.43617677747838      C
       -0.05252613554571        3.57875549757715        4.16609048031035      C
        1.73582633449421        2.05054552776661        5.42368029375752      C
        3.65686260334079        0.75758464227683        4.09794700907444      C
        3.45987165965020        0.53204936342623        1.51604993300464      C
       -1.60643569829614        5.08109515556466        5.82492423087385      C
       -1.48182465587840        4.73943575365001        8.41805367957238      C
        0.32579016585916        3.01731857330481        9.50492200267844      C
        2.00509819010381        1.88176574087081        7.93185868342478      N
       -3.44818377452803        7.02136925734562        5.21201157959910      C
       -5.51842297303113        7.57967939150747        6.83437034250053      C
       -5.38887942890183        6.78242823911642        9.29817449814853      N
       -3.15327744955816        5.83503204793391       10.04082005875866      C
       -2.85388460664817        5.59467471134286       12.73759047477207      C
       -1.11240020863623        4.14114464913027       13.76987709526235      C
        0.62084450438439        2.98849647818906       12.14762634502487      C
       -2.87432543018602        8.78900552182021        3.14460852341956      C
       -4.80639685388890       10.54146995984708        2.47789528956957      C
       -6.93746819760544       10.75055705646305        3.96145973110944      C
       -7.50647871151455        9.31967367389127        6.21410638232008      C
       -0.50826084732804        8.91937586749176        2.09772268479869      O
       -2.44895600549973        4.29551763810690        0.11134039539150      O
        5.35741445128905       -1.42958288203687        0.30284167885330      C
       -8.84241422763625       12.69066868479783        3.42821142428441      C
        5.05594775296820       -0.18149996785659        5.28530666599987      H
        1.27236332077135        1.46654306423466       -1.72994872141867      H
        2.14310394208686        1.67439308005871       12.90389719731954      H
       -4.40841928025126        6.41837513897774       14.11612994966035      H
       -9.04759310537658        9.93803112779869        7.41119451367235      H
       -4.54383917553597       11.81858627258093        0.89233715112248      H
        6.42806862337068       -2.84746600568135        1.69450153290427      O
        5.07701101596142       -1.83936822470977       -2.29325699626740      O
        6.52910505277004       -3.83930497384798       -3.09587346405682      C
       -1.28837250849020        3.32068162093391       16.43535655710703      C
        0.38865398097959        1.87445588010026       16.98273673349867      O
       -3.28263029124069        4.11564789018973       17.78667474077377      O
       -3.17541440918547        2.56421118134659       19.95688315304390      C
       -8.60789005846418       13.88166728543500        1.40135738491453      O
      -10.68804858247899       13.44321942209436        5.11888024068665      O
      -11.36795889202122       15.98768690385495        4.30980843513210      C
        1.18385556625813       10.48283919213547        3.27135308163867      C
       -2.20317572185785        4.29202294494978       -2.50550657778358      C
      -11.93057937732735       16.08025377710446        2.22790276696001      H
       -9.61684719022464       17.20370503645211        4.72960329016132      H
      -13.00631484083426       16.50117063782044        5.35155466373370      H
       -2.19934867184343        0.81048891054306       19.38654340983403      H
       -4.88110214566956        2.14271660357210       20.83455656969151      H
       -1.82934831232116        3.55626606275865       21.17115915069236      H
       -3.60602673872700        5.81430361372841       -3.21377161975956      H
       -2.62376853083306        2.43349727388931       -3.25657800353143      H
       -0.30965418626676        4.90827471771685       -2.88623327985803      H
        2.96474244201468       10.36915447056302        2.17950360808734      H
        1.46263788970849        9.81144523162099        5.14162622303966      H
        0.46230155523872       12.39962457620037        3.48758053664373      H
        8.25938613266329       -3.78158008872200       -2.18897319397419      H
        6.55973869623637       -3.51888327734786       -5.21855684202609      H
        5.51284052685016       -5.51597301441595       -2.72011959227189      H
        0.74353217563172       -8.12426734928298        2.32148493557522      C
       -0.13071725875860       -7.17092525057657        4.63547791381048      C
       -2.47780041361821       -6.00780925044866        4.89732588876832      C
       -3.96163870554779       -5.77592007110974        2.64559672563858      C
       -3.06833954328133       -6.97580082532490        0.40212336914174      C
       -0.65654743841172       -7.84587476993957        0.20737160994304      C
       -3.20907315159603       -4.51640746158913        7.02783626772988      C
       -4.73557927009583       -2.54280642846054        6.54458325083345      C
       -5.68022403382732       -2.15344269481224        4.03477843961592      C
       -5.43894268351338       -3.79970205104888        2.21678270516951      N
       -2.40229188274306       -4.73040000628912        9.59584926174012      C
       -2.82058424230681       -2.83373867376225       11.43589488392974      C
       -4.09605282078169       -0.77996938965111       10.79269208272027      N
       -5.35443511489469       -0.88650143282355        8.54412333855660      C
       -6.93180384828723        1.26269222762707        7.84376067398321      C
       -7.94017010770193        1.55511347762579        5.38052699530197      C
       -7.07005855079529        0.06811509693852        3.48248647762639      C
       -1.39217402043944       -7.05608029940745       10.36917303022058      C
       -0.48073768204880       -7.21369550616513       12.85604342372687      C
       -0.57161397820365       -5.31028123865514       14.66053817079525      C
       -1.98889338416747       -3.25649176005136       13.97558078358204      C
       -1.77865140727608       -9.26148024670308        9.08737300517105      O
        1.67588086873122       -7.10545734787389        6.49639946394046      O
        0.50288728339418       -8.60456204661294       -2.25665654056366      C
        0.62120996952688       -5.89401012562237       17.15894696954958      C
       -4.15340518628494       -6.84951169305890       -1.27816996549201      H
        2.66198286634810       -8.79010955241996        2.02319918893939      H
       -7.52312144341916        0.54161446267274        1.58203309929147      H
       -7.65473614760575        2.31589403492315        9.44403067812690      H
       -2.11761238816311       -1.80759762674526       15.48684833659070      H
        0.24863398449112       -9.07587430505958       13.37872384370177      H
        2.06192207008573      -10.18313053837165       -2.72735372673594      O
       -0.98683056814847       -7.50406451223637       -4.16445295853291      O
       -0.13078368483597       -7.77824106492095       -6.51099939402273      C
      -10.02128272921469        3.32821085947625        4.85442252525967      C
      -10.18545884731166        4.17508905171238        2.67854791967422      O
      -11.68253586235395        3.79947593992357        6.79990057325145      O
      -13.57297723121471        5.32767393684836        5.75201546166025      C
        1.94827244385443       -7.72889260273802       17.56354921631647      O
       -0.07461567252320       -4.02070292260834       18.87116380228128      O
        1.56368472558584       -4.38048828452901       21.06297361665520      C
        0.01240890701031      -11.10020654442186        9.53586880634246      C
        4.18013199932136       -7.54476439369778        5.83905408985560      C
        3.36788961681281       -3.85393323901844       20.31530890143511      H
        1.68839403372013       -6.48023782905046       21.48131646263847      H
        0.96324826112371       -3.51989671244078       22.81693930471797      H
      -14.12823859197287        4.58286569635437        3.96332909629164      H
      -12.45617575583137        7.03695392646190        5.36003776874674      H
      -14.99559645826636        5.72957873638049        7.06081919446944      H
        4.44216065525597       -9.55505836957607        5.49504688053796      H
        5.29207752697934       -7.19159542320837        7.53091545858432      H
        5.08894900163251       -6.29097823064502        4.52945714036978      H
       -0.33646827531044      -12.42263608764462       11.14696052492958      H
        2.04649029951384      -10.24381174811460        9.24794653295485      H
       -0.30392069560672      -12.49144744471740        8.07346441092021      H
        1.92070103573404       -7.52016221004858       -6.52787138342425      H
       -1.28568098226011       -6.82126989735652       -8.11509546673213      H
       -0.12817210800045       -9.73256814410433       -7.02346761026654      H
$end
