 -1.0
 -0.13794616949876D+01 -0.48600522631692D+00 -0.26502937173114D+01  0.53580997402903D-03 -0.16598800683467D-04 -0.29611922047393D-03
 -0.57229648621989D+00 -0.23305643617444D+01 -0.87976103278524D+00 -0.42600383131719D-03 -0.45591462028927D-04  0.12939991339313D-03
  0.17496875022667D+01 -0.19849503769935D+01  0.46800654765925D+00  0.13142716281860D-03  0.46794949025167D-03  0.27946570669614D-03
  0.31804936960259D+01  0.40770417421769D+00  0.57253980129769D-01  0.22653798001688D-03  0.38562744972382D-03 -0.20828449322736D-03
  0.21350797227765D+01  0.21520031570284D+01 -0.15188269693575D+01 -0.43820903812759D-04 -0.56470916535520D-03 -0.43553115911821D-03
  0.11378410009455D+00  0.16595093149287D+01 -0.29276563471991D+01  0.40572586478941D-03  0.65954646155441D-03  0.94447178475909D-04
  0.29602883246974D+01 -0.39059110909153D+01  0.18121252667231D+01 -0.21374281580862D-03 -0.26628826422203D-03  0.18848875729694D-03
  0.54467888284708D+01 -0.35833567343499D+01  0.28277967428055D+01 -0.25980958192312D-03 -0.10550676718926D-03 -0.31931026092596D-03
  0.64674119369129D+01 -0.11333148723803D+01  0.25813655162605D+01  0.31696925052210D-03  0.11025437255312D-03  0.37133238025687D-03
  0.55682498454813D+01  0.66105188616675D+00  0.87702672715380D+00 -0.55867533286769D-03  0.20596837198025D-03  0.95611529269718D-04
  0.17023978999214D+01 -0.61662375413426D+01  0.30765165898504D+01 -0.78943726790599D-04 -0.30517448397223D-04  0.33647412179795D-04
  0.34554336948659D+01 -0.82756163442270D+01  0.34870758469057D+01  0.15938497331292D-03 -0.37667637530805D-05 -0.20618996992141D-03
  0.56494374143089D+01 -0.78892072981308D+01  0.44458630257751D+01 -0.17513028746295D-03  0.53271816961483D-04 -0.62306027555668D-04
  0.65067609564571D+01 -0.54774737771226D+01  0.46172173274332D+01 -0.37904513709544D-03 -0.20139375764054D-03  0.27244935072135D-03
  0.88753540173410D+01 -0.49162272507956D+01  0.58597416110762D+01 -0.92994189634220D-04 -0.23117035258550D-03 -0.91646861864015D-04
  0.10182678560896D+02 -0.27512833136265D+01  0.50678897397247D+01  0.32833477186044D-03 -0.33436916064629D-03 -0.11659134774990D-07
  0.89737160326469D+01 -0.97914166289795D+00  0.34889725639149D+01 -0.18933077547796D-03 -0.26183108163677D-04 -0.33837410826345D-03
 -0.89706006411333D+00 -0.66584443447461D+01  0.36646113143289D+01  0.65344568307805D-04  0.10121257618673D-03  0.46625537310232D-03
 -0.19061620664162D+01 -0.90436438284939D+01  0.36213773722901D+01  0.20927336276709D-03  0.25208994437570D-03 -0.27352920080661D-03
 -0.22562916238876D+00 -0.11039062676406D+02  0.36105627157632D+01  0.10228698557794D-03 -0.22070755922913D-03 -0.50539437508047D-04
  0.24410323158032D+01 -0.10689491059077D+02  0.34667531161535D+01  0.59167085200693D-03  0.42696595443748D-04  0.20004939064277D-03
 -0.24266515604071D+01 -0.47728327135141D+01  0.46900951704460D+01 -0.23419207785004D-04 -0.26495064981683D-03  0.20598587214487D-04
 -0.18251050867997D+01 -0.47633502515640D+01 -0.69893524259815D+00  0.17237501674935D-03 -0.23040164576434D-03 -0.23810580009449D-03
 -0.61440389341443D+00  0.36743246845473D+01 -0.46422848013351D+01 -0.82333161416004D-04 -0.17295941036010D-03 -0.13689686763330D-03
 -0.15591177875341D+01 -0.13593652890579D+02  0.32848433778459D+01 -0.12151894771965D-03 -0.59237629915274D-03  0.70874494682533D-03
  0.30079186680914D+01  0.41358301296041D+01 -0.18818075906936D+01 -0.22710120295683D-03  0.34472813699207D-04  0.14883926530205D-03
 -0.30117070918583D+01 -0.91142321778402D+00 -0.36362494140565D+01  0.13297198592987D-02  0.52099976952883D-03 -0.34198070002634D-03
  0.10415307015781D+02  0.34345912960366D+00  0.29416400016859D+01  0.28300879679787D-03 -0.69376238189109D-03 -0.36739263638867D-03
  0.96374839746294D+01 -0.62487928953004D+01  0.70993554381233D+01  0.71392037141922D-04  0.62672560103153D-04 -0.39914779986287D-03
  0.38626776459657D+01 -0.12127209391068D+02  0.35867862353756D+01  0.43768898765466D-03  0.36994558941716D-04 -0.45932507916773D-04
 -0.37095638333561D+01 -0.92428649297808D+01  0.45938892932248D+01  0.66171106949157D-04  0.42796177237889D-05 -0.53772723478377D-04
 -0.39131170761897D+00  0.58070854502372D+01 -0.38436598421818D+01 -0.70127430408083D-04 -0.27163942941677D-03  0.35871471623199D-04
 -0.16230163749054D+01  0.30170024781193D+01 -0.68511850438062D+01 -0.51774147412322D-03  0.63757949006195D-03 -0.49261155561001D-03
 -0.29215169328653D+01  0.48611636860704D+01 -0.78866833020691D+01  0.70105140562982D-04  0.67463994626846D-04 -0.16019310234719D-03
  0.12392028611463D+02 -0.16339379540176D+01  0.64301839759382D+01 -0.14110943303405D-05  0.54089954599583D-03  0.25690755401549D-03
  0.12550866917221D+02 -0.21051442374985D+01  0.86427703252935D+01  0.21676009762655D-04 -0.99871801254121D-04  0.38259795282486D-03
  0.13633996059267D+02  0.78756345650961D-01  0.48260851548259D+01 -0.28138280172163D-03  0.21404476446336D-03  0.26702364299151D-04
  0.15134908052256D+02  0.14908336042899D+01  0.66492168319319D+01 -0.11639859327317D-03 -0.46692964595285D-03  0.25519961121422D-03
 -0.35312017820280D+00 -0.15399527729923D+02  0.29004670453809D+01 -0.31138388723404D-03  0.46199638609784D-03  0.47985442319577D-03
 -0.39354224082589D+01 -0.13289236154679D+02  0.35102713667468D+01  0.15496244364786D-03  0.84820448547822D-04 -0.12083157360769D-03
 -0.51284965349137D+01 -0.15700333107510D+02  0.31333294237254D+01 -0.28059821879147D-03  0.10519242573576D-03  0.18107479883858D-03
 -0.14501993249601D+01 -0.31263011644983D+01  0.63993224888587D+01  0.38662440118489D-04 -0.14294591869438D-03 -0.47084749761836D-03
 -0.41881145736696D+01 -0.48927792089639D+01 -0.21260627755641D+01  0.44418162494016D-03  0.10367269931323D-04  0.10758888983676D-03
 -0.71094417360668D+01 -0.15585147636842D+02  0.37401702487633D+01  0.12909760875464D-03  0.37051231314237D-03 -0.42648164933857D-03
 -0.39760944382625D+01 -0.17016262412774D+02  0.42902637477171D+01 -0.12332138307023D-03  0.37156367036876D-03 -0.33273006545949D-03
 -0.49375248155304D+01 -0.15995119181512D+02  0.98178816907688D+00 -0.87107901384701D-04 -0.69348698654159D-03 -0.36736773551540D-03
  0.15975947836411D+02  0.25912473474392D+00  0.79656751197221D+01 -0.43370852730839D-03  0.10180960217701D-04 -0.10246503606231D-02
  0.14119824556705D+02  0.29691819036771D+01  0.75380093334544D+01  0.16332142831611D-03 -0.59851326950829D-03 -0.34952190142422D-03
  0.16512490489672D+02  0.23053398470208D+01  0.53963304492333D+01 -0.72914114563220D-04  0.58913537843932D-03  0.84604593299883D-03
 -0.53479181452255D+01 -0.63879748533412D+01 -0.11792982135905D+01  0.23245038619325D-03 -0.25514698420505D-04 -0.40271604325778D-03
 -0.38474772693581D+01 -0.54833106197788D+01 -0.39139061256935D+01 -0.32124266009654D-03 -0.45185944308441D-03  0.84653703303044D-03
 -0.51398731739954D+01 -0.28836022330938D+01 -0.19811889320442D+01 -0.11218106205929D-03 -0.26818505836297D-04 -0.12725052895294D-03
 -0.68215890233319D+00 -0.13864571911583D+01  0.55914607660841D+01 -0.85538020138470D-03 -0.92943105350642D-05  0.16402276837618D-03
 -0.89161385899817D-01 -0.40817214688685D+01  0.75486863472578D+01  0.24528768824455D-03 -0.24165532357244D-03 -0.12795978398242D-03
 -0.31137312191712D+01 -0.26181121044799D+01  0.74559922546167D+01  0.23174223978431D-03 -0.90725061631293D-03  0.59854077360602D-04
 -0.14315488286571D+01  0.63160840484978D+01 -0.79647250328806D+01  0.30035838157059D-03 -0.64999171980795D-03  0.35105290748238D-03
 -0.42619473402007D+01  0.52769130511062D+01 -0.65272276144393D+01  0.34040295154048D-03  0.71961548717205D-03 -0.62078905497408D-03
 -0.35201776789835D+01  0.44914919713608D+01 -0.99848307618441D+01  0.99627396943993D-04 -0.19079767407886D-03 -0.62402616210522D-04
 -0.84269420149320D+01  0.10316396533308D+02  0.80779899110753D+01 -0.17038841074250D-03  0.44015524512333D-03  0.45488357115141D-04
 -0.85468444996032D+01  0.77774612293888D+01  0.89322045524302D+01  0.43171026973416D-03  0.94612222342109D-04 -0.60032345353443D-04
 -0.63137204491210D+01  0.66390742531877D+01  0.96573953630322D+01 -0.46281305489606D-03  0.48981667025028D-04 -0.74992196295315D-04
 -0.39255719209834D+01  0.76239127609745D+01  0.88070712125344D+01 -0.40599216194135D-03 -0.19851939707673D-04 -0.57235276093223D-03
 -0.39658387426514D+01  0.98722183646312D+01  0.74782256977070D+01  0.43842280153300D-03 -0.23466176866942D-03  0.15034905981937D-03
 -0.60312432342826D+01  0.11482985892638D+02  0.74139658441184D+01  0.28901768198108D-04  0.51760126794315D-03 -0.22583723611630D-04
 -0.61530579748758D+01  0.45490955358978D+01  0.11281360586800D+02 -0.27085118195772D-03  0.11485163177764D-03  0.69011760098740D-04
 -0.38713914469883D+01  0.30079392127889D+01  0.11167614828884D+02 -0.20553790268170D-04 -0.25351038207271D-03  0.43357109144114D-03
 -0.15941794436780D+01  0.40947074081632D+01  0.10022039167145D+02 -0.39926126801047D-03  0.39499221137303D-03 -0.46856946949155D-04
 -0.16491375514330D+01  0.64891225399847D+01  0.91925151726561D+01 -0.14238217260375D-03  0.27604520779115D-03  0.15502701318180D-03
 -0.82531143260957D+01  0.35625738604259D+01  0.12572281374204D+02  0.29504573536931D-03  0.29334684050236D-03 -0.23321459982706D-03
 -0.82627154107183D+01  0.93550575953603D+00  0.12916306387092D+02 -0.32455642023792D-03  0.20638136566982D-03  0.39192512019493D-03
 -0.60511862942954D+01 -0.26394573843103D+00  0.13099952327214D+02  0.79882000071724D-04  0.17774399656246D-03 -0.25267313765634D-03
 -0.38631128797881D+01  0.72733460069568D+00  0.12338643232361D+02 -0.67794722663863D-04  0.49952421788806D-03  0.41045339263080D-03
 -0.14000675597179D+01 -0.60775499754656D+00  0.12207458998715D+02  0.31931004346617D-03 -0.98647019289692D-04 -0.52884096775423D-03
  0.77540317527843D+00  0.60518829347268D+00  0.11313212356931D+02  0.35891935822042D-03  0.86067683946962D-04  0.35896700033491D-03
  0.77472174626067D+00  0.29452651005806D+01  0.10163109643121D+02 -0.42666499369434D-03 -0.17939719774689D-04 -0.10281643336024D-03
 -0.10511854750788D+02  0.48191819326244D+01  0.13341842917858D+02  0.55964109359020D-03 -0.80337988286839D-04 -0.56314975293069D-04
 -0.12705640750382D+02  0.34050332141419D+01  0.14052323618027D+02 -0.45050612794620D-04  0.74515857036474D-04  0.51363808811657D-04
 -0.12846549565302D+02  0.83965074703856D+00  0.13708628782305D+02 -0.44261213420303D-03 -0.43050924377759D-03 -0.38581989779594D-03
 -0.10500054924795D+02 -0.39214942607368D+00  0.13486301198061D+02  0.57229500219713D-03 -0.25421454598806D-03 -0.26636855014677D-03
 -0.10275928645359D+02  0.74681143302995D+01  0.13599674101504D+02  0.23090964616671D-03 -0.21174428276366D-03 -0.15738452642608D-03
 -0.10644693607942D+02  0.63336642646317D+01  0.85019684605839D+01  0.27190910201117D-03 -0.83730981060354D-04  0.40050404971596D-03
 -0.59598352334857D+01  0.14144125810798D+02  0.67132155308131D+01  0.18371023262021D-03 -0.25123601053242D-03  0.35658013592365D-03
 -0.15295667633464D+02 -0.58813809398246D+00  0.14063732660028D+02  0.11688917837150D-03  0.89103578272362D-04  0.73183600639228D-04
 -0.24534089151724D+01  0.11020476211256D+02  0.70972368158451D+01 -0.67495985631564D-03 -0.67708732424378D-04  0.13639529984246D-03
 -0.10142296170528D+02  0.11147831863818D+02  0.74113886061160D+01 -0.12280397976997D-02 -0.16306031445418D-03  0.53801912492959D-03
  0.21065400824905D+01  0.36694889273550D+01  0.86987213341851D+01 -0.41506058843313D-03  0.67927198920808D-03 -0.96720199127047D-04
 -0.13836379410649D+01 -0.23386053482206D+01  0.13228674505496D+02 -0.51399079443701D-03  0.53048740186928D-04  0.77640288249500D-03
 -0.10336040352039D+02 -0.24826006989559D+01  0.13566933636070D+02 -0.11342317188174D-03 -0.63090625703355D-03  0.30284079754000D-03
 -0.14436963160319D+02  0.44598742782471D+01  0.14362097112433D+02  0.23373246175050D-03  0.54913364715745D-03 -0.19779574676700D-03
 -0.39593499386397D+01  0.15413342850946D+02  0.68544132349278D+01  0.11263301466487D-03 -0.47178205083700D-04 -0.27175967574160D-04
 -0.81943072418319D+01  0.15445471633705D+02  0.63030593786884D+01  0.16475107061989D-03 -0.21345379485974D-04  0.14929363123172D-03
 -0.74870353655859D+01  0.17881943790960D+02  0.54888733167312D+01  0.13931951831784D-03 -0.33241311264275D-03 -0.54573544331403D-03
  0.27642461559467D+01 -0.12429387059316D+01  0.11000484064016D+02  0.28380610509035D-03  0.96713244903989D-04 -0.21198534783081D-03
  0.20764855593198D+01 -0.32784317727772D+01  0.10443141221795D+02 -0.14823426790805D-03 -0.13717606677237D-03 -0.15589173652541D-03
  0.50706507654314D+01 -0.12173990442448D+00  0.11283247150109D+02 -0.59572571294941D-04 -0.30142031636855D-03 -0.10637066679059D-03
  0.67106217998270D+01 -0.20783773154259D+01  0.11133756261829D+02  0.58794044633133D-04  0.15528418414447D-03 -0.55151714289638D-04
 -0.15063492017756D+02 -0.28762497984887D+01  0.14258202422825D+02  0.63928269191113D-04  0.24647818714009D-03 -0.57794025673522D-04
 -0.17593018647853D+02  0.69803866044511D+00  0.14199626068302D+02 -0.54254145875273D-03  0.54348309771402D-04  0.24768853324558D-03
 -0.19555327320367D+02 -0.76320246221825D+00  0.15550414980899D+02  0.45464271309873D-03  0.17489631883824D-03 -0.45702753130863D-03
 -0.11270882702137D+02  0.85194778756997D+01  0.15784650488323D+02  0.15249328264457D-03  0.11217807063503D-05 -0.18179915171356D-03
 -0.10709455723293D+02  0.44119525885270D+01  0.67033396935874D+01 -0.21115588110387D-03  0.39528809118136D-04  0.28995831393035D-03
 -0.21017959964919D+02  0.58481332109119D+00  0.16392259972075D+02  0.25557076879413D-03 -0.54653288677720D-03 -0.11625246521917D-03
 -0.18827691953569D+02 -0.21813322159188D+01  0.17005766028986D+02  0.69458100127043D-03 -0.26815276668679D-03  0.19064746594675D-03
 -0.20451400339577D+02 -0.19482863895147D+01  0.14207590805301D+02  0.35480910599186D-03 -0.74285133987331D-03 -0.36067802629994D-03
  0.57040350261235D+01 -0.38693306068347D+01  0.10637879328265D+02 -0.21863073877610D-03 -0.75326458701896D-04  0.12749647912294D-03
  0.74815771612167D+01 -0.21468121774106D+01  0.12997089147270D+02 -0.67527793731068D-03  0.47450133612521D-03 -0.39913560110291D-03
  0.83087651404609D+01 -0.16122500846936D+01  0.10033438762018D+02  0.24461737936741D-04 -0.10751438164680D-02 -0.18241874430125D-03
 -0.10035937207163D+02  0.25278501301277D+01  0.74060973882924D+01  0.76568623958482D-04 -0.63136904552503D-03 -0.15945492716514D-03
 -0.93809482492633D+01  0.48716805090846D+01  0.51894120947574D+01 -0.13185703654239D-03 -0.12036431946649D-04 -0.24117001131488D-03
 -0.12377047159143D+02  0.41988507561457D+01  0.55697658715678D+01 -0.22389036828200D-03 -0.57229664296504D-03  0.87762456619835D-03
 -0.10225543134849D+02  0.10351613482569D+02  0.16397175480091D+02 -0.33059064402212D-04 -0.33085230339097D-03  0.53519311819637D-03
 -0.11104510675734D+02  0.74755662236507D+01  0.17602289798899D+02 -0.45672053676157D-03 -0.10054813189796D-04  0.23404373247032D-03
 -0.13105578319793D+02  0.89888142482190D+01  0.15439930147999D+02  0.71655048750130D-03  0.17893355203003D-04  0.99550707875421D-03
 -0.91160112449237D+01  0.18436623301412D+02  0.44732085209290D+01 -0.80066349303925D-03  0.20225710481781D-03 -0.13023370545237D-03
 -0.59926122165722D+01  0.17598439322272D+02  0.41384823091950D+01 -0.47810416036354D-03  0.10306140676138D-03  0.27618700864348D-03
 -0.72809519555865D+01  0.18924792058838D+02  0.72561051058323D+01  0.27883337108234D-03  0.17087205619940D-03  0.46860000246189D-04
