 -1.0
 -0.52918909701452D+01  0.13793371931826D+01 -0.25205582496850D+01 -0.56597691691172D-03 -0.17653149592852D-03  0.35918218087743D-04
 -0.39186287740640D+01 -0.31646680061062D+00 -0.96053618910266D+00 -0.22978230063354D-03 -0.21952386768544D-03  0.24567358804220D-04
 -0.21508544813003D+01  0.73486716272800D+00  0.83332115660456D+00 -0.26292053193186D-03  0.22159939888880D-03  0.22708208550772D-03
 -0.12112293356776D+01  0.32745106643761D+01  0.42060437916428D+00  0.32520899543968D-04  0.59802987864572D-03 -0.16428029602307D-03
 -0.27728835730199D+01  0.48278045996846D+01 -0.91539186392571D+00  0.15472254387488D-03  0.64719533285999D-04 -0.19134797003172D-03
 -0.49116245875276D+01  0.39615676513178D+01 -0.20005859890849D+01  0.73936362990184D-05  0.14664370167834D-03 -0.10654155708899D-03
 -0.99923755888450D+00 -0.78357039903384D+00  0.27736418431620D+01 -0.37625269495010D-03  0.10875152432750D-03  0.19040784574096D-03
  0.13715151835295D+01  0.94672440399233D-02  0.35763272655016D+01 -0.27371562105402D-03 -0.28236703732044D-03  0.37002970452412D-03
  0.22264821822426D+01  0.25459707085212D+01  0.30589488719782D+01  0.19852736742866D-03  0.12753920646539D-03 -0.18423495804036D-03
  0.97154125019911D+00  0.41394395407052D+01  0.15675536711047D+01  0.22231312611129D-03  0.11707578747394D-03  0.20877337516525D-03
 -0.20040062708966D+01 -0.30610881684217D+01  0.38764758133969D+01  0.16479337071199D-03 -0.27472324265002D-03 -0.21631020169997D-03
 -0.18852109934070D+00 -0.45020741692282D+01  0.52369001879743D+01 -0.96991137727960D-04 -0.24917582536320D-03  0.10268971804910D-03
  0.22281611697180D+01 -0.39799475917343D+01  0.55406849564819D+01 -0.80029827704531D-04  0.93066185326010D-04  0.23319610482090D-03
  0.30764414473994D+01 -0.17152667866736D+01  0.48790663172469D+01 -0.34292260392703D-03  0.52834450672817D-04  0.18317373914011D-03
  0.54850865864173D+01 -0.84447761357730D+00  0.56386496692242D+01 -0.28006015197244D-03 -0.57675669607851D-05 -0.12464105544261D-03
  0.61067596520738D+01  0.16619542638620D+01  0.53569044100334D+01 -0.71170594923233D-04 -0.32341097981479D-03 -0.78367098973354D-04
  0.45214468507034D+01  0.34342692781012D+01  0.41176423391140D+01  0.32263567517050D-03 -0.30551474550433D-03 -0.10921895527952D-03
 -0.46100552880191D+01 -0.38291236492260D+01  0.40755242264602D+01 -0.10654404102300D-03 -0.74639271574400D-04  0.23669639596768D-03
 -0.51309476790285D+01 -0.60526047946872D+01  0.53847955612655D+01  0.11891798481135D-03  0.23432633518548D-04 -0.71696373538582D-04
 -0.32941810526150D+01 -0.75214827461418D+01  0.65675596052826D+01 -0.36142164690827D-03 -0.20357638582686D-03 -0.33314005486341D-03
 -0.86485792392417D+00 -0.66269332712925D+01  0.66064169420976D+01  0.17533307010746D-03  0.33541325307144D-03  0.30802363185047D-03
 -0.66023215204686D+01 -0.24210285755024D+01  0.30463664893885D+01 -0.65002495371626D-04  0.20042768910690D-03 -0.62109985624861D-05
 -0.41383560114416D+01 -0.29788828898932D+01 -0.11567728895779D+01 -0.17073857428487D-04  0.28288518347967D-03  0.27360037000577D-03
 -0.64375890297219D+01  0.58433064474811D+01 -0.34799810132318D+01  0.19013003374126D-03  0.14281424932379D-03 -0.20918394634409D-03
 -0.41180549148798D+01 -0.97190817582306D+01  0.80460405409637D+01  0.16681755551288D-03 -0.34946317874596D-03 -0.29474058449894D-04
 -0.24690030243644D+01  0.68082134668082D+01 -0.86199057314233D+00  0.80114652807267D-03 -0.95163566255421D-04  0.24060561707274D-03
 -0.67590705818180D+01  0.10535857577482D+01 -0.38239581694185D+01  0.11929597650126D-03 -0.17473945949032D-04 -0.26298046215227D-03
  0.49020487132457D+01  0.54411498640352D+01  0.38814571569191D+01 -0.65245466702507D-05  0.27389787267486D-03 -0.80207817971631D-04
  0.67059367122625D+01 -0.21302149912565D+01  0.65677847225641D+01 -0.58259415222514D-03 -0.13624633974197D-03 -0.55965101327913D-03
  0.36533034960648D+00 -0.81083221614399D+01  0.71747458968139D+01 -0.78636014617538D-04  0.30604450085960D-03 -0.67031317755489D-03
 -0.69564593517621D+01 -0.69458813886517D+01  0.54797135577429D+01  0.26744455969266D-03  0.20470564535185D-04  0.45703785738552D-03
 -0.82778099557251D+01  0.50905019804728D+01 -0.47389766917704D+01 -0.99825462064899D-04  0.19054982221597D-03  0.22718729487414D-03
 -0.56835462213213D+01  0.83695859598117D+01 -0.33597217277297D+01  0.42186058482250D-03 -0.34619062031596D-03  0.53644922142068D-04
 -0.76894050008972D+01  0.10021665398071D+02 -0.41561850867403D+01 -0.18233845812881D-03 -0.12769021102601D-03 -0.24595051300565D-03
  0.83729458945424D+01  0.27239279694117D+01  0.66933036592909D+01  0.17615873823106D-03 -0.34259322116501D-03  0.31985752238676D-03
  0.98963285712535D+01  0.14247431538092D+01  0.77783413824282D+01  0.33839409539728D-03  0.27891618436219D-03 -0.91457247505046D-04
  0.86847302704783D+01  0.54290288045680D+01  0.67966160869989D+01  0.19974192131878D-03 -0.11157631962472D-03 -0.13530391446034D-03
  0.11201730355802D+02  0.61635953808516D+01  0.69709614054305D+01  0.13307995067564D-04  0.17012095026673D-03  0.26902097793247D-03
 -0.54014122122712D+01 -0.11298501160144D+02  0.70431642689788D+01  0.11844016550073D-03  0.51376283229635D-04  0.24643246814510D-03
 -0.38129869265085D+01 -0.97390960095660D+01  0.10560311135115D+02  0.21973596958474D-03 -0.12630190669370D-03  0.51537402920245D-04
 -0.49950069473743D+01 -0.11787409906622D+02  0.11705343014383D+02  0.13639570413320D-03  0.21214774769128D-03 -0.12895851286668D-04
 -0.83151305864452D+01 -0.15802096172401D+01  0.48401962116134D+01  0.14816581023784D-03 -0.15892728485335D-03 -0.34140536834644D-03
 -0.57721796686532D+01 -0.34736047950304D+01 -0.30864985282021D+01  0.40450667494837D-05 -0.15578143469522D-03 -0.22010965792318D-03
 -0.49139128061551D+01 -0.11747382061593D+02  0.13832794301559D+02  0.77497236808176D-04  0.39560992063399D-03  0.78268549184890D-04
 -0.40636790857835D+01 -0.13500077959303D+02  0.11042752901495D+02 -0.91094003449527D-03  0.48701909167625D-04  0.99454638971869D-04
 -0.70246259759846D+01 -0.11784024550624D+02  0.11070768649936D+02 -0.83139832241472D-03  0.64187044161116D-03  0.24829562183597D-03
  0.11786874553290D+02  0.74748511537859D+01  0.54212520892430D+01 -0.27872785375110D-03 -0.16642707531739D-04 -0.24398426212902D-03
  0.12563469671146D+02  0.44929132609709D+01  0.72651899329389D+01 -0.23577824481393D-03 -0.55855605308776D-03 -0.53072301953579D-03
  0.11446969237318D+02  0.71629633800207D+01  0.88329568245014D+01 -0.11466645557624D-03  0.23606932467138D-03  0.24368734165294D-03
 -0.51416919997671D+01 -0.29034439254689D+01 -0.49587763049331D+01  0.69919678564312D-04  0.46095580425162D-03  0.53578915029262D-03
 -0.75262009160192D+01 -0.24527732786429D+01 -0.26290829653268D+01 -0.15438177605459D-03  0.31497589277264D-03 -0.40385201275223D-03
 -0.60368456760404D+01 -0.55548652117103D+01 -0.32119369197379D+01  0.36282988102580D-03 -0.39874915919100D-03 -0.36680601625042D-03
 -0.98536868395022D+01 -0.70795695580305D+00  0.36868908027148D+01 -0.24112867790600D-03 -0.17640502662731D-03  0.48903379687302D-03
 -0.74898782657070D+01 -0.51670362424529D+00  0.65029734172787D+01  0.51712025991149D-03 -0.43622495269944D-03  0.21277564998227D-03
 -0.92458465953286D+01 -0.32997965589921D+01  0.57115450995631D+01  0.20750143090356D-03  0.22536348212027D-03 -0.75037299764834D-04
 -0.84284808895665D+01  0.93033456258863D+01 -0.58943460716311D+01 -0.38903938397007D-03  0.97683127996964D-04  0.33728968049132D-03
 -0.66762679852761D+01  0.11994592547414D+02 -0.43780808231522D+01 -0.15808751695166D-03  0.36852637247305D-05 -0.13658362992547D-03
 -0.89327749340903D+01  0.10579244375368D+02 -0.26020215590975D+01 -0.63771117995147D-04  0.26614762579619D-03  0.99114505326585D-04
 -0.31576288910867D+01  0.70570847163907D+01  0.53466556396664D+01  0.13934016165035D-03  0.71374742817209D-04 -0.15842089485237D-04
 -0.39626933471856D+01  0.49746914044320D+01  0.68176918998500D+01  0.94957564899854D-05  0.22605402103708D-03  0.71245536306817D-04
 -0.23688628710011D+01  0.38012495287054D+01  0.86552313801063D+01  0.28496015186203D-03  0.41574065434510D-04  0.55488366407905D-04
  0.15733557234921D+00  0.49347671904225D+01  0.91211521331347D+01  0.12545410086971D-03  0.32880114137030D-03 -0.35410326500390D-03
  0.86259919712701D+00  0.70595792890752D+01  0.79530564354663D+01 -0.25057597857878D-03  0.18748111089301D-03  0.36801192865233D-03
 -0.74656472209064D+00  0.81309160262180D+01  0.60639433593802D+01 -0.23855922319973D-04 -0.21097355284720D-03 -0.11890534201028D-03
 -0.29120358015756D+01  0.14737283980340D+01  0.98966247211789D+01  0.33718409676442D-03 -0.42461102700511D-04 -0.32551278703088D-04
 -0.79267606819965D+00  0.16874823915412D-01  0.10774251352615D+02  0.30986749526840D-03 -0.33433126494658D-03 -0.28372804622940D-03
  0.14348061239519D+01  0.13239090497657D+01  0.11200209003520D+02 -0.30957800365810D-04  0.49678572599329D-03  0.19390671895402D-03
  0.17573962060888D+01  0.37788950512685D+01  0.10726904778258D+02 -0.32870337627889D-03 -0.35448197868001D-03  0.18723951062596D-03
 -0.52448720031980D+01  0.32334280254293D+00  0.10483866334182D+02 -0.18118835451593D-03 -0.53641817867372D-05 -0.42150374435150D-03
 -0.51902607353813D+01 -0.22803862003478D+01  0.11146891966825D+02  0.18004586089249D-03 -0.16191791596504D-03 -0.30009170343246D-05
 -0.32487941773711D+01 -0.38462252496149D+01  0.11319426056315D+02  0.33269898955551D-04 -0.27076488065597D-03 -0.15376920500810D-03
 -0.10861451601271D+01 -0.26042399309557D+01  0.11272946859763D+02 -0.30283339641223D-03  0.81575513115453D-05 -0.69534837795965D-04
  0.10864746207798D+01 -0.39668493980403D+01  0.11900398479398D+02  0.39764213422386D-03 -0.14721565542626D-03 -0.75276360821432D-04
  0.33355467353784D+01 -0.27628802237029D+01  0.12317826057147D+02  0.87975386284360D-04 -0.10363345244049D-03  0.81100440341615D-04
  0.35592191231489D+01 -0.23117402272089D+00  0.11943958333268D+02 -0.67709712114905D-03  0.85778669224098D-04  0.18310981084811D-03
 -0.75449213517735D+01  0.17526163253463D+01  0.10615839417396D+02  0.24709367417472D-03  0.37332937761283D-03 -0.49747402327596D-04
 -0.98644496188959D+01  0.29167286128427D+00  0.10731237877531D+02  0.12793465496900D-03  0.25473258447932D-04 -0.73630250559977D-04
 -0.97892187819013D+01 -0.22655493345027D+01  0.11128225599955D+02  0.11621039093633D-03 -0.85536376899059D-04  0.92845933952708D-05
 -0.75034960663859D+01 -0.35123856676188D+01  0.11485078752282D+02 -0.10017514910662D-03 -0.43315362344697D-03  0.29828555618834D-03
 -0.76545297643652D+01  0.42705312326761D+01  0.11000627222036D+02  0.20076718902183D-04 -0.75479711951578D-04 -0.26985224534160D-04
 -0.61782216572834D+01  0.37799828245583D+01  0.61320050073319D+01  0.35705077353257D-03 -0.24251605994214D-03 -0.17771761041082D-03
  0.66341568160283D+00  0.10013429029344D+02  0.44011100600790D+01 -0.90732270639473D-04  0.25371414390644D-03  0.42364796098463D-04
 -0.12099849617682D+02 -0.38465737260942D+01  0.11360551806136D+02  0.27364089525538D-04 -0.41962279027765D-03 -0.44695038192707D-04
  0.24860206036017D+01  0.80930753317652D+01  0.84221779060219D+01  0.37369365123389D-03 -0.85143366828199D-04  0.40376034607697D-03
 -0.44918373682209D+01  0.78533395141983D+01  0.39690034283815D+01 -0.15782839225789D-03  0.23981644695374D-03  0.77800272074116D-03
  0.54592495226609D+01  0.55047931392617D+00  0.12032733198511D+02  0.18355194875661D-03  0.25095118625593D-03 -0.52403207837567D-03
  0.94060722204638D+00 -0.60044279657895D+01  0.11991216091995D+02  0.50954938248172D-03  0.59061667385597D-03 -0.25858439011221D-03
 -0.75720611832433D+01 -0.53971685739297D+01  0.12050396372094D+02  0.67294874788884D-03  0.60854739759203D-03  0.58529928086009D-03
 -0.11809083550769D+02  0.11207899766143D+01  0.10866507330380D+02 -0.26408662914876D-03  0.53910702883909D-03  0.10701598846673D-03
  0.28234521456082D+01  0.97882136847846D+01  0.38373582729127D+01 -0.27341193004328D-03  0.19311659548838D-03  0.75922401377679D-04
 -0.67910919872868D+00  0.12047725165247D+02  0.35537417080103D+01 -0.21391156758842D-03  0.21684308568471D-03 -0.66400399212737D-04
  0.42875163739536D+00  0.13154851616191D+02  0.13831888225610D+01  0.33421450829426D-03  0.19108718050173D-03 -0.21580704626298D-04
  0.57115437684122D+01 -0.41957528508949D+01  0.13062821469733D+02 -0.14217864177823D-04  0.11587998791357D-04 -0.78207568072510D-04
  0.53009754206176D+01 -0.60031042452253D+01  0.14321166474986D+02  0.99516209610721D-04  0.14371355960478D-03 -0.24660307141266D-03
  0.78650028146648D+01 -0.34930681931159D+01  0.12069552078640D+02 -0.11769056070399D-03  0.58320305789349D-04 -0.50004424625729D-04
  0.95485642504918D+01 -0.53322884098287D+01  0.12604060185879D+02 -0.44666738653254D-03 -0.25438977892862D-04 -0.40992948725084D-06
 -0.13916769395626D+02 -0.35278829864990D+01  0.98886443602734D+01 -0.24267861593536D-03 -0.14098460694678D-03  0.93569679382519D-04
 -0.11870496930761D+02 -0.57896480442852D+01  0.13090999572206D+02 -0.28809042663862D-03 -0.25303663963305D-03  0.38027019611797D-03
 -0.13781623095123D+02 -0.72025946244675D+01  0.12458426289513D+02 -0.17592779890071D-03  0.27130390150995D-04 -0.69302651212836D-04
 -0.97779788045701D+01  0.50190578624464D+01  0.12399271211635D+02  0.42758794046001D-03  0.15514010380673D-04 -0.37265834032381D-03
 -0.78811820949404D+01  0.51488344562046D+01  0.45001486900276D+01 -0.57127989369149D-04 -0.91310535850660D-04  0.40870524788913D-03
 -0.13957918023183D+02 -0.69291878723777D+01  0.10304128438875D+02 -0.98388338300829D-04 -0.20353651657369D-03 -0.45466930660798D-03
 -0.15595749480471D+02 -0.66295174865602D+01  0.13193822257501D+02 -0.15124825357086D-04 -0.39751946505310D-03 -0.11314115540260D-03
 -0.13518526484572D+02 -0.93273676536709D+01  0.12531249289591D+02 -0.13939409258052D-03 -0.72012403689312D-03 -0.57862571922607D-03
  0.89590657300182D+01 -0.64178918143073D+01  0.14216391180007D+02  0.82349454727351D-03  0.75853868737984D-04  0.57271810674833D-03
  0.11440129928171D+02 -0.45387624481340D+01  0.13062191738390D+02 -0.45249426226498D-03 -0.37789365235338D-03 -0.15546719397471D-03
  0.10033512473014D+02 -0.67130566246701D+01  0.11040527826407D+02 -0.41054800490968D-03  0.10172055257533D-03  0.51922117808973D-03
 -0.69074279966102D+01  0.54989423485899D+01  0.25637757719694D+01  0.14569858540907D-03  0.47044273195782D-04 -0.90660267241140D-03
 -0.83399924034789D+01  0.70051007125706D+01  0.52493041098067D+01 -0.18486325570630D-03 -0.79075987552948D-05  0.14538508865920D-03
 -0.94343578497078D+01  0.38762976638018D+01  0.40606363322345D+01  0.30219292026005D-03  0.64790009188661D-04 -0.20779166938066D-03
 -0.97509646676382D+01  0.35736365457047D+01  0.13877558919079D+02  0.42775782427546D-04  0.22426928594666D-03 -0.25013579407824D-03
 -0.11644270538342D+02  0.49604975935196D+01  0.11361775795326D+02 -0.33962348670296D-03 -0.39161754839880D-03 -0.38996891552479D-04
 -0.95075690903287D+01  0.68104675779429D+01  0.13599206994986D+02  0.12603626852292D-04  0.55468862668017D-03  0.32178413430879D-03
 -0.10585871331732D-01  0.12032922524822D+02 -0.18625943143379D+00 -0.50138850176931D-03  0.33391632412144D-03 -0.29777151803232D-03
  0.24848830088542D+01  0.13291111918812D+02  0.15692034599975D+01  0.66055039664091D-03 -0.68341602280479D-03 -0.79501300787855D-03
 -0.40135729276609D+00  0.14972913031101D+02  0.94987370478072D+00  0.18598702319808D-03  0.24349453871686D-03 -0.39872832935149D-03
