 -1.0
 -0.29326904058214D+01 -0.36602118812912D+01 -0.23194951926862D+01 -0.65612106417122D-04 -0.18516744485818D-03  0.40003926410022D-04
 -0.37802424515606D+00 -0.42487132551216D+01 -0.20403255727560D+01 -0.39323076554302D-03  0.50444461143063D-03 -0.41964325912208D-03
  0.52810369857870D+00 -0.60031083515617D+01 -0.13336972656084D+00 -0.32657113559224D-04 -0.66225151180985D-03 -0.79095871585752D-03
 -0.11239968059613D+01 -0.67771708776685D+01  0.18827629159498D+01 -0.17384111214554D-03  0.10418645222842D-03 -0.99212368689334D-04
 -0.37608236552388D+01 -0.61635217241564D+01  0.14661832591967D+01  0.54675266600178D-03  0.30538005810351D-03 -0.29461321890264D-03
 -0.46735057132928D+01 -0.49428178996005D+01 -0.65676556771288D+00 -0.62215262080471D-04  0.10836712326690D-03  0.17586380011099D-03
  0.32918788279316D+01 -0.61781760831755D+01  0.55543372862624D+00  0.23015560089720D-03 -0.33457922127554D-03  0.11641957754927D-03
  0.42014117604163D+01 -0.64675057678893D+01  0.29557083418825D+01 -0.65385833384871D-03  0.10164588078555D-03 -0.47754756853461D-03
  0.22852486642933D+01 -0.64497206822995D+01  0.49470702153041D+01 -0.40580397497617D-03  0.59713183693119D-04 -0.32686779059120D-03
 -0.22117958333116D+00 -0.67643772339119D+01  0.44792486056770D+01 -0.41009017542321D-03 -0.49723074610124D-03  0.36049334216717D-03
  0.50657711016708D+01 -0.67606351060617D+01 -0.14255652225296D+01 -0.51472800334500D-04 -0.16512418653277D-03 -0.13839147655054D-04
  0.77149061306714D+01 -0.69750856302222D+01 -0.69888175644854D+00  0.47085523394729D-04 -0.99386977258930D-04 -0.58730123623920D-03
  0.85178829574266D+01 -0.65716679888761D+01  0.17235663162706D+01 -0.38219264896399D-03  0.49516752197016D-03 -0.26754702303987D-04
  0.67325113140955D+01 -0.70984574910571D+01  0.36233256587990D+01 -0.33930431469224D-03 -0.94135208400798D-04  0.26404179524636D-03
  0.74256211848735D+01 -0.67946700485168D+01  0.62517520827294D+01  0.13053589539492D-03  0.19043384664325D-03  0.15998923126023D-03
  0.58280142090356D+01 -0.62612176596937D+01  0.82260027927398D+01  0.14947812637821D-03 -0.44409734598100D-03  0.17435975022159D-03
  0.32799519564101D+01 -0.65233692380257D+01  0.75338288660462D+01 -0.39198351209132D-03 -0.53312338101713D-03  0.51394126799341D-03
  0.41308370005597D+01 -0.78233107479385D+01 -0.38077998830725D+01  0.55084399003631D-03  0.60430132681349D-04 -0.37597929183415D-03
  0.60373224562332D+01 -0.90526931184983D+01 -0.51385066237674D+01  0.57475047874129D-03  0.43170517993813D-03  0.43254625203094D-04
  0.84118329222532D+01 -0.95805764563131D+01 -0.45062942624831D+01 -0.31500061399028D-03  0.25418255345628D-03 -0.70424493205094D-04
  0.92704126484947D+01 -0.87441664073339D+01 -0.21541553446627D+01  0.33752956316692D-03 -0.67882114677514D-04  0.20426728582711D-03
  0.17292212142522D+01 -0.82625293619323D+01 -0.45613043977181D+01  0.24387601638043D-03  0.52675325855316D-03  0.10027937129492D-02
  0.90845516552459D+00 -0.26428867751426D+01 -0.38594312960103D+01  0.41229188376482D-03 -0.47099893110361D-03 -0.33281356597514D-03
 -0.76216225337699D+01 -0.42601573505809D+01 -0.91778762883455D+00  0.63038669733372D-03 -0.23907179160336D-03 -0.36694879789904D-03
  0.10132804097387D+02 -0.10542515867908D+02 -0.65206853636857D+01  0.66479433657345D-04  0.17570331320354D-03 -0.77366271256134D-03
 -0.54241209191007D+01 -0.66311275271234D+01  0.28394847737667D+01  0.27529446090853D-03  0.72018107636141D-04  0.21445648905263D-03
 -0.35978308354629D+01 -0.20976795249748D+01 -0.35690946870463D+01  0.60878962042470D-03 -0.30564920236667D-03 -0.70891687711365D-03
  0.17315387490043D+01 -0.68072509568985D+01  0.89387352974131D+01 -0.52634256028868D-03  0.69664002888550D-03 -0.76427168606132D-04
  0.94460568801654D+01 -0.71050426187183D+01  0.65590614840767D+01  0.95433248449717D-03 -0.46704061312825D-03 -0.10093764103517D-03
  0.11355658432964D+02 -0.90602266165280D+01 -0.16667828986484D+01  0.76543349793076D-03 -0.92445434954313D-03  0.81932977865570D-04
  0.56720747393887D+01 -0.97944087099107D+01 -0.69568616786118D+01 -0.28287111209093D-03 -0.23494999263377D-03 -0.31785280936977D-03
 -0.90374899264080D+01 -0.31606829814012D+01  0.58942838161684D+00  0.49069996119832D-03  0.40128267097723D-03  0.11337949738054D-03
 -0.85293278746184D+01 -0.49605912777203D+01 -0.31594558201449D+01  0.14722025027613D-03  0.16067914902870D-03  0.39907353003123D-03
 -0.11059598747064D+02 -0.42749739374630D+01 -0.38214909915280D+01 -0.52471638257644D-03 -0.26403245542581D-03  0.33205094260411D-03
  0.65125089456612D+01 -0.58920853115825D+01  0.10964418780632D+02 -0.81839237327828D-04  0.62949485882879D-03  0.38135056576198D-03
  0.83838744729223D+01 -0.70296515286819D+01  0.11878095197227D+02  0.51692239070237D-03 -0.22602686928026D-04 -0.46966162201904D-03
  0.48423515373151D+01 -0.45869464139558D+01  0.12723698287872D+02 -0.29464949697551D-03 -0.40889673771688D-03  0.55678716370187D-03
  0.50292378434451D+01 -0.47361033583045D+01  0.15303233914385D+02  0.27190086425039D-03  0.34009626758984D-04  0.42269662796949D-04
  0.10297477399666D+02 -0.95637463135908D+01 -0.85669888433954D+01 -0.26564032625364D-03 -0.99179455426158D-04 -0.24421088129075D-03
  0.11028144688811D+02 -0.13004855135658D+02 -0.59422584705195D+01  0.23460421272213D-03 -0.45238109074159D-04  0.51107645277611D-03
  0.11544100774224D+02 -0.14142183589821D+02 -0.83286543677650D+01 -0.50163515803323D-03  0.14950756676040D-03  0.30588217166615D-03
  0.94118309880622D+00 -0.10894117105048D+02 -0.43263489610822D+01 -0.14131512393431D-03  0.68457289796731D-03 -0.74087814454828D-03
  0.31361569546231D+01 -0.16748102868439D+01 -0.28290927430868D+01  0.47754576236047D-04 -0.25542304365916D-03  0.62495063311095D-04
  0.12326591093937D+02 -0.16041176469535D+02 -0.81217737052275D+01  0.65175628233000D-03 -0.18960368313782D-03  0.47577779725465D-03
  0.12576549953697D+02 -0.12769426088213D+02 -0.97104200685283D+01  0.36429645748896D-03 -0.62840156527599D-03  0.10034178639647D-03
  0.97715689557572D+01 -0.14720912601776D+02 -0.94704869078234D+01 -0.13951203796444D-03  0.69313404582746D-03 -0.23617328646505D-03
  0.44827604932214D+01 -0.65049433812502D+01  0.15991616102009D+02 -0.21814243305979D-03 -0.11946594178736D-02  0.55493164016989D-03
  0.33491404274045D+01 -0.37302775416986D+01  0.16005386379098D+02 -0.28292239515769D-03  0.78638277230671D-03 -0.74962832626722D-03
  0.67853402895010D+01 -0.44190795331276D+01  0.16269713587695D+02 -0.71298141773230D-04 -0.15015479015366D-03 -0.16557487815344D-03
  0.36526100989458D+01 -0.41680238304245D+00 -0.44583960646165D+01  0.96292155786922D-03  0.12823962649409D-02 -0.16806361817547D-03
  0.49024980192052D+01 -0.30271476248185D+01 -0.23515675548408D+01  0.10700870739244D-03 -0.77033407432267D-03  0.33423813917763D-03
  0.29013588586280D+01 -0.41613615424584D+00 -0.11222643229307D+01  0.33524000064622D-03  0.13712319637472D-03 -0.63592051457454D-03
  0.25766571650907D+01 -0.12257739399504D+02 -0.40760941763511D+01  0.32525593441264D-03 -0.27422591421813D-03  0.25218948453858D-03
 -0.94678114383020D-01 -0.11197771847202D+02 -0.61448848521504D+01 -0.71055261904234D-03  0.32051974074200D-03  0.98683087818168D-03
 -0.35637665487555D+00 -0.10838528973951D+02 -0.27480226004700D+01  0.37075940343273D-03 -0.76995761532952D-04  0.21746855212511D-03
 -0.11674200560318D+02 -0.29950106150881D+01 -0.55032349607985D+01 -0.13395666784288D-03  0.17403765231245D-03 -0.51359507876235D-03
 -0.11512262659502D+02 -0.29124163064392D+01 -0.22502462849171D+01  0.66485638236735D-04  0.91517115064340D-03  0.79782308751583D-03
 -0.12606867932949D+02 -0.56939373786661D+01 -0.34023376484571D+01 -0.17231390313598D-03  0.58622791508035D-04  0.85579892455463D-04
 -0.63504071830065D+01  0.12753201568020D+02  0.77335891559842D+01  0.47535575491122D-03 -0.61127818603721D-03  0.76329370686455D-03
 -0.77310111462960D+01  0.11141522811980D+02  0.93501730356341D+01  0.46293094761502D-03  0.27171463037917D-03  0.41722660190149D-03
 -0.64394386508166D+01  0.89914441013786D+01  0.10129434343544D+02  0.13846477081993D-03 -0.62597771596986D-03 -0.17422729314949D-03
 -0.45163869100257D+01  0.79908777199952D+01  0.85057495852923D+01  0.78901235216989D-03 -0.73421616749101D-04 -0.32350763439588D-04
 -0.30611866223766D+01  0.96965275018891D+01  0.71596412450064D+01 -0.11814190160882D-02  0.47338938242535D-03 -0.30878439357229D-03
 -0.38262489395010D+01  0.12030269231655D+02  0.65729538042746D+01 -0.80614219854032D-04 -0.61044837918486D-04  0.20261777308905D-03
 -0.74293449697213D+01  0.72891554975305D+01  0.12310704812625D+02 -0.69134802796847D-03  0.17698487830738D-04 -0.25726441786284D-04
 -0.66724966093040D+01  0.47248889481487D+01  0.12240261847978D+02  0.41576712805227D-04  0.21482115949460D-03  0.20251341069353D-03
 -0.49524737349129D+01  0.38772969138637D+01  0.10279201719847D+02  0.16529057130039D-04 -0.27210606017613D-03  0.46649386644102D-03
 -0.38402985853169D+01  0.54331835656673D+01  0.84383290435509D+01 -0.13796746356877D-03 -0.67969531961147D-04 -0.50791246350921D-04
 -0.82720490471088D+01  0.78577504242550D+01  0.14670241905853D+02  0.18779300769442D-04  0.10801487330241D-03 -0.17352601482460D-03
 -0.90818500542065D+01  0.62176892321364D+01  0.16496773143568D+02 -0.12600965685737D-04  0.54070363867090D-03  0.51826735824710D-03
 -0.85131624268046D+01  0.34569159767715D+01  0.16356308556200D+02 -0.20225843980721D-05 -0.12794648814755D-03 -0.14541610457395D-03
 -0.73774192635972D+01  0.29084660986604D+01  0.14079235258313D+02  0.30594547480186D-03  0.46416222041746D-04  0.15707254760826D-04
 -0.69774975587740D+01  0.36608253450643D+00  0.13784271695862D+02 -0.31429975132613D-03  0.16299911908486D-03 -0.16446218989654D-03
 -0.53585284082635D+01 -0.45991236799419D+00  0.11744207931933D+02 -0.33205264521983D-03  0.22637925315738D-03  0.26662296267481D-03
 -0.43721678032468D+01  0.13451700069136D+01  0.10164476423829D+02 -0.19720925003142D-03  0.49794833933802D-03 -0.20147348227217D-03
 -0.85925321839716D+01  0.10464714632366D+02  0.15404493669332D+02 -0.28515629495256D-03 -0.10303478404351D-02  0.77842830086793D-04
 -0.99011402293623D+01  0.10964173030428D+02  0.17722226519538D+02 -0.43748370009358D-03  0.14651675379774D-03 -0.25261940550715D-03
 -0.11078466618696D+02  0.91354719955891D+01  0.19192648143665D+02  0.46069778921476D-03 -0.26382708428807D-03 -0.41593408629618D-04
 -0.10651733043598D+02  0.67332350095919D+01  0.18382691144132D+02 -0.20533848034966D-03 -0.48179982045579D-03  0.25879609091757D-03
 -0.77680218065417D+01  0.12699606029672D+02  0.14048458157649D+02  0.27805533396752D-03  0.25696713519700D-03  0.43783346228096D-03
 -0.10516556093987D+02  0.11865832062560D+02  0.91957637150163D+01  0.17185663245253D-03  0.24256718377924D-04 -0.10983004835467D-03
 -0.23720414123878D+01  0.13986396418366D+02  0.51089087809587D+01 -0.57317990761872D-04 -0.20149741189181D-03 -0.72341731450292D-03
 -0.13326758799096D+02  0.10332032140304D+02  0.21002795500527D+02  0.30640434385403D-03  0.52063728512842D-03  0.41272890755977D-03
 -0.16937251333500D+01  0.87749866525891D+01  0.60396897011230D+01 -0.10154974746643D-02  0.18027831619003D-03  0.51369950358406D-03
 -0.70046015845749D+01  0.14581429861367D+02  0.69427421130956D+01 -0.53088966826065D-03 -0.25518441542502D-03 -0.16135039371749D-04
 -0.41623375028640D+01  0.45108716199974D+00  0.83293734718008D+01  0.72408905408637D-03  0.43753404836042D-03  0.59309378456414D-03
 -0.80837178443282D+01 -0.12942412620593D+01  0.14495330092262D+02 -0.28658020980582D-03  0.44858063358001D-04  0.39312458739779D-03
 -0.12079421738863D+02  0.54721197439790D+01  0.19431240291496D+02  0.75411396284452D-04 -0.47708021670074D-03  0.42441387164998D-03
 -0.95673051085834D+01  0.12906267682201D+02  0.18303439320078D+02  0.40245327988952D-03  0.80645754901679D-03  0.12209113748522D-02
 -0.21980958016309D+01  0.16102648940554D+02  0.61298596201854D+01 -0.23931631860588D-03 -0.67320674756654D-03 -0.26122112051686D-03
 -0.15059803087497D+01  0.13247947817345D+02  0.27566674764775D+01 -0.44085151561105D-03 -0.16541022555782D-03 -0.11113667242386D-03
  0.23473521038987D+00  0.15210631441876D+02  0.20044449013079D+01 -0.10882735647946D-03  0.20457478243204D-03 -0.25507775521908D-04
 -0.48930730577386D+01 -0.30239680057763D+01  0.11413218234692D+02  0.15219152491198D-03  0.11857500144874D-03  0.79867702177077D-04
 -0.64077243011650D+01 -0.44474550671984D+01  0.12275273631059D+02 -0.26372394326660D-03  0.41287589708654D-03 -0.63083388993306D-03
 -0.28901157724175D+01 -0.37990087669718D+01  0.10103383774218D+02  0.10982426611305D-03 -0.91717246228293D-04  0.37034258414537D-03
 -0.30308555888100D+01 -0.65159583716380D+01  0.95788796012751D+01  0.14417843307921D-03  0.14800928932688D-03 -0.70485608150211D-06
 -0.14142737381466D+02  0.12310486324313D+02  0.20189646930568D+02  0.13272402344578D-04 -0.14078511077740D-04 -0.34123863486055D-03
 -0.14681166039622D+02  0.89383499413318D+01  0.22779156234304D+02  0.33810831783366D-04  0.10277301511949D-03  0.50966387869181D-03
 -0.17080318116232D+02  0.98729425982523D+01  0.22967992883203D+02  0.14303284616688D-03 -0.35084687940782D-03 -0.58539701780448D-03
 -0.54070836403892D+01  0.13743909969398D+02  0.14821517925382D+02  0.42055660518553D-03  0.38588080888750D-03 -0.28804853209137D-03
 -0.12123081318379D+02  0.12433603776041D+02  0.11268793374050D+02 -0.37360865288318D-03 -0.31365763396511D-03 -0.58218866633011D-03
 -0.18251112267543D+02  0.83142780595098D+01  0.23447960017816D+02  0.57889120386547D-03  0.41386022276279D-03 -0.30905886242193D-03
 -0.17275621060395D+02  0.10260982550005D+02  0.20924518359412D+02  0.21486144749031D-03 -0.61285509158057D-03  0.19299177860500D-03
 -0.16954911391390D+02  0.11429213439315D+02  0.24534952869704D+02 -0.76563976836420D-03  0.95293066731844D-03  0.25749487234807D-03
 -0.12246994367897D+01 -0.74320377681986D+01  0.98911252426250D+01  0.11332042679498D-03 -0.13026152022004D-03 -0.15158629893227D-03
 -0.38195265828334D+01 -0.66371470360834D+01  0.75294035388827D+01 -0.10959044334706D-02  0.34256858131312D-03 -0.61605455222778D-03
 -0.44731532794771D+01 -0.75161395055479D+01  0.10661979595105D+02 -0.55392184378534D-03  0.14418231397667D-03 -0.86860576292992D-03
 -0.13338786623831D+02  0.13870916911321D+02  0.11232277411121D+02  0.40921242003016D-03 -0.78983803007826D-03  0.26475681403358D-03
 -0.10970427401171D+02  0.13013218618234D+02  0.12743062508595D+02 -0.82263922956289D-03  0.12964953514161D-03  0.31503484834164D-03
 -0.13128179787507D+02  0.10760236029041D+02  0.11917799401598D+02 -0.10299826334244D-02  0.60387138129287D-03  0.11007871483273D-03
 -0.47273756277700D+01  0.13148641759545D+02  0.16821096400317D+02  0.56648338938988D-03  0.83292740844640D-03 -0.66106873900467D-03
 -0.51369241091111D+01  0.15803199986235D+02  0.14508390236532D+02  0.26103495366285D-03 -0.52800938274463D-03 -0.13761750196316D-02
 -0.39771668861894D+01  0.12859132412418D+02  0.13568261405717D+02  0.31502183992710D-03 -0.60622925727811D-03 -0.40670935984043D-04
 -0.17177967067542D+00  0.16950783151409D+02  0.29305137287406D+01 -0.48548195449777D-04  0.40161017499140D-03  0.47430171547532D-03
  0.24794421816459D+00  0.15430336990135D+02  0.39648610828639D-01  0.39220669428092D-03 -0.21193188968716D-03 -0.58915883548805D-03
  0.20520107454608D+01  0.14256706167421D+02  0.24234477974619D+01  0.37854789844521D-03 -0.12273034131318D-02  0.62443758018117D-03
