 -1.0
 -0.40829466478434D+01  0.75161822332788D+00 -0.52401615724759D+01 -0.14532114661509D-03  0.62518754695865D-04 -0.38536747767013D-03
 -0.33320447826386D+01 -0.86192704197002D+00 -0.32719266592807D+01  0.19741502858781D-03  0.25659604169224D-04 -0.23298284157321D-03
 -0.13986714776395D+01  0.21985825580913D-01 -0.15248551104557D+01 -0.17976265997616D-03 -0.15224759608900D-03 -0.93533183824905D-04
  0.22683740321534D-01  0.21841655359751D+01 -0.22136159651532D+01  0.47264785996678D-04 -0.13042792831919D-03  0.17426797911096D-03
 -0.71994902667286D+00  0.36116702186523D+01 -0.44133717044158D+01 -0.34310919862139D-03 -0.22959162566917D-03 -0.58611251911570D-03
 -0.27347902710371D+01  0.30126109999380D+01 -0.58551946084297D+01 -0.71267020161252D-04 -0.33361058176376D-04 -0.76956979950620D-04
 -0.11023805488500D+01 -0.80161643000971D+00  0.10784281761430D+01 -0.31391965039095D-04 -0.40446790436298D-04 -0.19418689811805D-05
  0.12543578026842D+01 -0.20693054664675D+00  0.21256676279102D+01  0.12666206626126D-03 -0.16076871399997D-03  0.15981002139437D-03
  0.26965724405597D+01  0.19441607104537D+01  0.11730184875864D+01  0.33690941140872D-03 -0.99851931471993D-04  0.66981302149280D-04
  0.20961730483111D+01  0.30075491386056D+01 -0.10702730592894D+01 -0.14040018414571D-04  0.46461434541201D-03  0.72308962702600D-03
 -0.28803775697460D+01 -0.19595451264826D+01  0.29054769736401D+01 -0.92383718547870D-05  0.59079791201708D-04 -0.13337085952858D-03
 -0.18929765228464D+01 -0.27655664029844D+01  0.51926487106835D+01 -0.21995748053792D-03 -0.35405689934314D-03  0.63902472037776D-03
  0.36707814007490D+00 -0.21849081617762D+01  0.61336452619997D+01 -0.40493249741211D-03  0.94277829397855D-04  0.19785139401138D-05
  0.18255887371563D+01 -0.60404235537296D+00  0.46811202976063D+01  0.51834020859350D-04 -0.23395932055439D-03 -0.34202365538785D-03
  0.42823530248645D+01  0.11695753746781D+00  0.57895028552988D+01  0.30278416001078D-04  0.20209581507034D-03  0.69429721200233D-05
  0.60253818297903D+01  0.15072810014680D+01  0.42505222591676D+01  0.38683558471652D-03  0.19304137171331D-03 -0.99732303795699D-04
  0.51037809280506D+01  0.26955603494822D+01  0.21149672185385D+01  0.27874549803596D-03  0.26093501510501D-03 -0.10991220835151D-03
 -0.56802441279364D+01 -0.19707531212029D+01  0.26373255440786D+01  0.11612885758072D-03  0.20797039824678D-03 -0.88407331934108D-04
 -0.71472056003559D+01 -0.37438955332823D+01  0.38917710523944D+01 -0.27424564561857D-03  0.10322901540094D-03  0.22439160913813D-03
 -0.59858449436007D+01 -0.49780333791612D+01  0.58699807248833D+01  0.92202156559192D-05  0.93003503911266D-04  0.74779873076680D-04
 -0.34697250320570D+01 -0.42177561628754D+01  0.65553371828719D+01  0.16301792963543D-03 -0.58216069448899D-04  0.18886146298292D-03
 -0.67338690248695D+01 -0.18390122189006D+00  0.11142564282476D+01  0.46709605928259D-04 -0.85205015197205D-04 -0.25421672986178D-03
 -0.44598419748703D+01 -0.32315605706569D+01 -0.31469481553524D+01  0.20708026468514D-03  0.36071856975209D-04  0.25453225594884D-03
 -0.37632081767936D+01  0.45027373990315D+01 -0.80832855728513D+01  0.28096560038017D-03  0.16702893858795D-04 -0.24160314028881D-03
 -0.74230115325205D+01 -0.67347467883296D+01  0.75045032624643D+01  0.57809635701876D-04 -0.23019704043110D-03 -0.53561821090674D-03
  0.33657225436857D+00  0.53007828290873D+01 -0.47079166857160D+01  0.14888041784441D-03  0.24167817079744D-04  0.42378197060990D-03
 -0.58283982883629D+01  0.33817752734843D+00 -0.62242409270434D+01 -0.49010006047040D-03 -0.19547264538036D-03  0.76111517022805D-03
  0.64746303518671D+01  0.35659427889135D+01  0.75707975354887D+00  0.34455450697503D-03 -0.30865509211316D-03 -0.64607600204528D-03
  0.46275111290679D+01 -0.37827919554790D+00  0.78326225712793D+01  0.18233399589296D-03  0.52042868321618D-03  0.72267123789608D-03
 -0.26181197822678D+01 -0.41820912115895D+01  0.84305579093548D+01 -0.15921231534270D-03 -0.17407556151815D-03  0.65622458041125D-03
 -0.92570983027057D+01 -0.36871370697494D+01  0.36114063829510D+01 -0.10871336948608D-04 -0.68260156123527D-03 -0.55227510353888D-03
 -0.33708764044087D+01  0.67004986121101D+01 -0.80181286947741D+01  0.44902203653567D-03 -0.27607584639183D-03  0.59422350264717D-04
 -0.55269580848761D+01  0.33286527805190D+01 -0.95069023652516D+01 -0.14716997573567D-03 -0.65299930160507D-04  0.45752393286094D-03
 -0.64187182570790D+01  0.48544606334889D+01 -0.11417471487512D+02  0.25084402169015D-03 -0.37781002060665D-03  0.57378730200146D-04
  0.85614187510444D+01  0.22690820731720D+01  0.53804354819952D+01 -0.10128699231267D-03  0.11631250237019D-03 -0.94287518564413D-04
  0.87424343856155D+01  0.19436588131840D+01  0.76069471553734D+01 -0.15830478985061D-03  0.22333200774103D-03 -0.22776031040164D-03
  0.10422470326336D+02  0.32002205135194D+01  0.39484420452033D+01  0.15140941679263D-03 -0.13441392040075D-03  0.33715302479182D-03
  0.12810285446547D+02  0.32733982017911D+01  0.54949116292281D+01  0.35539388612769D-03  0.35610697842264D-03 -0.12367253056776D-03
 -0.63433587871533D+01 -0.77672913398172D+01  0.93463295075432D+01  0.83337810508154D-04 -0.17356948876258D-03 -0.67233235817932D-04
 -0.10011440202318D+02 -0.68392597530062D+01  0.70440542542368D+01 -0.68765972746856D-03  0.78822983935339D-05  0.38001362309595D-03
 -0.11205602713130D+02 -0.82068600262847D+01  0.89671506925251D+01  0.14914774137919D-03  0.70000696253424D-03 -0.23525872413948D-03
 -0.91677461906007D+01 -0.66348155327091D+00 -0.12327234768412D+00 -0.20908309576803D-03  0.14847587259708D-03 -0.11380189901546D-03
 -0.38587909287893D+01 -0.49494853954075D+01 -0.49726282950222D+01 -0.16890039310867D-03  0.38855698305017D-03  0.27464347115404D-03
 -0.12262416101976D+02 -0.72366642402378D+01  0.10491625490534D+02 -0.46502735874548D-03 -0.30338239696866D-03 -0.23898409382011D-03
 -0.97486250386767D+01 -0.95243565410576D+01  0.97356788994534D+01  0.68783985058315D-03 -0.20665130054197D-03 -0.66888343635357D-03
 -0.12530647014740D+02 -0.95281298624609D+01  0.80956966409349D+01  0.82671532135178D-05 -0.25438124383650D-03 -0.39372938130569D-04
  0.13930664745648D+02  0.15551406440763D+01  0.51689220723036D+01 -0.26743266561658D-04 -0.44759436744686D-03 -0.49734770505742D-04
  0.12208672084080D+02  0.29521044972045D+01  0.75426197097725D+01  0.22313181090849D-03 -0.48772271612290D-03 -0.32683112657429D-03
  0.13859302588673D+02  0.50411540456013D+01  0.52443888746650D+01 -0.46224000998604D-03 -0.27659931482092D-03 -0.86167994728070D-03
 -0.18199484888664D+01 -0.45672531086179D+01 -0.56923539444089D+01 -0.36172569097559D-03 -0.13008845217449D-03 -0.11717416079489D-03
 -0.53313968741360D+01 -0.44418568733703D+01 -0.62997110735365D+01  0.13642600064944D-03 -0.23168539393040D-04  0.45813110453869D-03
 -0.45736074263200D+01 -0.68014946885387D+01 -0.44937511579578D+01  0.11930310608639D-04  0.12474264446799D-03  0.59008240236886D-03
 -0.87990116061126D+01 -0.78788829749741D+00 -0.23578779418878D+01 -0.18455636314311D-03  0.21692771100774D-03 -0.78848130147737D-03
 -0.10430019331580D+02  0.83163140686455D+00  0.53969943038851D+00 -0.37321664903607D-03  0.25626157384765D-03  0.30441597209512D-03
 -0.97583538979319D+01 -0.25047510478937D+01  0.41732467330735D+00 -0.16175806207084D-03  0.62164648884556D-03  0.90289860832380D-04
 -0.81589273031606D+01  0.41553465594915D+01 -0.12223373487132D+02  0.33204350571845D-03  0.19993306372649D-03 -0.68550758279144D-03
 -0.48641360291086D+01  0.54643243627704D+01 -0.12596737606615D+02  0.25494270650776D-03  0.26381999144104D-03  0.71143024962925D-03
 -0.70382772155805D+01  0.67284983276280D+01 -0.10551798604788D+02  0.17895930403512D-03 -0.65545270648200D-03 -0.30902947331680D-03
 -0.57842879795751D+01  0.64409933001146D+01  0.84005597759713D+01 -0.32926413826854D-03 -0.29671201760074D-03 -0.18459246874249D-03
 -0.51915695632727D+01  0.40146002866236D+01  0.92995308717508D+01  0.65387036874563D-04 -0.24897057683561D-03  0.31910310950884D-03
 -0.27059603370801D+01  0.37087466085559D+01  0.10456327385618D+02 -0.11401707301779D-03  0.16465493487119D-03  0.20394341647196D-03
 -0.87667590616661D+00  0.55546498261288D+01  0.10532368968462D+02 -0.22264224196552D-03 -0.77197691212137D-04  0.14859160431405D-03
 -0.15563466696728D+01  0.79386328644514D+01  0.94861798368940D+01 -0.16379185536640D-03  0.55923318969323D-03 -0.14314636514506D-03
 -0.40292103745536D+01  0.83225206475299D+01  0.84318707958046D+01 -0.15325671052558D-03  0.32086650016209D-03  0.39952955810114D-03
 -0.24101159240886D+01  0.12520890182520D+01  0.11595721732734D+02  0.29395226020772D-03 -0.18748571414454D-04  0.51048218929110D-03
  0.14946589701999D+00  0.54797862991414D+00  0.11820307961073D+02  0.10360805370608D-03  0.82613275092809D-04  0.20057078941105D-03
  0.20780237562315D+01  0.23082248771985D+01  0.11270087681765D+02 -0.45855396903562D-03  0.42704844871755D-03 -0.11414615597783D-03
  0.15400813527740D+01  0.48020680117619D+01  0.10820882649984D+02 -0.19082043675357D-03 -0.13003749022215D-03 -0.28720891361758D-03
 -0.41787660212464D+01 -0.33425823039174D+00  0.12652966868695D+02 -0.82020886990854D-04  0.55756100507759D-04 -0.76711673678457D-04
 -0.35117742358777D+01 -0.30244533511226D+01  0.12755786768401D+02  0.31216432364626D-03  0.73389848476727D-04 -0.27972763140131D-03
 -0.11166314220963D+01 -0.38699244476193D+01  0.12457747416422D+02 -0.19310383758002D-03 -0.24314960846333D-03 -0.24832565126047D-03
  0.58067415605508D+00 -0.19913575884332D+01  0.12474229879137D+02 -0.15084531755802D-03 -0.28141500461668D-03  0.73462938003766D-04
  0.31227024502532D+01 -0.25497704743161D+01  0.12612432551253D+02  0.51240620116245D-03  0.40041264202825D-03 -0.23822137489384D-03
  0.51314867357618D+01 -0.91750488103390D+00  0.12356278897383D+02 -0.50594200464740D-03  0.16924261230904D-03  0.28024666861560D-04
  0.46024340004112D+01  0.15110873363099D+01  0.11686213100136D+02 -0.31396959225755D-03 -0.14423645386931D-03  0.11943911062665D-03
 -0.63157440533683D+01  0.46216689906590D+00  0.13944302563026D+02  0.33872629668713D-03 -0.98037582943618D-04 -0.38161354022670D-04
 -0.82805518800952D+01 -0.14150673638758D+01  0.14321948149319D+02  0.55793194227246D-05 -0.26962356314902D-03 -0.59037739382807D-03
 -0.77628856488070D+01 -0.39703956119861D+01  0.14199619367841D+02  0.23899480019433D-03 -0.66083930201282D-03 -0.32278341134427D-03
 -0.53642598126965D+01 -0.48005648429786D+01  0.13599679942738D+02  0.15505152154074D-03 -0.16194768549006D-03 -0.47378571718097D-03
 -0.69133392206965D+01  0.28016443776571D+01  0.14983890706177D+02  0.32282143536090D-04 -0.10521644037740D-03  0.50041251522602D-04
 -0.65294405648565D+01  0.19519360826600D+01  0.86400605412557D+01  0.55229262406992D-03  0.10362647616548D-03 -0.55498732459942D-03
 -0.46868082632974D+01  0.10991582129401D+02  0.75067104965126D+01  0.40005688434626D-04  0.25349351169967D-03 -0.19288512652479D-03
 -0.98354236645229D+01 -0.57216943915921D+01  0.14830427149957D+02  0.52440345049236D-03  0.65744118592533D-04  0.24838395457681D-03
 -0.11298555581891D-01  0.93861320296301D+01  0.93482981669069D+01 -0.18838432027934D-03  0.51932986153145D-03  0.26258297404736D-03
 -0.75356916135610D+01  0.73110683340239D+01  0.76113347623082D+01 -0.44105222295713D-03  0.33555125367505D-03  0.57156344340996D-04
  0.61178063689060D+01  0.31063303200269D+01  0.11814601414170D+02 -0.69875733870160D-05  0.81517601441529D-03 -0.12624594457798D-03
  0.36305661582950D+01 -0.43371423581117D+01  0.13607338982457D+02  0.29837111186595D-03  0.23109183604294D-03 -0.64066591901028D-03
 -0.49909661070107D+01 -0.67476266745309D+01  0.13838031367099D+02 -0.63488337306017D-03 -0.16465613149781D-04  0.11985868620609D-03
 -0.10143939726813D+02 -0.98520216430220D+00  0.14773115255172D+02  0.93796755773084D-03 -0.39280483457626D-03  0.74285123209678D-03
 -0.64576793245874D+01  0.11360283147513D+02  0.60630536400437D+01 -0.16412018885091D-03 -0.46032438132666D-04  0.66533448131901D-04
 -0.31393430046265D+01  0.12904701171877D+02  0.84093927161574D+01  0.18134358106128D-03  0.94723786448284D-04 -0.32666222898135D-03
 -0.40046015639777D+01  0.15083222721219D+02  0.74158643398182D+01 -0.10013628599446D-03 -0.41130044330306D-04  0.58149670121967D-03
  0.77408020030450D+01 -0.18245459567774D+01  0.12988487793844D+02  0.14580037636330D-04  0.17584983051161D-03 -0.47387708994370D-03
  0.91235961681319D+01 -0.98920204080416D+00  0.14642911177591D+02 -0.33667407023019D-03 -0.18890673857196D-03  0.56077943560877D-04
  0.83932757741347D+01 -0.38979892988154D+01  0.11761649559795D+02  0.18397446081229D-03 -0.21271393028664D-03 -0.10084640365968D-03
  0.10947538161394D+02 -0.45613291632882D+01  0.12062773056210D+02 -0.19817126603677D-03 -0.11371683219261D-03  0.22517401636177D-03
 -0.11868803788349D+02 -0.47357674465822D+01  0.14797735404301D+02 -0.36031640290257D-03 -0.59548102134073D-04  0.14887712031631D-03
 -0.93438305687646D+01 -0.82696114419938D+01  0.15464047254992D+02 -0.33834607821837D-03 -0.14175626344110D-03  0.12396883149076D-03
 -0.11709872262833D+02 -0.95664040448154D+01  0.16267734032053D+02 -0.16326587478205D-03 -0.22793077786313D-03  0.47205885264202D-03
 -0.46513449498279D+01  0.42681872780810D+01  0.15704002658053D+02  0.73920478678855D-04 -0.13153412682298D-03  0.42542705556652D-04
 -0.85009998647788D+01  0.20464953855165D+01  0.68994151715101D+01 -0.22495976690736D-03  0.32590454588382D-03  0.49375564431089D-03
 -0.12421293165891D+02 -0.92639852079680D+01  0.18304386312669D+02  0.13895299569018D-02  0.11304328038595D-02  0.10045229246993D-02
 -0.11449851659733D+02 -0.11501118161637D+02  0.15552736668148D+02 -0.18548401089359D-03  0.42240995217760D-03 -0.14937575123534D-03
 -0.13190665341273D+02 -0.87597210312245D+01  0.15074606079217D+02  0.33635906034596D-05 -0.84465433071073D-03  0.20308870618750D-03
  0.11477205819528D+02 -0.58614353508340D+01  0.13683181328527D+02  0.29416130700043D-03  0.79994890421614D-05 -0.19237161671725D-03
  0.12131553271661D+02 -0.29719734943008D+01  0.12338713627769D+02  0.54523503075787D-03 -0.41823062518832D-03  0.26148201451806D-03
  0.11662252883952D+02 -0.52708285351324D+01  0.10252339962360D+02 -0.90777885188218D-03  0.48422201428714D-03 -0.19031648392573D-03
 -0.92402766593509D+01  0.26128647813840D+00  0.61046936860685D+01  0.12225204662828D-03  0.46025288976778D-03 -0.45215579265395D-03
 -0.78986811229712D+01  0.31520790615376D+01  0.51731228818340D+01  0.32387802768292D-03 -0.40289040436239D-03 -0.20101059847798D-03
 -0.10156603490402D+02  0.27565395605499D+01  0.76861571301828D+01  0.56517409475481D-03 -0.21910461335373D-03 -0.31801956581160D-03
 -0.50440927024582D+01  0.63272906742191D+01  0.15511360790281D+02  0.29337761995312D-03  0.23459850182607D-03 -0.22253084575897D-03
 -0.31907442725568D+01  0.34330288716601D+01  0.14594648164852D+02 -0.34710334066072D-03 -0.52336874322665D-03  0.17847073697988D-03
 -0.39921247183578D+01  0.39839010968777D+01  0.17572468903692D+02 -0.74895979515202D-03  0.42955462603076D-03  0.43910615890262D-04
 -0.53361328141554D+01  0.15907218311337D+02  0.86776606058671D+01  0.95287749538977D-03 -0.20315630343808D-04 -0.24628591237615D-04
 -0.52331435645507D+01  0.14946209380045D+02  0.56766766073078D+01  0.51707125419328D-03  0.59688523165331D-04  0.17167955581406D-03
 -0.25089845374134D+01  0.16409893328035D+02  0.67792258529323D+01 -0.31460603639712D-03 -0.34041498346081D-03 -0.16584768395687D-03
