   -0.03419139
    0.13664579
    0.01609847
    0.08741993
   -0.02071540
   -0.00861844
    0.03220037
    0.00185657
    0.09558697
   -0.26206885
    0.00816705
    0.08846694
   -0.24558065
    0.08894611
   -0.02464163
   -0.00298651
   -0.02294981
    0.12853360
   -0.02826677
   -0.01645297
   -0.02097534
   -0.34981991
   -0.35855238
    0.40840531
    0.42012914
    0.11033267
    0.10879142
    0.10266544
    0.09621494
    0.10012647
    0.11162785
   -0.52225489
   -0.39863853
    0.02909027
    0.38696848
   -0.49133250
   -0.39034620
    0.01996752
   -0.52362088
   -0.40215151
    0.01404256
    0.02640677
    0.00584568
    0.16305005
    0.12471450
    0.10039432
    0.07750988
    0.11045932
    0.09643299
    0.07047011
    0.07352383
    0.08582617
    0.07979013
    0.09765856
    0.10182573
    0.13062930
    0.08768461
    0.09965872
   -0.03193878
    0.12337738
    0.02028522
    0.09172217
   -0.01228543
   -0.00368988
    0.04058962
    0.00234270
    0.09576729
   -0.25356165
    0.01913849
    0.09602723
   -0.26609341
    0.09443699
   -0.02034203
   -0.00433397
   -0.01630771
    0.11227214
   -0.03414506
   -0.00349614
   -0.02981134
   -0.34784980
   -0.33727586
    0.39397055
    0.39110383
    0.13958643
    0.10563991
    0.12133473
    0.11990870
    0.14133543
    0.08322045
   -0.49049877
   -0.38424226
    0.04149667
    0.37637673
   -0.49674895
   -0.36990039
    0.04576667
   -0.49605777
   -0.40934507
    0.04784698
    0.01033980
    0.00236572
    0.10028064
    0.07008281
    0.06973642
    0.07814830
    0.11094403
    0.11896693
    0.07041060
    0.07462492
    0.07173092
    0.07300022
    0.08500145
    0.05462166
    0.07877285
    0.15210642
    0.08324426
