$coord
      -10.85627394422526        5.54127074212317        7.82872412897566      C
       -8.33616616216725        6.22832344156341        7.83197040247742      C
       -6.64894192537131        4.14955176011649        8.50410338283441      C
       -7.41218148147936        2.68256186354619       10.63858621442686      C
      -10.08770949260279        2.84105180236615       11.39639940095112      C
      -11.78733994114670        3.97977380244382        9.70888733200442      C
       -3.98299523262622        4.35891832313020        8.40039309642318      C
       -2.50154649356827        4.01030667575872       10.61392695019505      C
       -3.55272785277066        2.61096882536049       12.60187815309097      C
       -5.85352478277541        1.71626214393826       12.35486713975612      N
       -2.60840342829151        4.71300816701858        6.02638166670441      C
       -0.08475859447849        5.59283555368139        6.17418079190411      C
        1.22634811651636        5.53417759848074        8.37061157634498      N
        0.07361824293421        4.74683139074075       10.52403020648988      C
        1.38249709920279        4.14707339805592       12.68345016180460      C
        0.27671552536502        3.27042532769931       14.88649766671353      C
       -2.21842566403733        2.26459199395642       14.73847934262603      C
       -3.67618793384138        4.08718594230965        3.67140315382114      C
       -2.55267750164181        4.73167751738212        1.37589966748539      C
       -0.22239537611801        5.80882739477775        1.52602967429591      C
        0.98091650227098        6.46232259963152        3.80545908403169      C
       -5.72568233665696        2.72500523390036        4.06454347528831      O
       -7.33753424299950        8.50186584722521        6.83440375800662      O
      -14.67912547001709        3.88184432270430       10.10475020902295      C
        0.90105972400021        6.73136788398030       -0.68299663632587      C
      -10.81946433412070        1.72734304608567       12.76136107475960      H
      -12.12043141302076        6.88871161514311        6.63034695511920      H
       -2.98218158565753        1.50821512313628       16.39697905000522      H
        3.45954054120448        4.70988237137719       12.78275512997656      H
        2.95107038247126        7.13286282404347        3.65075596732939      H
       -3.65579400105777        4.51544458138937       -0.26205020653735      H
      -15.71643179797156        3.68378980813363       12.08301816178885      O
      -16.17666204247961        4.56210117205855        7.90606172522910      O
      -18.70832600629710        4.75256881485494        8.46034960415466      C
        1.97580669483045        3.26666776772704       17.02192138954531      C
        3.90985906646526        1.84679523198901       17.06739279345610      O
        1.92891047451076        5.32309853824235       18.93917452012256      O
        2.97607897655403        4.16654077589765       21.08992417669720      C
        2.71038170237250        8.21121533423643       -0.76558679355042      O
       -0.35034605962121        5.95459945144424       -2.84812645389154      O
        0.68262105592030        6.50613817895307       -5.06216641462597      C
       -7.36745338485837        1.98294050197029        2.08722480429877      C
       -5.61864767846388        9.75264475552744        8.57596434088180      C
       -0.49108653220436        7.87365366330606       -6.07280027595173      H
        1.01997078931463        4.59360772916762       -5.98977060502118      H
        2.53917619661371        7.52890459118322       -4.77969763921427      H
        4.79599395955100        3.14970830949586       20.74451701213411      H
        1.39690025039661        3.06959952913602       21.78803406225221      H
        3.61661812262924        5.75085342060170       22.46504375055751      H
       -4.95966852122267        8.35575889889602       10.07579417242762      H
       -7.14600701535231       10.83806143196569        9.76816087234576      H
       -4.29539258112142       10.74149684964375        7.46107619386904      H
       -7.82364142256513       -0.19103915328950        2.52902484317605      H
       -6.18339603427694        1.62844890995641        0.35289864666358      H
       -8.96762802282693        3.52406518441651        2.20326751370245      H
      -18.67284114712182        5.43378447496557       10.25235006037443      H
      -19.24578868414052        2.74239964959758        8.51076469819049      H
      -19.69227506081680        6.01649601829362        7.17627111953533      H
        7.08257681446119       -4.91948592083402        3.98705695148929      C
        4.38099801809845       -5.07161804915987        3.53373099166788      C
        2.53926649007856       -4.09152570866262        5.29877711141684      C
        3.60963362646662       -3.48269563753231        7.65617772219055      C
        6.17910327506344       -4.05782845197944        8.29605493744601      C
        7.88863911266046       -4.37312925117122        6.30193623009531      C
       -0.04303782848723       -4.07166270875965        4.87250118390635      C
       -1.44825483975149       -4.13573785348643        7.20147101050797      C
       -0.34452841596351       -3.45335626572909        9.58540108382525      C
        2.16003794412090       -2.96999946948849        9.74245246366443      N
       -1.55831114124277       -4.06479479938081        2.67970970617568      C
       -4.25903286158718       -5.01842114447605        2.61534655795819      C
       -5.45292630180387       -5.29795650778434        4.77761798957262      N
       -4.02971790210254       -4.75691681177277        6.97570684677214      C
       -5.57567983922586       -4.75165104567610        9.23077886003337      C
       -4.24724372242787       -4.26293986165571       11.64701920596908      C
       -1.65003565446921       -3.69498448885209       11.89900008939543      C
       -0.80747752426262       -2.60426680955223        0.48128760087131      C
       -2.56658658878072       -1.93011041945059       -1.35464593892760      C
       -4.88162946459381       -3.20591676438722       -1.51934496456206      C
       -5.71720792362787       -4.72296272106752        0.35455508668111      C
        1.65185569510142       -1.63303662137060        0.74995824296418      O
        3.43365883661307       -5.86129006075669        1.19453516100310      O
       10.67602548008053       -3.51513076464379        6.68896323797051      C
       -6.37849708292900       -2.34824493807449       -3.93159565862775      C
        6.72099393588921       -3.60914106661127       10.33843331965617      H
        8.29349913763193       -5.24410140350233        2.40182409684805      H
       -1.28536842595413       -3.46146564024468       13.83118567684685      H
       -7.55640965332942       -5.13335476488469        8.78308471266756      H
       -7.94637906345005       -5.01943072652012        0.13261973190863      H
       -2.13831956091170       -0.69571515001976       -2.90047846259142      H
       11.44708818212643       -2.08132082314699        8.24335237046822      O
       12.10885843472128       -4.85942270194869        4.82280640387670      O
       14.07156640784060       -3.32392584007147        4.25096504372606      C
       -5.91853364652608       -4.73190701015365       13.97893967926753      C
       -4.98894504377088       -5.11171963129159       16.01110079830525      O
       -8.51241065552372       -5.33181796548190       13.04299132379412      O
       -9.91406256468933       -6.60112815028633       14.87386229983450      C
       -8.40909659571815       -3.31455125922618       -3.99017921177975      O
       -5.09736183965919       -1.04774928792413       -5.71380711892207      O
       -6.32231257037082       -0.54094090767194       -7.87766691650760      C
        2.65428947865836       -0.35709497487165       -1.41571273806675      C
        4.01254758333193       -8.49536900565423        0.95908143908035      C
       -5.59292228591966        1.26180836371499       -8.77681703481529      H
       -8.22111373097984        0.13180556550295       -7.54208792873601      H
       -6.10646474378363       -2.06711390957652       -9.22616448664196      H
       -9.38712943825089       -5.74538480099441       16.66914514226902      H
       -9.46873847528488       -8.74312899273740       14.43952939530212      H
      -11.90833091944146       -6.73244478155418       14.36208817377004      H
        5.91493393084874       -8.69069182096280        0.42400563156707      H
        3.14396513139443       -9.63427725252313       -0.65787227558231      H
        3.47317293670609       -9.25271247847666        2.69292262102235      H
        1.79317847934335       -0.99546976297048       -3.36878062191271      H
        4.74138130684589       -0.24132003249907       -1.24663897475816      H
        2.26820666461397        1.68064495194737       -1.22312300063855      H
       13.25303356345137       -1.61387859642876        3.24791539374247      H
       15.32580885827920       -4.18989252962036        2.94008568791977      H
       14.92829110973446       -2.47323168634748        5.88352264703312      H
$end
