$coord
       -0.22704080377983        0.90932366864466        0.73899973424639      C
       -1.73168720535869        2.23446513865093        2.44518454167243      C
       -0.56419827369497        2.80262976234538        4.88255316951815      C
        1.42761087607687        1.31660464590587        5.79856415024642      C
        2.55970812820748       -0.28362550931857        4.11714028958851      C
        1.86602303621874       -0.48969072953417        1.58262285122289      C
       -1.47101305447061        4.82147847256535        6.39625232828567      C
       -0.81535068084061        4.69559905278340        8.94425437666280      C
        1.18859432083609        3.06140309389416        9.71024293871597      C
        2.47113472101918        1.46172192390245        8.15747909621612      N
       -2.85960020357948        7.02920479601697        5.64691380930763      C
       -4.50820065645281        8.21665617968197        7.39614965527053      C
       -4.19381233888813        7.68534189047425        9.96667342315372      N
       -2.23190217205852        6.26816496459737       10.62913210254447      C
       -1.59541333897378        5.85630915742705       13.13605454663631      C
        0.29908981929475        4.15200786974857       14.12478511463553      C
        1.62504334666296        2.77726080141585       12.31018148099936      C
       -2.69062988995918        7.97718863487937        3.12805406976593      C
       -4.53475142645850        9.75382897140196        2.54569926875671      C
       -6.45087642780648       10.75239726837994        4.18718566134756      C
       -6.41986778155289        9.94932084196866        6.65646906726439      C
       -0.84952798494472        6.98348401713620        1.44068411170582      O
       -4.18557211786057        3.13809223321327        1.94869342235219      O
        3.15773699664906       -2.15923871298225       -0.25976560232876      C
       -8.34583064928724       12.60104487693672        3.20400284361316      C
        3.71411079522369       -1.70501781536940        4.83310490584778      H
       -0.54664765382395        0.87543089522447       -1.38477774560866      H
        3.26871318223834        1.69340120452628       12.67000139602036      H
       -2.76752143290660        7.00014157585784       14.30089620331707      H
       -7.90171403575859       10.44940453157804        7.99374783416271      H
       -4.49463874435600       10.53483408142938        0.63958283747848      H
        4.74141249582873       -3.62316762953944        0.41346032989426      O
        1.93859333679571       -2.14647498913897       -2.64269051199290      O
        3.20071208231777       -3.84378447831551       -4.20024372875644      C
        0.98302808534344        3.96261400525803       16.72768941248387      C
        0.42760161885940        5.71746353015008       18.10066848757787      O
        1.87880983393878        1.57848686377974       17.52379791362214      O
        1.38996707696326        1.08544554089876       20.21024607893964      C
      -10.31330473259404       12.89886237710906        4.34437745049669      O
       -7.63818655472245       13.50923124702176        0.88389924026570      O
       -9.88058162399474       13.78157857613760       -0.45713054042552      C
       -0.84289075137200        8.42126846379820       -0.77496444587285      C
       -5.18723632587320        2.47703944398243       -0.46882010741792      C
       -9.55167052559379       13.90761666545890       -2.42313241897689      H
      -10.66698253032769       15.62633304858170        0.26255410201082      H
      -11.11978836193782       12.17666142378032       -0.22369050583587      H
        2.97136099365073        1.84684530103098       21.25528492907478      H
        1.44388346558182       -0.99185105959985       20.46805207184727      H
       -0.57894958435650        2.00139784280434       20.48087041718969      H
       -7.05026218837503        3.27931472188880       -0.41246023536252      H
       -5.24588983133008        0.44209248829585       -0.38280354928749      H
       -4.27998872516353        2.89510996698701       -2.29387428487612      H
        0.71916382833495        7.69059213078040       -2.08384619870250      H
       -0.44539029086734       10.45091482608984       -0.70169653734112      H
       -2.61908831159677        8.20596703895533       -1.84383781058349      H
        2.19721143022814       -5.67445664810090       -4.09907499469235      H
        5.15322040272764       -4.07746513218444       -3.40776634671201      H
        3.56817604739608       -2.80319722294241       -6.05336816310691      H
        0.26860722977864       -7.08469211930094        2.11360037138758      C
       -0.03026795827587       -6.06909198974253        4.41785057287677      C
       -2.25881408247733       -4.63082588203321        4.96826742254702      C
       -4.11116005416424       -4.20529413300342        2.96426189521471      C
       -3.93736173744847       -5.86446705192928        0.89741904796586      C
       -1.71506810872334       -7.08754007549771        0.39851118430178      C
       -2.57246711751098       -3.22261144009765        7.28756508896007      C
       -4.24897462441851       -1.18036546793296        7.11405927311774      C
       -6.01771728878336       -0.84283858742516        4.99682808837786      C
       -6.04058196111546       -2.51309510828085        3.06709309829194      N
       -1.42915666886425       -4.00569711657239        9.58348812012861      C
       -1.44370634131588       -2.09615493807494       11.44222178580900      C
       -2.91733146114255       -0.04446196406347       11.28065456870019      N
       -4.60437661965947        0.20359994888012        9.41515531906844      C
       -6.51851295075881        2.12384210424020        9.37908386088783      C
       -8.07001344496374        2.55828393186818        7.30652335442034      C
       -7.75408272119713        1.07935387089499        5.27275185774223      C
       -0.70139036678839       -6.54265733524812       10.24438561144451      C
        0.50443800178593       -6.92211907083992       12.52612615243813      C
        0.69475372811546       -5.00711494162601       14.37354233682819      C
       -0.36917379181032       -2.67676745537988       13.83236079629020      C
       -1.59282870285803       -8.61619312906793        8.75981180291533      O
        2.08756259156383       -5.89876548808362        6.12396200621223      O
       -1.40329073033446       -8.17967960738704       -2.16335948680292      C
        1.61057117982889       -5.79186675050110       16.87247458467370      C
       -5.55867384775022       -6.10188715697549       -0.34221462041686      H
        1.89323562011995       -8.36233503609166        1.70094114281383      H
       -8.92473126870855        1.40143425597938        3.70140950150827      H
       -6.98284145308951        3.27652202513257       11.07013876142385      H
       -0.78234769004190       -1.34223145544488       15.31544406458179      H
        0.44858482398047       -8.88556703093189       12.92415076259105      H
        0.05057161244008       -9.81140026001372       -2.65797729625235      O
       -3.05473729851807       -7.24396389847486       -3.97736546127748      O
       -2.07033095388449       -7.92537795855838       -6.39841790357457      C
       -9.84251728431314        4.57070767395930        7.20493376031142      C
      -10.52903107132317        5.72000050923276        9.06509771522273      O
      -10.79698136938238        5.02923235624823        4.72226411932322      O
      -11.71419873426972        7.39958938414101        4.65748391837545      C
        1.13047576737044       -4.49898241708613       18.79438539693467      O
        2.70088581849671       -8.10182602986987       16.93310211473747      O
        3.82956946480058       -8.75058606989955       19.21806229972415      C
       -4.15114561539788       -9.75800914034472        9.08549812034035      C
        4.11427654145635       -7.49517226667257        5.42353377748219      C
        4.62437653073094      -10.75589231626665       18.96093785283819      H
        2.36119595877552       -9.01718071341966       20.74236572576510      H
        5.05068431647661       -7.29356427808202       19.99149197932924      H
      -10.28290287889742        8.76335779107266        4.87934570549953      H
      -13.09995422037463        7.54435440973379        6.24141828925922      H
      -12.72793389712522        7.66480722780067        2.79929514109473      H
        5.41564351306011       -7.52948594998296        7.15417347941894      H
        5.13791612510718       -6.70934419224371        3.87868395798983      H
        3.23267871177978       -9.28528772750870        4.74689559835570      H
       -3.73636699184028      -11.65306287172750        9.50173305447007      H
       -5.04991215200941       -9.42236573080491        7.36028399488022      H
       -5.07310098247777       -8.94153394862644       10.69063691544232      H
       -2.40951627664752       -6.25739947305101       -7.63209233493343      H
       -3.22730921524097       -9.56246016538116       -6.64433623778125      H
       -0.05657641025867       -8.51407367870732       -6.40442152762657      H
$end
