 -1.0
 -0.19796894212767D+01  0.24865980502893D+01 -0.28169950645315D+01 -0.36440031803710D-04 -0.28029381415900D-03 -0.17281807760829D-03
 -0.20462639231170D+01  0.32641329977619D+01 -0.30247150022838D+00 -0.11553730464184D-03  0.24521069242496D-03 -0.44943488942554D-03
  0.75677012228074D-01  0.31326510546561D+01  0.13161757009601D+01  0.51104645952448D-04  0.10040141072692D-03 -0.22193443903980D-03
  0.21019712838998D+01  0.14880575479778D+01  0.52526165298319D+00  0.38535750012635D-03  0.38880927413153D-04  0.26225048822676D-03
  0.22714759509936D+01  0.11157094290923D+01 -0.20544046454649D+01 -0.31563987025296D-03  0.29313384565791D-03 -0.29484006533241D-03
  0.30871438391250D+00  0.16371125573542D+01 -0.36400092594639D+01 -0.14651565280182D-03 -0.35082437387669D-03  0.32508432114173D-03
  0.18277392909021D+00  0.40271662552533D+01  0.37672225562207D+01  0.40097195704194D-04  0.37165467423960D-03  0.57284788187620D-04
  0.17220950295366D+01  0.26404221920567D+01  0.54734192389793D+01 -0.26393406496101D-03 -0.19711783490031D-04 -0.17719700920620D-04
  0.37040527124383D+01  0.11162831756897D+01  0.45424172987349D+01  0.32853203186596D-05 -0.76490006932437D-03  0.12073095291079D-04
  0.39422260517113D+01  0.61375641560010D+00  0.20254062549258D+01 -0.43492919325259D-03 -0.11311264990788D-04  0.70183719113454D-04
 -0.10741685741842D+01  0.60548535274906D+01  0.48322205956539D+01  0.36952242322775D-04  0.15610195461700D-03 -0.90191496654228D-04
 -0.14031716656666D+01  0.63383283059861D+01  0.74629285884139D+01  0.27937628698545D-03 -0.36238784391757D-03 -0.34749875635174D-03
 -0.15868930598809D+00  0.49598073269931D+01  0.92541603586827D+01 -0.56780264851007D-04  0.72072085725309D-03  0.47546002897483D-03
  0.15198799948094D+01  0.31523722781247D+01  0.82579416300021D+01  0.10186765530844D-03 -0.31338981968389D-04  0.26367461205804D-03
  0.32206448241310D+01  0.19801979057901D+01  0.97472690268214D+01  0.30303248566270D-03  0.22735733420647D-03  0.92538871097475D-04
  0.50509521201120D+01  0.11857350459089D+00  0.88367947906214D+01  0.16038653317230D-03 -0.31765589158321D-03 -0.25660833192505D-03
  0.50995323945184D+01 -0.27885687961811D+00  0.62927275503371D+01  0.19098197998779D-03  0.23854028681335D-03  0.21407328593550D-03
 -0.20597947182796D+01  0.81654376362234D+01  0.33015300231503D+01 -0.16530538427074D-03 -0.22542970488223D-04  0.40890444570348D-03
 -0.38288865737135D+01  0.97577065005208D+01  0.42893121664044D+01 -0.61190633646287D-05 -0.24103479932233D-03 -0.27451075494233D-03
 -0.44737196277605D+01  0.98100281354220D+01  0.69065943747593D+01 -0.46075161613130D-04  0.11047772361795D-03  0.83498044444257D-04
 -0.30490026757066D+01  0.81503937299153D+01  0.85254217666870D+01 -0.27273868387505D-03 -0.17141377243818D-03  0.38975241415178D-03
 -0.12245809948394D+01  0.86394857602791D+01  0.88869369215044D+00 -0.50894451176633D-04 -0.54423150194493D-05 -0.29862127933065D-03
 -0.42880649807629D+01  0.44006566043190D+01  0.68161817718789D+00 -0.11791200704148D-03  0.15049548624140D-03 -0.10346346475640D-03
  0.64388069748157D+00  0.87141860561693D+00 -0.64555890939472D+01 -0.30433618959560D-03  0.10461308413086D-03  0.40563296129970D-03
 -0.62057726197720D+01  0.11517887917876D+02  0.82376227565362D+01 -0.11586417212432D-03 -0.21170428192560D-03 -0.39624046557662D-03
  0.41141760959086D+01 -0.42864716993225D-01 -0.25147090858178D+01  0.10066145283484D-02  0.18006368810769D-03 -0.90998184345466D-03
 -0.35518428502597D+01  0.24993192391745D+01 -0.39525684216339D+01  0.70386138753642D-03  0.57935779746135D-04 -0.33212516224211D-04
  0.62359776934555D+01 -0.18874424426949D+01  0.55235808578973D+01 -0.35748755132404D-03  0.15481089544498D-03 -0.35583223930984D-03
  0.31598653216859D+01  0.25148468334435D+01  0.11701115275357D+02  0.15647215928892D-03  0.18326783605373D-03  0.50526111882914D-03
 -0.34931353387031D+01  0.79356250270913D+01  0.10524378973123D+02  0.49856775704399D-03 -0.35619253663377D-03  0.65169566151423D-04
 -0.44963768490833D+01  0.11264696172873D+02  0.31074255089684D+01 -0.21374135518969D-04  0.65797756582481D-03 -0.58851299398702D-03
 -0.70766387123467D+00  0.18589881648276D+01 -0.79674333315450D+01  0.40975137568505D-04 -0.13802216112736D-03  0.85362169617626D-04
  0.26724961057099D+01 -0.71845992677644D+00 -0.68732341844238D+01  0.47383303289157D-03 -0.88498461510997D-04  0.11685243620650D-03
  0.34927833931301D+01 -0.56258097376579D+00 -0.94305246407157D+01  0.10773643487643D-03 -0.60927446619331D-04 -0.61639916716166D-04
  0.66783162950797D+01 -0.12370324483287D+01  0.10736216247239D+02 -0.52905012281199D-04 -0.41303191479329D-03  0.19354369886320D-03
  0.78421208576605D+01 -0.30853707425564D+01  0.10167000907588D+02 -0.34291985017813D-03  0.85804545164935D-04  0.47989087045559D-04
  0.68630766820492D+01 -0.41965036299270D-01  0.13061689210660D+02  0.27264684682136D-03 -0.11738951722451D-03  0.18249675272347D-03
  0.87009236584871D+01 -0.11099434217790D+01  0.14588640427607D+02  0.23072786189753D-03 -0.31144906137686D-03  0.28945609524830D-03
 -0.57730742914263D+01  0.12305420866320D+02  0.10398013084430D+02  0.16054525182796D-03  0.48694770115019D-05  0.30086690270534D-03
 -0.81312967784778D+01  0.12635568317893D+02  0.69000237903797D+01 -0.18749135204906D-03  0.11202673584583D-03 -0.16270048069661D-03
 -0.99161510970549D+01  0.14243670325351D+02  0.82295374087095D+01  0.36804644397263D-03 -0.13537760687887D-03 -0.25135737379178D-03
 -0.76498387673743D-01  0.11127263333047D+02  0.60245834860537D+00  0.22900813720327D-03 -0.18283689623086D-04 -0.33034178636585D-03
 -0.63904346852396D+01  0.45903096604286D+01 -0.88949090470691D+00 -0.46601766818735D-03  0.41613339787796D-03 -0.48702493650660D-04
 -0.11906644098294D+02  0.13972295231901D+02  0.75207919541009D+01  0.58013092791953D-04 -0.11788349280719D-03  0.25361548291057D-03
 -0.94591857613224D+01  0.16173178616463D+02  0.79068351201715D+01  0.92889103485884D-03  0.33842797368722D-03 -0.32679403532885D-03
 -0.98913052569105D+01  0.13932971731645D+02  0.10197992271816D+02  0.74468962525204D-04 -0.39959678841891D-03  0.12581890306188D-03
  0.93466073638798D+01  0.26049602246877D+00  0.15897909694107D+02 -0.50105207320390D-03 -0.13545960201940D-03 -0.11916272208295D-02
  0.10452044258134D+02 -0.16455371778317D+01  0.13597704161714D+02 -0.28956456206033D-03 -0.29834169472067D-03 -0.34121699374689D-03
  0.79345812226438D+01 -0.26281262722599D+01  0.15396951344155D+02  0.99579729870797D-04  0.11401070516934D-02 -0.83976733408240D-03
 -0.71409061432975D+01  0.26198338065008D+01 -0.12337117936928D+01  0.13436471489900D-03 -0.19724603748278D-03 -0.17506957080043D-03
 -0.59388687596650D+01  0.55299512318561D+01 -0.26055222143030D+01 -0.11852151544291D-03  0.23977357846519D-04  0.19976522985305D-03
 -0.79001563377883D+01  0.55922627444063D+01  0.40016306057050D-01  0.34581959209039D-03 -0.43015199971191D-04 -0.41783282385599D-03
  0.12546653345730D+01  0.10856651389658D+02 -0.87188889776070D+00 -0.11690747280829D-02 -0.62185411882596D-04  0.26204021663097D-03
  0.11375918804754D+01  0.11901054188167D+02  0.21073498276363D+01  0.15907691143423D-03 -0.16970896986842D-03 -0.65648130567604D-03
 -0.14881143950439D+01  0.12293498156389D+02 -0.12141752350936D+00 -0.82382346136624D-04 -0.29704730154207D-03 -0.63381420709812D-03
  0.51665375624458D+01 -0.14871309598363D+01 -0.96065515288902D+01 -0.47781841996864D-04  0.38468461801773D-03 -0.13980635643588D-02
  0.36878142652312D+01  0.14765159963529D+01 -0.98464790116467D+01 -0.18560565790688D-03 -0.49476725452149D-03  0.18872878148086D-03
  0.24157942944051D+01 -0.17523668252511D+01 -0.10654104702406D+02 -0.88290679001048D-04  0.23630249350873D-03  0.25997327049231D-03
  0.11320944167100D+01 -0.57093088394401D+01  0.59406243934480D+01 -0.33977903326849D-03 -0.13203969180906D-03 -0.53580031515224D-04
 -0.34531026731550D+00 -0.49526123008139D+01  0.80294072404017D+01  0.72685935127703D-04 -0.44252606696119D-03 -0.70171660687772D-04
 -0.27994375864200D+01 -0.39784749580859D+01  0.74570821610098D+01  0.26777921092555D-03  0.75064380549894D-04  0.25892952985938D-03
 -0.32696670363587D+01 -0.32200128313868D+01  0.48786670214947D+01 -0.34893291622395D-04  0.51079779172498D-03 -0.39217580747495D-04
 -0.16246023070880D+01 -0.42651498636221D+01  0.28480868101681D+01  0.22312336780640D-03  0.15653580008662D-03 -0.81719117298973D-04
  0.63123758143065D+00 -0.56489686543111D+01  0.33868890639535D+01  0.13206021201775D-03  0.35732253208679D-04  0.27715594342201D-03
 -0.45157555894936D+01 -0.31304031307405D+01  0.92243789835541D+01  0.45580022235670D-03 -0.20280146519860D-03 -0.75722594907462D-04
 -0.57953398142561D+01 -0.88031186113616D+00  0.84973403853759D+01  0.26159123710887D-03  0.20033232741828D-03  0.86898642190885D-04
 -0.56962058761801D+01  0.52248099472866D-01  0.59272694113566D+01  0.17783567277287D-03  0.48972252102060D-03  0.15278086449085D-04
 -0.47439363482404D+01 -0.14012440020498D+01  0.40590014976870D+01  0.52901266476411D-04  0.22209217338618D-03  0.45994958658811D-03
 -0.49818331311561D+01 -0.43274317992493D+01  0.11697614800328D+02 -0.19285372348400D-03 -0.15956355302757D-03  0.42454235664716D-03
 -0.59447625943984D+01 -0.26698133966347D+01  0.13458534665548D+02 -0.93033538787013D-04  0.45966038901287D-03 -0.81352177008091D-04
 -0.71460078613057D+01 -0.39202257087864D+00  0.13005718139657D+02 -0.15076857934637D-03  0.28202469956597D-03  0.25962010543893D-04
 -0.72042120623408D+01  0.20790848028598D+00  0.10527642692603D+02 -0.22217603746976D-03 -0.36828775049712D-03  0.28321809559603D-03
 -0.86332970090281D+01  0.23973354416657D+01  0.97597067555556D+01  0.40328736110839D-04  0.15333114088279D-04 -0.11069692720794D-03
 -0.84352400095097D+01  0.34204247421739D+01  0.73227565714844D+01  0.35640676424144D-03 -0.46408786696776D-04 -0.14827071677398D-03
 -0.72008777860895D+01  0.23352866505069D+01  0.54745032653589D+01 -0.86786680378311D-04  0.30650156384443D-03 -0.93215070092155D-05
 -0.43479788959948D+01 -0.69083154211041D+01  0.12033594744755D+02 -0.13340907235727D-03  0.24051169878021D-03 -0.75185786366232D-05
 -0.47494639196453D+01 -0.78137188941601D+01  0.14395942147119D+02 -0.13600127447830D-03 -0.21286424023665D-03  0.28761445032352D-03
 -0.55327086219107D+01 -0.61478023109784D+01  0.16383630812502D+02  0.29189291845925D-03 -0.39207495805988D-03 -0.87124955291368D-05
 -0.63375949262912D+01 -0.36184396911671D+01  0.15822877649373D+02  0.20243832174923D-03 -0.93204795900628D-05 -0.23036185695931D-04
 -0.34261663368653D+01 -0.86330670054086D+01  0.10270847483485D+02  0.35791540851524D-03 -0.47849329972047D-04  0.40897174474949D-03
  0.23728701956759D+00 -0.54295006750684D+01  0.10569925301290D+02  0.15165699244103D-05  0.24434279915006D-04 -0.12412555219187D-03
  0.23406051020305D+01 -0.60664776733445D+01  0.12487811276839D+01  0.59713572360118D-03  0.59347808740995D-03  0.18390937017105D-03
 -0.62209621899578D+01 -0.73725684097037D+01  0.18767364952306D+02  0.19103164275759D-03 -0.35937404114205D-04 -0.27499095891497D-03
 -0.21837103943526D+01 -0.38680630064445D+01  0.90710019456248D+00 -0.63158004800448D-03  0.60686432070896D-03  0.39642176399995D-03
  0.30080772094573D+01 -0.65708874095086D+01  0.62357594622234D+01 -0.68382174808686D-03 -0.30676049103661D-03 -0.87302129016793D-03
 -0.74007184613017D+01  0.34391899283215D+01  0.38308494320401D+01  0.29684251359306D-03 -0.54767499185867D-03 -0.10130756607493D-03
 -0.96566908906340D+01  0.35561865518917D+01  0.11177917341575D+02 -0.25744767482123D-03  0.29659997718453D-03  0.25987973833037D-03
 -0.68261118577429D+01 -0.22954085271667D+01  0.17308254454964D+02 -0.58975734410745D-03 -0.24635584286854D-03 -0.55301582971260D-03
 -0.47600499241118D+01 -0.98449491255906D+01  0.14875524750163D+02 -0.27362548605141D-06 -0.29945990098310D-03 -0.10373079903216D-03
  0.45543501925730D+01 -0.66306984103631D+01  0.13335464213288D+01 -0.10787438186340D-03  0.22732534859381D-03 -0.69158658615047D-04
  0.11251167483857D+01 -0.59561315304397D+01 -0.11708650170899D+01  0.68241182864302D-04  0.19731190067004D-03  0.28378119449115D-03
  0.26240876815433D+01 -0.60764725537542D+01 -0.35054968576354D+01 -0.37882463223320D-03 -0.26602945024295D-03 -0.18816013106833D-03
 -0.10194775133018D+02  0.55409478639799D+01  0.70588199174584D+01 -0.81393114912448D-04 -0.20491319864688D-03 -0.17451407226489D-03
 -0.11098689498798D+02  0.67381911756284D+01  0.88322149326086D+01 -0.50204204035384D-03 -0.24925959691934D-03 -0.74901328171925D-04
 -0.10657307447107D+02  0.61810370995215D+01  0.46329518317001D+01 -0.34845677183254D-03 -0.90094576104297D-04  0.24105234748597D-05
 -0.12103810129517D+02  0.84224754989976D+01  0.46060913780261D+01  0.23067870758605D-03  0.13507719240219D-03  0.16132292114075D-03
 -0.70296865841548D+01 -0.59791029202641D+01  0.20511885617731D+02 -0.17217693640717D-03  0.19507595624285D-03  0.86576755502345D-04
 -0.61108591864434D+01 -0.10014449134090D+02  0.18663636954315D+02  0.10366139386728D-03 -0.51508943994744D-03  0.14464231222974D-03
 -0.69532385094886D+01 -0.11044822105718D+02  0.20808936960175D+02 -0.13039998785956D-03 -0.18884359172436D-03 -0.40388913757915D-03
 -0.46197962035676D+01 -0.11067327264653D+02  0.10237009198655D+02 -0.15870368757962D-03  0.18346505670421D-03 -0.15669642691901D-03
  0.24775802552461D+01 -0.69511606905638D+01  0.11030351915265D+02  0.30203748075574D-03 -0.15628611678206D-03  0.40567045648245D-03
 -0.78740495902071D+01 -0.95886795368983D+01  0.21906692086321D+02  0.59361949259108D-03  0.34223275764781D-03  0.54742233205043D-04
 -0.52909714679665D+01 -0.11549721470837D+02  0.21948103732943D+02 -0.16686725829298D-03 -0.35971437411238D-03  0.18404168860971D-04
 -0.80319673636071D+01 -0.12812093048530D+02  0.20392351152672D+02 -0.24490162241626D-03  0.64779927293795D-03 -0.53652117089521D-03
 -0.12568748961931D+02  0.88152404516871D+01  0.24332107445683D+01 -0.14833985901492D-04 -0.75781065208271D-04 -0.35307560864133D-03
 -0.10839992225307D+02  0.10096605001172D+02  0.52770145128791D+01 -0.68596403397649D-03 -0.30155156045510D-03  0.15447928695261D-03
 -0.13998166947385D+02  0.82042234096886D+01  0.54337426998344D+01 -0.19743598772843D-03  0.18890940007944D-03 -0.16862526871107D-03
  0.21947146873767D+01 -0.73259380253597D+01  0.13000328800380D+02  0.21148021092852D-04 -0.94146294658504D-03 -0.81342201998040D-04
  0.40364372434065D+01 -0.58948336658678D+01  0.10531908030215D+02 -0.76707001330804D-03 -0.55764421836476D-04 -0.50149141911979D-03
  0.25357124651783D+01 -0.88072079790157D+01  0.10187003354337D+02  0.76387125627915D-04 -0.51388978980771D-03 -0.25978985870772D-04
 -0.43110031462476D+01 -0.11917278021285D+02  0.84606117129745D+01 -0.30772647608975D-03 -0.56416282543231D-03  0.49444724355537D-03
 -0.67440122893486D+01 -0.10775929585084D+02  0.10602267530233D+02 -0.42960792638669D-03  0.82352890093884D-04  0.12278535277863D-03
 -0.37234614243679D+01 -0.11981596640179D+02  0.11890570836858D+02 -0.39244291600830D-03 -0.19756442366208D-03  0.34193226399827D-03
  0.25324850373933D+01 -0.75254625218393D+01 -0.48071330230905D+01 -0.34068229951931D-03  0.85334555852097D-03  0.22660117011770D-03
  0.46043786908827D+01 -0.59584541854486D+01 -0.27985157394553D+01  0.60786919579210D-03 -0.69434937720418D-04 -0.89653369790201D-04
  0.19546227669397D+01 -0.43694674095195D+01 -0.44060738024296D+01  0.28546983792330D-03 -0.76455234512130D-04 -0.37745607563625D-03
