$coord
       -1.04289890860253        1.98472677682022       -2.01120911617922      C
       -2.21904496502289        2.88445615981976        0.22115610211526      C
       -0.67871532968831        2.95514427824584        2.47491400954147      C
        1.79715808277538        1.70782886975204        2.51046226686377      C
        2.67458838045614        0.61280500178655        0.25440339446682      C
        1.44844606382735        1.07022534673237       -2.03345606723454      C
       -1.41033204794750        3.94808365146645        4.81509574034248      C
       -0.49404264046884        2.78414756504609        7.01228749833655      C
        1.63921317456691        1.08611349921577        6.79466831481525      C
        2.88594359538068        0.73708131451441        4.56508771778985      N
       -2.94426558542915        6.29805373482636        5.13198825346274      C
       -3.90362127329060        6.86853320022722        7.64974975185329      C
       -3.20304576189472        5.37652445595241        9.74078513835564      N
       -1.71565562798839        3.33229408806113        9.24653142560738      C
       -0.92579292907763        1.95295601299060       11.43121746097644      C
        1.21172156006890        0.24499632055787       11.19602141910594      C
        2.49374830366419       -0.07870281137116        9.02313782436118      C
       -2.81567045546816        8.27599846454482        3.37027910238824      C
       -4.15149134251766       10.47114426866323        3.91521135588452      C
       -4.96998127338192       11.09285271457094        6.31192670712839      C
       -4.97320851777362        9.19229266096218        8.15536108214869      C
       -1.68894080107559        7.95891953957481        0.92580532145678      O
       -4.97663737481470        3.36559320522917       -0.04308875535941      O
        2.85180303430688        0.57868821584413       -4.34594237754223      C
       -6.11087145812612       13.59182121989972        7.06649855630997      C
        4.33953924173689       -0.33125722309658        0.29388202213132      H
       -2.08360190557787        2.01228455707389       -3.72522831109049      H
        3.99888253029806       -1.39376151303547        8.94971646415480      H
       -2.04323003630342        2.33814782213863       13.17629712666483      H
       -5.39470565557322        9.55637893811853       10.07245159444787      H
       -3.44490394648598       11.98536819430060        2.53801850065171      H
        2.19088043595754        1.18333115753211       -6.40138376689543      O
        5.16285651785301       -0.75823607988630       -3.89828502690171      O
        6.20862690010941       -1.58557114130455       -6.15611323814838      C
        2.01855713787294       -1.04861234090951       13.63587550285155      C
        3.38449200207835       -2.86786476767722       13.56927504387014      O
        0.77188449171949       -0.20400629002105       15.78844380648372      O
        1.61706129413852       -1.41922228029287       17.93500408611464      C
       -7.66305506423924       13.57491360025648        8.69404491053053      O
       -5.51611700084331       15.74726751385717        5.79464818553440      O
       -6.92000052446501       17.75180965256746        6.42663658072925      C
       -3.01238501250657        9.28151800590081       -1.06879047440817      C
       -6.18031769335530        2.29643727450381       -2.00905086636078      C
       -7.76052911768784       18.52179702498621        4.76387408902478      H
       -5.81975472209329       19.15021256045362        7.27647975147817      H
       -8.37607314175965       17.24835636164096        7.61428151974235      H
        1.70991685330358       -0.09588775229796       19.45123750042929      H
        3.61731934228657       -2.15274257284887       17.39533354942488      H
        0.14979980796307       -2.93665767616609       18.20100884122159      H
       -5.81034453126705        0.24328926297081       -2.33188669718208      H
       -6.10910419453116        3.12020733634292       -3.96747962269509      H
       -8.07802851315633        2.54428718627576       -1.59464590198177      H
       -3.07184987678035        8.21241587170944       -2.82821699154480      H
       -2.34220849303789       11.20860914216499       -1.18147720847835      H
       -4.79601106703276        9.26900624174218       -0.52301102330306      H
        8.18767231276391       -1.30436283671435       -6.18284103499624      H
        5.50432718142334       -0.21787370171477       -7.54740538728420      H
        5.70759634073826       -3.50591647821922       -6.58684865589117      H
        1.26249641661908       -5.49455988221595        3.28503355839783      C
        0.50581223931482       -4.62372849623558        5.78314110446091      C
       -1.96041786589734       -3.41600571018158        5.79492635494960      C
       -3.09255295000786       -2.63499945654520        3.38039326077848      C
       -2.40317185876455       -3.88243437279556        1.17654823184083      C
       -0.31411847634557       -5.45727797387248        1.12976712331494      C
       -3.26426954444443       -3.07800498910664        8.09700287202980      C
       -5.12472390712662       -1.25279457758416        7.97331444922950      C
       -5.81048564676554       -0.22755432802782        5.63557227768082      C
       -4.98634282418056       -1.07548768154046        3.30734528099591      N
       -3.15355554768854       -4.38743383312027       10.43404880757079      C
       -4.17411444681870       -3.25196385301339       12.62342247359193      C
       -5.93972209935600       -1.34710523333198       12.44705262990585      N
       -6.34627514781431       -0.33679453066286       10.16030823047937      C
       -7.78640686698664        1.89064749317588        9.97501017793215      C
       -8.02098100154048        3.09983280443764        7.69173331473879      C
       -7.26466074038791        1.99721104802933        5.53350933764644      C
       -2.11850338232460       -7.06266661320958       10.90161003301585      C
       -1.72752028272372       -7.91810313123226       13.40809990434825      C
       -2.25275445090776       -6.28205424565259       15.40655652947922      C
       -3.55333391571545       -4.09062892406808       14.95116880754700      C
       -1.59625955844807       -8.52954525611658        8.70119560506001      O
        1.93359194337660       -4.99030244049972        7.89966953598085      O
        0.60358961184658       -6.06588891661542       -1.45680073378042      C
       -1.81570891705022       -7.12195402328819       17.96019548036082      C
       -3.33141815265917       -3.33876947875170       -0.51162058596337      H
        2.67348305585569       -6.93062428027514        3.12430170758163      H
       -7.83301311419852        3.02519385015544        3.91000314748787      H
       -8.12540506340148        2.96695097325996       11.71407061396350      H
       -4.44524845633230       -2.99339646479451       16.46250960577139      H
       -1.07917680803463       -9.78218454829272       13.66495554094999      H
        2.86650741224149       -6.22509537587602       -1.75775784108094      O
       -1.17754697055806       -6.95924048445705       -2.99336110093861      O
        0.09000348137638       -8.42547333302530       -4.79404750437905      C
       -9.49782546825926        5.30882026267030        7.47265661884835      C
       -9.66512971116937        6.44330091339921        5.37530230422535      O
      -10.32954982447047        6.22709311455965        9.82481208332511      O
      -11.02321586478744        8.64410841230556        9.71275880643357      C
       -2.37358733380927       -5.77621816462534       19.70508204204461      O
       -1.32987114847670       -9.65090698269880       18.19275495651824      O
       -1.46474188802193      -10.73939981614823       20.80440594460612      C
       -3.60843898165501       -9.68482633099522        7.57280040480613      C
        3.70408819342935       -7.03451816728843        7.60864352704433      C
       -2.68939667726570      -12.14695676647968       21.03939591080020      H
       -1.93844623968707       -9.52721624993325       22.49935971393249      H
        0.47146328885422      -11.61375977018570       21.13514985504274      H
       -9.87194227938988        9.68825803568905        8.46459495971631      H
      -11.40300211287783        9.36380826545476       11.44208507231579      H
      -13.03704493939500        8.85452086578642        8.97811630399801      H
        4.56171105799293       -7.19483356724157        9.42608284815714      H
        5.13878934752817       -6.74954740102534        6.10445820789922      H
        2.59849180921649       -8.81855964011891        7.14052431591886      H
       -3.54125654684437       -8.95725471073675        5.57048724111386      H
       -5.39633964795556       -9.16802468476744        8.36909607088441      H
       -3.16363783307194      -11.68090053374674        7.67680657008228      H
        0.36937002161342      -10.29629725348222       -4.07367649642816      H
        1.93468480573085       -7.57666279037973       -5.13646369144406      H
       -1.00762770318830       -8.38387602579337       -6.60445081293126      H
$end
