$coord
       -1.77160267116275        3.55564204767890       -2.35034601202946      C
       -2.36427490309438        4.11892444059026        0.13848638638493      C
       -0.78134382948493        3.10410066769314        2.12578829292053      C
        0.92419666453742        1.04531118281139        1.79702194924678      C
        1.40093760654685        0.41518016945596       -0.77639800525154      C
        0.06096908656279        1.75494384140010       -2.81104484625241      C
       -0.96565098760275        3.84069141131275        4.72013798377746      C
        0.27768075850250        2.41518989720642        6.51800669821155      C
        1.94541367197374        0.39208527799108        5.95385977550698      C
        2.23491277041156       -0.43060286240731        3.41833705239703      N
       -2.15181618291482        6.15208696431740        5.76020684331736      C
       -2.72331452207527        6.34646945318964        8.33257922527754      C
       -1.79509652923515        4.61158571476738       10.04283191582781      N
       -0.33719032016956        2.82451357639825        9.18111651350897      C
        0.90634084754233        1.39082788258176       11.02117038138062      C
        2.70382892542431       -0.53074984523907       10.45242974732191      C
        3.33242687926011       -0.78977362447740        7.86773070579174      C
       -2.55420880797542        8.40443767572985        4.31538329457253      C
       -4.07832033881521       10.28668542270918        5.11186825643099      C
       -4.90114494266960       10.14489967180053        7.69007556810580      C
       -4.29475750478906        8.36259953403997        9.22244867519414      C
       -1.08392256109072        8.55290061751327        2.12982293588489      O
       -4.59785296868305        5.39998852872951        1.03533526342524      O
        0.53655885380438        0.99523528464521       -5.53314334327980      C
       -6.16138106746972       12.45763959160856        8.57797586674655      C
        2.89456382083329       -0.94683899608314       -1.18289022838888      H
       -2.68164135099825        4.38460730389729       -3.95988196794291      H
        4.97435898013727       -1.90768413001080        7.57866039091028      H
        0.38304117652677        1.86616081974750       12.87296411043993      H
       -4.85734159252352        8.36400583005785       11.16486316225319      H
       -4.52889248779233       11.84495404926391        4.06429819578689      H
       -1.14578269960723        1.69831229650157       -7.01561486611574      O
        2.57228351628366       -0.57880925485162       -6.05508469706954      O
        2.65473739743096       -1.31473302517934       -8.45961667852334      C
        3.85035159893242       -2.12995671901268       12.43805483738371      C
        5.78388807778413       -3.34941352413241       11.93830759290869      O
        2.76869312611827       -2.17340149712488       14.79820904891612      O
        3.76458315866782       -4.02913367617093       16.38440286403615      C
       -6.83164470788929       12.65040237547950       10.75006472397043      O
       -6.94315160190846       14.08651635007226        6.57144002584034      O
       -8.14677151615828       16.15405829977759        7.51438895413512      C
       -1.08073154620792       10.86493852535392        0.86407918762388      C
       -5.87010968096937        6.41302219520881       -1.11105919837108      C
       -9.46130732473611       17.33218579794590        6.37274128404180      H
       -6.67886853896136       17.34478658929907        8.48109510181981      H
       -9.32175231097603       15.40463674864413        9.26457817942654      H
        5.19662472582312       -3.21476758835820       17.24836973529668      H
        4.37188995169633       -5.54350642439784       15.11662378585068      H
        2.43814511511377       -4.53858496663504       17.70141810104121      H
       -6.25559341262077        5.12596212475529       -2.55265143036137      H
       -4.53158704280414        7.69021931711152       -1.97384732373724      H
       -7.62566927487165        7.37114974552409       -0.60321127352044      H
        0.34721088087726       10.72328949368208       -0.58481017361587      H
       -1.02649879537004       12.42974670268322        2.15695609491597      H
       -2.80278731581913       10.97629110823541       -0.01315824687719      H
        4.66410987574236       -1.68128184196161       -8.88541077259271      H
        2.12618882835686        0.39795469879719       -9.61576451626251      H
        1.18467626686656       -2.87569252443927       -8.73602609321770      H
        1.63607654909848       -6.94228708283042        4.66531767231448      C
        0.21156785116294       -6.02488749778882        6.71263468921680      C
       -2.12677326830579       -4.74098867390076        6.28383862700059      C
       -2.58473914263750       -3.96447559713557        3.61158130168379      C
       -1.16287477595319       -5.07386090713574        1.54962404397418      C
        0.95065893303177       -6.59705963129423        2.16023966320155      C
       -3.66670914750078       -3.49400421983257        8.10382747446011      C
       -4.98420573234338       -1.34369776663806        7.34351507040411      C
       -5.37073073900307       -0.79525627077411        4.84087347910024      C
       -4.16240831731578       -2.09344769750101        3.00721948182670      N
       -3.86654518806155       -4.23252478687297       10.65640534515661      C
       -4.55276144008134       -2.22850821739327       12.35325559310796      C
       -5.49735829888629        0.03475091554180       11.84723695962052      N
       -5.83974086586841        0.51275835129562        9.39185451590003      C
       -7.57792468070621        2.44238258649189        8.61176973049955      C
       -7.90131792904963        3.01345015540145        6.08011487451299      C
       -6.72355075772635        1.51109849386450        4.21013319791898      C
       -3.74749759793794       -6.95467877313433       11.33873065676390      C
       -3.48539711734461       -7.28139841388908       13.96463700126913      C
       -3.78884118910459       -5.36304362007629       15.73337597310723      C
       -4.53167445834786       -2.93772855255781       14.92786612004415      C
       -3.94800073153830       -8.71133129350332        9.46941273583506      O
        0.93886398276023       -6.31074693549919        9.17288804899963      O
        2.55980306157807       -7.16807748330872        0.02144645967461      C
       -3.33269171435480       -5.42415817349912       18.45755405406403      C
       -1.80354050119915       -4.80005458801866       -0.32046455219820      H
        3.31592318231962       -8.08721658625187        4.99701864168823      H
       -6.51527544155788        2.24076058021500        2.22853403355390      H
       -8.46692057722069        3.40961743670549       10.21589787289264      H
       -4.79242930993016       -1.36274341367519       16.13506162023259      H
       -2.46524756615278       -8.92665892223209       14.45188146363308      H
        4.71857051380024       -8.05838250049004        0.23387268371681      O
        1.81669000429289       -6.62808193377772       -2.45023853368755      O
        3.73655934380536       -6.93074645626939       -4.19752639830360      C
       -9.35355026759997        5.33399956360391        5.27232191147075      C
       -8.61049421505883        6.69605194185888        3.58667662195880      O
      -11.55266505422037        5.76550610176376        6.79016153663529      O
      -12.67826732916692        8.14425608041453        6.17762910530068      C
       -3.01029217494070       -3.59395832715354       19.85256148318147      O
       -3.03967655022571       -7.93485005747092       19.28256889285977      O
       -2.01393967082612       -7.99737399112432       21.69937958067523      C
       -6.40434809489026       -9.78961169816005        9.36379666704325      C
        3.39065125567692       -7.36234608873818        9.67957034619956      C
       -2.81994618884897       -9.73494043721544       22.83319949383537      H
       -2.26655821699908       -6.24773992367063       22.61220232935923      H
        0.01110056519847       -8.04498029153124       21.69857103880714      H
      -14.12596641934046        7.77474481885409        4.49680804552776      H
      -11.48331115422794        9.71186235661819        5.66882901192800      H
      -13.72724083232790        9.17816127209080        7.81733230694677      H
        3.46342561200477       -7.39222840806118       11.78601928727453      H
        4.95435878560174       -6.23454731235555        8.74415467808078      H
        3.30246087372981       -9.28893492626435        9.38720910023763      H
       -6.42551943864624      -11.28253659354020        7.85378175974643      H
       -7.61952321876037       -8.23944363891696        8.82993302632074      H
       -6.72837236975333      -10.66090174946146       11.30072901930872      H
        5.59425031229464       -6.93951774693682       -3.37750462944697      H
        3.77861238811394       -4.78845307638685       -4.81699011729249      H
        3.26735534145125       -8.06605102910371       -5.88932608195366      H
$end
