 -1.0
 -0.17743438090506D+01 -0.11200445020804D+01 -0.61278356234354D+01 -0.11780869880801D-03  0.51398125147601D-03 -0.26490559092370D-03
 -0.26187624491768D+01 -0.10421301328676D+01 -0.35903967455180D+01  0.16472448260118D-03 -0.24549240102551D-03  0.38176741814093D-03
 -0.12067721609794D+01  0.64482299861796D+00 -0.18140671240516D+01  0.14611716629440D-03 -0.95138302863665D-04  0.72099071467505D-04
  0.93795198938766D+00  0.18847464288872D+01 -0.25872382878316D+01 -0.94367298557433D-04  0.57549361884904D-03  0.23866777521281D-03
  0.17285048731376D+01  0.19367593516460D+01 -0.50773107734596D+01  0.47634072446713D-04 -0.31665325302991D-06  0.56469170308917D-03
  0.27668808027884D+00  0.48098292739845D+00 -0.69477128456945D+01  0.54928474655950D-03  0.76908969986391D-03 -0.37821628616660D-03
 -0.17702557992699D+01  0.55801793661361D+00  0.80784780071080D+00  0.28025765894511D-03 -0.54154190295977D-03  0.13000036393945D-03
  0.36037595107275D+00  0.10246126566276D+01  0.24139948041551D+01 -0.38506166610208D-04 -0.31798518331567D-03  0.19250389600516D-03
  0.26698052815791D+01  0.19818752647938D+01  0.14404063877160D+01 -0.28015377477658D-03 -0.48634144942029D-03 -0.23646318046627D-03
  0.26333307891379D+01  0.29806405347246D+01 -0.95392656326427D+00 -0.20677237691844D-03  0.69801494350492D-04  0.49327413983803D-03
 -0.42184527067341D+01  0.17743050239326D+00  0.18503530003016D+01  0.38966565184879D-03  0.10291531852983D-02 -0.18703861842709D-03
 -0.42630401628827D+01 -0.61599643778515D+00  0.44495066816698D+01 -0.50835776358381D-03 -0.14284363911006D-04 -0.24850046930968D-03
 -0.21688263957715D+01 -0.39720407404701D+00  0.59647196044366D+01  0.15415218031475D-03 -0.55473992182340D-04 -0.34685951578653D-03
  0.17066599840772D+00  0.71116459580254D+00  0.50833380037476D+01  0.95858292985621D-05  0.12174217289285D-03  0.45056601817313D-03
  0.19859173751934D+01  0.16223299381876D+01  0.67696903015039D+01 -0.41202574272129D-03  0.12963495845889D-03 -0.19544948446714D-03
  0.40346099629693D+01  0.27234002206790D+01  0.56311280341657D+01 -0.42945472539299D-03  0.62532167406176D-04 -0.28045708079628D-03
  0.46431586779197D+01  0.28699474014234D+01  0.29779452080774D+01  0.29651339617677D-03 -0.29299391308983D-03  0.33252197559174D-04
 -0.64125473102764D+01  0.49860114251708D+00  0.38048560717966D+00  0.24258039629827D-03 -0.58894468167985D-03 -0.57350699136628D-04
 -0.86323426648628D+01 -0.65682328281648D+00  0.15388603024608D+01 -0.13719746935114D-05  0.13171545614244D-03 -0.32878620477483D-05
 -0.85482576257235D+01 -0.19659701840492D+01  0.39896388016984D+01 -0.79055703752912D-04 -0.39238737334754D-03 -0.23105755020908D-03
 -0.64177162409712D+01 -0.16428560594794D+01  0.54154188085092D+01 -0.20154295512695D-03 -0.30070898260449D-03  0.47963615315237D-04
 -0.62088055954227D+01  0.17547241775293D+01 -0.18776480249184D+01 -0.28428437932997D-03 -0.54745297745527D-03 -0.44761241237232D-04
 -0.43412478225447D+01 -0.28200988617690D+01 -0.29858593751428D+01  0.38747635422203D-03 -0.47458784359041D-05  0.30225490387517D-03
  0.84536650789026D+00  0.74786281808106D+00 -0.96270887155796D+01 -0.20325587599094D-03 -0.11094401140511D-04  0.24382425174977D-03
 -0.10397364090384D+02 -0.40425071075322D+01  0.51205525718724D+01 -0.38759782335748D-03  0.33302447045393D-04 -0.16979287523445D-03
  0.28861714610477D+01  0.34360955957211D+01 -0.57643194384024D+01  0.33809818731662D-03  0.75470581660661D-03  0.12178096805176D-02
 -0.32148808496852D+01 -0.16956479258242D+01 -0.74039764621367D+01 -0.28149778287357D-03  0.70878389260963D-03  0.69601593284619D-03
  0.63628444400831D+01  0.35596870368146D+01  0.22961729921400D+01 -0.96084054140932D-04  0.31618442719766D-03  0.22648457552477D-03
  0.17780773121395D+01  0.17463394291696D+01  0.88075595829169D+01 -0.51150570035862D-03 -0.41894865926304D-03  0.88669037612654D-04
 -0.68689901198294D+01 -0.22480336023372D+01  0.73597246698631D+01 -0.14686772151087D-02 -0.21675535473427D-03  0.89526294267465D-04
 -0.10369250093992D+02  0.15374999601423D+00  0.88460749746397D+00  0.23218845812258D-03 -0.51812648753427D-03 -0.91916416668142D-03
  0.22322330471851D+00 -0.84005308540463D+00 -0.11164948172888D+02  0.12239962756712D-03 -0.41127697562477D-03  0.57170327103663D-04
  0.13759324093121D+01  0.33475074056688D+01 -0.10313585717765D+02 -0.42043202722481D-03 -0.39825468078291D-03 -0.48064980522275D-03
  0.80829282075087D+00  0.37964343492972D+01 -0.12778044882695D+02  0.35971771490274D-03  0.94944593195411D-04 -0.78556255701006D-04
  0.63183180611646D+01  0.38649814537210D+01  0.68743166634572D+01 -0.46174100566164D-03  0.36842634606782D-04 -0.60679757861691D-03
  0.80991542443407D+01  0.21944610566339D+01  0.71971986880770D+01 -0.33527218358423D-03 -0.35003348580495D-03 -0.43605871705044D-03
  0.63994350194727D+01  0.64109745849464D+01  0.78706895727866D+01  0.38756115327375D-03  0.10887958837479D-03  0.32218388104671D-03
  0.44025389792226D+01  0.77623822441700D+01  0.68349507864821D+01 -0.42510750198655D-03 -0.39012938913271D-04 -0.79386869639380D-03
 -0.10352528146197D+02 -0.39223402321313D+01  0.74301752991546D+01  0.21381082574354D-03  0.16005259936619D-03 -0.45041333629192D-03
 -0.11916822878663D+02 -0.52854495254499D+01  0.35600305732878D+01  0.29329415676701D-03 -0.62062207776429D-03 -0.30143388697713D-03
 -0.13941919280394D+02 -0.66289271885509D+01  0.45671561519593D+01 -0.46223266477998D-03  0.10780908045937D-03  0.98430542711559D-04
 -0.82321641075783D+01  0.32011082169733D+01 -0.28485078510864D+01  0.11622108009281D-03  0.61599333641071D-03  0.56637716442452D-03
 -0.29226105286202D+01 -0.53600206440126D+01 -0.30826221969922D+01 -0.51672539371788D-03  0.37294261118382D-04  0.35610021689397D-03
 -0.13127732832743D+02 -0.83151082992571D+01  0.49550311385660D+01 -0.57037157086048D-03 -0.14335229039448D-03  0.57234023893278D-03
 -0.15164193756292D+02 -0.72245209957183D+01  0.32318754207711D+01  0.64387347433133D-03 -0.51922105508903D-04  0.61930510934121D-03
 -0.14851218052113D+02 -0.57277101769882D+01  0.62124265349460D+01 -0.35091409321466D-03  0.92661294205295D-03 -0.86029470967844D-03
  0.23822491089928D+01  0.75154454881155D+01  0.68492729926565D+01 -0.61234297023235D-03  0.95338457420166D-03 -0.56195099187029D-03
  0.47113737338779D+01  0.79999647775576D+01  0.48789962174618D+01 -0.83406434486733D-03  0.88083649081775D-03  0.13428620542457D-03
  0.50495046958011D+01  0.94623188062466D+01  0.78515580125636D+01  0.27601112126353D-04  0.57714596091879D-04  0.41294887424686D-03
 -0.22353956140679D+01 -0.50683856818995D+01 -0.48529905629716D+01  0.11556266235293D-02  0.99647442744216D-03  0.26254836937112D-04
 -0.38661113962457D+01 -0.69622947384988D+01 -0.27559454237428D+01  0.36827216407743D-03 -0.48689574124688D-04 -0.20748971141042D-03
 -0.16705642423060D+01 -0.50511542979155D+01 -0.14016265620033D+01  0.43644646219030D-03 -0.86989004632968D-03 -0.23856356707956D-03
 -0.76226153291260D+01  0.44081050351200D+01 -0.45902041275945D+01 -0.33250481549138D-03 -0.43657494525022D-03  0.46146627570427D-04
 -0.95671948462060D+01  0.39992770245813D+01 -0.14203934000213D+01 -0.62474765643462D-03  0.13582270699360D-03  0.54533098982419D-03
 -0.92325352531873D+01  0.13724426439064D+01 -0.37011263495375D+01  0.38113962946700D-03  0.51733001109594D-03 -0.81940554045303D-04
  0.19962342186651D+01  0.55015337365756D+01 -0.12929980223013D+02  0.68066163730958D-04 -0.39932608099210D-03 -0.86634855793778D-03
 -0.11242331143470D+01  0.44426530694831D+01 -0.13290122623394D+02 -0.29738998346264D-03  0.49533967954862D-03  0.42281366068120D-03
  0.13216382161011D+01  0.20824374330370D+01 -0.13922079231677D+02  0.40083041690128D-03 -0.77783726953925D-03 -0.82245689029112D-03
 -0.33980448283948D+01  0.73072914391486D+01  0.10220479435885D+02  0.14101897743411D-03 -0.52784738818298D-04  0.29403964222017D-03
 -0.38166063397877D+01  0.46214816278790D+01  0.10078429720028D+02 -0.58551488662858D-03 -0.38673470410422D-03 -0.37363103726587D-04
 -0.20181423938098D+01  0.31530859978329D+01  0.11837485563351D+02  0.42710771186480D-04  0.13520147493176D-03 -0.30550555002656D-03
  0.37033942090557D+00  0.42127959687080D+01  0.12542984323956D+02 -0.39991919162027D-04  0.36773801899518D-03 -0.40599508775096D-03
  0.72609402159958D+00  0.66792561658236D+01  0.12030121394124D+02  0.46238070696465D-03 -0.76709535266390D-04  0.16126454751864D-03
 -0.10124181369303D+01  0.82737337967145D+01  0.10660885094902D+02  0.48726572339203D-03  0.22584793344776D-03  0.15754251314482D-03
 -0.21208171260712D+01  0.24322521694731D+00  0.11920965373519D+02 -0.34185414705319D-04 -0.38123167868832D-04  0.17765870619859D-03
  0.38457556402151D+00 -0.12249011601855D+01  0.11692656169729D+02  0.36995442225056D-03 -0.68917555043074D-03  0.57360740300488D-04
  0.23486427371164D+01  0.18110415095213D+00  0.12820772894107D+02 -0.42296373401402D-03  0.15928193841843D-03  0.10222072905429D-04
  0.24047307804927D+01  0.26898794371135D+01  0.13511510327565D+02  0.12046168612854D-03  0.37654065957177D-03  0.60376131329464D-03
 -0.43446546477486D+01 -0.10348158962375D+01  0.12594474158902D+02 -0.28644488938398D-03 -0.63806590836944D-03  0.82287977025102D-04
 -0.44856172661609D+01 -0.34544704567118D+01  0.11547497032718D+02  0.11014596509334D-03  0.74364906855526D-04 -0.13098217504649D-03
 -0.20880345670945D+01 -0.47792964614815D+01  0.11219770430567D+02  0.14890324066728D-03  0.35898711135961D-03  0.68808960685123D-04
  0.98587692204043D-01 -0.37861506545374D+01  0.11893196186824D+02 -0.99429735493238D-04  0.20484965694497D-03  0.31469051124334D-03
  0.23898985185867D+01 -0.51697048834013D+01  0.12552481013449D+02 -0.24059603392502D-03  0.41392355630409D-03  0.14269905216842D-03
  0.45745192409266D+01 -0.39895243173624D+01  0.13303259652276D+02 -0.15746988498329D-03 -0.10942440925713D-03 -0.22122318320095D-03
  0.46314945129742D+01 -0.13061665939681D+01  0.13092363413566D+02  0.23948799728711D-03  0.42383008785722D-03 -0.25633153184841D-03
 -0.64173338629119D+01 -0.31912585269506D+00  0.14012624944007D+02  0.59010860419915D-04 -0.43063017656892D-03 -0.36940326473652D-03
 -0.82384659413090D+01 -0.21825128366554D+01  0.14486042188793D+02  0.42095269057938D-04  0.81263650475973D-03  0.16257364789316D-03
 -0.82739849826997D+01 -0.46804562084473D+01  0.13836116874820D+02 -0.61093652953763D-03  0.43878226559592D-03  0.35977638750782D-04
 -0.65494348034819D+01 -0.53185213200107D+01  0.12001250594263D+02  0.34100621122499D-03 -0.45487732970391D-03 -0.22431295164462D-04
 -0.61164811220566D+01  0.18619053323135D+01  0.15533753577973D+02  0.25916373931634D-03 -0.13447744308504D-03  0.61502154564082D-03
 -0.57491779122323D+01  0.37427898609878D+01  0.84627677914312D+01  0.41266896173803D-03  0.28882706033284D-03  0.23180688007565D-03
 -0.64357004633674D+00  0.10985503649885D+02  0.10168700720498D+02 -0.22468800276112D-03  0.42515208071584D-03 -0.30052198343198D-03
 -0.10482337445860D+02 -0.64139759363195D+01  0.14496213860997D+02  0.38662689064738D-04 -0.52517890512978D-03  0.54887241180801D-03
  0.22841361079490D+01  0.77070070678034D+01  0.12827782551158D+02 -0.71004049979340D-03  0.86204522541583D-03  0.53213611245919D-03
 -0.50062284378002D+01  0.84845685580288D+01  0.99702827881289D+01  0.61973647076183D-03 -0.13393670586813D-02 -0.97069669476833D-04
  0.62293654577314D+01 -0.52805233786016D+00  0.14241067162868D+02 -0.41748954230003D-03 -0.14911840514230D-02 -0.90912982715720D-03
  0.25163019799856D+01 -0.72536986503521D+01  0.12189820930796D+02 -0.64087068027807D-03 -0.17331669530847D-03  0.29606903608754D-03
 -0.66561084367636D+01 -0.73558678653013D+01  0.11281549598675D+02  0.11230202168717D-03 -0.42715270568197D-03  0.10965833016141D-02
 -0.97702713070936D+01 -0.18251266707262D+01  0.15885094362441D+02  0.12571315197199D-02  0.42733637999292D-03 -0.23963561696051D-03
 -0.12086382711468D+01  0.12564662211293D+02  0.11847062849820D+02 -0.33490975020993D-03 -0.63550585639172D-03  0.16001441324212D-03
  0.70921116537658D+00  0.11788443280784D+02  0.80450331555729D+01  0.84109095702644D-03  0.28544082517796D-03  0.43012122045947D-03
  0.13843166109690D+01  0.14289679189664D+02  0.85665572738650D+01  0.46840842028826D-03  0.33762937299911D-03  0.15392860273696D-03
  0.71233289887817D+01 -0.52693111482986D+01  0.13097575349311D+02 -0.20200827542971D-03 -0.37404861228373D-04  0.47172211529891D-03
  0.88051300312734D+01 -0.40020235108028D+01  0.14060005483571D+02 -0.16594221471375D-03  0.58824067799389D-03 -0.17390891981118D-03
  0.70443119668215D+01 -0.76127653685320D+01  0.12177497104736D+02 -0.29731828915705D-03 -0.84520678114928D-04  0.66778339430750D-04
  0.92471209095600D+01 -0.90578310086862D+01  0.12959509652139D+02  0.31208274068721D-04  0.17078989064823D-04 -0.17574604805260D-03
 -0.10704647030803D+02 -0.86435463954664D+01  0.14095001255781D+02 -0.10899924224194D-03 -0.41546640910805D-03  0.98351204379568D-04
 -0.12556781643270D+02 -0.52112963030114D+01  0.15367169481254D+02  0.45188157062179D-03  0.52537108099034D-03 -0.41147980733962D-03
 -0.14926224224920D+02 -0.61451005739108D+01  0.15372556040532D+02 -0.40652975902980D-03 -0.25158992288695D-03 -0.35412786373874D-03
 -0.67170422145065D+01  0.17876316055421D+01  0.18304761645922D+02  0.27447175128810D-03 -0.11492865686828D-03  0.94593888097112D-04
 -0.77718780291109D+01  0.52440264126851D+01  0.81985863217001D+01  0.93478193304673D-04 -0.15060630155290D-03  0.99357252537412D-04
 -0.16124313834273D+02 -0.45881758464692D+01  0.15945562997137D+02  0.12121201099173D-02 -0.23067541681580D-03 -0.16395253624397D-03
 -0.15163481479295D+02 -0.77352599103534D+01  0.16846782273133D+02  0.29485017132259D-03 -0.15427486748431D-03  0.13402699524603D-03
 -0.15074439726439D+02 -0.70490478675191D+01  0.13418805630405D+02  0.80712844690162D-03  0.81467740405245D-04 -0.33167227925013D-03
  0.10680531727125D+02 -0.97425810435192D+01  0.11757857385848D+02 -0.44648098545769D-03 -0.86018785735814D-03 -0.69276436297572D-03
  0.81222512030121D+01 -0.10575782072133D+02  0.13871066283981D+02 -0.35535062381254D-03 -0.16442502059412D-03 -0.20145049123822D-02
  0.99129858328147D+01 -0.78069527686400D+01  0.14626289875265D+02  0.16391547454519D-02 -0.15934024280073D-04  0.13304692469473D-02
 -0.76283573147435D+01  0.65525884489930D+01  0.64724734664356D+01 -0.73656333700323D-03  0.35044388060306D-03  0.96863465582809D-04
 -0.85420046669869D+01  0.61171544162853D+01  0.97846150738525D+01  0.90284568240389D-03 -0.44156899758239D-05 -0.25190515129755D-03
 -0.93104245579898D+01  0.38933760663905D+01  0.76912046449756D+01 -0.15621196492077D-03 -0.42808613290979D-03  0.26568775241518D-03
 -0.78197475044887D+01  0.99757722447555D-01  0.18460666368697D+02 -0.12177006091541D-02  0.14364952623711D-02  0.61944702221673D-04
 -0.78725762164460D+01  0.33556440401716D+01  0.18793482252571D+02 -0.65888073307775D-04  0.16255346167593D-02 -0.88901831761640D-03
 -0.49258347395933D+01  0.16130071773806D+01  0.19180242282717D+02  0.26322396643478D-04 -0.68095798357556D-03 -0.15494471803809D-02
  0.24088950814245D+01  0.14981714124918D+02  0.69846720630884D+01 -0.52473907831723D-04 -0.24417823393560D-04  0.19914360250274D-03
  0.26460157309219D+01  0.14361509489583D+02  0.10156194297947D+02 -0.47976497801569D-03  0.70626149317176D-03 -0.45831488856298D-03
 -0.37348151987482D+00  0.15383177208546D+02  0.87131176185295D+01  0.27276036942308D-03 -0.14435990342543D-02  0.14789144271771D-03
