 -1.0
 -0.63604454871557D+01  0.15491225319581D+01 -0.22587809022866D+01 -0.62106833415019D-04  0.10264690960904D-03  0.29293259244357D-03
 -0.53883628953273D+01 -0.18195975127160D+00 -0.49624350610611D+00  0.32101175630271D-03  0.10989284106259D-03  0.26532233009222D-03
 -0.32592638297374D+01  0.41338603170126D+00  0.11336410024307D+01  0.14015334246026D-03  0.12084008460286D-03  0.16839973172014D-03
 -0.17675065381067D+01  0.26012673430107D+01  0.25224897295532D+00  0.23913735991235D-03 -0.20413217977230D-03  0.23324251165921D-03
 -0.27002488745008D+01  0.41478639062583D+01 -0.16516822916389D+01 -0.11458559087051D-03 -0.24450823273357D-03  0.26754272329042D-03
 -0.49237328283447D+01  0.36363371672664D+01 -0.28877808241445D+01  0.29631069252660D-04 -0.37596103009347D-03  0.15560809465672D-03
 -0.24668409627756D+01 -0.12693463998676D+01  0.30278442071540D+01 -0.17366207029962D-03  0.49308457455126D-04  0.12461426677861D-03
 -0.11073796441203D+00 -0.76111156910378D+00  0.40768383790250D+01 -0.32465865462549D-03  0.61004812708580D-06  0.26623661758935D-03
  0.13278057126324D+01  0.14816715854651D+01  0.31641822740719D+01 -0.19564779945519D-03  0.82794523517126D-04  0.27281216502110D-03
  0.63728674169347D+00  0.29828951590699D+01  0.11383798236603D+01  0.16233108794921D-03  0.10763521871008D-04 -0.33552716601579D-03
 -0.37319057612641D+01 -0.33675212344254D+01  0.42042863481318D+01 -0.50300829056958D-04 -0.14723400597918D-04 -0.12443170419320D-03
 -0.22280967042528D+01 -0.52595414564959D+01  0.52539108787342D+01  0.17858026854867D-03  0.43420001393339D-04 -0.28016016075798D-03
  0.20593993635742D+00 -0.49360775064134D+01  0.59742430619768D+01  0.23913834560604D-03  0.16047648221177D-03 -0.32732724667030D-03
  0.10804317351009D+01 -0.25162616683697D+01  0.56490039847724D+01  0.41266274155749D-03 -0.92012469364944D-04 -0.47444778343719D-04
  0.34907023966744D+01 -0.21574731497084D+01  0.64746491644469D+01  0.15260967380557D-03  0.59967006516868D-04  0.12314829560189D-04
  0.48545587015114D+01 -0.62553602264386D-01  0.56362376983448D+01 -0.30206167346700D-03 -0.52358728467290D-04 -0.68539207365233D-04
  0.38456972885713D+01  0.17065605068735D+01  0.39402165928530D+01 -0.16674367283671D-03  0.57728599090273D-04 -0.13539102119591D-03
 -0.64580682924787D+01 -0.36991517359997D+01  0.44288661421964D+01  0.28786199107940D-03 -0.94907411710228D-04 -0.57959022126217D-03
 -0.73119014897782D+01 -0.62569300029345D+01  0.47527998127269D+01  0.45564971168480D-04 -0.35372469378912D-03  0.39700612015293D-04
 -0.57301593184706D+01 -0.81267371991118D+01  0.56202988986365D+01 -0.60355933859203D-05  0.20433617980581D-03  0.10996823154712D-03
 -0.32569125319972D+01 -0.75758134382006D+01  0.59295771724371D+01 -0.61134801101888D-03  0.39533995676781D-04 -0.21026863089275D-03
 -0.80248650866296D+01 -0.16246714846794D+01  0.44591621475321D+01 -0.95403546727657D-04 -0.25097926848353D-03  0.25310154275461D-03
 -0.64808693600986D+01 -0.26540079814870D+01 -0.62510137571324D+00 -0.12653512156984D-03 -0.24369444187660D-03 -0.31901855902238D-04
 -0.59432225922057D+01  0.52225189288902D+01 -0.49201659505389D+01  0.59556734457288D-04 -0.12114849033593D-03  0.16581228094098D-05
 -0.65943508419815D+01 -0.10825500611951D+02  0.60252039416703D+01 -0.22332343891487D-03  0.13207686160048D-03 -0.26794857731415D-03
 -0.18486858334158D+01  0.60490857156855D+01 -0.18956476746115D+01 -0.11747506698430D-03  0.42458000870499D-04 -0.10271788732545D-02
 -0.79999289550982D+01  0.11272635839353D+01 -0.34348908591029D+01  0.37375623148745D-03 -0.39313587906776D-03 -0.25304400397211D-03
  0.51531814568063D+01  0.31623344940991D+01  0.29118014357863D+01  0.34641807524387D-03 -0.33168206095976D-03 -0.65714526553484D-03
  0.45395654892706D+01 -0.37313421293079D+01  0.71559869826777D+01  0.60865319621419D-03 -0.12550192847559D-03  0.30708026681427D-03
 -0.19612692386895D+01 -0.91004503993835D+01  0.61977194387948D+01  0.95388944655678D-05  0.63054141149601D-03  0.36200172374062D-03
 -0.92016531034655D+01 -0.66573721927848D+01  0.44508564437108D+01 -0.28228807240748D-03 -0.33271112575706D-03  0.34067624717936D-03
 -0.51679836210517D+01  0.75505510577675D+01 -0.51255444931724D+01 -0.14025542353968D-03  0.13233884498910D-03 -0.47643955085728D-04
 -0.77164381025765D+01  0.41802236771711D+01 -0.64086400452454D+01  0.25049706058864D-03 -0.21713335875280D-03  0.47645516815165D-03
 -0.88813750104329D+01  0.61293560062691D+01 -0.78767157844998D+01 -0.18942625032510D-03  0.23020256142854D-03  0.27450956875192D-03
  0.74541751198167D+01  0.16870898222430D+00  0.64603872827758D+01 -0.11605979271629D-03  0.29244869309393D-03  0.78421708531618D-04
  0.83025630195087D+01 -0.13436961732218D+01  0.79194932192663D+01 -0.38545834304471D-03  0.90560140741628D-04  0.68548040292466D-04
  0.87116207194891D+01  0.21773035838915D+01  0.54598174806424D+01 -0.10240110799339D-03  0.62338685145294D-04 -0.41230146700723D-03
  0.11307515304193D+02  0.21463039925266D+01  0.61955516999668D+01  0.14052102707024D-03 -0.12225612152709D-03  0.13885178569866D-03
 -0.54383286069925D+01 -0.12074019271477D+02  0.75510193345647D+01 -0.58794641521674D-04 -0.44892969465408D-04  0.13647459747458D-03
 -0.85094041955885D+01 -0.11668975374205D+02  0.44666259741534D+01  0.18575949836460D-03 -0.43882011157510D-04  0.94647771080162D-04
 -0.89547107823508D+01 -0.14448585906954D+02  0.43974731075437D+01  0.12946974437243D-03 -0.69326071479089D-04 -0.62988624267831D-04
 -0.10643240868518D+02 -0.19156201539617D+01  0.44073541431895D+01 -0.31420138009189D-03 -0.11491622726581D-03  0.13036357285872D-03
 -0.85976990534295D+01 -0.32210530040911D+01 -0.22203635192543D+01  0.49814139551659D-04 -0.34948023358353D-04 -0.31745977943087D-03
 -0.10540147230413D+02 -0.15197982821879D+02  0.33184461822624D+01  0.10241989105101D-02 -0.17034528468291D-03 -0.11002781452685D-02
 -0.90977936128698D+01 -0.14927834864975D+02  0.63652660647719D+01 -0.28545984215124D-03  0.29733286620290D-03 -0.14566162597921D-03
 -0.72941559348188D+01 -0.15183284456801D+02  0.35863614506859D+01 -0.16404757894292D-03  0.42427793066327D-04 -0.74685657928061D-03
  0.11517702262719D+02  0.25860909457646D+01  0.80606543701421D+01  0.23288192365539D-03 -0.42372136440288D-03 -0.16112713554742D-03
  0.12409342636924D+02  0.35148795294003D+01  0.51395770024888D+01  0.29114995469176D-03 -0.46410381283995D-03 -0.47326904229431D-03
  0.12046662286295D+02  0.22196752727930D+00  0.59858337599207D+01  0.46630507825327D-03 -0.53051679789861D-04  0.30041511172579D-03
 -0.81890794727703D+01 -0.26252808933984D+01 -0.41560654583280D+01  0.49731138256520D-03  0.32505769146446D-03 -0.24059310292205D-03
 -0.10497648658688D+02 -0.26113350007506D+01 -0.15995755485250D+01  0.12870523649809D-03  0.59930525972962D-03  0.12915898938015D-03
 -0.87601936143672D+01 -0.54193901051460D+01 -0.23690507001156D+01 -0.90767139896028D-03 -0.94079889265639D-05 -0.81647206535648D-03
 -0.11172421486953D+02 -0.66551878595452D-01  0.36801674960213D+01 -0.14808718824752D-03 -0.30309974111033D-03  0.24661511451739D-03
 -0.11178103839055D+02 -0.20418239822055D+01  0.64957995046397D+01 -0.29491609746516D-03  0.49326053446751D-03 -0.35038448153760D-03
 -0.11378224145856D+02 -0.35998225356627D+01  0.33994380012756D+01 -0.27546712914506D-03 -0.40022443889620D-03  0.49934446899020D-03
 -0.99900621284127D+01  0.51561412794575D+01 -0.92744616454822D+01  0.13287543354123D-03  0.50260828261890D-03  0.22925175048289D-03
 -0.74103718459436D+01  0.72684876617991D+01 -0.88400592448139D+01  0.36422856310453D-03 -0.32067241274636D-03  0.66114891347429D-03
 -0.10080912374488D+02  0.72785037739967D+01 -0.67662346551198D+01  0.10226652606835D-03  0.12972686459949D-03 -0.17790815512758D-03
 -0.29577271038229D+01  0.77700374344344D+01  0.65432606630183D+01  0.35049894233991D-03  0.11328532404302D-03 -0.18140357965380D-03
 -0.31195502653789D+01  0.54984606379874D+01  0.77708208973397D+01 -0.11055015904684D-03 -0.15252348448364D-03  0.11891563156734D-03
 -0.10355070377063D+01  0.47508839493004D+01  0.92956138971847D+01  0.71351494618460D-04 -0.11681919003179D-03 -0.77475052708155D-04
  0.12339940603285D+01  0.62808832087697D+01  0.92138437741168D+01 -0.24321416532050D-03  0.53230484237005D-05 -0.20245106186623D-03
  0.12987340360029D+01  0.86428185081236D+01  0.78404619415826D+01  0.31838627583218D-03  0.14973938879881D-03  0.31986219527939D-03
 -0.82559548336253D+00  0.92882720748890D+01  0.64121901900130D+01  0.35358667936868D-03 -0.27870316285563D-03  0.28167352619030D-03
 -0.10137136016711D+01  0.23920992570591D+01  0.10653032561294D+02 -0.15203003674618D-03  0.58146499245396D-04  0.13248681717403D-03
  0.13135014168058D+01  0.15131184349363D+01  0.11576912161557D+02 -0.12635339058309D-03  0.95752176518427D-05 -0.29588552488397D-03
  0.33273644581459D+01  0.33242257453681D+01  0.11656181823176D+02 -0.29169218852734D-04  0.21087158644150D-03 -0.10717381435902D-04
  0.32636988903108D+01  0.57495019688803D+01  0.10598176220684D+02  0.92785749093967D-04 -0.88219528505819D-04 -0.27583362866726D-03
 -0.31769799200207D+01  0.90222322145070D+00  0.11344908011748D+02  0.51935158543130D-04  0.29313501232110D-04 -0.13114608897689D-03
 -0.27839657200187D+01 -0.16782593723161D+01  0.11931546759371D+02  0.29508968277561D-04 -0.21678988687302D-03  0.21072492855885D-03
 -0.37455838736026D+00 -0.26565504865277D+01  0.12322757443583D+02  0.37676301570230D-03  0.30901938355692D-03  0.30486782199611D-05
  0.15487579650974D+01 -0.10070678926400D+01  0.12320187916009D+02  0.16485213643227D-03 -0.14229940729972D-03 -0.20275297799219D-03
  0.38951010568580D+01 -0.18535925126401D+01  0.13177094599227D+02  0.31537833848001D-04  0.65590305510641D-04  0.13619512630772D-03
  0.57913330929658D+01 -0.69773719740215D-01  0.13539272700130D+02 -0.12168047638029D-03  0.19026306046675D-03  0.15224811667593D-03
  0.54936276255608D+01  0.24206924343093D+01  0.12569857454638D+02 -0.27566526280880D-03  0.76262785236223D-04 -0.17136078777099D-03
 -0.57295868849798D+01  0.20031693380163D+01  0.11536774068126D+02  0.34310760582667D-03  0.63496567614677D-04  0.73428008846355D-04
 -0.78191017574047D+01  0.31849704270726D+00  0.11972338143240D+02  0.81352388874513D-04  0.40021986537458D-04  0.92797846203327D-04
 -0.73837905716332D+01 -0.22874917294164D+01  0.12037958634995D+02 -0.23748993331280D-03 -0.35035469648128D-03 -0.22275460335887D-03
 -0.49552118010111D+01 -0.32463451616353D+01  0.12161625841317D+02 -0.51748689043830D-03  0.81623891210962D-04 -0.18451026009286D-04
 -0.58312700180058D+01  0.45918285371908D+01  0.11893678849341D+02  0.19184944846616D-03  0.21052119892988D-03  0.34048496104265D-04
 -0.49401702580044D+01  0.38561319980738D+01  0.73885822097483D+01 -0.69468225823745D-04  0.91454304173534D-04  0.10834894175458D-03
 -0.84366331853865D+00  0.11581127857234D+02  0.48422191657803D+01  0.25807928261721D-03 -0.10042136732622D-04  0.23762374921323D-03
 -0.96102956588420D+01 -0.37970180882980D+01  0.12038483811405D+02  0.21259487360183D-03  0.17102072234269D-03 -0.17276629568180D-03
  0.30091211054799D+01  0.97106230074763D+01  0.76959483451587D+01 -0.25738878844380D-03  0.37098619337753D-03  0.14252788473712D-03
 -0.43556657807583D+01  0.83988235886905D+01  0.52716957836324D+01 -0.98540383790716D-03  0.32175758094705D-03 -0.64280696524013D-03
  0.72705116936684D+01  0.35746125025425D+01  0.12241028225435D+02 -0.26694345010547D-03 -0.88481048583408D-03 -0.53065513299152D-03
  0.43036904936281D+01 -0.36763726342337D+01  0.13887920967815D+02 -0.11361914588934D-03  0.27070968315725D-03 -0.26799031021152D-03
 -0.48861684709402D+01 -0.52166654618304D+01  0.12627662057355D+02 -0.50408154208247D-03 -0.18128166586539D-03  0.11476570455275D-03
 -0.96307479416862D+01  0.91255966461274D+00  0.11999459026809D+02  0.14469094505192D-03  0.50834653228524D-03  0.18583833932298D-03
  0.95312451574315D+00  0.13012240131976D+02  0.45170304887665D+01 -0.39521376535892D-04 -0.16751981503993D-03 -0.31117776418383D-03
 -0.31044902152541D+01  0.11735059546919D+02  0.36054299161066D+01  0.22610686854165D-04 -0.89284389132781D-04  0.20571939845467D-03
 -0.29035770198327D+01  0.13733300317824D+02  0.18887260266682D+01  0.10272930891180D-03  0.79747140380455D-04  0.41914850198540D-03
  0.82681266882280D+01 -0.10850090709652D+01  0.14631584455438D+02 -0.45631593396720D-03  0.16283061372699D-04  0.14445593257550D-03
  0.82565463425583D+01 -0.32571453193997D+01  0.15234216617820D+02 -0.77282614245222D-04  0.55609893105801D-04  0.18796200226417D-03
  0.10295937864918D+02  0.58782601991557D+00  0.15078411575712D+02 -0.58197958494465D-04  0.31973752612691D-03  0.18218466644089D-03
  0.12537167866147D+02 -0.40898045856890D+00  0.16119009676297D+02 -0.14149448806318D-03  0.21197652599527D-03 -0.60628004287752D-03
 -0.11706024673862D+02 -0.28902984201332D+01  0.11509113928922D+02 -0.20634144266045D-03  0.10351939531693D-03  0.33634590921166D-04
 -0.91165281765664D+01 -0.63306284562813D+01  0.12574344902743D+02  0.47059519579511D-03  0.87964814918212D-04  0.23612063643696D-03
 -0.11284088614166D+02 -0.78620730744652D+01  0.11899401688519D+02  0.14240439525732D-04  0.43165748170596D-05  0.85297582062375D-04
 -0.82689917331908D+01  0.58120761808222D+01  0.12382197203782D+02 -0.26932157788493D-03  0.10147857678283D-03 -0.11357895810526D-03
 -0.66519218164961D+01  0.42653646229575D+01  0.53427712678077D+01 -0.61078935519416D-04  0.10684171364933D-04 -0.27316668195202D-03
 -0.10836559243703D+02 -0.98249160703641D+01  0.12079398067978D+02 -0.69463396202658D-03 -0.36004331576068D-03 -0.41868783966267D-03
 -0.11798721149392D+02 -0.73709567488763D+01  0.99813463479215D+01  0.22488385503725D-03 -0.20533013534719D-03  0.58183863899668D-03
 -0.12880954781434D+02 -0.76440372450903D+01  0.13180483130389D+02  0.17203206541765D-03 -0.22496690110026D-03  0.39458795182595D-03
  0.13453772965217D+02 -0.15984913392290D+01  0.14661395896677D+02 -0.18468986506154D-03 -0.24301072732278D-03  0.83286899694614D-03
  0.12487474420894D+02 -0.13898303228322D+01  0.18030114210671D+02 -0.22610326945114D-03 -0.10920749160309D-03  0.79712218254943D-03
  0.13854689219083D+02  0.11681029849219D+01  0.16341240869229D+02 -0.35325489180346D-03 -0.24097870043991D-03 -0.51187527441805D-03
 -0.57569030542856D+01  0.39562859944635D+01  0.34585213274679D+01  0.54789416175357D-03 -0.94875957026132D-04 -0.19877762348676D-03
 -0.74245754796032D+01  0.61467204365881D+01  0.54572760993367D+01 -0.64467978231306D-03  0.61796165892494D-04  0.60595585444064D-03
 -0.79392788565419D+01  0.26502489300331D+01  0.56133649151201D+01  0.53107284278972D-03 -0.54312917129086D-03 -0.35279949218774D-03
 -0.78598251222343D+01  0.78136902777125D+01  0.12633521982142D+02  0.76199329623242D-03 -0.53716001042224D-03  0.30374370751174D-03
 -0.85721015189940D+01  0.52359530570908D+01  0.14314435613614D+02  0.47363069188925D-04  0.86218536947113D-04 -0.18027924144971D-03
 -0.94728570263094D+01  0.52033652674786D+01  0.10865090281682D+02  0.81063285964442D-03  0.10478182178830D-03  0.14655834987647D-03
 -0.45430403148768D+01  0.13901946810535D+02  0.74794148523715D+00  0.35567817954940D-03  0.60686463000035D-03 -0.59311660328616D-03
 -0.11479211693655D+01  0.13424298998679D+02  0.71223258896063D+00 -0.23964411798771D-03 -0.55278874170592D-04 -0.27544383903980D-03
 -0.27447877700554D+01  0.15490643717570D+02  0.27750371200827D+01 -0.25757310677730D-03 -0.30312052547580D-03 -0.29622791433676D-04
