 -1.0
 -0.64324025443682D+01 -0.12780454629376D+01 -0.28481023262181D+01  0.47865640784751D-03  0.30763973555481D-03 -0.10113060214783D-03
 -0.43430387268167D+01 -0.17289136032598D+01 -0.12878234829152D+01  0.15553638161298D-03 -0.75149499376552D-04  0.66202384252112D-03
 -0.34400940787982D+01  0.43684669455215D+00  0.53455729437982D-01 -0.46779041827986D-04  0.40155184650840D-03  0.17422369155707D-03
 -0.41603294995413D+01  0.29405354520426D+01 -0.11885901618929D+01  0.38388935901696D-03 -0.72250582606206D-03 -0.13310374554180D-03
 -0.60750464842721D+01  0.33340064360934D+01 -0.30034416594789D+01  0.29508150893729D-03  0.63117253879442D-03  0.31270677357337D-03
 -0.74276142444422D+01  0.12318966578477D+01 -0.38373476156721D+01 -0.70466199603760D-04  0.69384477632966D-03 -0.29186194310103D-03
 -0.15715171910331D+01  0.58968624910239D+00  0.21131781475145D+01  0.86724766291633D-03 -0.26146623720920D-03  0.74335821630973D-03
 -0.99100516562250D-01  0.26443029388146D+01  0.20860016358651D+01 -0.27686569816157D-03 -0.36839531442092D-03  0.26386074566444D-03
 -0.69764301908051D+00  0.50216704530026D+01  0.95347900505269D+00  0.34993908967924D-03  0.23649799989865D-04  0.52207457071450D-04
 -0.26155107655252D+01  0.49566940003330D+01 -0.82803209512186D+00  0.69328156010094D-04 -0.38768264281323D-03  0.95723478457841D-04
 -0.13975549087856D+01 -0.15577804725649D+01  0.37596794652369D+01  0.11335425280038D-02 -0.77121745703361D-04  0.34616974265467D-03
  0.98384122753764D+00 -0.20303152199466D+01  0.48567586117603D+01  0.24637694542083D-03  0.66506305936949D-03  0.36929541823757D-03
  0.24793679237640D+01 -0.27538664579724D-01  0.46473756382212D+01 -0.15594709331150D-03  0.12413698854470D-03 -0.44801448713263D-03
  0.19359324806142D+01  0.23839863847573D+01  0.38842435651783D+01  0.58699003120097D-06  0.35182961308292D-04  0.13321000287908D-03
  0.40307360677283D+01  0.38844162122457D+01  0.33632709631112D+01  0.20686247046929D-03 -0.22480619004661D-03  0.11382240835783D-03
  0.35374362484827D+01  0.62064592014580D+01  0.22914031737575D+01 -0.82076405069008D-03  0.41713052634433D-03  0.41645630638190D-03
  0.12536218918846D+01  0.67666103874134D+01  0.12719945925818D+01  0.78838003195230D-04 -0.24588210062835D-03 -0.41559711759904D-04
 -0.31955180116018D+01 -0.34611052026815D+01  0.36810742197024D+01 -0.68426071499284D-03 -0.23492609178899D-03  0.42595768596536D-03
 -0.22785197611072D+01 -0.59679941829890D+01  0.44948988968372D+01 -0.13235568468782D-03 -0.79599202399882D-03  0.10249319350775D-02
 -0.12673073699364D+00 -0.65091468269264D+01  0.57726307448074D+01 -0.71630271202441D-03 -0.35529042427150D-03  0.13743710829703D-03
  0.14285882110317D+01 -0.44443417665020D+01  0.58872515715865D+01  0.60813196798349D-04 -0.25348286448994D-03  0.27092456579312D-04
 -0.58108532681998D+01 -0.26104221640248D+01  0.35943382189075D+01 -0.24812366279000D-03  0.13005775267536D-03 -0.29213169825439D-03
 -0.32082058316318D+01 -0.40519059231923D+01 -0.74641098640045D+00 -0.30618631458372D-03  0.16393512534107D-03 -0.12787510986290D-03
 -0.97099084241128D+01  0.14095979092561D+01 -0.53552687686256D+01 -0.92266495639691D-04 -0.54894609081089D-04 -0.27804359938019D-04
  0.10496698223950D+01 -0.87351076728577D+01  0.73952354311866D+01  0.41553268951420D-03 -0.25708380402069D-03  0.20813760775371D-03
 -0.63459197253897D+01  0.50460970141719D+01 -0.40622121055124D+01  0.57708692340345D-03  0.41859014941286D-04  0.12721658401845D-03
 -0.73260770249988D+01 -0.30415074714706D+01 -0.35440090883656D+01 -0.21783176669205D-03 -0.14252444483509D-04 -0.13087071373089D-04
  0.11629826764431D+01  0.87390906441170D+01  0.40715792867695D+00 -0.49509824249127D-03 -0.25532570257336D-03 -0.19987919519778D-03
  0.59992761107885D+01  0.33637380145055D+01  0.34548088071316D+01  0.14488991071014D-03  0.19565657333532D-03 -0.32907787815325D-03
  0.33015695702827D+01 -0.45984516810437D+01  0.63444643033724D+01  0.75110181331272D-03  0.98694306844211D-03  0.13029615705993D-02
 -0.35565753676080D+01 -0.75951075635809D+01  0.43262294504892D+01 -0.24114741659985D-03 -0.10458915740900D-02 -0.12430199928081D-03
 -0.10913633779086D+02 -0.59161808996391D+00 -0.59323903221643D+01 -0.77133867295181D-04 -0.59435756399559D-05 -0.17909885992031D-03
 -0.10356453539208D+02  0.39987827045928D+01 -0.61432333204639D+01  0.10699049898949D-03  0.10874473404947D-03 -0.45784155715891D-03
 -0.12682012455288D+02  0.39863380099789D+01 -0.69647837732479D+01  0.42705727252632D-03 -0.60905879193837D-04  0.97454241355171D-03
  0.56681425450374D+01  0.78987180431209D+01  0.25582615595651D+01 -0.21666370972111D-03 -0.13520710420644D-03 -0.85592970428350D-03
  0.51350453746281D+01  0.10324861159716D+02  0.22721845942292D+01  0.72285279446547D-04  0.29223192193751D-03  0.12727882526354D-04
  0.79806791425592D+01  0.69810237231945D+01  0.24963498372629D+01 -0.69505798106714D-03  0.52969132686072D-03  0.11022528160433D-03
  0.95487236863361D+01  0.90727960259065D+01  0.35635838501356D+01  0.10764841711845D-03  0.68243189327101D-03  0.23976681951421D-03
  0.13083203284621D+01 -0.81385464842349D+01  0.96789378407875D+01 -0.18710045894704D-03 -0.78829715835747D-04  0.90943025798273D-04
  0.15921567218761D+01 -0.10937695364883D+02  0.62292362386106D+01 -0.83065212977349D-04 -0.22760919032468D-03 -0.31175589382350D-03
  0.27327007711724D+01 -0.12471099038253D+02  0.79550327333057D+01 -0.92414235013748D-04  0.58245197160244D-03  0.12371487282144D-03
 -0.77941477674431D+01 -0.44555811477261D+01  0.34621302205622D+01  0.61441443019022D-03  0.12529998852152D-03 -0.51783883604555D-03
 -0.65028037773364D+00 -0.39170553163343D+01 -0.15229806751308D+01 -0.14407258510445D-03  0.49219972425049D-04  0.31045821163225D-03
  0.26912823830877D+01 -0.11619467788284D+02  0.97038791159503D+01  0.18695044134634D-03  0.21572718207171D-03  0.18371446853790D-03
  0.47665704026669D+01 -0.12829192979145D+02  0.76651632546905D+01  0.99596914946604D-03  0.31163553205290D-03 -0.10418357053041D-02
  0.16668771592521D+01 -0.14514867051901D+02  0.81754334015354D+01 -0.56148821582096D-03 -0.49371839670482D-03  0.38676462879336D-03
  0.94382064715066D+01  0.88342596606719D+01  0.56499933715974D+01 -0.68994997801928D-03 -0.14355826958905D-04 -0.80422250328082D-03
  0.89361235201889D+01  0.10872626882368D+02  0.32876950582547D+01 -0.81392296679911D-04 -0.61431522867628D-03  0.84810794191663D-04
  0.11365714696337D+02  0.92055589602835D+01  0.27329849005117D+01 -0.55999370055639D-03  0.33932313919776D-03  0.72856964063535D-03
  0.40428031717914D-02 -0.59480444042508D+01 -0.16654936816667D+01 -0.19807117982023D-04 -0.34267671247670D-03 -0.58972027819121D-03
  0.38606378130013D+00 -0.33065604327035D+01  0.10694388597561D+00 -0.48205601420921D-03 -0.21309778174388D-02 -0.72479971008762D-03
 -0.23150755804345D+00 -0.29350140570018D+01 -0.32604939764789D+01 -0.13760630407499D-02  0.46317472005307D-04  0.88486652218823D-03
 -0.94385267925733D+01 -0.33569730370115D+01  0.32912095594336D+01 -0.23393925920514D-03  0.26793599172398D-03  0.10154831055866D-03
 -0.79077557469161D+01 -0.56658367063199D+01  0.50311717728867D+01  0.50288265398671D-03 -0.61170760482119D-03  0.14789015445795D-03
 -0.80235458663723D+01 -0.57972191930308D+01  0.17742370687507D+01 -0.86478127787541D-03 -0.64828782190836D-04  0.61968386928965D-03
 -0.13570697168096D+02  0.26758781726697D+01 -0.57969643210836D+01 -0.56305492057219D-03 -0.44142100752072D-03 -0.19664539217711D-02
 -0.12409753282494D+02  0.31967142061813D+01 -0.87307391047613D+01 -0.15774142823169D-04 -0.70005629292397D-03  0.27021870715109D-03
 -0.14203122947804D+02  0.53909299642595D+01 -0.66782304430801D+01 -0.33627470393018D-03 -0.18517695461731D-03 -0.39969276637650D-03
 -0.22971073602906D+01  0.66065849981694D+01  0.74464056759057D+01  0.15985431658910D-03 -0.18741758295772D-03 -0.28575453338146D-03
 -0.34855341971852D+01  0.45222612901527D+01  0.85726745994833D+01  0.43950470155726D-05  0.13453315338889D-03 -0.34759649427674D-05
 -0.20758865815861D+01  0.30587666562028D+01  0.10520564964292D+02  0.35859229205187D-03  0.33106861117164D-03  0.13676168790561D-04
  0.35606495583536D+00  0.38351668478744D+01  0.10631514629254D+02  0.46419013589692D-04  0.12687847259357D-03 -0.71416023654970D-04
  0.14669563710238D+01  0.60947950867843D+01  0.92383514916678D+01  0.22466921326084D-03  0.15213060397726D-03 -0.36374618811171D-03
  0.11237784139846D+00  0.76816005820634D+01  0.79230674269956D+01 -0.66225313705469D-03 -0.12162080267633D-03 -0.43792225421619D-03
 -0.29819613085955D+01  0.89946357789773D+00  0.11818834028497D+02  0.31932052737818D-03 -0.51083803708195D-03 -0.31140002351087D-03
 -0.92311050019530D+00 -0.80697696131782D+00  0.12750845993714D+02  0.14794138841126D-03  0.19037959441395D-03  0.44871410563155D-03
  0.15260468392719D+01 -0.94101446631947D-01  0.12616586169082D+02  0.50283567147631D-03  0.84241260017756D-04 -0.53870832977564D-03
  0.22137682753979D+01  0.22127816919151D+01  0.11653423171128D+02 -0.35290488103137D-03 -0.88348392997535D-03 -0.15664057407184D-03
 -0.54068567921394D+01  0.71788090100273D-01  0.12136579005432D+02  0.20391844534030D-03  0.27773073972280D-03 -0.13693485273742D-03
 -0.59354079906045D+01 -0.24391779410961D+01  0.13472431616561D+02 -0.43235300086822D-03  0.31812663657148D-03  0.16347869696900D-03
 -0.40699217929159D+01 -0.37166717427089D+01  0.14683061722969D+02  0.29218948001461D-03  0.64331305163105D-03  0.96942065547439D-04
 -0.17511163703504D+01 -0.26943830682890D+01  0.14740049193665D+02 -0.25170814981898D-03 -0.32556445106181D-03  0.11204288647303D-03
  0.29973906550667D+00 -0.39390543270063D+01  0.15914223881877D+02 -0.89507508609076D-04 -0.42033114344657D-03 -0.10245481007814D-03
  0.28210128439375D+01 -0.35629082344286D+01  0.15313654900671D+02  0.22814168584177D-03 -0.33151851038137D-03 -0.39410796970099D-03
  0.34381225208728D+01 -0.14051990425228D+01  0.13983423850506D+02 -0.50849182213388D-05 -0.12142801877789D-03 -0.13240486054737D-03
 -0.77818754042583D+01  0.14060434119307D+01  0.11381345841039D+02  0.41326280812001D-03 -0.34629306260514D-03 -0.11826095278208D-03
 -0.95688047487549D+01  0.13223374916084D-01  0.10155596894898D+02 -0.44364992286469D-04 -0.25863671615289D-03 -0.26325327479654D-03
 -0.95626528700890D+01 -0.26280956110221D+01  0.10630305001337D+02  0.54491465209684D-03  0.10348814441957D-03  0.58279086312938D-04
 -0.80978448945958D+01 -0.36857044069911D+01  0.12427176925224D+02  0.31307492084339D-04 -0.15705391688121D-03 -0.21166350454290D-03
 -0.85850965457982D+01  0.39728247001198D+01  0.11593908399850D+02 -0.35501214334291D-03 -0.50651060629040D-05  0.53420392715335D-04
 -0.60253447860711D+01  0.35164762510902D+01  0.82873356915929D+01  0.33889126093940D-03  0.20996584008631D-03  0.27809263088032D-03
  0.14482674238379D+01  0.10084337014162D+02  0.78855802392853D+01  0.33910860117332D-03  0.60258153318349D-03  0.72383257855976D-03
 -0.11857829522945D+02 -0.36764301948823D+01  0.95842070738090D+01 -0.32608323115811D-03 -0.63299419380434D-05 -0.15626116053898D-03
  0.35241161197839D+01  0.65516755002920D+01  0.95361672863710D+01  0.97629732188349D-03  0.15377610983231D-02  0.91697840289639D-03
 -0.34554170736907D+01  0.79129888560609D+01  0.60565938398473D+01 -0.28952439030134D-03 -0.11453811019376D-03 -0.57165435310047D-03
  0.52047006084872D+01 -0.72203144853610D+00  0.13872520122745D+02  0.22186186997544D-03 -0.85486804796576D-03  0.51362629582849D-03
 -0.13890740595622D+00 -0.51472088924919D+01  0.17443405988761D+02 -0.53028665618940D-03  0.14156592721527D-03  0.19680444107972D-03
 -0.85339017011607D+01 -0.53339872980915D+01  0.13528528386367D+02 -0.77714919879471D-04 -0.10318213705497D-03 -0.16330730357178D-03
 -0.11108260018968D+02  0.75953502560837D+00  0.93732586606415D+01  0.16622435662436D-03  0.50930258074850D-03  0.45886442867928D-03
  0.34231850553364D+01  0.10439131594249D+02  0.90559435877253D+01 -0.20213111738820D-03 -0.25617655550013D-03 -0.13764123444208D-03
  0.34801881941218D+00  0.11892728352322D+02  0.61804829194368D+01 -0.45783779425915D-03  0.34722338021790D-03 -0.15562442512086D-04
  0.19769656382610D+01  0.14048490488193D+02  0.60180662640190D+01  0.59847317127311D-03  0.17042985327263D-03 -0.68991640045080D-04
  0.49294339594676D+01 -0.53351761235534D+01  0.16524279439339D+02  0.10986561055036D-03 -0.15310076875707D-03  0.52758825419101D-04
  0.70288518407461D+01 -0.41870457394464D+01  0.16465593320318D+02  0.27675832589417D-03 -0.36057620291915D-04  0.10281278344815D-04
  0.45057936102006D+01 -0.78172752992834D+01  0.17424604564085D+02  0.65077977174022D-05 -0.33722824592905D-03 -0.53947245672374D-03
  0.66195394232409D+01 -0.91660629614509D+01  0.18057818137177D+02 -0.33289458009159D-03 -0.43477412316658D-03 -0.15388277463741D-03
 -0.12397329986466D+02 -0.58841202182922D+01  0.10120974807910D+02 -0.38512992688284D-03  0.50989014606323D-04 -0.24553443539950D-04
 -0.13300994914308D+02 -0.26854420522000D+01  0.76895078260003D+01  0.29031564696400D-03 -0.26563639395063D-03  0.37221098066190D-04
 -0.15021614083170D+02 -0.44090360340880D+01  0.66464155412210D+01  0.72724926816215D-04  0.41600555294203D-03 -0.26460118254711D-05
 -0.67633689673100D+01  0.53341413580002D+01  0.13256711114440D+02 -0.24137445640594D-03 -0.13939202014828D-03 -0.55657722544587D-03
 -0.66618182413569D+01  0.46248735565256D+01  0.56788581696192D+01 -0.36245237241768D-03  0.21134804081049D-03 -0.64118772548347D-04
 -0.13647376171697D+02 -0.60479381811897D+01  0.68559791829298D+01 -0.13217839448637D-02 -0.29718124939003D-04  0.31118755945380D-03
 -0.15224779272270D+02 -0.39329392047797D+01  0.46051962195382D+01  0.11227728833049D-02  0.76850109111633D-03  0.65468627755464D-03
 -0.16634143726258D+02 -0.45772615216430D+01  0.78061875025581D+01 -0.13490024521145D-02 -0.23420428539078D-03  0.17875037787039D-03
  0.83327524689850D+01 -0.77864110671484D+01  0.18310034839761D+02  0.89270066061907D-03  0.97240122594349D-03  0.24839913875609D-03
  0.66357148933777D+01 -0.10792334143153D+02  0.16962964896626D+02  0.65048878090447D-03  0.25477016853837D-03  0.95766699724890D-03
  0.61930197966141D+01 -0.98982500073528D+01  0.19944998558389D+02 -0.45064439712498D-03 -0.65014048369840D-03  0.18033715229807D-03
 -0.84338811382496D+01  0.37358222485653D+01  0.46787059115319D+01 -0.15223778012184D-02  0.18939407685074D-04 -0.80833092665236D-03
 -0.52376440920465D+01  0.44585198690679D+01  0.42460988044944D+01  0.11656527667938D-03 -0.30699000021141D-03 -0.16788006060016D-02
 -0.75313274896664D+01  0.65454600258526D+01  0.58721057207611D+01  0.15135126357671D-02  0.55575334654598D-05 -0.39066258786498D-03
 -0.64413570884357D+01  0.39248536728167D+01  0.14637086759948D+02 -0.44434161400408D-03  0.10679113392568D-02 -0.12057550451262D-04
 -0.76852844008821D+01  0.68035177819184D+01  0.14282375879629D+02  0.49665917070554D-03  0.10909513004623D-03  0.38773262254951D-03
 -0.50199283757499D+01  0.57751179823937D+01  0.12234444266736D+02  0.20395686880149D-04  0.12664328474224D-02  0.50423956248423D-03
  0.29197290892190D+01  0.14485077239448D+02  0.77277372949483D+01 -0.61009799930923D-03  0.53530311894170D-03 -0.71859910746170D-03
  0.99205210308413D+00  0.15667134008476D+02  0.50127052534341D+01 -0.68594081815446D-03 -0.40777980376123D-03  0.44887036808875D-03
  0.37961651025604D+01  0.13390939450986D+02  0.49146945216063D+01  0.54934966823672D-03 -0.98281609061492D-03  0.28162904494179D-03
