 -1.0
  0.14512946762555D+01  0.93108400149665D+00 -0.87527117345503D+00 -0.14800052960076D-03 -0.41408127721797D-03 -0.13469504316822D-03
 -0.37966258698292D+00  0.19522990012725D+01  0.74305581388573D+00  0.28189223714020D-04  0.12049573772209D-03 -0.31991581019858D-03
  0.35882677161122D+00  0.23748783111532D+01  0.33340059784763D+01  0.39532441622419D-03  0.99864970666809D-04 -0.22094229932695D-03
  0.27370100798143D+01  0.15209083663743D+01  0.41967418133670D+01 -0.25468668453906D-03  0.39203118957488D-03  0.26141064189679D-03
  0.42040934303595D+01  0.11368142962552D+00  0.25282151114653D+01  0.49148625283332D-03 -0.84683837163756D-04 -0.37389416164402D-04
  0.36921516992926D+01 -0.42069260442078D-01  0.30861516805647D-01 -0.53196156606298D-04  0.93555794760956D-04  0.30410316155570D-03
 -0.12451688918491D+01  0.38407506356692D+01  0.50634804147871D+01 -0.10764548703343D-03 -0.99257950382607D-05  0.27746221085365D-06
 -0.89398190816581D+00  0.34374141139006D+01  0.76473539016576D+01  0.37975045526882D-04  0.12920257420757D-03  0.56975507331543D-03
  0.14906050821170D+01  0.22393154623262D+01  0.82627650881635D+01 -0.36060672317623D-04 -0.23922664722058D-03  0.29391798280478D-03
  0.33546972641671D+01  0.14757219496792D+01  0.66788875660050D+01 -0.22328348528837D-04 -0.38065079909173D-03 -0.11536142028006D-03
 -0.31160480052439D+01  0.56282211940142D+01  0.42743168966218D+01 -0.38169261319445D-03 -0.17947525587542D-03  0.50974030396383D-04
 -0.49966999525380D+01  0.61699939434962D+01  0.61981634723660D+01  0.32592322814956D-03  0.47733789808421D-03  0.36150615841807D-03
 -0.48937702870319D+01  0.54254669539212D+01  0.86938893752339D+01 -0.33301983659302D-03  0.37706187242954D-03 -0.16190672754640D-03
 -0.27643477061328D+01  0.43093878523440D+01  0.93456364889716D+01  0.77142497620596D-04  0.16650505590772D-03 -0.29443391240337D-04
 -0.20729002847620D+01  0.41711804120127D+01  0.11913318842659D+02  0.16697152093860D-03  0.17209146758706D-03  0.49737244350242D-04
  0.17130530023197D+00  0.29285236712964D+01  0.12470578308827D+02 -0.18297177332758D-03 -0.18102225121820D-03 -0.80297338942938D-04
  0.18695332776897D+01  0.20010354434226D+01  0.10823833681304D+02  0.38238904568546D-03 -0.39393486025320D-04  0.79756054482511D-04
 -0.27514943788035D+01  0.72445115725553D+01  0.20406973814515D+01 -0.16279714364625D-03  0.20619733611432D-03 -0.12143306949881D-03
 -0.45537530866889D+01  0.90164577813838D+01  0.14056748717889D+01  0.20040638183583D-03 -0.29164467937320D-04  0.36370169162651D-03
 -0.64498742018080D+01  0.93801782498536D+01  0.31440017290050D+01  0.62893521339938D-03  0.24226449695394D-03  0.86395235706610D-04
 -0.67052971768868D+01  0.80070768240348D+01  0.53745452843349D+01 -0.21491399665633D-03  0.20005239621900D-03 -0.16242107399128D-03
 -0.44191804819876D+00  0.70387096290391D+01  0.78058730532129D+00 -0.10675440500560D-03  0.24143336948995D-03 -0.80995179692499D-04
 -0.29235488934722D+01  0.24457183186176D+01  0.13811204852763D+00  0.31414117934786D-03  0.21127160253321D-03  0.10691033458345D-03
  0.53316943798931D+01 -0.14261785288992D+01 -0.17175227041733D+01  0.19326967246783D-03 -0.95291185038886D-05 -0.20012571563990D-04
 -0.80937527224243D+01  0.11479868229643D+02  0.25370214390469D+01  0.17272021739361D-03 -0.13710671843565D-03  0.25033934524625D-03
  0.62031269216326D+01 -0.39179526574589D+00  0.29952244514895D+01  0.32983392087479D-03  0.14575682769636D-03 -0.16032777099470D-03
  0.94569680692542D+00  0.91267137960663D+00 -0.28302160506883D+01 -0.72026971860088D-03 -0.22068537158462D-03  0.62519508922602D-03
  0.34586644791835D+01  0.11831039374977D+01  0.11700041040908D+02 -0.10493341480395D-03  0.46539936219472D-03  0.34389616146254D-03
 -0.34398004917411D+01  0.46575447757885D+01  0.13303533372858D+02  0.60135665785851D-04  0.21659462402735D-03 -0.16357284657822D-03
 -0.78653150694430D+01  0.87078420332526D+01  0.69238187644232D+01  0.45340718741986D-03 -0.10512580171739D-02  0.33357519746033D-03
 -0.48161418133361D+01  0.10286899594164D+02 -0.17096580006477D+00  0.64202733736756D-03  0.21641980756824D-03 -0.14946648458881D-03
  0.46761196218074D+01 -0.15224071860564D+01 -0.38696950158523D+01  0.12961682867959D-03  0.18039308414883D-03  0.39723694468757D-03
  0.75557746535237D+01 -0.22881356015769D+01 -0.46999988877184D+00 -0.13245055340726D-03  0.56765337693561D-04  0.84765783329106D-04
  0.89401785648943D+01 -0.40663392810765D+01 -0.18513741826561D+01  0.11488037411625D-04 -0.91153437542778D-04 -0.11688470524633D-04
  0.53108352628327D+00  0.22479642298482D+01  0.15188707054389D+02 -0.48535581959121D-06 -0.10812628373748D-03  0.37384882230946D-04
  0.20961181172016D+01  0.56657601374679D+00  0.15514052695327D+02 -0.26083701013625D-03 -0.43531030048397D-03 -0.24442195933711D-03
 -0.66984258514940D+00  0.37414121945982D+01  0.16933265446924D+02 -0.20414316487252D-03  0.12535370915119D-03  0.15999448035310D-03
 -0.31570107873654D+00  0.25498918108163D+01  0.19341636799566D+02  0.66119186669118D-04 -0.30582601746585D-03  0.58063248034238D-04
 -0.82778715414853D+01  0.12286925363413D+02  0.37135733067559D+00 -0.27580871947465D-03  0.18792405771426D-03  0.10074356653187D-03
 -0.94159600990375D+01  0.12493558077175D+02  0.44116617216492D+01 -0.90405021021465D-04 -0.31842500532293D-06 -0.42084609290326D-03
 -0.10564259280621D+02  0.14705620560293D+02  0.36058183136725D+01  0.12174936950314D-03 -0.56498083207035D-05 -0.88431904754441D-04
 -0.34286095642813D-01  0.87315831538698D+01 -0.13341218811995D+01  0.22517206941255D-05  0.18384032988593D-04  0.21226492806353D-03
 -0.36486882812364D+01  0.10923564525805D+01 -0.21363987444648D+01  0.25903331883185D-04 -0.46603578166247D-04 -0.43994013928394D-03
 -0.12346399832096D+02  0.14958292948774D+02  0.46340626286680D+01 -0.89948390757893D-03  0.32589389529489D-03 -0.26934627622667D-03
 -0.11168780022795D+02  0.14825601326995D+02  0.16842040696506D+01  0.66102730180279D-03 -0.54718826662954D-03  0.13125242316140D-03
 -0.93447117348943D+01  0.16452165154157D+02  0.39071517128611D+01  0.24949629240311D-03  0.18783755885394D-03 -0.58647526036984D-03
 -0.21318180346434D+01  0.18616241151741D+01  0.19931293699079D+02 -0.93111658706199D-05  0.27135046339444D-03 -0.14474541936382D-03
  0.78664905167393D+00  0.38216905587771D+01  0.20744645422515D+02  0.26967795319224D-03  0.41465532021219D-03 -0.67016500311981D-04
  0.77621154141608D+00  0.80887290356049D+00  0.19048308664792D+02 -0.39402783596710D-04  0.72294406221792D-03 -0.55158636909294D-03
 -0.34045057527226D+01  0.27128490299890D+01 -0.34386142982496D+01  0.51266766950105D-03 -0.10504031281306D-02  0.32982648764666D-03
 -0.55871423680497D+01  0.45560994562114D+00 -0.17402844661141D+01 -0.45022106680017D-04 -0.18001643645010D-03 -0.14441708435382D-03
 -0.24112546156157D+01 -0.58155972980389D+00 -0.25103778438741D+01 -0.16502260194615D-03 -0.14352103839568D-03  0.31443360999836D-03
  0.19099320990347D+01  0.85038781310486D+01 -0.18055260387118D+01  0.14437093249059D-03 -0.81408170051843D-03  0.16728566966155D-04
 -0.61110841945987D+00  0.10641695203543D+02 -0.44363936521341D+00 -0.32040437377944D-04 -0.96395588530798D-03  0.47669779116688D-03
 -0.11242685179568D+01  0.79861168910950D+01 -0.29671589815640D+01 -0.46043504895744D-03 -0.58412025820636D-03  0.29824660559347D-04
  0.10664922595165D+02 -0.47098898781551D+01 -0.87983047395034D+00 -0.11193283369502D-03  0.15169604819983D-03 -0.52927609810615D-04
  0.94450297950487D+01 -0.31231406242580D+01 -0.36214734128427D+01 -0.81691869070962D-04 -0.23883984226241D-03 -0.84955407668852D-03
  0.76065534114896D+01 -0.56408158814682D+01 -0.22458646883649D+01 -0.66558027116824D-03  0.72512678616718D-04 -0.35567516104814D-03
  0.29627952661273D+00 -0.59806385982451D+01  0.27765563642579D+01 -0.77867125183526D-04 -0.41496642989621D-03 -0.57863601841792D-03
 -0.62546262868297D+00 -0.55004086027253D+01  0.52551961275860D+01 -0.27893722244542D-03 -0.10518358564485D-03  0.30408333627333D-04
 -0.30643207482425D+01 -0.41984442246211D+01  0.54487778871729D+01  0.28861852780740D-03 -0.15995861906419D-03  0.10131507997701D-03
 -0.43920158837057D+01 -0.34278666090444D+01  0.31497087683190D+01  0.11448597756174D-03  0.32987953407331D-03 -0.12323569947249D-04
 -0.35997333589508D+01 -0.44403494236819D+01  0.93849295496769D+00  0.16121249936277D-03 -0.14302280318103D-03  0.44981690130369D-03
 -0.12570911166224D+01 -0.54510111965292D+01  0.53096511962999D+00 -0.36578548899070D-03 -0.30660914442906D-03 -0.42110011670083D-04
 -0.41679009018043D+01 -0.33957307664566D+01  0.77895335432851D+01 -0.69809775197844D-05  0.10015080462207D-03 -0.49671702445307D-04
 -0.61092330091287D+01 -0.15603048156329D+01  0.77062567424215D+01  0.38897400938884D-03  0.49240038512594D-03 -0.32192340190004D-04
 -0.74203987058232D+01 -0.12603823987417D+01  0.53442609145177D+01  0.11919776448143D-03 -0.77033628620888D-04 -0.16814127332046D-03
 -0.67527538060580D+01 -0.24300525604030D+01  0.32700069305713D+01 -0.58639341504472D-04  0.11176920174597D-03  0.62907741631378D-04
 -0.33013226957807D+01 -0.40110780877596D+01  0.10398042501077D+02  0.24982793466234D-03 -0.37015441892579D-03  0.32671346673685D-03
 -0.37634724842856D+01 -0.23987919964308D+01  0.12426188556937D+02  0.41569992143112D-03 -0.26950304134218D-03  0.91444480523927D-04
 -0.55000248484821D+01 -0.41111614444717D+00  0.12320644623157D+02  0.29519146432784D-03  0.81174226174622D-04 -0.43360901277035D-03
 -0.67140548191350D+01 -0.20753786670943D+00  0.10005453646290D+02 -0.43994628808119D-03 -0.14798275579450D-03 -0.47205442547802D-03
 -0.87446581255060D+01  0.15753141888525D+01  0.97286054402586D+01 -0.12163960028449D-03 -0.12136866171671D-04  0.33752744649817D-03
 -0.99613681171066D+01  0.18116623012382D+01  0.75153338209397D+01 -0.21790014731251D-03  0.94566529936539D-04  0.29078810991818D-03
 -0.93969363872250D+01  0.45846427382016D+00  0.53463543733692D+01  0.12743685884540D-03  0.20668584369325D-03  0.26066992443610D-03
 -0.22058019869575D+01 -0.64500855349441D+01  0.10832678161629D+02  0.78042298092346D-04  0.28675078207235D-03 -0.24915114318673D-03
 -0.73134135291010D+00 -0.66903107457274D+01  0.12971174085949D+02  0.51099367390682D-04  0.29416965433836D-04 -0.95435703691688D-05
 -0.85995324204926D+00 -0.50140416299148D+01  0.14961389961011D+02  0.28915644422284D-03 -0.65409865652330D-04  0.28216353226249D-03
 -0.25081482425478D+01 -0.28515186350353D+01  0.14773858319204D+02 -0.38748797274026D-03  0.69018230306116D-04  0.28331836396502D-03
 -0.26448919614144D+01 -0.82187535430785D+01  0.90674027988783D+01  0.26555903901798D-03  0.36736649016741D-03 -0.19853377912242D-03
  0.10708846112075D+01 -0.58294464549060D+01  0.72126392193550D+01 -0.17771090818256D-03 -0.10623040404701D-03  0.12661774799568D-04
 -0.23234988849329D+00 -0.62615939152359D+01 -0.19353841327262D+01  0.30635574813460D-03 -0.14723890204823D-03 -0.28675035316878D-03
  0.42816176324278D+00 -0.58596688140798D+01  0.17390657069653D+02 -0.26588479277922D-03  0.28591901763795D-03  0.16118812202556D-03
 -0.46766084260348D+01 -0.42847286299084D+01 -0.70148255057457D+00 -0.14932559304244D-03  0.15562926107633D-03  0.13059551959309D-03
  0.24360081642876D+01 -0.63479123516157D+01  0.25372262588658D+01 -0.33729457272738D-03 -0.51351388789765D-03 -0.75078841573216D-03
 -0.10629975194419D+02  0.79587175976147D+00  0.37672078129684D+01 -0.20368025659918D-03 -0.13684802098892D-02  0.30946804075484D-03
 -0.89951041482703D+01  0.28864023564674D+01  0.11207462361968D+02  0.12232310695098D-03 -0.67125433997282D-03  0.47144109899780D-03
 -0.32572407209221D+01 -0.21669110332884D+01  0.16409635537106D+02 -0.72489094692356D-03 -0.43473555874579D-03 -0.41379023435440D-03
  0.48387218219642D+00 -0.82782290471076D+01  0.13170724421547D+02 -0.87253797033835D-04 -0.49304294676379D-03 -0.78445944915572D-04
 -0.93132548701646D+00 -0.52604698135709D+01 -0.38263463785087D+01 -0.11973393939976D-03  0.67785697972934D-05 -0.52301073681377D-04
  0.15983402219377D+01 -0.80323347158233D+01 -0.15669251000306D+01 -0.27993439761762D-03  0.33842548368102D-04 -0.13387641357641D-04
  0.27057601961299D+01 -0.83237268939522D+01 -0.39797984383800D+01  0.49529974955969D-04  0.21286406452153D-03 -0.43913287396152D-04
 -0.11579600537509D+02  0.41191214676839D+01  0.72663166402219D+01 -0.19157850161705D-04 -0.22129512138524D-03  0.61259696917561D-04
 -0.12287635606268D+02  0.45960167519894D+01  0.50614587135297D+01 -0.30542741472092D-03 -0.22004575418227D-04  0.38363498256905D-04
 -0.12289470777927D+02  0.54772065387215D+01  0.93176209669959D+01 -0.26279661710709D-03  0.18381469022811D-03 -0.98545428792617D-04
 -0.13520793455756D+02  0.80065971278740D+01  0.85395687403249D+01 -0.16377041474191D-04 -0.21366286307713D-03  0.33120107699380D-04
  0.17698133409022D+01 -0.77586087605159D+01  0.17348650030860D+02  0.41488397041376D-04  0.34862813433053D-03 -0.35500864347423D-03
  0.46223870876271D+00 -0.42770642812626D+01  0.19532778454921D+02 -0.10771071040962D-03  0.31060777922721D-03  0.39639307757381D-04
  0.20577308176447D+01 -0.52532785265142D+01  0.21407091128982D+02  0.83038878127722D-04  0.43860976711671D-04 -0.23424713585538D-03
 -0.16052787885805D+01 -0.10491187435756D+02  0.95558716800024D+01  0.21706793657720D-03 -0.35886348906971D-03  0.90188386832580D-04
  0.30390767996576D+01 -0.40430363212445D+01  0.73797430691985D+01 -0.31889298156530D-03  0.40874213087518D-03 -0.65966910104300D-04
  0.26727257950520D+01 -0.36605160208343D+01  0.22521817703981D+02 -0.44067405238227D-03 -0.26389296966076D-03 -0.12880009019455D-03
  0.36837890686358D+01 -0.62342369247849D+01  0.20418723665364D+02 -0.50044858351579D-03 -0.50958527282100D-04  0.19431478988553D-04
  0.68294786073524D+00 -0.60124639266018D+01  0.22731187325954D+02  0.14150847758756D-03  0.63643685204399D-04  0.74779893325658D-04
 -0.13273861964030D+02  0.94658929234970D+01  0.10114733126651D+02  0.88605977119832D-03 -0.48503202797678D-03  0.46096151089436D-03
 -0.15454370115862D+02  0.79281455569827D+01  0.80936389721792D+01  0.60530432972334D-03  0.52141963809831D-04 -0.72967472295850D-04
 -0.12684517501892D+02  0.82887998542998D+01  0.66937545162138D+01 -0.51638932061061D-03 -0.15657152349376D-03 -0.13689453824087D-03
  0.45823388703972D+01 -0.47910838403261D+01  0.63778105846136D+01 -0.12144983978671D-03 -0.53920469566590D-03 -0.22561670979480D-03
  0.37375309975012D+01 -0.37029812519967D+01  0.93403211779341D+01  0.58707996542737D-05 -0.61977232259047D-03  0.18678777933210D-03
  0.24015293323877D+01 -0.23741223902250D+01  0.66368887074092D+01  0.22458843674619D-03 -0.22254956435344D-03  0.46336473532480D-03
 -0.23164054905123D+01 -0.11096946774764D+02  0.11368043866104D+02  0.29275206986633D-03  0.62555496199404D-03 -0.13571279456028D-03
  0.43812471180307D+00 -0.10189640818178D+02  0.94861524120369D+01  0.28991234728540D-03  0.26593015935212D-03 -0.15817803783432D-03
 -0.25484984385094D+01 -0.11920220608335D+02  0.83655670227882D+01  0.10138710478165D-03 -0.35725154753927D-03  0.34492084429295D-03
  0.16004422783315D+01 -0.94923872855699D+01 -0.51290794645477D+01  0.79971690079948D-03 -0.33765094456179D-03  0.16958079609081D-03
  0.46527487030515D+01 -0.88164097499210D+01 -0.35174946590348D+01  0.12095547239832D-03  0.31386980340838D-03 -0.70229326868500D-03
  0.25800777065172D+01 -0.64846875078190D+01 -0.48684970890256D+01 -0.42107884009814D-03  0.26337742067961D-03 -0.17997062837378D-03
