$coord
        2.72554480378677        0.38508304368760       -2.10878578586977      C
        1.48505201298254        1.62718845202363       -0.14966579426177      C
        2.72665262885606        2.33988509853776        2.07025299828949      C
        5.32508820017406        1.59654418214742        2.35757165671979      C
        6.55624252215877        0.85086790870172        0.15703889557134      C
        5.31936650391833        0.06675971313722       -2.07531017098650      C
        1.31647482537408        3.23570610598890        4.18811765879319      C
        2.27567096587076        2.73105979692110        6.70160695356222      C
        4.81055550928772        1.91756807408892        6.73023940603423      C
        6.53624431773874        1.75905026343117        4.61790935230859      N
       -1.00938466078503        4.60504639758911        4.29029990399006      C
       -2.58847805615141        4.17521540918805        6.50267450545103      C
       -1.78289402253484        3.15640264719563        8.78170639311910      N
        0.75486312116652        2.61405876468866        8.80628822591185      C
        1.93664835064350        2.07150808147235       11.11798947345797      C
        4.39012749862971        1.27080780847524       11.34017291734199      C
        5.76072825330700        1.20194979269802        9.06892821560217      C
       -1.51739466030660        6.48758460235086        2.29376106714791      C
       -3.93795525641861        7.62942582997743        2.45659661803056      C
       -5.54089717388832        7.08960469391082        4.48604482579403      C
       -4.84950206809482        5.51620727264820        6.46523187906751      C
        0.15905419900146        7.00303286010763        0.45092154058358      O
       -1.07218765712524        1.90005505984303       -0.34406073546743      O
        6.96901994268555       -1.27453602812508       -3.99815443881640      C
       -8.15146803146855        8.06061569385504        4.12853931522607      C
        8.57669186463350        0.75230797007088        0.10498651290963      H
        1.93441251213563        0.02384476689544       -3.90648761304074      H
        7.68574116136790        0.51059353702191        9.00328155262147      H
        0.89496152898981        2.01063694372566       12.87570938254710      H
       -6.30985601805680        5.18485835375521        7.75549959207720      H
       -4.88538002845658        8.65886400192026        0.99106216250316      H
        6.03886797361306       -2.53048461646343       -5.65378894236919      O
        9.47529676040398       -0.94110865058569       -3.52105816913807      O
       10.87869414620626       -2.44348728806420       -5.09011980988722      C
        5.42466905156006        0.44495548623325       13.76667852711834      C
        7.56040385324904       -0.41866390196616       13.96457527062180      O
        3.87037544409196        0.95761676519260       15.93189948397799      O
        5.11378124627590       -0.09597345096499       18.00318080466501      C
       -8.60599663173203        9.20944304103578        2.12092491233567      O
       -9.80281632661714        7.90471000646128        6.13109125003552      O
      -12.12540069368533        8.87412238279571        5.47867487811395      C
        0.14292340092375        9.64403020738657       -0.04594806781013      C
       -2.03971443990087        1.35553700716197       -2.74409518380789      C
      -12.06706811902379       10.73752519140245        4.57632204831010      H
      -13.23711246140287        9.02725961809211        7.17232677934725      H
      -12.84379221392459        7.65337731949576        4.06476746003144      H
        7.23737096603890       -0.07383741144506       18.04832174794582      H
        4.49372792193995       -2.10639231283899       18.33920082842906      H
        4.40980533893961        1.07102285238654       19.71322156254868      H
       -1.22252961055141        2.73030008524379       -4.08397892934335      H
       -3.93483111978907        1.60101812649449       -2.99001714742537      H
       -1.70964974820452       -0.58400509847364       -3.34433288291426      H
       -1.48248566539892       10.56829223873647        0.74014578948922      H
        0.23645316855236       10.13179685585513       -2.04602441544817      H
        1.77980812836986       10.39329482104828        0.99348196331348      H
       10.75117393689108       -1.65177906420455       -6.99983932114353      H
       10.15546337629157       -4.40221284832297       -4.96566305064533      H
       12.74822417751466       -2.31878251362420       -4.41653073574370      H
       -1.33069968096580       -4.69958473619005        3.60601406428264      C
       -2.13082431759090       -3.75808233396908        5.82513457978632      C
       -4.63911272728213       -2.77945662724282        5.99906572120164      C
       -5.97901762675245       -2.11804039983335        3.71428270317976      C
       -5.03393650662326       -3.02860256659755        1.43132285185732      C
       -2.75802051692039       -4.49331086647388        1.55995545037310      C
       -5.90390391513121       -1.90645222118430        8.30478933064287      C
       -7.85943384205149       -0.24703810518171        8.01270861450843      C
       -8.94763932462035        0.35173066184038        5.65281083653561      C
       -7.86315102363855       -0.45558551035871        3.56190978627086      N
       -5.21521547602072       -2.68808259321657       10.78925951594617      C
       -6.26587575984399       -1.46189360879866       12.80528664903816      C
       -7.98419901540368        0.43696093607280       12.47415495565178      N
       -9.06092145419500        0.85065709036780       10.27937853576936      C
      -11.28536973478046        2.29163426181538       10.18814103618455      C
      -12.36341230209955        2.61259805244624        7.87206162426811      C
      -11.26712735425019        1.67212735064558        5.64767034548147      C
       -3.66987576325116       -4.88469113417189       11.50404920329458      C
       -2.84775835041054       -5.35877325773915       14.01177154818147      C
       -3.62231014337359       -3.82773479925550       15.95593245823855      C
       -5.32529765057798       -1.91215168657539       15.31453340310423      C
       -3.32659715586827       -6.84432360584127        9.70253775139104      O
       -0.27883918385107       -3.09429906550265        7.60306469940822      O
       -1.78058290185136       -5.51296261570052       -0.92688580852672      C
       -2.37646889290705       -3.68270313205382       18.40056338405722      C
       -6.10897173655385       -2.71938286398606       -0.40780128371589      H
        0.49615265101179       -5.29326906577870        3.07349602347637      H
      -12.49506275484221        1.70428036314271        3.88291563238407      H
      -12.00375009724869        2.91052375636742       11.93909391716677      H
       -5.93771829395333       -0.71896180157791       16.73374483836687      H
       -1.84658264388368       -7.16307963237882       14.61520187089201      H
       -3.08895288072651       -5.55028537249938       -2.91007655063183      O
        0.68368351937133       -6.27477723425703       -0.99947037209371      O
        1.71769524765809       -6.35942963756126       -3.39994032235024      C
      -14.71524602890186        4.22850697229539        7.67240725572095      C
      -15.48300345505772        5.12632514077948        5.73939572731441      O
      -15.72252807961762        4.76835907494666       10.02532321655507      O
      -17.76184857984093        6.67149498027783        9.60604304625044      C
       -0.49178909119655       -4.95314083067926       18.72498548436247      O
       -3.37993534693561       -2.17149833126819       20.13802509406628      O
       -2.04163893615586       -2.65623470365119       22.47041936915559      C
       -2.63973776294216       -9.37416780859917       10.51359014166429      C
        2.40989824858129       -3.44390719038743        7.10811591923625      C
       -0.96885433720587       -4.36691728464785       22.32959214403486      H
       -3.37599560263647       -2.90389198131278       24.04250587633616      H
       -0.92935700496790       -1.00456273186090       22.88642324454933      H
      -19.71551842577328        5.71145342598351       10.34832679416148      H
      -17.85172167733244        7.31942375167745        7.73917328514643      H
      -17.22035698397221        8.22672505975552       10.84529847643518      H
        2.89522524226876       -2.12503664781062        5.72522422757460      H
        2.60810282308918       -5.40250671079705        6.70973495049994      H
        3.44213041191696       -3.20399227143697        8.83202595599136      H
       -3.52126665894534       -9.76480045205354       12.32444413202353      H
       -0.84995515731328       -9.95686950068815       10.17989016278213      H
       -3.76169198868730      -10.64343435035260        9.35387029335270      H
        3.50379792481431       -5.31403418479446       -3.29388753795371      H
        0.34634461950277       -5.58060000507701       -4.73761814484442      H
        2.03089066882291       -8.32400602496009       -3.85564850223060      H
$end
