$coord
        1.80870103524096        1.20404516665768       -1.56988036241496      C
       -0.13449541771997        2.03318420844875        0.05846114114217      C
        0.60100125521637        2.78706396840007        2.47203655375332      C
        2.80290167346672        1.65560442198939        3.65112457151125      C
        4.65624641222926        0.74850522741228        1.94901109614440      C
        4.13551431990748        0.44633611597283       -0.49027516066103      C
       -1.16669285156079        4.27013563196118        4.14507343130089      C
       -0.81596577988476        3.95211804105581        6.74080465108941      C
        1.17414813384568        2.46131788617850        7.71696019960786      C
        2.96770510341220        1.45923753407636        6.16204161300711      N
       -2.99724129256351        6.06785400152745        3.26962341688506      C
       -4.62518096074882        7.11989603356831        5.34527581149426      C
       -4.64015074745479        6.21379219607596        7.70508957295592      N
       -2.54556490835830        4.93672758384132        8.47899632078645      C
       -2.25786976610788        4.42473689623977       11.05908915096446      C
       -0.17162425013038        3.04540833652370       11.84457036209058      C
        1.25026939369560        1.67203855645358       10.21984223000908      C
       -3.28678355085366        7.32455623031514        0.84115634272114      C
       -5.43325051495612        8.76924211513989        0.39236732193567      C
       -7.10211673464904        9.27332534166880        2.29399032369755      C
       -6.57435913614475        8.64696877313357        4.75420576863756      C
       -1.39231130366834        7.24129681977465       -1.18507529954290      O
       -2.70927098512644        1.89946395847011       -0.54946812877585      O
        6.19965970074924       -0.63558125211590       -2.15192917635509      C
       -9.32090418018294       10.79145990377691        1.85164431073977      C
        6.23197677582341       -0.20118074396239        2.90933568346737      H
        1.33061176119757        0.97309137714219       -3.56415698213542      H
        2.80787291496011        0.42658599448588       10.71952720358734      H
       -3.49849408847086        4.77719984166826       12.63837111097978      H
       -7.55782819926484        9.24136611049234        6.39641666952518      H
       -5.71382719750257        9.57838529196605       -1.54405921776269      H
        6.02778209590816       -0.65625725609269       -4.40913810592058      O
        8.18272638317855       -1.76745976774884       -0.83560381169512      O
        9.70893889558231       -2.92324187571669       -2.53362030330405      C
        0.57776836406421        2.89446917432530       14.62512829089222      C
        2.56091718218982        1.83808151954336       14.91163371847777      O
       -1.07003138997011        3.51305636949091       16.50587141564643      O
       -0.19015102738740        3.36516616616829       19.01390144258927      C
       -9.78558944498659       11.94695118340130       -0.09548369863399      O
      -10.85616562176207       10.72715330962148        3.87674653836527      O
      -13.28214060701411       11.69128564033857        3.18276060220309      C
        0.97941284037733        8.12770784260213       -0.53191451236419      C
       -3.35936593243757        2.07201339891333       -3.09465662811542      C
      -13.33820549278821       12.63951496364622        1.33579125669215      H
      -13.72944759710885       13.04459461867622        4.60696782977300      H
      -14.65067854987211       10.00482420220495        2.87430774004118      H
        1.80272675730319        4.03178660647809       19.04140691384564      H
        0.09230780335092        1.26760965270804       19.40259017412991      H
       -1.18347594218469        4.47282115092619       20.25571718071240      H
       -5.35612740486228        1.60389077122026       -3.42456926162217      H
       -2.38011581316350        0.63862232132991       -4.13179125295322      H
       -3.01773317143414        4.08912905996472       -3.61726743562771      H
        2.06731104596556        6.39389279507398       -0.17293078657973      H
        0.91414740453264        9.47314524549373        1.13415413426148      H
        1.68834235156353        9.00050327035330       -2.17635433918968      H
       10.65299296718294       -4.45697673688042       -1.66015989335262      H
       10.73770058199663       -1.38575455619302       -3.56318955698340      H
        8.35959217665814       -4.06348382263522       -3.62390140161101      H
        0.96304995306730       -5.45968528283929        3.70008295263681      C
        0.01607778569683       -4.74843839679381        5.96396457161713      C
       -2.42012136979330       -3.74565459022146        6.06867502970917      C
       -3.57688025517486       -2.76778720463982        3.83994986929761      C
       -2.34220584712739       -3.31260001115430        1.50252146233610      C
       -0.28844767103797       -4.95565975986773        1.48017251022101      C
       -3.62678623441179       -2.96976118897648        8.50613545929753      C
       -5.45911508388714       -1.24748531890340        8.54263311986694      C
       -6.49390673156679       -0.31515637276947        6.08385030973555      C
       -5.54111034125625       -1.10844019291231        3.88610419174739      N
       -3.11467791183434       -4.18878077753542       10.81509515153014      C
       -3.85038294798278       -2.92080904789969       13.00545606527668      C
       -5.16512325841293       -0.56501120441160       12.95868287125913      N
       -6.30926863984165        0.08042135618985       10.74304891140723      C
       -8.37540527625293        1.82485243938858       10.61697206785146      C
       -9.38248450267217        2.59176063467202        8.32202402381892      C
       -8.39120663870142        1.55776959278075        6.19103817500659      C
       -2.46611538144325       -6.86177851612702       11.07576306579084      C
       -1.41746194663003       -7.69144561155945       13.26256293959389      C
       -1.69753591295684       -6.18025268615527       15.32655122126390      C
       -3.06157113275082       -4.03331033936608       15.35264083261578      C
       -2.82694138486389       -8.21559839392054        8.93489795004531      O
        1.44324897752019       -4.80821525059400        8.29437782059179      O
        0.42261464784770       -6.02759299324108       -1.02901508701332      C
       -0.80112985862297       -7.18527204475209       17.83556948669730      C
       -3.01675570415061       -2.84306208571615       -0.25305210851595      H
        2.57907226267164       -6.61226324473143        3.44579820527790      H
       -8.85732303792466        2.07844637400742        4.30730767019592      H
       -9.07235495171080        2.60693394365115       12.16617758052534      H
       -3.16748034678467       -2.87530477820176       17.01851534948355      H
       -0.50174136940352       -9.50891123677211       13.35868376945669      H
       -0.97220747863466       -5.70529983729453       -2.84828666817763      O
        2.76050444560523       -6.95752586945291       -0.91797746246946      O
        3.65890813314133       -7.48624405458096       -3.23022993638144      C
      -11.52897071007563        4.34700590716281        8.21841176986132      C
      -12.68651394060067        4.41936118556971        6.15091888330309      O
      -12.13035368659858        5.51223680851959       10.37409062379685      O
      -13.90581899965019        7.37498009681789        9.57370914349787      C
       -0.61651929675112       -9.38534307355982       18.20395330024137      O
       -0.20692521076685       -5.44309200416213       19.65327400818105      O
        0.41216379217948       -6.63676245056068       21.86878096922137      C
       -2.51573436473159      -10.93966625085995        9.09767188061720      C
        3.89198035099698       -5.90415493310184        8.22824578890728      C
        1.80311110863441       -5.52942242767479       23.07497147318877      H
        1.30213346675587       -8.39600132621323       21.23526628268042      H
       -1.29094130973389       -7.03347724783928       22.83402332481700      H
      -13.92639752912115        8.76435548813956       11.06796669355778      H
      -15.70377225271364        6.55314696369108        9.24685534436423      H
      -13.16490000234887        8.34665515829982        7.95663611670793      H
        5.35457682054933       -4.47165416987083        7.76272641041892      H
        3.91155350610487       -7.20903696568279        6.74835548270851      H
        4.38329634673804       -6.54143159922237       10.06692240137918      H
       -4.12664010002933      -11.49638239092181       10.12388917414505      H
       -0.71856499980365      -11.33833078231824        9.97371658100713      H
       -2.33401374006671      -11.63107925147117        7.19563827434235      H
        3.95202107949574       -5.80241848935543       -4.33948607160406      H
        2.12564036743215       -8.82782932557762       -4.28000036725945      H
        5.37067783722926       -8.48972547280936       -3.10678221297454      H
$end
