 -1.0
 -0.69131213196566D+01 -0.28616726228664D+01  0.11245560857275D+00 -0.58285607118432D-04  0.65343425557012D-03 -0.41723125992122D-03
 -0.45130745802089D+01 -0.42169795605257D+01  0.35573728240525D+00  0.74863609801737D-04  0.20064194481498D-03 -0.93758488977955D-05
 -0.25877850369190D+01 -0.28692874523045D+01  0.17458261802176D+01  0.61670217105167D-03  0.34677253534831D-03  0.82152217966155D-04
 -0.29814235525753D+01 -0.41194644900299D+00  0.26287683061217D+01  0.36844167282791D-03  0.54674260640250D-03 -0.27044276888080D-03
 -0.53806945899984D+01  0.74955649475434D+00  0.24269562317627D+01  0.39992768199647D-03  0.33442348797770D-03  0.20493249579889D-03
 -0.73727495204919D+01 -0.63348745106840D+00  0.14398950307292D+01  0.40096322614602D-03 -0.31431020294777D-03  0.28678867507533D-03
 -0.26285155914902D+00 -0.41515776719916D+01  0.25494801847241D+01 -0.44098922866856D-03  0.68456124359895D-03  0.49420646752430D-03
  0.16271328714434D+01 -0.25098480865351D+01  0.35123034015345D+01 -0.13941418712580D-03 -0.32852728176256D-03  0.48394100114337D-03
  0.10919071467427D+01 -0.80980035276891D-02  0.43282290621109D+01  0.16135139246038D-03 -0.20428538329181D-03  0.68000741277908D-03
 -0.12704311670011D+01  0.90131104239230D+00  0.39052301751971D+01  0.23669887767748D-03 -0.19062427975275D-03 -0.14546932147667D-03
  0.23782709249507D+00 -0.69718218387953D+01  0.27920173388612D+01 -0.23613219631162D-03 -0.35079652224355D-04 -0.67533448267223D-04
  0.28415293374813D+01 -0.76837678926286D+01  0.27337761143961D+01 -0.51443326301476D-03 -0.26055681122565D-03  0.16257231346050D-03
  0.46906030537675D+01 -0.59512045990187D+01  0.29461086920183D+01  0.22342550847906D-03  0.82310482638685D-04  0.51591447457906D-03
  0.38885174750744D+01 -0.37700272025468D+01  0.39218457034354D+01 -0.67064013139746D-03 -0.11604029390907D-04  0.89162121773912D-04
  0.56589489520876D+01 -0.21081738572132D+01  0.49445557020392D+01 -0.61276334965156D-03  0.27090406568263D-03 -0.54528612193158D-03
  0.55450105890204D+01  0.51346072783393D+00  0.53124902514138D+01  0.13766685559486D-03  0.69104296764727D-03 -0.29569754021891D-03
  0.30849269023300D+01  0.15219620620542D+01  0.51808354419305D+01 -0.30420381174319D-03 -0.23348239576843D-04  0.58993587020908D-03
 -0.15383213695373D+01 -0.88261562332920D+01  0.35428926175051D+01 -0.48657615020671D-05 -0.45311147537573D-03  0.11101281159773D-03
 -0.68696164041794D+00 -0.11280356542825D+02  0.37054008828867D+01 -0.36441168240477D-03  0.39381122228142D-03  0.24411777329995D-03
  0.17627603490268D+01 -0.12150904666236D+02  0.32377472963720D+01  0.30618887802656D-04 -0.36655265805438D-04  0.13756683782247D-04
  0.35666984481090D+01 -0.10252769624448D+02  0.26518093616959D+01  0.21085164822222D-03  0.31578591933871D-04 -0.58933565428817D-04
 -0.40123973430303D+01 -0.81416178836091D+01  0.42463202545010D+01 -0.13028672085667D-03  0.59156594418756D-03 -0.12959738807150D-03
 -0.38387536254446D+01 -0.63810617225458D+01 -0.98719071077794D+00  0.47218517790889D-05  0.40631714997598D-03 -0.42031865097517D-03
 -0.99582509763227D+01  0.51797810801094D+00  0.10232491328204D+01  0.15732888256333D-03 -0.28490334442487D-03  0.86958831677533D-04
  0.22159937854746D+01 -0.14776949391035D+02  0.42785624641459D+01  0.14010348387422D-03  0.14212073816334D-03 -0.56580307437355D-04
 -0.55661876014317D+01  0.25044403528646D+01  0.35646552339060D+01 -0.38406510268361D-03 -0.38892403262335D-04  0.48959058979110D-03
 -0.86526357482487D+01 -0.35343393989323D+01 -0.52387580962424D+00 -0.72322582623346D-03  0.84417247127496D-03 -0.32699757133738D-03
  0.29420643293447D+01  0.30965175139548D+01  0.63053548566486D+01  0.12420749564673D-02 -0.90614623803327D-03 -0.32274036530603D-04
  0.74838456512588D+01 -0.29918033511711D+01  0.53148210676943D+01  0.17063936374595D-03 -0.66643173119856D-03 -0.42742383055535D-03
  0.54188953214935D+01 -0.10985818965090D+02  0.19641348204193D+01 -0.22754233340393D-03 -0.97679798237752D-03  0.87103805957354D-04
 -0.20059555922003D+01 -0.12788658598541D+02  0.41616218369758D+01 -0.11853396943703D-02 -0.11627755634955D-02 -0.24679841388554D-03
 -0.10282141230160D+02  0.26583908921020D+01  0.16501396697970D+01  0.14373945170470D-03 -0.12923707263770D-03 -0.15318320077081D-03
 -0.11662746090902D+02 -0.99550825411814D+00 -0.26969914183020D+00  0.44969552120508D-03 -0.81763905955648D-04  0.52875051792614D-03
 -0.13894991286473D+02  0.34906944471586D+00 -0.98756046835774D+00 -0.28647959168268D-03  0.27936922988680D-03  0.28411899479371D-03
  0.75339878142292D+01  0.24862958044595D+01  0.49410692927603D+01 -0.17548240446585D-03 -0.48114311995312D-03 -0.33809619524490D-03
  0.72046259898654D+01  0.47310943733843D+01  0.57013672874160D+01  0.26148976731812D-03 -0.11378454214161D-03 -0.14460056467875D-03
  0.94613418007616D+01  0.18251612775670D+01  0.33686117124023D+01 -0.21384099712251D-04  0.20750494521541D-03  0.12417399916852D-04
  0.10729062697287D+02  0.37663725434286D+01  0.25320786757665D+01 -0.14654500079496D-03 -0.10796890819114D-02 -0.40427054894898D-03
  0.41614606334042D+01 -0.15418821340415D+02  0.53069789391309D+01  0.13697074918702D-03  0.14951732345666D-03 -0.28028584722135D-03
  0.42074450431262D+00 -0.16411627294041D+02  0.37253789129930D+01  0.19704572166732D-03  0.27416740270219D-03 -0.65043727816614D-04
  0.55011238494939D+00 -0.18850456386534D+02  0.50298021159653D+01  0.32136298221324D-03 -0.68528258687454D-03  0.51651302305582D-03
 -0.55884642600686D+01 -0.95684059339680D+01  0.60968321163292D+01  0.81041702884565D-03 -0.12284653524879D-03  0.73858361460766D-04
 -0.57583943357716D+01 -0.71455985769339D+01 -0.27923803823385D+01  0.26346864036607D-03 -0.44284608861288D-03 -0.15757271666436D-03
  0.79746594732421D+00 -0.18617447854327D+02  0.70665388183484D+01  0.75847352549972D-03 -0.92952379535640D-03 -0.25611990767686D-03
  0.20835683149068D+01 -0.20006607733629D+02  0.45760348921890D+01 -0.18422828133647D-03  0.87807393031908D-03  0.69778452443682D-04
 -0.10464939791023D+01 -0.20197246715168D+02  0.45029365096249D+01 -0.18203139590978D-03  0.97745427372585D-04 -0.49323038216136D-03
  0.10572479870211D+02  0.50524477310772D+01  0.40805900913062D+01  0.40074727666851D-03  0.21512691081199D-03 -0.13326772841787D-02
  0.98041962309973D+01  0.47783060824357D+01  0.97742908293110D+00 -0.43605940257090D-03  0.77242657167797D-03  0.14567066227457D-03
  0.12549833106464D+02  0.31937246522031D+01  0.18942997109003D+01 -0.33607844081341D-03  0.13006625037587D-02 -0.46003334961044D-03
 -0.70948729362550D+01 -0.83150308145632D+01 -0.16341898764662D+01 -0.32649559788674D-03  0.24171173403905D-03 -0.39585989969016D-03
 -0.49873062343342D+01 -0.80969588475811D+01 -0.45770291315151D+01  0.61818859393316D-03 -0.15845861895888D-03 -0.27029114573388D-03
 -0.64011660197034D+01 -0.53022781042889D+01 -0.37364169703166D+01 -0.46775171943212D-03  0.10024496761545D-02 -0.51372726837590D-03
 -0.69597143731129D+01 -0.10810714812962D+02  0.52326122903176D+01 -0.67306306566376D-03  0.94718549614814D-03 -0.26838117237459D-03
 -0.69539092748845D+01 -0.83331582612984D+01  0.70702929436722D+01 -0.56735866129591D-03 -0.18024071108189D-03  0.44832704464391D-03
 -0.43576351023486D+01 -0.10820347574084D+02  0.72215210626535D+01  0.11869009201626D-03  0.61989475481087D-03  0.25259107079294D-03
 -0.13881609389025D+02  0.22924430871820D+01 -0.35309796197344D+00 -0.44735570255052D-03 -0.25854635979919D-03 -0.42717342530347D-04
 -0.15328550486190D+02 -0.68975389061623D+00  0.23188884970170D+00 -0.28541783515881D-03  0.58771060745046D-03 -0.32327664752471D-03
 -0.14743615104629D+02 -0.17997281016412D+00 -0.29212403652870D+01 -0.11150900055197D-02 -0.52398949887219D-03 -0.59947912507628D-04
 -0.27128491180487D+00  0.11854524277981D+02  0.98423559143423D+01 -0.23887980302940D-03 -0.73136056811650D-04 -0.20418929494175D-04
 -0.19611813486814D+01  0.99831007664969D+01  0.89213096776667D+01  0.29980792534966D-04 -0.17980314154632D-03  0.91437303446881D-04
 -0.18374622714201D+01  0.74197945381920D+01  0.10002356276340D+02  0.44659741981717D-03 -0.30056028529295D-03  0.84339468882755D-04
  0.30298106072720D+00  0.66811554593375D+01  0.11516765886804D+02 -0.55530185394048D-05 -0.25640350483680D-03  0.29118638030158D-03
  0.18466540541546D+01  0.86646788615756D+01  0.12468088968732D+02 -0.30021144721427D-03  0.19554476526716D-03  0.25639474196309D-03
  0.15788435670302D+01  0.11119506420058D+02  0.11619590525036D+02  0.12687702748877D-03 -0.50161367332678D-04  0.91496153320825D-04
 -0.35351455697342D+01  0.52264302394682D+01  0.96419544664661D+01  0.22030110659757D-03  0.50807648492486D-03  0.76267452288434D-03
 -0.26301984339880D+01  0.27474538847350D+01  0.98411701748382D+01 -0.15382940287667D-03 -0.60724716776052D-04  0.23805009952117D-03
 -0.47661230316926D+00  0.24419706857912D+01  0.11401890258708D+02 -0.30259259580818D-03 -0.26964802032714D-03  0.70369438048384D-03
  0.11148702659189D+01  0.43867956483751D+01  0.12013205186982D+02  0.17207952506644D-03  0.34101854024285D-03  0.10446041206796D-04
 -0.61710223590434D+01  0.54060047121680D+01  0.89891043774636D+01 -0.53666393304522D-05  0.41389525152856D-03  0.29239956081050D-03
 -0.74835640240813D+01  0.33015853913092D+01  0.81186220350339D+01  0.39728348512748D-03 -0.25490640358747D-03  0.21015046527098D-04
 -0.64427606235273D+01  0.88302769111515D+00  0.80296950264201D+01  0.28984896282068D-03 -0.18660606416265D-03 -0.46946781643665D-05
 -0.42022349679422D+01  0.55029411497588D+00  0.91080528395940D+01 -0.42250331105651D-03  0.24015696079276D-03 -0.29169488688488D-03
 -0.28576649375431D+01 -0.17858778501706D+01  0.92778401055179D+01 -0.60620603765970D-03 -0.49895925817469D-03 -0.10720954123349D-03
 -0.49163344595251D+00 -0.20737375979272D+01  0.10527446080584D+02 -0.55304431711905D-04 -0.26630436653124D-03 -0.24066491046889D-03
  0.85050702170218D+00  0.36332751687541D-01  0.11479848250092D+02 -0.25769235034830D-03 -0.23673078335623D-03 -0.97519172471539D-04
 -0.78468257750479D+01  0.73603946763781D+01  0.97296694965669D+01 -0.17920021744752D-03 -0.33254073177102D-03 -0.67295662052934D-04
 -0.10528320414791D+02  0.72087070055846D+01  0.94744442258022D+01 -0.91604054491638D-05  0.38137603680025D-03 -0.14047737780898D-03
 -0.11611290878237D+02  0.53295581755238D+01  0.77484464370382D+01  0.14006481144509D-03  0.29457963164735D-04 -0.39806122248221D-03
 -0.10039472519842D+02  0.32341177661216D+01  0.74763535384430D+01 -0.22894974806136D-03  0.16631763054773D-03  0.26206191978805D-03
 -0.67204631134692D+01  0.95192362009264D+01  0.10870380094142D+02 -0.14949798834964D-04 -0.24751483336583D-03 -0.73305704961216D-03
 -0.36107381661150D+01  0.10443660590725D+02  0.67661872464450D+01 -0.28742710561215D-03 -0.35586155952832D-04 -0.33653191423254D-03
  0.34515575545870D+01  0.13168317017623D+02  0.12594206355084D+02 -0.15086297657509D-03  0.29133357046603D-03 -0.11367161331541D-03
 -0.14282714017704D+02  0.49346973195603D+01  0.73332937778319D+01  0.51060648694327D-03 -0.16537129832769D-03  0.54395976021310D-03
  0.29676308047757D+01  0.83562857068917D+01  0.14038904595675D+02 -0.12189811921740D-02 -0.72911128539338D-03 -0.73967142247351D-03
 -0.58619940405791D+00  0.13859057330839D+02  0.94993946584587D+01  0.77611142149786D-03  0.83777684019086D-04  0.15854188978911D-03
  0.27763073029797D+01 -0.29275486277727D+00  0.12028556206393D+02  0.11479568754863D-02  0.49540572008366D-03  0.18226937344907D-03
 -0.36471781171082D+01 -0.31112760226695D+01  0.79133703346668D+01 -0.81464110604013D-03 -0.63779331057790D-03 -0.32793839986155D-03
 -0.10479092567500D+02  0.14905209226003D+01  0.65639043471084D+01  0.92581912940680D-03 -0.32529405859190D-03 -0.87931532296265D-04
 -0.11659045074087D+02  0.89593575426143D+01  0.97142309891316D+01  0.43985150776388D-03 -0.38470357466030D-03  0.38493691329891D-03
  0.56072096106793D+01  0.12723195277385D+02  0.13037838373905D+02  0.25661982825795D-03 -0.82298202549457D-04  0.58030728232383D-04
  0.28480811997323D+01  0.15709232194725D+02  0.11719355248421D+02 -0.68059670079501D-04 -0.24573362968051D-03  0.62733467691261D-04
  0.46867500062509D+01  0.17314694397300D+02  0.12643234270301D+02 -0.56461625856475D-03 -0.31357210052768D-03  0.80116012892031D-04
  0.69131144076072D+00 -0.45532210154750D+01  0.10402186583652D+02 -0.28951525476258D-03  0.15098960966614D-03  0.70371051333561D-04
 -0.77140540129275D+00 -0.62577550323278D+01  0.10920469060854D+02  0.41411484718790D-03  0.18121919838347D-03  0.41058562714366D-03
  0.33130476641323D+01 -0.49181555262631D+01  0.99126562303301D+01 -0.63465217217846D-04 -0.26485175045447D-03  0.14867787865261D-03
  0.43898963413225D+01 -0.69503217464190D+01  0.11375307557443D+02 -0.39460491450310D-03  0.77568944952095D-03 -0.25294996887592D-03
 -0.15201263194082D+02  0.41539839330201D+01  0.54171203816548D+01 -0.47894143488633D-03  0.26442984808497D-03  0.23467756989445D-03
 -0.15814945402353D+02  0.59569417628003D+01  0.91433441805137D+01 -0.14300616892451D-03 -0.47151841849967D-03  0.15156869932694D-03
 -0.18164179315423D+02  0.59299791197271D+01  0.81129665456274D+01  0.30972366195474D-03 -0.39947156261725D-03 -0.33585225121798D-03
 -0.59452599384985D+01  0.89476320479215D+01  0.13269184859095D+02  0.93090967759315D-04  0.18582739873494D-03 -0.56977392352711D-03
 -0.25526006815339D+01  0.98845580480085D+01  0.43439714882983D+01 -0.31269054662038D-03  0.88045618676459D-04 -0.23456065003920D-03
 -0.18397568769658D+02  0.75543678521561D+01  0.67903087984449D+01  0.71618377168727D-04 -0.34227211851892D-03 -0.37085974257857D-03
 -0.19545727157344D+02  0.61299386012146D+01  0.95285306498381D+01  0.12130234666008D-02  0.41158589628929D-03 -0.86770771964902D-03
 -0.18165590307555D+02  0.40524830169305D+01  0.72186398796205D+01 -0.54094916780924D-04 -0.18574645460590D-03 -0.26820534659822D-04
  0.33154219432966D+01 -0.87102327024241D+01  0.10945731521703D+02 -0.90682835586178D-03 -0.63811477862174D-03 -0.23643401257712D-05
  0.41416761287568D+01 -0.66982767428150D+01  0.13540384972567D+02 -0.19744373405435D-03  0.68031070472622D-03  0.32887199826269D-03
  0.64385638712444D+01 -0.69860518262095D+01  0.11363805311637D+02  0.80925320680800D-03 -0.75228890760268D-03  0.51874156255619D-03
 -0.24491946431566D+01  0.78319788460777D+01  0.40135512251039D+01 -0.18309504871629D-03  0.90858931463134D-03 -0.44564658065877D-03
 -0.47433745780355D+00  0.10237632680158D+02  0.44398301423899D+01  0.79739527235093D-03 -0.51460496290327D-03 -0.16116431293517D-03
 -0.35425064587478D+01  0.10960921656588D+02  0.26986499544753D+01  0.31862843989364D-03  0.68465283687292D-04 -0.77594586949822D-03
 -0.73395133000978D+01  0.88975523884215D+01  0.14830110903064D+02  0.47585256262964D-03  0.54001779541920D-03 -0.31335601812693D-03
 -0.50095616137985D+01  0.10884968600479D+02  0.13956252742481D+02 -0.28828059936341D-03 -0.56486323795356D-03  0.14315131641915D-04
 -0.45995517850786D+01  0.75932220930862D+01  0.13502801269125D+02  0.46029527153990D-04 -0.10224428510317D-02 -0.70930601286997D-03
  0.56730759108249D+01  0.18485606304092D+02  0.10999388235348D+02  0.13154851428871D-02  0.80653247404624D-03 -0.32943743981197D-03
  0.62236128581957D+01  0.16325614213038D+02  0.13700987205846D+02  0.42804828824545D-03 -0.47017363748698D-03  0.11289393460997D-02
  0.36408378433918D+01  0.18487856466913D+02  0.13875682733709D+02 -0.52864748991459D-03  0.35850662313013D-03 -0.41191698297394D-03
