 -1.0
 -0.78513693725340D+01 -0.52173285177616D+00 -0.22746360294040D+01 -0.16610888261130D-03 -0.22325041458577D-03  0.40702640276592D-03
 -0.60046323800061D+01 -0.18669094694435D+01 -0.96596006656107D+00 -0.18826114978809D-03  0.54897992779520D-03 -0.14329738934343D-03
 -0.39233222982123D+01 -0.43122764643200D+00  0.10194997277071D+00 -0.17012159642959D-03  0.18086658540916D-03  0.94414801043562D-05
 -0.34860774377465D+01  0.21307289664301D+01 -0.89797859548466D+00  0.84057717576229D-04  0.29138072065722D-03 -0.43189063258243D-03
 -0.53258615519422D+01  0.31473008502001D+01 -0.26180882152971D+01  0.90125255188422D-04 -0.31521134722884D-04  0.29471742739762D-03
 -0.76149875211768D+01  0.19226684978107D+01 -0.30250089786981D+01 -0.15500565550799D-03 -0.14189564211174D-03  0.13931264919829D-04
 -0.22062609975372D+01 -0.12221802299511D+01  0.20423215923669D+01 -0.15169972270149D-03 -0.30163854901823D-03 -0.27984283538909D-03
  0.13534571444516D+00  0.14443485435229D+00  0.22148714110079D+01 -0.44100061184120D-04 -0.25343379592243D-03 -0.40185615527225D-03
  0.47395620137824D+00  0.25550885966462D+01  0.10536979002541D+01  0.29454063704772D-03  0.50308658305470D-04 -0.24050794126153D-03
 -0.14086467165269D+01  0.34464734987917D+01 -0.46150139477765D+00 -0.31100081961839D-03  0.11061461267833D-04  0.55473459082634D-04
 -0.22878240921074D+01 -0.32720387787712D+01  0.38041346911298D+01  0.11982477802706D-03 -0.24289439036383D-03 -0.36860282626265D-03
  0.83424954972053D-02 -0.41388506629994D+01  0.50467658683747D+01 -0.13564294408081D-04 -0.17377194484087D-03 -0.13307219940269D-04
  0.19550155178116D+01 -0.25884111316061D+01  0.53571148341605D+01 -0.16619297083615D-03 -0.27366929434255D-03  0.42751150223146D-04
  0.18463697066606D+01 -0.23990219072229D+00  0.41430875106472D+01 -0.22168738919493D-03  0.29050004791728D-03  0.42690790284432D-04
  0.39632977494586D+01  0.11592245787137D+01  0.45947704900886D+01 -0.36392295250239D-03  0.12125343137806D-03 -0.46528203329257D-03
  0.42834981774084D+01  0.33615075418209D+01  0.33269614753766D+01  0.25910866344838D-03 -0.10770124112288D-03  0.23008269846473D-03
  0.24816097734634D+01  0.41817849523663D+01  0.16925684179431D+01 -0.12982927518391D-03  0.88057523126306D-04 -0.33801410038730D-03
 -0.45450719246109D+01 -0.45820260021400D+01  0.44124421677893D+01 -0.52463297136305D-04 -0.85771438324721D-05 -0.32801647918530D-03
 -0.44810683436975D+01 -0.68445163590367D+01  0.57766255418255D+01  0.11828245341900D-03 -0.22833311528484D-03  0.46489028766581D-04
 -0.22129957875920D+01 -0.74777843843735D+01  0.69603125557344D+01  0.21774708836723D-03  0.26006425189063D-04  0.75325230981962D-04
  0.18053614417445D-01 -0.61777291832951D+01  0.67176194457306D+01  0.27506261157475D-03 -0.77746554233921D-04 -0.56713847404637D-03
 -0.67737315928023D+01 -0.32572610207941D+01  0.39518478228453D+01 -0.57246358869677D-05  0.82671126417092D-04 -0.75435196124121D-04
 -0.59552722229386D+01 -0.43993447987091D+01 -0.88288490387642D+00  0.17042295235713D-03 -0.60751077765078D-04  0.26821037524149D-03
 -0.87379415889983D+01  0.28577458920642D+01 -0.54993286649235D+01  0.24067421519509D-03 -0.30247302759997D-03  0.38223173862605D-03
 -0.22590635988244D+01 -0.98157043404190D+01  0.86395433466648D+01 -0.17082402488863D-03 -0.19874414972899D-03  0.22141525927683D-03
 -0.48015893369168D+01  0.48751735512366D+01 -0.37268786195178D+01  0.10826559341472D-03  0.36288863385986D-03 -0.68959315199816D-03
 -0.95666417404187D+01 -0.14390769531035D+01 -0.29442633838495D+01 -0.51652992177165D-03 -0.50388263004852D-04 -0.30894860596416D-04
  0.25164526404836D+01  0.60259277110613D+01  0.85472061688562D+00  0.36428590476521D-03 -0.13458025972479D-04 -0.39340610774740D-04
  0.54975534320850D+01  0.55144497925102D+00  0.59943758155572D+01 -0.47808426278081D-04 -0.22197018719836D-03 -0.62001003408021D-03
  0.16824687229576D+01 -0.69017112147078D+01  0.76583353751903D+01 -0.48366648012697D-03  0.18377859063580D-03 -0.26446704020832D-03
 -0.59969590637850D+01 -0.82735357270569D+01  0.57259153464103D+01  0.70470311326781D-04 -0.18764118961812D-04 -0.38774442813682D-03
 -0.87770288503135D+01  0.51130210427136D+01 -0.59648136777746D+01 -0.29412589418302D-03 -0.23316869773941D-03 -0.25919128834027D-03
 -0.99396751703358D+01  0.99999594594401D+00 -0.68728263422041D+01  0.20364407496157D-03 -0.77910350334186D-05 -0.17376092941027D-03
 -0.10445630025736D+02  0.17931199889972D+01 -0.92895851365340D+01 -0.31481270828055D-03 -0.21064497024603D-03 -0.44764232258820D-03
  0.61501526157275D+01  0.53517268348998D+01  0.41303501248174D+01 -0.49720024398296D-04  0.43515003752884D-03  0.28127192498671D-03
  0.82153918593889D+01  0.44613132311812D+01  0.47286821896524D+01 -0.42095404608899D-03 -0.43418193927217D-04  0.23158404036817D-03
  0.53442905876759D+01  0.78575619867415D+01  0.40319710697768D+01  0.18869360250538D-03  0.25701287981949D-03  0.34718746864070D-03
  0.72912120719668D+01  0.93347817549817D+01  0.45951182228139D+01  0.38316063077190D-03  0.36580870588887D-03 -0.38241209530734D-04
 -0.43011126781544D+01 -0.10791545663021D+02  0.91637089268905D+01 -0.38831716438026D-03 -0.28095743042833D-03  0.10251611043798D-03
  0.23398954912738D-01 -0.10771907755687D+02  0.94152447842734D+01 -0.30539822627479D-03  0.89948356350868D-04 -0.15613315697467D-05
 -0.39694039097985D+00 -0.12674465336412D+02  0.11208467179822D+02 -0.20278106252167D-03  0.30504137218870D-04  0.93999209795221D-04
 -0.89816945828041D+01 -0.46396573449008D+01  0.44635275263838D+01  0.93893911263058D-04 -0.62649995831027D-05 -0.26813578327166D-03
 -0.72382314575275D+01 -0.57479297833344D+01 -0.30010079499287D+01 -0.30331068755868D-03  0.67308378766909D-03 -0.19875356495276D-03
  0.11582647691974D+01 -0.14038573610722D+02  0.10979412716226D+02  0.13444916310607D-03  0.22821469611832D-03  0.11356434168483D-02
 -0.23028654730165D+01 -0.13469195042604D+02  0.11053973316359D+02 -0.16995272908997D-04  0.21510382519652D-03 -0.14089313895484D-03
 -0.89718381235471D-01 -0.12005853567452D+02  0.13110012194691D+02 -0.26429123763861D-03  0.46243772009808D-03 -0.86639327668008D-04
  0.65896500096180D+01  0.11122563328341D+02  0.47711335962210D+01 -0.75615294306568D-04 -0.29482844824226D-03 -0.52540000573962D-03
  0.88292291337899D+01  0.89828468030862D+01  0.30924377862299D+01 -0.57387504110845D-03 -0.39736214504372D-03 -0.18202112610262D-03
  0.80817492344824D+01  0.86185313450647D+01  0.64216753103429D+01  0.77658095105160D-03  0.24490449167045D-03  0.80178255277097D-03
 -0.60621851150817D+01 -0.71503492316485D+01 -0.39899602127629D+01  0.20683288598149D-04 -0.52610874974198D-03  0.20664124496164D-03
 -0.77113257892550D+01 -0.44842609387050D+01 -0.46538421050876D+01 -0.45563347765352D-03 -0.37583488187637D-03  0.40356669647306D-03
 -0.89892498645478D+01 -0.68490095924557D+01 -0.25202827604230D+01  0.56282971085815D-03  0.85355492790728D-04 -0.35651571786045D-03
 -0.85364608461503D+01 -0.64660120141709D+01  0.35752388444075D+01 -0.22649103223061D-03 -0.19700700676592D-03 -0.12704810387830D-03
 -0.10677972967653D+02 -0.36626115238833D+01  0.38179370203183D+01 -0.16722623692493D-03 -0.94569758903433D-04 -0.52422043449210D-03
 -0.89792634998522D+01 -0.45833784609480D+01  0.64210744976384D+01  0.72496947670831D-03  0.12922723428821D-03  0.16608706868664D-03
 -0.10959980207132D+02  0.38138408728676D+01 -0.91965329336397D+01  0.67502760026568D-03 -0.56838032966495D-03  0.24252704727732D-03
 -0.12142428758657D+02  0.92472567671555D+00 -0.10105025807151D+02  0.22776268106148D-04  0.59607508775402D-03  0.57602751421883D-03
 -0.87585951663908D+01  0.16231941763172D+01 -0.10315572097838D+02 -0.25241397537556D-03  0.58254761348919D-03  0.21116845626897D-03
 -0.11757474966633D+01  0.81478667471610D+01  0.80960707432538D+01 -0.35420526122869D-03 -0.20479132148490D-04 -0.32164179268841D-04
 -0.20171361545499D+01  0.56994111140730D+01  0.84556573880139D+01 -0.11235456970967D-03  0.29993491956724D-03  0.15057014532829D-03
 -0.56809068108223D+00  0.39697473413234D+01  0.99573140046934D+01  0.22588373800780D-04  0.52352285904117D-04 -0.18552112982271D-03
  0.20053617991010D+01  0.45492836222785D+01  0.10557370948056D+02  0.24845313654404D-03  0.48524421499207D-04 -0.36466380817818D-03
  0.28200777551987D+01  0.70181961780018D+01  0.10075340005559D+02  0.40324183173934D-03 -0.38433702664933D-03  0.20108589252836D-03
  0.12709683928721D+01  0.89408321552775D+01  0.90637913538951D+01  0.57445075708075D-03 -0.21209758308172D-03  0.19310764380240D-03
 -0.17154266132804D+01  0.17682258324073D+01  0.11010484662857D+02  0.19012463123823D-03  0.35642760416591D-04 -0.67177068704461D-04
  0.64623679105869D-01 -0.20641052162212D+00  0.11415987016774D+02 -0.31217063800754D-03  0.22379215142184D-03  0.12647286423303D-03
  0.27526867936500D+01  0.24631930799651D+00  0.11466179240993D+02  0.17532274356049D-03  0.10711529924728D-03  0.44764974491162D-03
  0.36371136545711D+01  0.26721454524952D+01  0.11106574182316D+02  0.74460719847824D-05 -0.10469316962914D-03  0.30488897181557D-04
 -0.43225535084340D+01  0.11031464881713D+01  0.11098633091210D+02 -0.20493574377671D-03 -0.49890013812124D-03 -0.50706728113292D-03
 -0.49003182343566D+01 -0.15101397043594D+01  0.10910581846172D+02  0.32271248322535D-03  0.12905584950144D-03 -0.13923748622982D-03
 -0.31766997657585D+01 -0.33521085374013D+01  0.11072782908443D+02  0.21396243271645D-03  0.43265669206334D-03  0.22612254779241D-03
 -0.89503346945617D+00 -0.27856688391543D+01  0.11754804473503D+02 -0.62077653960981D-04  0.15762628227910D-03  0.25358296395271D-03
  0.93880518609112D+00 -0.47214388332840D+01  0.12457067943770D+02  0.27239095202063D-03 -0.30506243631857D-03  0.31999604382866D-03
  0.34605683053381D+01 -0.39855308694727D+01  0.12794666692198D+02 -0.33242300500739D-03  0.30054617207031D-03 -0.15881829958475D-04
  0.43322995673513D+01 -0.16177412904674D+01  0.12268959909026D+02 -0.40848682733950D-03  0.37698548966585D-04 -0.65136181535119D-04
 -0.63285316318148D+01  0.29554960087871D+01  0.11356774414840D+02 -0.11972790469245D-03 -0.29130260287441D-03 -0.55769190399381D-04
 -0.86884848766494D+01  0.22092604583276D+01  0.10748784553603D+02 -0.62356049323741D-04 -0.32112052468104D-03 -0.48122083933363D-04
 -0.92232748273866D+01 -0.27614419489048D+00  0.10196810868691D+02 -0.29115390512841D-03 -0.37890835489427D-03  0.39295318236080D-05
 -0.72969951018141D+01 -0.20447589192909D+01  0.10096888349411D+02  0.62878398782755D-04  0.20115168995339D-03  0.10638571250905D-04
 -0.53373093641765D+01  0.53718504409514D+01  0.12067153501034D+02  0.60053149515148D-04 -0.98114275248145D-04  0.54174468822684D-04
 -0.43019684321098D+01  0.49402674822530D+01  0.72851834377672D+01  0.23928894794315D-03 -0.11244613506167D-03 -0.29755280895843D-04
  0.24255694793996D+01  0.11685074411533D+02  0.89457110244394D+01  0.12780598047083D-03 -0.58944833226288D-05  0.66544633944744D-03
 -0.11742448587062D+02 -0.94383422952080D+00  0.95315713878758D+01  0.30936992641479D-03 -0.92033669024180D-04 -0.69884044291278D-04
  0.45469984105942D+01  0.78004185866528D+01  0.10843779556382D+02 -0.17511931635847D-05 -0.27478613673469D-03 -0.17955557647062D-03
 -0.21859854317347D+01  0.92869353724274D+01  0.67451061263525D+01 -0.29572824073099D-03  0.25128837392901D-03  0.21614606577516D-03
  0.63350681068538D+01 -0.10788110952923D+01  0.12509179641089D+02 -0.14669936470876D-03 -0.40615269613621D-03 -0.14280184744490D-03
  0.51768195043839D+00 -0.66563957589858D+01  0.12722556819054D+02 -0.59055451536076D-03  0.27873955651530D-03  0.55140171024696D-03
 -0.78113115925158D+01 -0.39152440404627D+01  0.97034179156066D+01  0.33128033828565D-03  0.30215407498573D-03  0.31497013908898D-03
 -0.10300025713499D+02  0.35163809589367D+01  0.10757152271261D+02 -0.31060748352524D-03 -0.14300389302350D-03 -0.18338154323253D-03
  0.47538310915122D+01  0.11820996658158D+02  0.92232305068685D+01 -0.18592838504491D-03 -0.34100858556626D-03 -0.22036275716764D-03
  0.69814319689138D+00  0.13445432698426D+02  0.85435198254952D+01  0.36625445193484D-03  0.27813645189904D-03  0.23387223876766D-03
  0.20804583852108D+01  0.15766726979861D+02  0.83277308824944D+01  0.73914512636586D-04  0.14226921608639D-03 -0.15142745445671D-03
  0.53902513039207D+01 -0.58623264549026D+01  0.13744526132563D+02  0.44692449818573D-03  0.44399051908445D-03  0.17145829083711D-03
  0.47126700262075D+01 -0.80681336914204D+01  0.13633713100428D+02 -0.43207290156178D-04 -0.26292247368233D-03 -0.11587957403213D-03
  0.77197256415442D+01 -0.48683402811365D+01  0.14351140288816D+02  0.11942640781183D-03  0.37250372301276D-03  0.23421797149609D-03
  0.92259837850283D+01 -0.69080284760971D+01  0.14809623212808D+02  0.18293699736498D-03  0.34117676363186D-03 -0.47701881051062D-03
 -0.12129377511788D+02 -0.29840338176776D+01  0.84444213122019D+01 -0.26866314824714D-03  0.12665614554445D-03 -0.78737100314971D-04
 -0.13794122869448D+02  0.44274292467598D+00  0.10269850560702D+02 -0.52740802156233D-04 -0.10499935947247D-03  0.45072270309476D-04
 -0.16104322998921D+02 -0.81352591343534D+00  0.97057652004206D+01  0.21094520109873D-03  0.44864847748294D-04  0.43911996709072D-03
 -0.69848752013134D+01  0.69537226251070D+01  0.13542510515349D+02 -0.16410927379797D-03  0.14176976534252D-03 -0.38789731068772D-04
 -0.38893893109707D+01  0.29098235186321D+01  0.55494838148886D+01  0.93864533108631D-04 -0.49910053168479D-03  0.11926200385347D-03
 -0.16475901689521D+02 -0.41820150547664D+00  0.76754559005312D+01  0.12305137526670D-03 -0.31772765543421D-03  0.36360011195970D-03
 -0.17418286696236D+02  0.82626072249265D-01  0.10942079964640D+02  0.84373791553883D-04 -0.55075963658633D-03 -0.96402868831340D-03
 -0.16023904029767D+02 -0.28668845292298D+01  0.10024044857550D+02 -0.12340294231161D-04  0.72334602242602D-03  0.24774128916644D-04
  0.93476283662937D+01 -0.79751406184029D+01  0.12949612120965D+02 -0.17810392506841D-03 -0.65192589370527D-03  0.16218395534853D-03
  0.82716687910910D+01 -0.80725706339167D+01  0.16172903382745D+02  0.43600885013156D-03  0.51245936122853D-03  0.74515340468220D-03
  0.10968279430619D+02 -0.62351831759823D+01  0.15507568199881D+02  0.47347586857289D-04 -0.88400310544590D-04  0.39207991192251D-04
 -0.52259676333890D+01  0.34306119812282D+01  0.39065383136648D+01  0.85822516886789D-03 -0.16269802120271D-04 -0.50345949951022D-03
 -0.44987019490427D+01  0.13392844634870D+01  0.66410323148011D+01  0.71877920826424D-03  0.13608020005425D-03  0.29719253161425D-03
 -0.18634733958987D+01  0.30800961400534D+01  0.49404995807222D+01 -0.59423613028983D-03  0.11252867952038D-03 -0.25851267288299D-03
 -0.77360458434500D+01  0.53208075495375D+01  0.14798973366387D+02 -0.16561295492723D-05  0.25521026799320D-04  0.11345340412369D-03
 -0.86711532982782D+01  0.74977004953714D+01  0.12495664987399D+02 -0.93234612455066D-04 -0.49622537292235D-03  0.16834011286272D-03
 -0.56023340914699D+01  0.82542133006146D+01  0.14318742011246D+02  0.33159232543073D-03  0.40099701814204D-04  0.22323681091091D-03
  0.28196349266106D+01  0.15994040520030D+02  0.10346156263332D+02  0.26982865955978D-03  0.54912541421341D-03  0.12483823379554D-03
  0.10392930187853D+01  0.17325445344039D+02  0.74332992451408D+01  0.54203415701978D-03 -0.18058223804366D-03  0.23231508169996D-03
  0.37091684371854D+01  0.15127674335878D+02  0.73078231804106D+01 -0.85135255429838D-03  0.11368568683886D-03  0.41720660963126D-04
