 -1.0
 -0.46635653345511D+01 -0.50243562793227D+00 -0.18860546350961D+01  0.20907943175186D-04 -0.38734109022316D-03  0.14059836333462D-03
 -0.33056348967185D+01 -0.18209630020285D+01 -0.93369534165869D-01  0.24617196270551D-03 -0.23792405198483D-03 -0.68306651563446D-04
 -0.17119720524731D+01 -0.45975026545185D+00  0.16294090477818D+01  0.89657993631683D-04  0.93132040522513D-04 -0.37561127223049D-03
 -0.87459113667358D+00  0.19035835767734D+01  0.80059744643819D+00 -0.50518112135187D-04 -0.36808444922032D-03 -0.20304562731295D-03
 -0.22382655757521D+01  0.34736797354578D+01 -0.10501938663840D+01  0.42935992607531D-03  0.96637570351311D-03 -0.18983254001836D-03
 -0.41440793671848D+01  0.20980456296966D+01 -0.22847236322967D+01 -0.16145059411792D-03 -0.52963319178973D-03  0.10938440894817D-03
 -0.33377766505582D+00 -0.18215189834834D+01  0.36180905123527D+01 -0.35359965428832D-03 -0.47644568047295D-03  0.34043923612527D-03
  0.21346360051590D+01 -0.71708493675896D+00  0.41479072614860D+01 -0.28757664689970D-03  0.32572891287426D-03 -0.69402594385049D-04
  0.25154508456679D+01  0.18327362326060D+01  0.35375408438251D+01  0.30549689352397D-03 -0.78180760767300D-04  0.25624244193359D-03
  0.10585001153997D+01  0.31236122294491D+01  0.19236343394635D+01  0.38684842877250D-03  0.22557992618255D-04 -0.14309393710877D-03
 -0.81175184540566D+00 -0.40874934294760D+01  0.47644337008471D+01 -0.32779766651816D-04  0.84260644157880D-04  0.59480632091954D-03
  0.11560391282058D+01 -0.55367616565176D+01  0.60502389912708D+01  0.21806034218262D-03 -0.10836355770888D-03 -0.41178518594340D-03
  0.34694223263100D+01 -0.43996313390505D+01  0.66965948229410D+01  0.40688572798669D-04  0.26794838112347D-03  0.17319250613058D-03
  0.38509801525908D+01 -0.21457299616127D+01  0.57458009973547D+01  0.52220874626715D-05 -0.24551902125812D-03 -0.49818622525582D-04
  0.60557282165131D+01 -0.91313238503678D+00  0.64782337022965D+01 -0.30301306672520D-03  0.38443506620641D-03  0.25716219052550D-03
  0.65344074482641D+01  0.14373247442096D+01  0.59151755997765D+01 -0.44714590682888D-04 -0.48348662220319D-03  0.62740603912459D-03
  0.48668046638043D+01  0.29058953445724D+01  0.44063133027904D+01  0.48053711358662D-04 -0.35554543077496D-03  0.17309199314044D-03
 -0.32329187852327D+01 -0.53012489523238D+01  0.47733078145467D+01  0.15846444434039D-04  0.18086174280672D-03 -0.23207387146098D-03
 -0.33848117860527D+01 -0.80389206721496D+01  0.50492116267968D+01  0.77089489105427D-03  0.28519374170739D-04  0.54262796077096D-04
 -0.12855851508317D+01 -0.94426002488236D+01  0.58058108752636D+01  0.98105856429822D-04 -0.93681415294947D-05 -0.17727599338574D-03
  0.76616186328272D+00 -0.80720060947262D+01  0.67472063972409D+01 -0.18153493849004D-03  0.56115543748891D-04  0.58984634931560D-03
 -0.52100410541682D+01 -0.37620621902280D+01  0.49784309577715D+01  0.32781973888614D-03 -0.47763454839802D-04  0.13487480394427D-03
 -0.39161012109747D+01 -0.44579043057420D+01 -0.27907525260454D+00 -0.30810150371206D-04 -0.22219978392843D-04  0.22473473621627D-03
 -0.57595199868964D+01  0.35920128748494D+01 -0.38251252212689D+01 -0.21912229447685D-03  0.89167865277372D-04  0.11597092543737D-03
 -0.13274586206270D+01 -0.11774303313092D+02  0.73820701653209D+01  0.51566007672596D-03 -0.11535672319315D-03 -0.71186422781029D-04
 -0.22801499941261D+01  0.56232425014577D+01 -0.11372550393336D+01 -0.27672541772969D-03  0.36235886697132D-03 -0.32952279384817D-03
 -0.63669281133219D+01 -0.13207210444345D+01 -0.25444245356441D+01  0.82281444667553D-03 -0.44718658008161D-03  0.19140530041154D-03
  0.48952752769709D+01  0.47735137261777D+01  0.43711964662828D+01 -0.44731195008232D-03 -0.75462653595066D-03 -0.23947039386128D-03
  0.72431132281617D+01 -0.18778012482073D+01  0.78709932415082D+01  0.13243193675425D-03 -0.12383788755420D-02  0.38606667846559D-03
  0.18772493640782D+01 -0.87419131743437D+01  0.81577223678129D+01 -0.40483396155504D-03  0.33191850835523D-03 -0.32747558800975D-03
 -0.52770899393746D+01 -0.86473630452679D+01  0.44646515725633D+01  0.30303995525406D-03  0.14195028870625D-02 -0.14189339107057D-03
 -0.59882491571940D+01  0.32176337737452D+01 -0.61239336774130D+01  0.95625644018034D-04  0.17583850639893D-03 -0.26219299843647D-03
 -0.69810281706325D+01  0.55826256061649D+01 -0.27660602609724D+01  0.20534454457425D-03  0.25628973966193D-03  0.23983109498815D-03
 -0.80107825310054D+01  0.69953782580549D+01 -0.47262960393891D+01  0.24397785525251D-03 -0.19228050380174D-03 -0.58373180801485D-03
  0.87943798495317D+01  0.26657803742919D+01  0.67374793987085D+01 -0.61024073726063D-03  0.55768425867967D-03  0.56036352692958D-04
  0.10344694741876D+02  0.15417287725681D+01  0.80584216670894D+01  0.54627082223398D-04 -0.17780473589173D-03  0.63405829823805D-04
  0.93614199799612D+01  0.48891779602217D+01  0.56345127490086D+01 -0.22526416775571D-03  0.33190075378384D-03  0.61824806807365D-03
  0.11967959513340D+02  0.56371427333054D+01  0.59948112579140D+01  0.61995697796450D-03 -0.36831029366898D-03 -0.23912562812188D-03
 -0.34181965730005D+01 -0.12114163631865D+02  0.82340291913860D+01 -0.20551660846669D-03 -0.53767867217673D-03  0.48342517172065D-04
  0.83826129413233D+00 -0.13179955593571D+02  0.78032397709063D+01  0.29303507370822D-03 -0.35644484237661D-03 -0.28651788838391D-03
  0.66932857580887D+00 -0.14457778011050D+02  0.10113259849507D+02 -0.12579344655019D-03  0.44634271926591D-03 -0.38712299256410D-03
 -0.75494897080043D+01 -0.50575201462201D+01  0.58228903405573D+01  0.61157998975125D-04  0.72817574340471D-03 -0.15459020023799D-03
 -0.15683950518708D+01 -0.58055224135025D+01 -0.59960301757532D+00 -0.45764006979061D-03 -0.24612252700628D-03 -0.35098614261491D-04
  0.25057596002250D+01 -0.15232029645530D+02  0.10785686701188D+02  0.30365111635142D-03 -0.64201740583116D-03 -0.21344420525571D-03
 -0.44497821078824D+00 -0.16194315006669D+02  0.10583451903563D+02  0.40817928197586D-03 -0.44939736030156D-03 -0.41625413936327D-04
 -0.18774756559625D+00 -0.13058843849582D+02  0.11338106147262D+02  0.63794772411609D-04 -0.73381695371382D-03  0.32020713517403D-03
  0.12151801907145D+02  0.74002519882125D+01  0.70389679873496D+01 -0.30490533240945D-03  0.47528765306010D-03 -0.83378472341166D-03
  0.12314232421856D+02  0.64581542213414D+01  0.41546153964761D+01  0.60548421877177D-03  0.39743985583098D-03 -0.55452331207788D-03
  0.13264907507608D+02  0.40337417078345D+01  0.63137386462608D+01  0.39150214260194D-03  0.23469950061688D-03  0.50037446672286D-04
 -0.15681334762750D+01 -0.62654743950238D+01 -0.25748489754947D+01  0.33121583789448D-03  0.85048516244071D-03 -0.79034332141720D-03
 -0.16849445901281D+01 -0.73754230134206D+01  0.61726484165982D+00  0.11620596284263D-03  0.27468250087169D-03 -0.79103644929951D-04
  0.15239921094146D+00 -0.48196596079215D+01 -0.40718343526033D+00  0.11335594672924D-02 -0.66912582496284D-03 -0.58788304913028D-03
 -0.88979997965275D+01 -0.42840254917002D+01  0.70428558343351D+01 -0.74934202800927D-03 -0.25990816146196D-03 -0.11258831281256D-02
 -0.70912202440404D+01 -0.68681607809354D+01  0.68140204006751D+01  0.77586157953246D-03 -0.27339443631102D-03 -0.30809526928392D-03
 -0.83431212660944D+01 -0.59676823867481D+01  0.40955452118749D+01 -0.94910404384268D-03 -0.41364640229795D-04  0.19929180838136D-03
 -0.90188428773170D+01  0.86410809665593D+01 -0.40735394967009D+01  0.42830852918746D-03  0.40986089845740D-03  0.25857881501414D-03
 -0.93376490536658D+01  0.58240675594318D+01 -0.59664194474568D+01 -0.20069021758601D-03  0.50167084150207D-03 -0.62072002835153D-03
 -0.64046876606502D+01  0.77879520216424D+01 -0.58233018176845D+01  0.45831819621120D-03  0.35987701665836D-03  0.89199327516707D-04
 -0.41251193299191D+01  0.80528534759944D+01  0.49597457427244D+01 -0.14550102821699D-03 -0.49389768343539D-03  0.46929460381635D-03
 -0.50473800267484D+01  0.58998310518120D+01  0.63249475994554D+01  0.36480134307532D-03  0.52586231667306D-03  0.62404417352352D-03
 -0.33332216305669D+01  0.43130788665116D+01  0.79617239650525D+01  0.26087391212625D-03 -0.12537394583039D-03 -0.22503583085834D-03
 -0.70630994056689D+00  0.50076724795982D+01  0.78383463285421D+01  0.40869862556352D-04  0.32854410097609D-03 -0.11105890219941D-03
  0.25578809200153D-01  0.73291291117709D+01  0.67956771363904D+01 -0.38831346369577D-03 -0.28857379498451D-03 -0.30557923034117D-03
 -0.14678298980942D+01  0.86429443870141D+01  0.50110722075618D+01 -0.16492838909229D-03  0.12883634601957D-03 -0.18571980850657D-03
 -0.39833114333635D+01  0.22917206955525D+01  0.95025752229730D+01  0.34327478614508D-03 -0.41465834938574D-03 -0.12206057635702D-03
 -0.22617102227741D+01  0.70624863760091D+00  0.10520464177276D+02 -0.62543622818180D-03  0.21683366663676D-03  0.17460143321182D-03
  0.33061507725348D+00  0.12702619264039D+01  0.10137303374718D+02 -0.43370394752105D-03 -0.55590855637996D-03  0.41821843902376D-03
  0.10490786272163D+01  0.35015858689224D+01  0.90233504084814D+01 -0.37716301443546D-03  0.98434375468725D-04 -0.26403478563864D-03
 -0.64803186785808D+01  0.18062692234445D+01  0.10486990316244D+02  0.26812688925566D-03  0.23266314644008D-03 -0.45312607892872D-04
 -0.73988114168447D+01 -0.46975944522695D+00  0.11576891793371D+02  0.64522413225845D-04  0.22982018982551D-03 -0.27915803889198D-03
 -0.55948846393728D+01 -0.22022514578824D+01  0.12440359194766D+02 -0.12813316379011D-03 -0.63722344390185D-03  0.57205240638282D-03
 -0.32183048439021D+01 -0.15081073460730D+01  0.11727082183530D+02 -0.37499187800917D-04  0.37466365150154D-03  0.12159177908619D-03
 -0.13882662758083D+01 -0.34997100630971D+01  0.12149027529437D+02 -0.41371683544583D-03  0.12598872101883D-03  0.68402404340925D-04
  0.13333656113723D+01 -0.29804468859475D+01  0.11493977835974D+02  0.75999517226093D-04 -0.12747679238066D-03 -0.32913535721275D-03
  0.21163612559352D+01 -0.57174708100917D+00  0.10787334205872D+02 -0.14783152896184D-03 -0.17763085159014D-03 -0.37832407400035D-03
 -0.81577368892639D+01  0.40280009583145D+01  0.10851658687846D+02  0.55639180769164D-04  0.37938211044750D-03  0.12318704479892D-03
 -0.10571371239514D+02  0.35051244477252D+01  0.11497890023992D+02  0.54706883495015D-03  0.11706313610477D-03  0.11253796467615D-03
 -0.11733568071451D+02  0.11363751763545D+01  0.11492127561117D+02  0.32804468879011D-04  0.57987634308907D-03  0.18861466823197D-03
 -0.10004352195947D+02 -0.88622186154679D+00  0.11793405601453D+02  0.66532317610543D-04  0.56389326612466D-04  0.71366460729175D-03
 -0.71133772043675D+01  0.64328937357714D+01  0.10814991070883D+02 -0.62227333512252D-04 -0.78309547497131D-04 -0.16047174851367D-04
 -0.73288964694084D+01  0.45702066488477D+01  0.58110614426563D+01 -0.30138969265899D-04 -0.42871546134797D-03  0.22399762860699D-03
 -0.68650711713037D+00  0.10829089232579D+02  0.35317672674873D+01 -0.24054497356095D-03 -0.64370727395324D-03 -0.97235983332399D-05
 -0.14480606861638D+02  0.10489585518065D+01  0.12167163294026D+02  0.11885480476577D-03 -0.50932027433411D-03 -0.57907124319909D-04
  0.20246721075770D+01  0.73244201809567D+01  0.66340697710703D+01 -0.17501156284162D-03  0.95168277058875D-04 -0.42237898390900D-03
 -0.51683983729891D+01  0.94253821793064D+01  0.37006810466050D+01  0.37502571997629D-03 -0.32646079866773D-03  0.67821566818659D-04
  0.41423858853775D+01  0.29427798447617D-01  0.10610274231409D+02  0.29993285725454D-03  0.11125624110928D-03  0.12761596336437D-03
 -0.19479516969739D+01 -0.52276473287503D+01  0.13006288642132D+02  0.43711392381296D-03 -0.63081824083050D-03 -0.52936689869774D-03
 -0.10917868319028D+02 -0.26739539869220D+01  0.12186786892566D+02 -0.64184211944873D-03 -0.43107543395540D-03  0.24773371896149D-03
 -0.12078327052685D+02  0.49257201895008D+01  0.11845780609683D+02 -0.16041105189203D-03 -0.12830589885500D-03  0.36734322504391D-03
 -0.16230866577843D+01  0.11306415721405D+02  0.14322378722726D+01 -0.22292279310510D-03  0.10213193818896D-03  0.88060837282761D-05
  0.13719276538312D+01  0.12133309008392D+02  0.45451484458298D+01 -0.79120813293231D-04 -0.91931639474576D-04  0.94905006034784D-04
  0.19733044568191D+01  0.14285979994104D+02  0.28956913905758D+01  0.24482621717658D-03  0.18823084360889D-03 -0.35914543607900D-03
  0.32259877723875D+01 -0.49290690054693D+01  0.12056083180779D+02 -0.34035680982038D-03 -0.13032606482780D-03 -0.47496609628962D-03
  0.25642603875835D+01 -0.69583152080007D+01  0.12714418005261D+02  0.71471720416647D-04  0.44345642635155D-03  0.91205271440525D-04
  0.57637909830043D+01 -0.42730649695009D+01  0.11997746160815D+02 -0.21001682939443D-04 -0.13059993155698D-03 -0.15288339937104D-03
  0.71195418685152D+01 -0.64948390882333D+01  0.12155929528594D+02 -0.56065001948613D-03 -0.15081252662018D-03 -0.78489259909489D-04
 -0.15380899289125D+02 -0.10589683469558D+01  0.11994808554616D+02 -0.79747145376563D-04  0.14547625415286D-03 -0.13283297841589D-03
 -0.15577287187186D+02  0.33705627483515D+01  0.12421063777641D+02 -0.49755242957534D-03  0.46766192844572D-03 -0.83288066339803D-04
 -0.18292543032334D+02  0.32069370334720D+01  0.12261042038416D+02 -0.33345753172662D-03 -0.18970612128957D-03  0.50440691341577D-03
 -0.76028658558233D+01  0.76637728051314D+01  0.13112154770274D+02  0.10926870832299D-03 -0.46479238608338D-05 -0.49243458691281D-04
 -0.67902912573417D+01  0.32244900894560D+01  0.33297636129503D+01 -0.29315503414259D-03 -0.66500338946477D-04 -0.26956007194358D-03
 -0.18901023972165D+02  0.15649883295950D+01  0.11141664973561D+02  0.15289958268012D-03  0.12917880392034D-03 -0.32276736072249D-03
 -0.18775815057526D+02  0.50936139293125D+01  0.11305610350108D+02  0.49809398969714D-03  0.75742247303986D-03 -0.68591970632132D-03
 -0.19464698073960D+02  0.29467573009103D+01  0.13974494605275D+02  0.66172054189661D-03  0.39287559797442D-03  0.68373561354495D-03
  0.92021145749810D+01 -0.59453567174277D+01  0.12215151184656D+02  0.32073590302764D-03  0.75464726699746D-03 -0.55970835891238D-03
  0.65121498147592D+01 -0.75738159554229D+01  0.10651082597697D+02  0.13820180414917D-03  0.29609178097054D-03 -0.29387258175540D-03
  0.67900682368589D+01 -0.73415891757595D+01  0.14091817561698D+02  0.88794671893231D-03  0.66918257403387D-03  0.32671848916358D-03
 -0.83518407490531D+01  0.20203220435236D+01  0.26015969901054D+01 -0.13933892047759D-03 -0.28935641987359D-03  0.61880862733548D-03
 -0.49864087581293D+01  0.21415622491580D+01  0.33005753287766D+01 -0.54454995265875D-04  0.75426650594972D-04  0.14796640961686D-03
 -0.65773237513861D+01  0.50312827345220D+01  0.22169308184955D+01 -0.81418094651487D-03 -0.29699231856406D-03  0.79794071599395D-03
 -0.57869239476932D+01  0.85719895329106D+01  0.13781264860949D+02 -0.20280689383465D-04  0.60184008075161D-03 -0.27973108068723D-03
 -0.81684604209986D+01  0.61273579918838D+01  0.14534347034244D+02  0.24214846057940D-03  0.57989302717749D-03  0.34265139558487D-03
 -0.92989555921978D+01  0.89250287818274D+01  0.12957188351536D+02  0.43041163577773D-04  0.42201294124181D-03 -0.32063503654305D-03
  0.49194554641746D+00  0.14644741752503D+02  0.13291220630895D+01 -0.36052497960224D-03 -0.65050631199341D-03  0.15322544253600D-04
  0.37954200822865D+01  0.14001226992177D+02  0.18305320098451D+01 -0.56597503933000D-03  0.30615038861479D-03 -0.29252095734728D-03
  0.27489635214968D+01  0.15561045171597D+02  0.42236708332734D+01 -0.15349951305824D-03  0.86472969012027D-04 -0.69695328440115D-03
