$coord
       -3.49730911939513        4.09092100641985       -0.02907406406662      C
       -3.51441443884586        5.04042790678330        2.44631149891108      C
       -1.80125934900722        4.21852921017087        4.27053359087912      C
       -0.56313074824164        2.02069159441965        3.63029460594099      C
       -0.73254397674901        0.86625422303546        1.24130192328609      C
       -1.93865915351307        2.10368080116093       -0.80163880714928      C
       -1.45568546116865        5.29053389677286        6.65599663375842      C
       -0.44886660930058        3.86775936005490        8.53514330194028      C
        0.93011885493571        1.51700095847960        7.75735029522491      C
        0.89603883388542        0.80356881390346        5.36788243378124      N
       -2.29293935076330        7.76817929539359        7.43005469789553      C
       -2.68786146867396        8.13760685182297       10.26882659907513      C
       -1.68590912770275        6.69520838322418       12.08599101297181      N
       -0.28272678529361        4.80029647134344       11.11471363196072      C
        0.91623711834833        3.13672943573272       12.76724773479022      C
        2.14612132476002        0.99413808104513       12.13289506289481      C
        2.10083663534270        0.01290520701022        9.62284663017192      C
       -2.38188881233075        9.93724698909798        5.78331370723717      C
       -3.66142154813128       12.13799552544301        6.66725372471579      C
       -4.68386726525892       12.17472057478916        9.22628627348858      C
       -3.84913850597053       10.37653659407683       11.00610834906133      C
       -1.08005115627353        9.85576002432577        3.35830759203953      O
       -5.55789859390499        6.52128880106453        3.31916940924788      O
       -2.14431758084180        0.74744132060190       -3.18081921678841      C
       -6.33466568583699       14.29834511555851        9.90442156143074      C
        0.25202124781734       -0.89307181700231        1.18918159179969      H
       -4.50349493207274        4.71448668037073       -1.72395037127537      H
        2.76029063964220       -1.80870145686654        9.05697189881418      H
        0.35291938021046        3.21117050869042       14.79541928349200      H
       -4.30462706282744       10.73161658659507       12.95171935081274      H
       -4.25072353461308       13.51467949235416        5.22634875748476      H
       -1.54927766236707       -1.45034265183160       -3.32616429949193      O
       -3.49936698048679        1.72584764091693       -5.13147787095556      O
       -4.14669923444259       -0.34580769921377       -6.72221769551970      C
        3.10286156150038       -0.74997370371625       14.07454124341598      C
        3.42072826224593       -2.97842587099882       13.59290981368394      O
        3.67424696395627        0.11130423566649       16.50822749332321      O
        3.74309293926862       -1.74993056898004       18.23099236801217      C
       -6.86117593431337       14.38557774984242       12.18831710580506      O
       -6.65415469501555       16.11282843560006        8.12850004932645      O
       -7.93780862559390       18.17188664233295        9.43333862013134      C
        1.04462894901917       11.33135401167598        3.11090171705118      C
       -7.59026734717139        7.33134302064296        1.63865781115042      C
       -8.89725830064721       17.59637574972101       11.15773370375523      H
       -9.44316338854243       19.00044034308043        8.49285093455261      H
       -6.31163998035693       19.35166513609332        9.91795260674580      H
        3.94048368378018       -0.84829696587772       20.18145572770892      H
        5.38218048492513       -3.03051682561184       17.98105703896746      H
        2.00934722252472       -2.94150289341925       18.17575643019473      H
       -7.83225815341597        9.44923983750981        2.02049084422640      H
       -9.16132157459794        6.08344327312137        2.57522120581056      H
       -7.18400622385693        6.99545454159328       -0.45498299799938      H
        1.72843831070371       11.62529430414006        5.07952539541741      H
        0.44015996851921       13.25523284932416        2.43596149044463      H
        2.22992674375013       10.41711891827109        1.65832632187167      H
       -5.37992797410746       -1.52683671661209       -5.51026135992249      H
       -2.29515393532989       -1.35035809443986       -6.99584819017727      H
       -4.75041947841373        0.29568939269999       -8.44096857679685      H
        3.28050606558058       -8.19982211443764        4.29404785318381      C
        1.86754822477427       -6.34946510847149        5.68579761823099      C
       -0.47518000130157       -5.63446123319089        4.62186668172636      C
       -0.99079922857404       -6.20385920248942        1.95279678663695      C
        0.73610226380439       -7.69909265135780        0.61882016328833      C
        2.68142278403852       -8.94639847697009        1.88197337591573      C
       -2.20962871008710       -4.08759886058383        5.95579162521171      C
       -4.01997373654340       -2.77134275172562        4.61717675713607      C
       -4.25979265967155       -3.58759251163799        2.03721350626727      C
       -2.96205740066895       -5.45247268904233        0.75637384839982      N
       -2.40890444517234       -4.00211532342215        8.75442426642412      C
       -4.06365880723911       -2.05770689128670        9.68024708530022      C
       -5.46483677031947       -0.53222720420526        8.14098630795517      N
       -5.55452604512631       -0.91948535471121        5.69562508488851      C
       -7.12142505847422        0.43630099682166        4.06624524551289      C
       -7.59639637142066       -0.17222080093524        1.50711644001392      C
       -6.17520433629845       -2.22955390698705        0.58726078503030      C
       -1.65691121351180       -5.74250452361106       10.59349714255916      C
       -1.85041075506076       -5.17059322846310       13.14004883108408      C
       -3.11729185234961       -3.00047459103094       13.89636419805631      C
       -4.10104907804820       -1.33218113884770       12.26742494025648      C
       -0.67035845062236       -8.12720901699061        9.60592731374933      O
        2.87910753443136       -5.23044894166071        7.92439857280758      O
        3.98000955053274      -11.26856730759660        0.67407874720797      C
       -3.67513119734285       -2.61534775425980       16.59492912075130      C
        0.34874131809057       -8.20199932665925       -1.26203573978172      H
        4.43432986023585       -9.40391024377058        5.41087651957510      H
       -6.83493924836863       -3.12648560802539       -1.33877837430934      H
       -8.55568333988496        1.58958855007263        5.06735115830415      H
       -4.93192909115732        0.22719649373341       12.86416903309125      H
       -1.27166304419859       -6.54060526401207       14.48242221668707      H
        4.96195653092882      -13.01456715266554        1.85170082452705      O
        4.01585372727512      -10.76034022383280       -1.87146756208383      O
        4.90477168531640      -12.99523567615613       -2.90127530660303      C
       -9.89938539588265        0.97379067870152       -0.05562029186674      C
      -10.63900230291587        0.05189481608720       -2.06317111654272      O
      -10.76797646250247        3.17727728459261        0.88680601640880      O
      -12.75653673204110        4.13018607243403       -0.57008846709379      C
       -4.40319087479205       -0.48439802844157       17.24064721843439      O
       -3.41134493931660       -4.71148000393832       18.09861114941537      O
       -3.83930697363728       -4.12694232691948       20.68892258641953      C
       -1.68591418298690      -10.26897844272147       10.65598651542554      C
        5.27713118945209       -6.30340407053145        8.31064256493449      C
       -2.15034690402721       -3.04801422914279       21.00746311908883      H
       -3.96226119534227       -5.95277916465593       21.76296283502133      H
       -5.47022068911566       -2.88373967421235       20.96657914858918      H
      -13.21953320836899        6.01796569428429        0.09405655046985      H
      -14.44417668186963        3.01662136706801       -0.10307359282548      H
      -12.36730560224414        3.83213035164748       -2.56545830930585      H
        6.43917887612054       -5.66159021039392        9.81831633987804      H
        6.40466169586598       -6.48184985473736        6.64935872047645      H
        4.82662765687617       -8.22289316178964        8.79569966286770      H
       -3.53938631764284       -9.71755986923519       11.37877284551896      H
       -0.65875093105883      -10.59343578888978       12.42414990666477      H
       -1.70253768106920      -12.01383842281764        9.57890389511791      H
        3.30906189998259      -14.36071743804947       -2.83962551547255      H
        6.58764381099692      -13.65365875330814       -2.07148590546117      H
        5.56907752643107      -13.10662107090358       -4.87110651314529      H
$end
