$coord
        1.47883682953753        2.29841568593205       -1.37876356343598      C
        0.07714568763532        3.44819980690678        0.45254481686957      C
        1.11921805212705        3.26801803248895        2.95988514299181      C
        2.77890078722127        1.39684205886033        3.47179463206803      C
        4.26178845605153        0.40809479711791        1.27711278791879      C
        3.72250868654075        1.00924321816660       -1.17191320973652      C
       -0.19204652625760        4.46359645638645        5.04757737829467      C
       -0.01389237124623        3.23779093442405        7.35734369345826      C
        1.92316811726171        1.46826959269514        7.66747780602610      C
        3.48546001603282        0.79517191896259        5.80224816770941      N
       -2.08814710295467        6.43758819366993        4.94898875753712      C
       -3.71971634845355        6.65453231581519        7.06318148421463      C
       -3.60082946095037        5.38739230406247        9.21181317397190      N
       -1.77590707965239        3.72412112095090        9.45674538018458      C
       -1.43087513585781        2.55926914184256       11.79747796246358      C
        0.75857841885609        0.98123316033016       12.26916774086240      C
        2.22650837997921        0.31522981728626       10.07584245023138      C
       -2.29688687872820        8.21990912087652        2.90163035135377      C
       -4.57901395755454        9.71442746178340        2.62780186903417      C
       -6.02965155137958        9.88976075748037        4.75555085194899      C
       -5.50466862500851        8.67558756026520        6.90236484473671      C
       -0.27620650964437        8.93085206403240        1.22464803574197      O
       -2.39586495696966        4.51064951577841       -0.21548144328372      O
        5.59311483915467        0.48559477941621       -3.29264007170247      C
       -8.06061296170850       11.88049874894857        4.69985136435059      C
        5.74347953333733       -0.66709563756985        1.75869639641030      H
        1.13106350684633        2.66496320010700       -3.31396448286839      H
        3.60493490720036       -1.24236087069902       10.40658023873713      H
       -2.50225428367414        3.27762343396205       13.41504891711184      H
       -6.86170150837717        8.71546575880125        8.48346151323102      H
       -4.83128717957511       11.28342100386628        1.35969030162351      H
        7.58707207925243       -0.41340059175550       -2.78006544235899      O
        4.86506313433017        0.98457369454928       -5.73088721716096      O
        6.81086909283126        0.03425027780585       -7.51794577168207      C
        1.40583062561171       -0.41240850660290       14.59531184290411      C
        2.87143558396989       -2.17510761806976       14.24154211683588      O
        0.46846852914184        0.11943405192374       17.19737293457669      O
        1.63982104069854       -1.66395583725417       18.82825541202783      C
       -9.58481180994115       11.71027726036022        6.31714312275170      O
       -8.12631523810454       13.65399802659998        2.82548503122264      O
      -10.17914929556605       15.09831789669193        3.22398652514552      C
        2.25765012415420        8.77439125122329        2.11256166233088      C
       -2.51066723915798        5.74700582950662       -2.51003294450364      C
       -9.72515348713151       16.89407360184001        4.07706295187052      H
      -11.72724760427432       14.14351892523849        4.25065981090219      H
      -10.93838191463630       15.60395920591079        1.40937136523398      H
        3.42398425096114       -0.84924250671396       19.35943303115905      H
        1.82838957956195       -3.30415093232484       17.69286189702465      H
        0.54428225379799       -1.92147781169356       20.49211310712585      H
       -3.29634108749131        7.58220312850014       -1.93339082697913      H
       -3.71029600343623        4.51802777556181       -3.78412322673291      H
       -0.59833345989541        5.86631591848968       -3.25744854246895      H
        3.18901576712792        7.81025301023801        0.44898785777591      H
        2.82830355623171        7.75277120975673        3.86365370672468      H
        3.13480318383602       10.51264582539247        2.32236500568900      H
        8.07239278947367        1.55457064053220       -7.90182226203747      H
        5.39281187549382       -0.49580304070747       -9.01212365191805      H
        7.78148961943003       -1.61158786856551       -6.64522255895682      H
        0.51710143897875       -5.71979717870795        3.26124134643181      C
       -0.52609925051763       -5.02883542783325        5.56363434204663      C
       -3.01335328751247       -3.94673343137545        5.53427420630308      C
       -4.02999092477763       -3.02713192444866        3.16776541031648      C
       -3.15923928228947       -4.56895293079726        1.08531528473770      C
       -0.89320365695311       -5.68334974740893        0.96163802372536      C
       -4.38986451094488       -3.36555116789591        7.92192768893284      C
       -6.11463390185998       -1.38354277475706        7.70158977819518      C
       -6.85261339417436       -0.38447476181070        5.24740409911305      C
       -5.91764621035615       -1.16655088360946        2.99704744133101      N
       -3.83444376399939       -4.35433697401811       10.23133212057664      C
       -4.79519828187229       -3.04455604431176       12.49421909460937      C
       -6.35692285295960       -1.07384030153823       12.33419043449965      N
       -7.11424951292635       -0.55301116126140        9.98032074976085      C
       -8.65057118647094        1.57045358491691        9.63061279648946      C
       -9.21386054285562        2.91496721057512        7.42147717181173      C
       -8.48037542977753        1.89419072013528        5.08006590130710      C
       -2.74580558199383       -6.72658203323610       10.67239475696419      C
       -1.93315214156826       -7.39284040702969       13.08531128807184      C
       -2.66835957235770       -6.00481014836832       15.22851357523643      C
       -4.34069711628785       -3.93850898120786       15.00400787600266      C
       -2.42374190241552       -8.59074893221005        8.82947996826229      O
        0.72373130661168       -4.93721703238479        7.87842812169427      O
       -0.23770846535092       -6.85911777577493       -1.55856891798823      C
       -2.07361055662898       -6.97106058856624       17.71426260656507      C
       -4.33543467614979       -4.24679403589484       -0.54968473037684      H
        2.43844630205674       -6.34195669255764        3.16963218832597      H
       -9.42779604104307        2.79525228840113        3.48649388448994      H
       -9.34310990810394        2.71808650640928       11.15714770193234      H
       -5.17445806819250       -3.31843696955152       16.64685978906640      H
       -0.96115587809779       -8.98131220974424       13.32319621044834      H
        1.93555429209698       -7.13479205683976       -2.11357865808304      O
       -2.24555554538784       -7.37651594705388       -3.00592549412801      O
       -1.45961895959654       -7.73337088117626       -5.54282354785947      C
      -10.86540797299177        5.08617705078470        7.67879445302122      C
      -11.20788494245878        6.50057675494445        5.84226126030143      O
      -11.79567541417675        5.59288037712095       10.01800191133411      O
      -12.77297720699942        8.19716718023680       10.25674263979106      C
       -2.72317502237380       -5.48739281743940       19.46631337844450      O
       -0.96525815126065       -9.30464021354967       18.07925084145021      O
       -0.60849252375498       -9.75966106288578       20.68349985792745      C
       -1.48610255075733      -10.94587335353618        9.46170276090309      C
        2.95910590189805       -5.99199247173375        8.08918343359817      C
       -1.84578920571098       -8.68051543717976       21.85624683486027      H
        1.25010208561083       -9.33147525655141       21.16033358405271      H
       -0.73276855054319      -11.75064137233585       21.09953546680384      H
      -14.70151943138045        8.36347778800960       10.79177637535656      H
      -12.72507800886511        8.87634243979802        8.25097366048111      H
      -11.60086664366340        9.27520639065429       11.65712196853405      H
        4.40837362102077       -4.76888301673018        7.31075692871472      H
        2.99935409347459       -7.91733809638383        7.36923194424847      H
        3.71696137233764       -5.98003721257998       10.00731720884665      H
       -1.79682879820384      -12.01939671389489        7.65178210045154      H
       -2.59124212068241      -11.80751011627586       10.95270811882180      H
        0.47609253387916      -10.80515841327539        9.94616905597465      H
       -3.15168857084926       -8.63137606402573       -6.25558477833217      H
        0.11509008260250       -9.07105658965152       -5.80691655279448      H
       -0.91116256774334       -6.02938177013834       -6.37367405240973      H
$end
