 -1.0
 -0.36187244336785D+01  0.18196706535557D+01  0.53618315040903D+00  0.33334189353774D-03  0.17792292809070D-04 -0.13706427089143D-03
 -0.29256350774706D+01 -0.57894231227377D+00  0.10738298511494D+01  0.27689237646704D-03  0.13785809724488D-03  0.20643251952159D-04
 -0.74899221489441D+00 -0.97982970762646D+00  0.25907787185444D+01 -0.59184503421877D-03 -0.17597623925663D-03  0.10818376683922D-03
  0.11385041848998D+01  0.10001986910042D+01  0.24518620128322D+01  0.18339850118804D-03 -0.13575800279245D-03  0.87522361627287D-04
  0.41457348979456D+00  0.34925200421563D+01  0.16473526518595D+01  0.74652528338482D-04  0.18745324174246D-03 -0.15054712212098D-03
 -0.20748196911550D+01  0.39374415062162D+01  0.93056034024640D+00  0.26415785958529D-03 -0.13714747881555D-04 -0.51087494062367D-03
 -0.13182605097609D+00 -0.31494302256438D+01  0.41489949131293D+01  0.85040991290975D-05  0.23124786130983D-03  0.50173721083593D-03
  0.23521498682673D+01 -0.34597282839262D+01  0.50625996641869D+01  0.28591931345202D-03  0.15463196173837D-03  0.13390262444591D-04
  0.38725169935916D+01 -0.12953763433222D+01  0.51311461382121D+01  0.25888158464482D-03  0.20506195896831D-03  0.49351592310166D-03
  0.32894635416610D+01  0.63732576361201D+00  0.36563643001498D+01 -0.40210237660013D-04 -0.29509533705939D-03 -0.10487105720599D-03
 -0.16396965188093D+01 -0.53693884011854D+01  0.43255817060360D+01 -0.18889024625096D-03  0.50314420285158D-04 -0.21305299072413D-03
 -0.74848741733458D+00 -0.76957743490569D+01  0.52738501885232D+01  0.26738343036517D-03  0.74432714696625D-04  0.52827786820297D-04
  0.16034228848903D+01 -0.78713591234556D+01  0.63623518172836D+01 -0.96500484898486D-04 -0.14009230111869D-03  0.42560152956006D-05
  0.31448992565928D+01 -0.58048628551525D+01  0.61664076416013D+01  0.22384314728113D-03 -0.16382186942016D-03  0.22204501787909D-03
  0.55796236747654D+01 -0.59370933272121D+01  0.67812946656709D+01 -0.15905426353805D-03  0.33624849307888D-03  0.41477270354333D-04
  0.70576104392647D+01 -0.38070117629372D+01  0.69054955366854D+01  0.18091733192235D-03  0.11276082942769D-03 -0.19359220773324D-05
  0.63169300179516D+01 -0.14145703653940D+01  0.62251646418229D+01 -0.27237168319752D-03  0.17569037041119D-03  0.24855160197135D-04
 -0.43867355011577D+01 -0.53632287102142D+01  0.39828706009358D+01 -0.11386852199531D-03  0.19859593221045D-03 -0.24597414422392D-03
 -0.57651868147767D+01 -0.76741898278949D+01  0.32769147548997D+01  0.10830246643400D-03 -0.21107986981439D-03  0.19516589905838D-03
 -0.46393711658365D+01 -0.10014446040035D+02  0.37939850393521D+01 -0.14654401555085D-03  0.95651218010657D-04  0.12695033886204D-04
 -0.22487521682211D+01 -0.99883946891800D+01  0.48203314715550D+01 -0.48642368219029D-04  0.22988741943072D-03  0.33417902906138D-03
 -0.57728209979055D+01 -0.31193719624686D+01  0.40331894199909D+01  0.72166498024421D-04  0.21735350287824D-04  0.21880314575569D-03
 -0.41591568401227D+01 -0.25894694264963D+01 -0.75340881219505D-01  0.24714771732589D-03  0.31109371010285D-03 -0.40133846269953D-04
 -0.27538857510077D+01  0.63844953095944D+01  0.72734801530662D-01 -0.32638448432802D-05 -0.19577627748266D-03 -0.67289496671424D-04
 -0.63104375365757D+01 -0.12415641459296D+02  0.33968922160866D+01  0.43283088328744D-03 -0.12810435506063D-03 -0.68644837161518D-04
  0.17013106844956D+01  0.51914743984886D+01  0.15327007570643D+01  0.76438780041793D-03  0.30851112374318D-03  0.11962788364734D-03
 -0.54447421611808D+01  0.22846626118876D+01 -0.30723620835134D+00 -0.76779161055226D-03 -0.19556623630966D-03 -0.74045759102756D-03
  0.73315469163852D+01  0.37855707799911D+00  0.63318989572385D+01  0.19821975529439D-03 -0.35401333557778D-03  0.32525895291114D-03
  0.64267052816443D+01 -0.76130041027870D+01  0.73865343272235D+01  0.40739961787490D-03 -0.16393157922562D-03 -0.73148862295690D-03
 -0.14111360864595D+01 -0.11831285556317D+02  0.51440014169879D+01 -0.33804526405507D-03  0.30727426265664D-03  0.36989487043199D-03
 -0.74443567327042D+01 -0.76812481606574D+01  0.22692852848573D+01 -0.29908956760541D-03  0.48518250414678D-03  0.16646464711036D-03
 -0.44967850691697D+01  0.67938014844485D+01 -0.11967836279324D+01  0.32574138298431D-03  0.11053665279557D-03  0.11588746511724D-04
 -0.11789358269759D+01  0.85210037685965D+01  0.50070625446960D+00  0.35261499316482D-04 -0.22333386568844D-04 -0.18862536873862D-03
 -0.16885247093574D+01  0.10849188202519D+02 -0.91238948922899D+00  0.12862389121067D-03 -0.12683132185666D-03  0.47121438741636D-03
  0.95654482962135D+01 -0.39256624645063D+01  0.78552980087100D+01 -0.89418766544392D-04  0.26757823806313D-03 -0.17706457032520D-04
  0.10049350399455D+02 -0.45575417827089D+01  0.10057342500030D+02 -0.31062378316329D-03 -0.94069492832796D-05  0.12062333273862D-03
  0.11191473257003D+02 -0.28408168309186D+01  0.61524268312863D+01 -0.23768956642331D-03  0.20568015628368D-03 -0.72733564924664D-03
  0.13746744026827D+02 -0.28397898057470D+01  0.70466845888362D+01  0.34938369088201D-03  0.37159970140531D-04 -0.16092529074435D-03
 -0.85880371452743D+01 -0.12035676405635D+02  0.30003416781102D+01 -0.30916835994610D-03 -0.50910381604046D-05  0.11022951148622D-03
 -0.52077230161764D+01 -0.14613953341525D+02  0.35032896244629D+01 -0.34746890360726D-03  0.50494811311172D-03  0.36139822599691D-03
 -0.69993486412651D+01 -0.16374815236794D+02  0.30705916302891D+01  0.99750114742667D-04 -0.39529283025847D-04  0.27734136666977D-04
 -0.56072074986959D+01 -0.17530140013813D+01  0.63208585357292D+01  0.11418129661136D-03  0.34654436664605D-03 -0.35889659184632D-03
 -0.60384383105013D+01 -0.20229696418095D+01 -0.18714768934443D+01  0.93739398402730D-04 -0.12357216081576D-03  0.66147807767788D-03
 -0.87091449299206D+01 -0.15344547986792D+02  0.25071210097947D+01 -0.18397207242923D-03  0.62491810403504D-03 -0.66087233889312D-03
 -0.70224049095500D+01 -0.17539592605754D+02  0.48239997267818D+01  0.39004268877314D-03 -0.23654620407534D-03  0.61480845742115D-03
 -0.63198035185450D+01 -0.17662317724736D+02  0.14473157836087D+01 -0.24314924659718D-03 -0.14313474258260D-03 -0.12585565626155D-02
  0.14868621263692D+02 -0.11508052297662D+01  0.62479956200759D+01 -0.46784601762341D-04  0.19877812639841D-04  0.31780582368954D-05
  0.14799760367232D+02 -0.46212214052635D+01  0.66184901175481D+01  0.21445396358931D-03  0.37689202815127D-03 -0.67498222536620D-03
  0.13431166359469D+02 -0.22282297476680D+01  0.89313771557326D+01 -0.27892696653011D-03  0.36096492052407D-03  0.44429482254334D-03
 -0.63446572874034D+01 -0.39922826449190D+01 -0.27380328114001D+01  0.32036464253384D-03 -0.81227269308779D-03  0.49571105940334D-03
 -0.54017793178934D+01 -0.74310984358408D+00 -0.35330211873679D+01  0.41776296801189D-03  0.16838356209074D-03 -0.16155092231321D-03
 -0.75722918752843D+01 -0.10713202355255D+01 -0.80322689844365D+00 -0.53087390864403D-05  0.73825854028310D-03  0.15892326203295D-03
 -0.60118194679285D+01  0.17963688011197D+00  0.57527708818588D+01  0.17076254799901D-03  0.35736848100210D-04 -0.14102328769823D-03
 -0.36303688398886D+01 -0.18151945124436D+01  0.69098836559371D+01  0.18128031189516D-03  0.17256713525863D-03  0.23961984071981D-03
 -0.70461459005144D+01 -0.22168858408249D+01  0.77985112193307D+01  0.56546115965171D-03  0.34688505324442D-04 -0.38535645064458D-03
  0.16182656804874D+00  0.11811283209853D+02 -0.83355626353933D+00 -0.11801877211082D-03 -0.29488506989062D-03  0.26737269110220D-03
 -0.32332611299138D+01  0.12009673497288D+02  0.18589659281070D-01 -0.48676803219492D-04 -0.43386684935432D-04  0.87754481366429D-03
 -0.20707693073716D+01  0.10372436358026D+02 -0.27422701868720D+01  0.36450408751464D-03 -0.72804986055158D-03  0.34736018131439D-03
 -0.68945574652619D+01  0.81239955395495D+01  0.43993388812802D+01  0.34999641543364D-04 -0.39031421323104D-03  0.36539775624753D-04
 -0.60729880911567D+01  0.58389931318705D+01  0.54106908312085D+01  0.33418394611223D-03  0.17011803190893D-03  0.24255200701795D-03
 -0.37967755570880D+01  0.58730336977542D+01  0.69721456861435D+01  0.22003877300044D-03  0.17397558032456D-03 -0.29024743904503D-03
 -0.21588424732314D+01  0.79814695664629D+01  0.70624281159354D+01  0.49601918736777D-04 -0.83941347693894D-04 -0.10747489179530D-03
 -0.32353984577423D+01  0.10170838730544D+02  0.60392119752723D+01  0.10483239927875D-03 -0.19124195664499D-03 -0.15428378541905D-03
 -0.56362630247815D+01  0.10471199994470D+02  0.48718632128781D+01  0.79763599226550D-04 -0.11753774135002D-03  0.18741309663470D-03
 -0.33479107015706D+01  0.38264764168133D+01  0.86356753925175D+01  0.16060404052228D-03 -0.22538030844914D-03  0.15673324351449D-03
 -0.88676299016074D+00  0.35447456493527D+01  0.92612906904331D+01 -0.85614529904508D-04 -0.27222598732388D-03  0.15394154696858D-04
  0.10569991668573D+01  0.53563754124140D+01  0.86436492155526D+01  0.26653071976443D-03  0.22063331898201D-03 -0.10034258508496D-03
  0.33200908023934D+00  0.76716471380466D+01  0.78436811133792D+01 -0.13902445173312D-03  0.82157958208895D-04  0.10705823472998D-03
 -0.51972066945494D+01  0.21955860418788D+01  0.98231411401855D+01 -0.32359035455693D-03 -0.97271435035243D-04  0.11001564981141D-03
 -0.43408948183671D+01 -0.12929824980957D+00  0.11147745863641D+02  0.65749098993480D-04  0.65935285493494D-04  0.56496654273898D-04
 -0.18699036191992D+01 -0.60248753529257D+00  0.11207175287927D+02  0.12641115924329D-04 -0.13201352730689D-03  0.36861228514924D-03
 -0.18715726692238D+00  0.11950784298413D+01  0.10548891440065D+02  0.61918777469930D-04 -0.26567340612981D-03  0.32378965496243D-03
  0.22786399860813D+01  0.74476518808497D+00  0.10948212724948D+02 -0.32489699139853D-03 -0.38465589570710D-03 -0.46050559450787D-03
  0.41380306853771D+01  0.25333840347352D+01  0.10655022192693D+02 -0.18439037373305D-03 -0.47558705849615D-03  0.11868647959998D-03
  0.35355000278778D+01  0.46597713185286D+01  0.93805015226542D+01  0.24103254114817D-03 -0.16665778535995D-03 -0.22152455869197D-04
 -0.76558700838586D+01  0.29215701534665D+01  0.10191161436993D+02  0.33115193753983D-03 -0.27943729842622D-03 -0.31155315003117D-03
 -0.93174589760595D+01  0.11768534280405D+01  0.11337700702165D+02 -0.97863327577206D-04  0.15946286568300D-03 -0.18530106821756D-03
 -0.85222302830256D+01 -0.12460222241857D+01  0.12280101554000D+02 -0.65610518233284D-03  0.30241049396290D-04 -0.93465309297698D-04
 -0.60274559242512D+01 -0.17122543922446D+01  0.12220014065097D+02  0.51851250890349D-04  0.11852888052512D-03  0.18525085192121D-04
 -0.85721336864671D+01  0.53734954697582D+01  0.98576203726738D+01 -0.37712521333731D-03  0.14281571721747D-03  0.45203671339879D-03
 -0.72550024573454D+01  0.35142096872131D+01  0.49752208281682D+01  0.51125915328322D-04  0.29272202335135D-03 -0.10851484782295D-04
 -0.60763424889170D+01  0.12815574732664D+02  0.33460898200767D+01 -0.53317170390212D-03 -0.24824471368111D-03 -0.21011116710408D-04
 -0.10456885680255D+02 -0.31264446483494D+01  0.13242476942793D+02 -0.60218619507877D-03 -0.19010909579008D-03 -0.10198339816247D-03
 -0.22849922111532D+01  0.11962922807480D+02  0.59925129712480D+01  0.11200947157539D-03  0.20071495277362D-03 -0.22348266373537D-03
 -0.81896480880827D+01  0.81241198651356D+01  0.28955084740146D+01 -0.67616126903769D-04 -0.38850406693254D-03 -0.13693959237494D-03
  0.50878766482407D+01  0.59648370228163D+01  0.89136542342556D+01  0.36961461503990D-04  0.99533413067395D-04 -0.72983426536880D-04
  0.27430074697328D+01 -0.94938834253825D+00  0.11986569077373D+02 -0.10610553801154D-02  0.26326557162705D-04 -0.55704893327669D-03
 -0.54969529843081D+01 -0.32609879888071D+01  0.13495453062913D+02 -0.31284561596990D-03 -0.14889072952650D-03 -0.47862585924832D-03
 -0.11274045326069D+02  0.15264434616807D+01  0.11330574707842D+02  0.85627489848945D-04  0.30208877109460D-03  0.98049697396664D-04
 -0.46742025239068D+01  0.14673139401498D+02  0.36739076668916D+01  0.17623676843216D-03 -0.20888644035264D-03 -0.29391913802257D-03
 -0.81927347877907D+01  0.12628822948500D+02  0.18432017573326D+01 -0.22686236818681D-04  0.28440708731173D-03 -0.14044884088183D-03
 -0.94652716187937D+01  0.14963609651918D+02  0.13876141488417D+01  0.25152759045563D-03  0.24763038977104D-04  0.14497005145601D-03
  0.66706144109829D+01  0.19404802107528D+01  0.11638207845610D+02  0.33196894973460D-03  0.68160254066279D-03  0.13303545462120D-03
  0.84707610303239D+01  0.22825487118875D+01  0.10310625558177D+02 -0.24482554418424D-03 -0.26135020752990D-03  0.44490593267566D-04
  0.65982509333551D+01  0.10554036718195D+01  0.14067709101319D+02 -0.17101326061150D-03  0.23619824964798D-03 -0.22650986223370D-03
  0.89289951633453D+01  0.88692573946550D-01  0.14774998613361D+02  0.20161288533950D-03  0.22845797545040D-03 -0.29380247992345D-03
 -0.12781784464536D+02 -0.29718116888629D+01  0.12962350678074D+02 -0.18460649454890D-03 -0.16756653812347D-03 -0.47920954466669D-05
 -0.94323504102711D+01 -0.47554829386814D+01  0.15002504091761D+02  0.25947599868166D-04 -0.26422417771120D-03 -0.13674296189592D-03
 -0.11169248426230D+02 -0.66687492985783D+01  0.15709562396688D+02 -0.50788436208882D-03 -0.23109929593485D-03  0.30701267336896D-03
 -0.86430945762803D+01  0.68999178573254D+01  0.12030248167651D+02 -0.16167736031309D-03 -0.34067619571366D-03 -0.10841816034513D-03
 -0.93505739094093D+01  0.35848504115271D+01  0.33453078595543D+01 -0.65236778941351D-04 -0.48946292637906D-03  0.52043557721984D-04
 -0.13042218593918D+02 -0.58172154267250D+01  0.16181367909987D+02  0.71947276863233D-04  0.16385026997458D-03 -0.27198207130158D-03
 -0.10447416952465D+02 -0.78273486811491D+01  0.17050046548196D+02 -0.15528601574020D-03 -0.26086595225577D-03 -0.14531454068972D-03
 -0.11817993673017D+02 -0.76956931581916D+01  0.14040010211096D+02  0.52213457226520D-04  0.22637066358315D-03  0.97968574550546D-04
  0.95883428358371D+01 -0.10359262393904D+01  0.13195883306680D+02  0.44255106538926D-03 -0.51574002047161D-03  0.17898683799490D-03
  0.86781005131446D+01 -0.88223183890312D+00  0.16471610412633D+02  0.36272779696104D-03  0.29822943527952D-03 -0.14907018635246D-02
  0.10153538287006D+02  0.16535287224019D+01  0.14855622736402D+02  0.45870050575021D-03 -0.20639175619700D-03  0.29798215085327D-03
 -0.10211470776988D+02  0.17872530357335D+01  0.26058502032466D+01  0.12451621028027D-03  0.80144428986794D-04  0.14122453167669D-03
 -0.88907175811927D+01  0.44850638146573D+01  0.15303690996552D+01 -0.11089274211163D-02 -0.73345157445012D-04  0.50193254053112D-03
 -0.10632815945617D+02  0.51076628852414D+01  0.40196787684610D+01  0.11390998004316D-02  0.35135080562587D-03 -0.95733651669920D-04
 -0.95570162795215D+01  0.85333257043378D+01  0.11434141149302D+02  0.59161921646603D-03 -0.39975799609680D-03  0.67114439991145D-03
 -0.67060597593637D+01  0.70695836770520D+01  0.12570476135997D+02 -0.18933394383064D-04  0.14376260712025D-04  0.42424449385201D-03
 -0.94100367294025D+01  0.59372111033179D+01  0.13700350323721D+02  0.96388305220668D-03 -0.11227674676038D-04 -0.18330684329853D-04
 -0.83128263376314D+01  0.15844725181144D+02 -0.12625310405309D+00 -0.20754406633289D-03 -0.36799320983026D-03 -0.60903358173602D-03
 -0.94561773803783D+01  0.16121024485463D+02  0.30573083811382D+01 -0.37305360588962D-03 -0.12941405540337D-03 -0.69989706930292D-03
 -0.11432399728655D+02  0.14828895930158D+02  0.71151817268859D+00 -0.74426906570557D-03  0.18712696893594D-03  0.23222668075370D-03
