 -1.0
 -0.11411280972775D+02  0.41509361287098D+01  0.10186869729131D+02 -0.18827767677965D-03  0.50599662862222D-03  0.77649900910492D-03
 -0.96807374138120D+01  0.51745565278240D+01  0.83567954419361D+01  0.32977947572371D-03  0.12104377534128D-03 -0.37289705506082D-03
 -0.69600981990876D+01  0.45398982709416D+01  0.86136548422391D+01  0.21950802285126D-03  0.33488519675100D-04 -0.58184859752736D-03
 -0.62361485169353D+01  0.43213975192874D+01  0.11389900890559D+02 -0.16203247020818D-03  0.30656377795282D-03 -0.25516612901146D-03
 -0.81456920713845D+01  0.37675067130524D+01  0.13331061655008D+02 -0.13073858645429D-03  0.82827108385678D-04  0.13054973458980D-03
 -0.10629955782448D+02  0.34161541763866D+01  0.12423854946348D+02 -0.30461847757774D-03 -0.72698575682778D-03 -0.72454210815314D-03
 -0.49248984465878D+01  0.42017426483240D+01  0.69351993792345D+01  0.48573872380909D-03  0.14586857890132D-03  0.39038220820516D-04
 -0.25563854012819D+01  0.39000879686154D+01  0.80197009749823D+01 -0.23726964943405D-03  0.17320215151957D-04 -0.89422539257567D-04
 -0.20109195177669D+01  0.35814116213950D+01  0.10774212522878D+02  0.44682142357073D-03 -0.32133768174317D-03  0.14628574200418D-03
 -0.40473324925905D+01  0.35280812766079D+01  0.12353601038150D+02  0.25473273435965D-03  0.16318932592855D-03  0.25811484162012D-03
 -0.50756376152737D+01  0.42192295127717D+01  0.43116207342105D+01  0.49384225539268D-03 -0.71224169229340D-03 -0.38183361691534D-03
 -0.29626685108585D+01  0.49976184005337D+01  0.30775710957544D+01 -0.31245287788609D-03  0.30865215154589D-03 -0.41935845033133D-04
 -0.56476444024758D+00  0.49406322276185D+01  0.39918815793415D+01  0.41489148693085D-03  0.14932926728108D-03  0.27076811978105D-04
 -0.32458132880208D+00  0.40807492342431D+01  0.64267411498318D+01 -0.25496797990321D-03 -0.26882586955710D-03  0.38423168066894D-03
  0.20984681179993D+01  0.33046041410022D+01  0.73208906046791D+01 -0.25143208117438D-03  0.14168599687686D-03 -0.82485874270104D-04
  0.24606883337451D+01  0.26943093749729D+01  0.10023556453731D+02 -0.26815542944965D-03 -0.60795344104255D-04  0.46894091602206D-04
  0.54055794299745D+00  0.31508035295286D+01  0.11694954884924D+02 -0.22902313173805D-03 -0.15534735159338D-03  0.25831614213049D-04
 -0.75356013903601D+01  0.40856986421006D+01  0.29699806913904D+01  0.14591984429637D-03  0.66956632026759D-03 -0.43913248053590D-03
 -0.77796246421851D+01  0.50729805731039D+01  0.62369317063589D+00  0.19719422112793D-03  0.16853095277337D-03  0.20924364968658D-03
 -0.56918586732190D+01  0.60844977547242D+01 -0.60994227781833D+00  0.18118454509919D-03 -0.30209196178011D-03  0.21778393849519D-03
 -0.31476542032618D+01  0.58754029932963D+01  0.47628446769120D+00 -0.39401330977405D-04 -0.53333967310929D-03  0.18046265933176D-03
 -0.90217187862978D+01  0.22070191594867D+01  0.39667961308749D+01 -0.47688229634527D-04  0.11695322125809D-03  0.56219788573334D-04
 -0.11343012033893D+02  0.60680446428638D+01  0.63735481077357D+01  0.59822808182474D-04  0.21485297051488D-03 -0.12265087863651D-03
 -0.12710417007076D+02  0.20553499780380D+01  0.13811730107312D+02  0.31649048610372D-03 -0.16123486545553D-03  0.37881896636117D-03
 -0.61509244125096D+01  0.71974412057010D+01 -0.33454668480330D+01 -0.42236251800532D-03 -0.52669276513239D-03  0.25679819752239D-03
 -0.72136977919163D+01  0.27245454142830D+01  0.14932364314878D+02  0.11302259729649D-02 -0.96725239824895D-03 -0.27308985410781D-05
 -0.13477532660121D+02  0.38211252962309D+01  0.95895886791715D+01  0.29427946291004D-03  0.12104546857450D-03 -0.37699317293150D-03
  0.11444418598063D+01  0.29291021631270D+01  0.13639837503388D+02  0.10452631342973D-02  0.26077067700047D-04  0.51179825988353D-03
  0.38594996764260D+01  0.37191378366701D+01  0.63884174408034D+01  0.25014855818881D-03  0.18893237671421D-03  0.43280554587515D-03
 -0.15482844433503D+01  0.63429973274123D+01 -0.89893538724320D+00  0.22727978988599D-03  0.16297392113351D-02  0.31095998526689D-03
 -0.92531637861368D+01  0.45783251092733D+01 -0.55338422454075D+00 -0.16669634090842D-03  0.92832314417803D-04 -0.35294190425383D-03
 -0.12437233784640D+02  0.10949426036010D+01  0.15918655044805D+02  0.24855022781231D-03 -0.30039876844190D-03  0.17835776181866D-03
 -0.14726927408748D+02  0.19216955751571D+01  0.12359907522955D+02  0.18496191150988D-03  0.37298083737966D-03  0.72140837452322D-04
 -0.16986122293894D+02  0.17395239682423D+01  0.13783142926627D+02  0.24531516391443D-03  0.57530903471547D-03  0.46607158362828D-05
  0.49776194310894D+01  0.18207101771037D+01  0.11183827885301D+02  0.84360692976155D-03  0.37758522766747D-03 -0.37576753856065D-03
  0.70552910385616D+01  0.22927613976181D+01  0.10312125368026D+02  0.65663368103923D-03  0.28737758033735D-03  0.20573659703521D-03
  0.48186357203837D+01  0.58982583934539D+00  0.13585828359076D+02 -0.94379805850733D-04 -0.21157763802546D-03 -0.13754470861034D-03
  0.73221959760391D+01  0.29636027070141D+00  0.14611759560861D+02 -0.38408684491046D-04 -0.56193477684026D-03 -0.20804073206273D-03
 -0.82826950024670D+01  0.73569527073358D+01 -0.40756081903534D+01 -0.39209270292654D-03 -0.22733947547529D-03 -0.58940649096552D-04
 -0.41883514611644D+01  0.84738191107511D+01 -0.44053012638799D+01  0.32404662224208D-05 -0.41888459934596D-03  0.45686236823095D-04
 -0.50401462027781D+01  0.10272248428903D+02 -0.62015559088057D+01 -0.47384470309132D-03 -0.96057615953987D-04 -0.19057305459609D-03
 -0.11714438240906D+02  0.21545199708733D+01  0.36106038086228D+01 -0.21835512271688D-03  0.16027422591099D-03 -0.23473387453073D-03
 -0.12150403089544D+02  0.86093840707033D+01  0.66076588418721D+01 -0.26930640457512D-03  0.43507263114920D-03 -0.58557328254585D-03
 -0.71930810404364D+01  0.10329288062614D+02 -0.60789553180632D+01 -0.87353410935413D-03 -0.40057871617582D-03  0.13718510336170D-03
 -0.41346300214513D+01  0.97603301318761D+01 -0.80291779088561D+01  0.36937394005768D-03  0.33006941346548D-03  0.15548828287961D-03
 -0.43367963056917D+01  0.12193956486190D+02 -0.56572755932170D+01 -0.92960339615143D-03  0.12785474049142D-02  0.27253354283738D-03
  0.82688072741333D+01  0.13930570382839D+00  0.12886946065773D+02 -0.72690051926312D-03 -0.17583156197557D-03  0.12458213855731D-02
  0.70551047537954D+01 -0.14631654618153D+01  0.15391216105408D+02 -0.37776622672334D-03 -0.24130280892753D-03  0.42576522274041D-03
  0.83504955463361D+01  0.17899707366056D+01  0.15804900486556D+02 -0.13863644192759D-02  0.12250837816697D-02 -0.65562319741398D-03
 -0.10237866928289D+02  0.94543478564022D+01  0.69667762505804D+01 -0.23217844741073D-03 -0.24192550410041D-03 -0.52314969508898D-03
 -0.13564944775885D+02  0.88068024101620D+01  0.81618938226631D+01  0.40419881849288D-03  0.62498342232991D-03  0.78681017138375D-03
 -0.12656453989672D+02  0.92059068886471D+01  0.46982517438353D+01 -0.11520648972064D-02 -0.65562727161313D-03  0.71437821767004D-03
 -0.11940381787391D+02  0.19770799126924D+01  0.14493723539535D+01 -0.25177161753136D-03 -0.43655156400520D-03 -0.27088850369757D-03
 -0.12823340962080D+02  0.40215366441685D+01  0.36846382191700D+01 -0.27253428967399D-03 -0.68741403190208D-03 -0.64920465767062D-03
 -0.12305783316092D+02  0.43708003954169D+00  0.46018065004486D+01 -0.31397120255182D-03 -0.20276535226579D-04 -0.79558433319419D-03
 -0.16837851614865D+02  0.54168412574328D-02  0.14709430041016D+02 -0.26470557872704D-03 -0.11723394459185D-03  0.16470201251899D-03
 -0.18757917246469D+02  0.15948364166089D+01  0.12662876879678D+02  0.21137396837894D-03 -0.21828638658589D-04 -0.42439048772312D-03
 -0.17034244522343D+02  0.33704530441286D+01  0.15120870399493D+02  0.48103986776030D-03  0.63316745994106D-03 -0.14625893569767D-02
  0.65717030350546D+01 -0.68243277313394D+01  0.79088110457278D+01 -0.11708101021568D-03  0.15707713178108D-03  0.17487031640243D-03
  0.48263626636181D+01 -0.57813605779294D+01  0.60537490454429D+01 -0.16802661634328D-03 -0.53065529858938D-03 -0.52106101143846D-03
  0.27821388534104D+01 -0.43302361901048D+01  0.70369084887134D+01  0.51636316942125D-03  0.18407881529310D-03 -0.53746051890801D-04
  0.25009176158131D+01 -0.39520479131615D+01  0.96355078054161D+01 -0.35986065419389D-03 -0.62203961409211D-04 -0.52409671909932D-03
  0.44489708605977D+01 -0.48726884321547D+01  0.11514571489278D+02 -0.27915417772067D-03 -0.31359945422490D-03  0.75866711943671D-03
  0.65505557592007D+01 -0.61089202252306D+01  0.10357637164972D+02  0.51061937362878D-03 -0.11590519292068D-03 -0.12811890090279D-04
  0.76610986817254D+00 -0.32795893866986D+01  0.54748092044614D+01 -0.20197558447530D-03  0.47294491423000D-03 -0.22879709525650D-04
 -0.16477936207998D+01 -0.31366644111998D+01  0.66563445557090D+01  0.40348544898236D-03 -0.43013805476768D-03 -0.15984107486278D-03
 -0.18125604377325D+01 -0.35947778866088D+01  0.92687659481533D+01  0.15363263458329D-03 -0.19918237661407D-03  0.59310340287814D-03
  0.22073858706314D+00 -0.38487223352223D+01  0.10821256390120D+02 -0.99081675110098D-04  0.20404449876589D-04 -0.27452840910657D-03
  0.65348288698228D+00 -0.18978457121868D+01  0.32814858217826D+01 -0.38189637897859D-03 -0.21212371631040D-03 -0.75409041583443D-04
 -0.16278631809906D+01 -0.16632971254384D+01  0.18960985339952D+01  0.10700972332960D-03 -0.11402539648738D-03 -0.22709325127931D-03
 -0.38605713136833D+01 -0.14688375257802D+01  0.30349138566133D+01  0.48309626425508D-03  0.15519503829315D-03  0.60523570497604D-04
 -0.38896249790932D+01 -0.22695074587077D+01  0.53651091444410D+01 -0.93290962500284D-04 -0.45641942961018D-04  0.43716578527564D-03
 -0.62666256353479D+01 -0.19770876566712D+01  0.66038768068097D+01 -0.34934190108907D-03  0.96330881504429D-05 -0.14460552158836D-03
 -0.60946074369944D+01 -0.25148931449139D+01  0.91140545538892D+01  0.18669649590964D-04 -0.16874973049952D-03  0.93580239974609D-05
 -0.39187198624548D+01 -0.31469968979930D+01  0.10618763885087D+02 -0.13877721641559D-03  0.23564483022921D-04  0.56355620586915D-03
  0.30004715092359D+01 -0.74657415785795D+00  0.24797568175852D+01 -0.44707485503853D-03 -0.17061951326706D-03 -0.19660536361457D-03
  0.27877742154953D+01  0.10141704332001D+00  0.14451335303328D+00  0.17540176680437D-03 -0.13692384190558D-03 -0.64336562380723D-05
  0.64805462322097D+00 -0.13607908729767D-01 -0.14594872198511D+01 -0.40361022869655D-04  0.38909968933930D-03 -0.16516190787035D-03
 -0.16962222141643D+01 -0.71381763287602D+00 -0.42578424312738D+00  0.97041534515542D-04  0.23926288735228D-04  0.31649668581051D-03
  0.50439273634298D+01 -0.93208953873134D+00  0.43949951919276D+01 -0.20616646638315D-03  0.15748848299173D-03  0.23977616786713D-03
  0.50079051831581D+01 -0.64166240961574D+01  0.34105956016099D+01  0.97940479476578D-04  0.16767294106526D-03  0.41152153854109D-05
  0.86819878493080D+01 -0.67751945145968D+01  0.12122905916046D+02  0.24445647709191D-03  0.35425747761028D-04  0.20379635697418D-04
  0.60886471223279D+00  0.15131771255078D+00 -0.44134070113120D+01  0.35310287407985D-04  0.43812204611034D-03  0.94708370879829D-04
  0.48943693351643D+01 -0.46433498834102D+01  0.13624681099016D+02 -0.15083216654533D-03 -0.64145670114615D-03 -0.43742128719133D-04
  0.74707407874514D+01 -0.85165989256586D+01  0.70910670041570D+01  0.77572062846745D-03  0.18169414247443D-03  0.67277708004045D-03
 -0.37428028180230D+01 -0.36067583211277D+01  0.12414268316019D+02 -0.13493170309628D-03  0.19185338497086D-03 -0.10120921856349D-02
 -0.79936831939093D+01 -0.12429237921866D+01  0.57315109390459D+01 -0.40577468413317D-03  0.43718388376524D-03  0.30334706115284D-03
 -0.33407187066056D+01 -0.74144466138526D+00 -0.16568619243446D+01 -0.65485629378901D-03 -0.66988019982072D-04 -0.39413946610307D-03
  0.43634271109130D+01  0.11027793578894D+01 -0.62397966322020D+00  0.73239557333867D-03 -0.34170945060030D-03 -0.58894064319242D-03
  0.94040338831690D+01 -0.50395569637603D+01  0.13682475164192D+02 -0.25673736385087D-03  0.75957740613540D-04 -0.16663606031841D-03
  0.97228068795481D+01 -0.91073327148275D+01  0.11732077009266D+02  0.12831272623555D-03  0.19606947455887D-03 -0.22634647344690D-03
  0.11837760438577D+02 -0.96291377612286D+01  0.13585429572289D+02  0.25040922697028D-03 -0.49121947113390D-03  0.38270299593631D-03
 -0.86322152039246D+01 -0.27431724723968D+01  0.10355938924911D+02 -0.84083817451095D-03 -0.33989725971767D-03 -0.10919291855819D-03
 -0.10804161050528D+02 -0.23947471076651D+01  0.93921800362564D+01 -0.21774015765888D-03 -0.22065942589378D-03  0.14584882947538D-03
 -0.85951298730283D+01 -0.37330467646703D+01  0.12819368433391D+02  0.59955648351344D-04  0.64030306363118D-04 -0.16757199097421D-04
 -0.11001775650865D+02 -0.36883921647092D+01  0.14255636093850D+02  0.52883916727511D-04  0.39592925537611D-03 -0.16262295604781D-03
 -0.12310630895038D+01 -0.34828794189614D+00 -0.58041511755790D+01 -0.27236470391045D-03  0.51404619967033D-03  0.35285449230483D-03
  0.28172743606481D+01  0.62573626138870D+00 -0.55155164307359D+01 -0.31939280669325D-03 -0.78740118026339D-03 -0.20207504549156D-03
  0.21921295582899D+01  0.78019932263941D+00 -0.80687514285846D+01  0.28624447272042D-03  0.39756862395438D-03  0.14095664641707D-04
  0.74682206257264D+01 -0.24761806663920D-01  0.38276152293657D+01  0.11985849102156D-03 -0.38611335746214D-04  0.69348211351872D-04
  0.66485754021562D+01 -0.82585552052049D+01  0.23430217491929D+01  0.60032222253198D-03 -0.27263447817605D-03 -0.71876446133412D-03
  0.57569845401965D+00  0.21677998851164D+01 -0.80831845485008D+01 -0.87263773882594D-04  0.45749515578586D-03  0.55783276199746D-03
  0.12947605938062D+01 -0.10341895858909D+01 -0.81018605424102D+01  0.46743852085745D-03 -0.34781925877779D-03  0.67217734662793D-03
  0.36828498810249D+01  0.13217655591434D+01 -0.93725496429807D+01  0.32095933864118D-03  0.11945972569162D-03  0.85892900191200D-03
 -0.10840144177276D+02 -0.53850958655340D+01  0.15496474083652D+02 -0.64851351616452D-03  0.46609666740264D-05 -0.24820845001446D-03
 -0.12636728670978D+02 -0.39361219129005D+01  0.13058557378762D+02  0.62557403581954D-04  0.67542360690964D-04  0.68146356115128D-04
 -0.11047696986201D+02 -0.18132966858098D+01  0.15056301987370D+02 -0.34534237819552D-03 -0.38586346228263D-03 -0.53435392620598D-04
  0.65720184717737D+01 -0.78442552861650D+01  0.42211812642158D+00  0.51443717570049D-03  0.68996323552059D-03  0.40459985925988D-03
  0.60559623910996D+01 -0.10047779349648D+02  0.26005575349550D+01 -0.70442860032639D-03 -0.11670706791299D-03 -0.89332218165716D-04
  0.84497788418239D+01 -0.78620270055685D+01  0.30870583228052D+01  0.70680161278995D-04 -0.41823058024163D-03  0.83774703723271D-04
  0.78590737447553D+01 -0.77328150807884D+00  0.20737575748076D+01 -0.46573119314322D-03  0.91068783341464D-03  0.56913030752721D-03
  0.82352419181841D+01 -0.62834912334512D+00  0.56571144425893D+01 -0.61970930889109D-03 -0.39148282325504D-03  0.28829464158150D-03
  0.81719130210708D+01  0.17760747378434D+01  0.33512583588298D+01  0.57360543575978D-03 -0.69925397247403D-03  0.81486743047904D-03
  0.10814951023930D+02 -0.11356998924085D+02  0.14240785399932D+02  0.47052283218777D-03  0.54411535059237D-03  0.30199554032350D-03
  0.12022486962020D+02 -0.83934888197487D+01  0.15200280451128D+02 -0.54366472018448D-03  0.11005894218799D-03 -0.55351531437574D-03
  0.13558174516642D+02 -0.99005331729231D+01  0.12335708884297D+02  0.30961381179513D-03  0.27582320889528D-03  0.31705268196360D-03
