$coord
      -12.67044491085649        5.76138904945873        8.53067476072741      C
      -10.71275132276107        5.74272698824304        6.75453779858237      C
       -8.45109415349271        4.08714572567940        7.41168338497181      C
       -8.48443067216156        2.73770193081434        9.73355755236209      C
      -10.72146169250415        2.97179275240956       11.34847887847823      C
      -12.74593541713526        4.48297609998822       10.76328442801269      C
       -6.08312780382507        4.15088849106684        6.05852818447503      C
       -3.92989057660262        3.60503684416335        7.56532544859318      C
       -4.22193816961461        2.27521996097510        9.77476155048006      C
       -6.33420728697965        2.15554480958378       11.14255832382699      N
       -5.70904713407502        5.41594243877491        3.82693121243688      C
       -3.20559844196533        6.58514845640872        3.30528419180414      C
       -1.11154106062183        6.01887073904542        4.71510088324784      N
       -1.50560902047131        4.45730644861681        6.58788250366644      C
        0.79170158648120        3.54708314209066        7.95707714449955      C
        0.35759981835468        2.44285052630147       10.41450249815910      C
       -2.04105425808492        1.65846402066030       11.15340309737512      C
       -7.60185095996925        5.41643380044642        1.89925783870213      C
       -7.27759841346193        6.96569471446715       -0.13354220364138      C
       -4.89014672290810        7.95828259739837       -0.61434530757828      C
       -2.96760981400840        7.88227066080567        1.00540197182236      C
       -9.56277515662556        3.61368913093454        2.23286399992563      O
      -10.68933968355987        7.88396270028690        5.04223100317830      O
      -15.09530053302515        3.97104256520165       12.67179692103868      C
       -4.48836430114498        9.01779973913737       -3.26133217582074      C
      -10.93287118233842        1.60238058049472       12.75355503727345      H
      -13.94840283017578        7.30411139689075        8.32645140494730      H
       -2.37752697227624        1.01466417930257       12.94291346558950      H
        2.78349989356405        3.47419421160227        7.32810763004260      H
       -1.01346061421086        8.43303349696719        0.28218118014439      H
       -8.54213746549674        6.70503253186888       -1.78995044910649      H
      -16.64160336264256        5.65054052365530       12.66795917105997      O
      -14.60081346639566        1.87899256676481       14.22687532786759      O
      -16.90096935874325        1.35369887433177       15.47145363325633      C
        2.64035651981566        1.60884153050391       11.77958522307205      C
        2.72128299448601        1.61292211307266       14.02569732965477      O
        4.75583729813839        1.04371285615123       10.35180414425072      O
        6.77544360837538        0.71612334342649       11.83448600509509      C
       -2.49461399713256        8.59602121855273       -4.44836015537971      O
       -6.25816537508933       10.24467963390052       -4.74747292942506      O
       -4.93650810534741       10.95189492136143       -7.12657319190397      C
      -11.30452691278073        3.58405444765628        0.29883378034240      C
       -8.46101840347367        9.76023469387194        5.29415962415308      C
       -5.84240800085044       10.96015429212885       -9.05344089959581      H
       -3.75175458439951        9.34652138998399       -7.51021024766558      H
       -3.59388571698820       12.40674866516512       -6.55970727778498      H
        8.17751309663871        2.07901847982742       10.94963902004738      H
        7.49052278867335       -1.23386649699642       11.82810359203686      H
        6.27874845500014        0.87946718876414       13.78524155788745      H
       -9.56014638015887       11.59903425800501        5.76243497476604      H
       -7.71021791817345        9.69600072305174        3.30659862307070      H
       -7.05859020294388        8.85759231085344        6.47605927946042      H
      -10.30599308917825        3.38121279302200       -1.32679549061873      H
      -12.20700856111436        5.55905337371976       -0.11399203892254      H
      -12.62408025096267        2.06488535178687        0.60579204025405      H
      -18.52244743336363        1.98390437351851       14.53550161200593      H
      -16.88890694015299        2.07283868185528       17.47121568611596      H
      -17.44500279104734       -0.61617455833522       15.55184133090735      H
        8.34858845791255       -4.95348143800851        8.30478395792273      C
        6.14295787350192       -4.90791832432332        6.93072758638550      C
        3.83384442853779       -4.65217135349624        8.44059748806829      C
        3.56789814782287       -5.52360417846237       10.91976164901430      C
        5.81363801456826       -6.35461643219492       11.93782835438310      C
        8.19057784910634       -5.64696859226584       10.83939868639851      C
        1.76221412422179       -3.98336867168170        6.99189896162854      C
       -0.52917316943876       -4.53236859101175        8.08918146655932      C
       -0.84401018556572       -5.30673975671637       10.60320902582253      C
        1.26733299345026       -6.00123347376878       11.98441230203660      N
        1.88523550811204       -2.60928825013478        4.44047264563021      C
       -0.65067651288848       -2.30143374336124        3.50083151942865      C
       -2.63123564567379       -3.61263560969657        4.23283148735230      N
       -2.58260341313760       -4.97404761652974        6.46847187843653      C
       -4.87640133748504       -5.60459632096675        7.67505655731505      C
       -4.93338488500816       -6.63814879214508       10.06813020855981      C
       -3.12857414016480       -5.80410882239452       11.88616986600243      C
        3.91012808804984       -1.01359344298470        3.52948053429790      C
        3.64646602083522       -0.35939306181542        0.96284972525972      C
        1.30807006496026       -0.67630969155885       -0.14582607577325      C
       -0.78417132305452       -1.08931022282131        1.19960958588441      C
        6.01368601973280       -0.30493414606712        4.90002369541993      O
        6.16975672316816       -5.45511694745705        4.39966447419522      O
       10.64267595812522       -6.15562764391007       12.00948549307305      C
        0.33482290086608        0.27554658272587       -2.79360152523839      C
        5.57462724007964       -7.09874040897236       13.84302365131712      H
       10.07968594069303       -5.47121135587729        7.22438963078169      H
       -3.68790871812910       -5.78439510795423       13.97007753316115      H
       -6.10673368944581       -6.23991565980443        6.31871331628509      H
       -2.52693116861842       -0.56773748377909        0.42715812648415      H
        5.05140627820689        0.71022400319762       -0.29131229235421      H
       11.01347358481210       -7.15356748925487       14.14594071318825      O
       12.77770302963225       -5.26958203049026       10.68390617646664      O
       14.83900549681243       -5.61820251850293       12.26340425016122      C
       -7.20470061875773       -8.07623921433220       11.08819546845258      C
       -6.86020184273512      -10.39248215236555       11.29670475993647      O
       -9.60642732016123       -6.93067042440598       11.36731319658873      O
      -11.71695730078036       -8.10797477857246       10.77069804918826      C
        1.86675465684826        0.38686524862783       -4.51788893721327      O
       -2.19730149548598        0.85908300433913       -2.81967497828460      O
       -2.59641036967630        2.98026412604157       -4.59845995721891      C
        6.94941761049186        2.09693949901494        4.04426174352839      C
        4.49640629598359       -7.49451129035101        3.51731472992719      C
       -1.00630532990404        4.13467767530326       -4.61676775681066      H
       -4.34631959889015        3.70453628115730       -3.55445578456427      H
       -3.55580684448637        2.14843730524236       -6.29996361508397      H
      -11.40646940719101       -9.20401579920216        9.01264666332458      H
      -13.39126042896919       -6.90730346179545       10.50222950427987      H
      -12.18006699928665       -9.25006038040337       12.33108566092059      H
        4.91823423444726       -9.50051918035595        4.69938319929368      H
        5.15825666912448       -8.73895285302965        1.99252434076980      H
        2.51012561694790       -7.14021277936761        3.17484579970211      H
        5.34239514728381        3.44624147137657        3.63563115049699      H
        7.68798046301631        1.74332942135924        2.12394530522835      H
        8.28493281195811        2.90683404493639        5.46375815188926      H
       16.57064824160239       -4.92051986579807       11.46607612645604      H
       14.98054581711804       -7.48670855601998       12.81899218415376      H
       14.64072179194639       -4.66914771311950       14.15372974427704      H
$end
