$coord
      -11.19890212915610        5.12199162782918        9.50548764024933      C
       -8.69674129947126        5.82289815470602        8.69842357344925      C
       -6.57074151767468        4.05010467679591        9.71961282573333      C
       -7.24385055251618        2.58508994004258       11.95192251880503      C
       -9.83254644301279        2.08391612960777       12.74964520809788      C
      -11.74380490506144        3.36548868112912       11.58505621298570      C
       -4.05338483907548        3.67194814711002        8.57846867492520      C
       -2.13811133274192        3.17595110427584       10.58731770375516      C
       -2.92779529072518        2.28126098624346       13.01578102861362      C
       -5.33816231858641        1.63725461778181       13.57535785062903      N
       -3.08996215099331        3.87268857098020        6.07593284704336      C
       -0.48124441664585        4.60698416489975        6.01305355853124      C
        1.12030789453166        4.42840370734515        7.99132960512190      N
        0.28866528895685        4.03268681708806       10.46961485059045      C
        1.87475863107692        3.82346870803321       12.52866916527164      C
        1.47413155962713        2.22886508622611       14.65454982242928      C
       -0.87946133331739        1.57283522916204       14.71534236398251      C
       -4.61076442076835        3.40849284935018        3.83381875683797      C
       -3.58442344959655        4.36199029990482        1.62058654377639      C
       -0.93671077478046        5.26019394660656        1.42298731732325      C
        0.62062127061293        5.23935355403719        3.49361021881331      C
       -6.66751221764942        1.91181899667348        3.92103866015703      O
       -8.08725484044237        7.92169423570984        7.23837724336307      O
      -14.50492481701659        3.30200274997667       12.03125539620499      C
       -0.54452649452742        6.42103060166449       -1.12570946795767      C
      -10.03517366220146        1.35580754321961       14.58394097594308      H
      -12.66937162122942        6.02288538974027        8.35980784038349      H
       -1.48937800899000        0.09446547100519       16.09785874913467      H
        3.90490151448294        4.18977449491500       12.34495884193900      H
        2.74777387416486        5.71605658308844        3.31099368221926      H
       -4.45727635642180        4.41251081010647       -0.17641140980414      H
      -15.18515370417528        3.22518955239703       14.28067987602494      O
      -16.11220821641940        3.62423015886123       10.06784991956666      O
      -18.55307661340382        3.54557026331264       10.82103264611574      C
        3.41702848884122        1.51467904884775       16.52471544583544      C
        2.91223362308038        0.02852694337249       18.09904981529551      O
        5.93665378717438        2.40300234937258       16.39627209808472      O
        7.79518626126106        1.33356735558005       17.68694879917291      C
       -1.27380214915626        5.05950017504444       -2.99756959612202      O
        0.18477904533287        8.84409028390639       -1.40824474327963      O
        1.80884640058768        9.49624067950720       -3.52574256476225      C
       -7.62025063748562        0.69519518608723        1.65181134849306      C
       -9.56441212452202       10.20762072050888        7.14160875737142      C
        1.25592299579553        8.15211102301425       -5.16696390688881      H
        3.65966375927396        8.77819459397992       -2.76999545321713      H
        1.77484880028110       11.46115134641048       -3.90560317726365      H
        8.39675846874478       -0.52990037471756       16.62691040148587      H
        7.08315754538518        1.11491279389365       19.57036861996121      H
        9.75639729381022        2.51842240814948       18.01660155827380      H
       -8.22364951010087       11.41583308515034        5.86467632875497      H
       -9.39927935461865       11.60963977311427        8.69030706240936      H
      -11.55913579377968       10.05935807348544        6.61975444886115      H
       -6.61087794361587        0.93839046534660       -0.08335103306813      H
       -9.52148873015945        1.00936276941584        1.73565421263483      H
       -7.72601171135502       -1.43470669887253        2.04841767208210      H
      -19.43651930276583        5.32679026321884       11.51790602615630      H
      -18.89983503762097        1.77758679168855       12.09289638024171      H
      -19.52767006162363        3.21056607847023        9.24912812121603      H
        6.38172019272100       -2.89083221060615        5.24762450650392      C
        4.42427793301517       -4.23150452101018        4.15446764289683      C
        2.04937475799442       -4.05866096292365        5.56820904706223      C
        2.31706942713619       -4.36489277407618        8.24311788714004      C
        4.57710733558808       -3.42398886468003        9.42899483921707      C
        6.57964302874867       -2.64625260480010        7.97294683194995      C
       -0.30366664960512       -4.38535741568913        4.39827161702322      C
       -2.20775169509717       -4.78033335546234        6.14314704489447      C
       -1.93552434812881       -4.94454670038758        8.89601039676972      C
        0.38385376250161       -4.52038356177341       10.03248766501755      N
       -0.96509147330409       -3.84300556816935        1.66063853374125      C
       -3.30711122079660       -4.74513533993365        0.88871076479461      C
       -5.05915067990355       -5.71290328561987        2.53493121394036      N
       -4.72900361457123       -5.24243160491059        4.98359524866212      C
       -6.66775704295040       -5.95757488138898        6.71371511780345      C
       -6.17718755720401       -6.38938684943766        9.26038081033604      C
       -3.82279866907895       -5.99587432831054       10.30820341272387      C
        0.35897031751108       -1.94826404288534        0.24026112334506      C
       -0.70834146335597       -1.43019998828387       -1.92328574296808      C
       -2.89873008023616       -2.56669801008265       -3.01224661098511      C
       -4.13001573214728       -4.30870182941369       -1.68389243283154      C
        2.27161764030173       -0.71149296302073        1.35866902956220      O
        4.33274809720624       -4.77507562153915        1.58605879703599      O
        8.76945021383442       -0.93036945305513        8.68656074975376      C
       -3.88607415351014       -1.08285701402368       -5.25774742327040      C
        4.78274635431123       -3.64202111762645       11.54269513162714      H
        7.60907003869563       -1.78988670607097        4.31363149353103      H
       -3.74912483661570       -6.27474673723282       12.30179920265912      H
       -8.33128555936581       -6.33021752818231        5.88759355972282      H
       -5.63250670842194       -5.20096409800767       -2.91786735538962      H
       -0.24243331069012        0.23426387350901       -3.01826908676912      H
        8.83454616889363        0.90573072736477        7.45576864216478      O
       10.77555835986451       -1.56081387966676       10.22018069587904      O
       12.82637771984930        0.18219685843000       10.11166656133226      C
       -8.28990984597692       -6.77906148680077       10.94875935245634      C
      -10.37300944197657       -6.09936018202143       10.16979794532260      O
       -7.91047179902217       -7.65670680752719       13.29254714538288      O
       -9.88781186294907       -6.67081429779100       14.65328674592266      C
       -6.20089399637602       -0.66249124178125       -5.17831524239980      O
       -2.25602404700157       -0.39833356213180       -7.27806513621677      O
       -3.40945293906994        1.47629824722960       -8.75499435820986      C
        3.17756760776628        1.37031887505747       -0.28714226553937      C
        6.75552925076497       -5.21237046832911        0.56320907024297      C
       -3.04070562256412        3.17836337170396       -7.51787602849568      H
       -5.58961854825656        1.24380183614358       -8.78323408873575      H
       -2.60883437301074        1.76099551365152      -10.58365931524287      H
      -10.06904979528012       -4.59502835663277       14.29439940244638      H
      -10.01604183835848       -7.26824504462158       16.61500634628959      H
      -11.82123209559843       -7.13654546517399       13.56745267661280      H
        6.51501085641540       -5.56082040407282       -1.45309364170276      H
        7.00765562241782       -6.95427092634083        1.49129316469690      H
        8.09841824918213       -3.72617346486349        0.71845334132502      H
        3.57577738459853        1.09560321426142       -2.28343623993278      H
        4.98773217671736        1.53839595014183        0.61272788341574      H
        1.75575433790883        2.78528416031505       -0.02745374061390      H
       12.08617013818332        1.85341831560971       10.32279666312760      H
       13.25007479298189       -0.13355178923008        8.05775262871488      H
       14.36321811397748       -0.10590137315321       11.31045525684802      H
$end
