$coord
      -12.35899683552794        4.79373313936957        7.77983245969922      C
       -9.92786141674264        5.77194636836842        7.29616042969459      C
       -7.93228657630757        3.89566918009391        7.60965475035389      C
       -8.17085843985018        1.95487116735525        9.54218479433495      C
      -10.67613330638927        0.99682137532659        9.91144075201507      C
      -12.72589213365182        2.20169538134827        8.94593825628166      C
       -5.22202576190576        4.26582348027624        6.72570592373589      C
       -3.44246022951554        2.91700322975723        8.14795008241776      C
       -4.03512192217215        1.58541378129162       10.48895201720968      C
       -6.36669732680736        1.43695282891056       11.17025216397721      N
       -4.44303036781350        5.88911364564506        4.59124898002671      C
       -1.79860646391325        5.93399576716106        4.13272336416615      C
        0.06881523774689        4.72717808650176        5.68023578752325      N
       -0.76986866753953        3.13062755208988        7.56344930392338      C
        1.09960660213723        2.10155212047005        9.20613157131937      C
        0.58362355597419        1.04755986193084       11.50831964122296      C
       -2.03163534520178        0.62000302116455       12.05169753922428      C
       -5.99852177568591        6.12199475858848        2.23908357212463      C
       -5.01847922046564        7.42819444135351        0.27875993527400      C
       -2.50651318048614        8.25914456214177       -0.14224474225556      C
       -0.94446055966492        7.29760101910749        1.85977430858235      C
       -8.43483766304790        5.07944341510500        2.21990322566081      O
       -9.29786255905446        8.44916207049967        7.12610874211521      O
      -15.04917381737774        1.28794075831513       10.05756291320770      C
       -1.95505926103595       10.14647763429284       -2.31201843039198      C
      -11.02894524250333       -0.97424606292341       10.89075909113125      H
      -13.79967126404467        5.91925724475539        7.14801506847791      H
       -2.74034808909314       -0.63859207447001       13.27463095216813      H
        2.97474848247433        2.45511967199477        8.79034626442471      H
        0.89517535508387        6.49926083540358        1.51619424469535      H
       -6.45890652306953        8.55769951375430       -0.90038714236662      H
      -17.02153133502651        2.48296622822215        9.77594940292739      O
      -15.03739656059195       -0.88199697487783       11.42073996714925      O
      -17.44501239688235       -1.69892777238844       12.31207171344539      C
        2.53209476775520       -0.07659256343777       13.09972769173291      C
        2.01488248623340       -1.30586798379357       14.99472111812782      O
        4.87849025877467        0.42895707907172       12.25763923398801      O
        6.76231470407454       -1.00753280555199       13.62091648683916      C
        0.06137238861317       11.27821900463078       -2.28362291066820      O
       -3.61010419304117       10.61139390451743       -4.16847241778607      O
       -2.30918872879398       12.41319836912121       -5.68677535573965      C
       -9.08886711025605        4.08633542287272       -0.18426196396981      C
      -11.40282802242661        9.76998461767274        6.29044969774467      C
       -3.28355532781395       12.15759304240295       -7.61814117964003      H
       -0.31318113207991       11.92474647056896       -5.61427056453593      H
       -2.84118515198119       14.44491381041176       -5.37563358487239      H
        8.51471772601789        0.04590793688620       12.94900219810317      H
        6.97881567704936       -2.82739733604244       12.98655710004857      H
        6.60193558625809       -0.95691699922804       15.48646592640572      H
      -11.93413404882700        8.98446499193619        4.42975503424063      H
      -10.63686544806934       11.77406980625780        6.46105021620606      H
      -13.07414584809155       10.08200378251398        7.60656086534872      H
       -7.78801852574479        2.37731028227257       -0.48768745864481      H
       -9.17363803323267        5.48577137215083       -1.67631906062422      H
      -10.70811556749214        2.93037980385535        0.18827171659618      H
      -17.76891044159624       -3.76670133578950       11.81062541823461      H
      -18.94302516870463       -0.49647390260111       11.46187175904977      H
      -17.37102556408773       -1.48666163841939       14.45884508945667      H
        7.52197629936535       -5.83772635633328        6.25813205585396      C
        5.19120289264161       -5.04366757786454        5.44077488943484      C
        3.20318733549397       -4.41798723836496        7.01078489859061      C
        3.45903104022521       -5.27714501622184        9.58156939525337      C
        5.69525020331873       -6.40159460611644       10.38666062867881      C
        7.95318372534969       -6.40708734417887        8.69152866454482      C
        0.80564101691615       -3.46999739254108        6.46031155750742      C
       -1.26650125444373       -3.93518971122274        8.01185014818407      C
       -1.08807059514073       -4.89120852845577       10.65188085404045      C
        1.42267432358256       -5.45818785625338       11.14568727483003      N
       -0.00569061201271       -2.11018461590376        4.18364594419499      C
       -2.55755219849459       -2.10313125863401        3.28421866909463      C
       -4.44802993696215       -2.92731645619809        4.84537547668651      N
       -3.68406507722015       -3.15657430486701        7.22365027491438      C
       -5.64240419297765       -3.65752764198582        9.03736106318623      C
       -5.58130440587605       -4.33843313280389       11.72218079168486      C
       -3.27487242903685       -4.95221705119322       12.32034942095062      C
        1.88506667629146       -0.60950317303786        2.96578881781486      C
        1.50926021252512        0.17788012367575        0.54507123123808      C
       -0.90480949084873        0.10723473801091       -0.58116270345642      C
       -3.04792362155033       -0.88555227643359        0.85296214619939      C
        3.95459939429838       -0.11154680473361        4.75394106334665      O
        4.71634878775482       -4.68393587145156        3.07430941908653      O
       10.58248676182924       -6.76666219946065        9.84914615750493      C
       -1.25472735858710        1.66432529378983       -2.79219201162159      C
        5.87477807340551       -6.68526458403239       12.50304274653804      H
        9.10930585827804       -5.90545037154342        4.89879610286245      H
       -3.67632002754570       -6.28576125150560       13.88623136953933      H
       -7.52520556428008       -3.50427071812177        8.41130842092823      H
       -4.99782780513029       -1.29417079457473        0.55837349261664      H
        3.23281255112372        1.13612111858626       -0.26517888747938      H
       10.45386612256416       -7.77688050287318       11.88234360698310      O
       12.41650459535155       -5.65440133036160        8.47664314006569      O
       14.61793584830863       -6.64127338840525        9.65740606888523      C
       -7.70851873339885       -4.64275599768785       13.48588272264225      C
       -9.78184051198090       -4.95910488965406       12.28316881719893      O
       -7.41541582208430       -4.66944199121917       16.05389811554095      O
       -9.54827774337671       -5.11246711022906       17.44987922316056      C
        0.54022019715132        2.95269261105282       -3.38723085379177      O
       -3.51047524315695        1.19619292929105       -4.30610214624394      O
       -2.69775773639465        1.42340983792092       -6.65187126828574      C
        5.88242541009627        1.51778330122190        4.00620257745218      C
        5.49101262038721       -6.86721039458877        1.15370462143045      C
       -1.25330711020560        2.75354454845606       -6.82356194731274      H
       -3.88149843740320        2.03481657945174       -8.25350649921767      H
       -2.10432642649241       -0.38433453708369       -7.08205930702562      H
      -11.13262735288561       -5.24302161100376       16.02415178454569      H
       -9.82908664925902       -3.38186233720186       18.53934789118401      H
       -9.45618341312700       -6.83095648188331       18.62853160979743      H
        5.45456976019661       -5.95178365591161       -0.82519838832676      H
        4.48506564569822       -8.48512685749343        1.20079359851818      H
        7.54898653951495       -7.02561865808716        1.51059600558034      H
        5.14844715679438        3.29905485734155        3.55290671304012      H
        6.79801526301691        0.69953989037595        2.32980973174818      H
        7.30314744523238        1.83699070279145        5.40768973569562      H
       16.28843417586205       -7.34323340867277        8.20614484496887      H
       13.99948496044684       -8.32701275025727       10.71457581571140      H
       15.40197678849589       -5.42468904241934       11.22047575308795      H
$end
