$coord
      -10.81893095516711        4.24959808999289       10.90680809870236      C
       -8.65829892156780        4.57505321953194        9.22820489827481      C
       -6.26542225632732        3.10312438971645        9.68108951345023      C
       -6.04026486750415        2.09334108004304       12.23719266446891      C
       -8.13269880809890        2.05764109741207       13.80603715084780      C
      -10.54381617176741        3.01384893538755       13.13513888161131      C
       -4.15114205852925        3.01140526105678        7.85953491268201      C
       -1.95822163714257        2.63294234169082        9.23540453544521      C
       -1.72108504375824        1.90591474471954       11.79411746463273      C
       -3.79504221077556        0.93755007655749       12.89981088250101      N
       -4.01019369850124        3.12301573815747        5.20678982050831      C
       -1.72656705608423        3.25545676540291        3.96552025607999      C
        0.47102634835180        3.37037249424102        5.32124027779903      N
        0.32231488303493        3.12025814993477        7.88517045810095      C
        2.62465812109958        3.12200359634877        9.12722745626304      C
        2.79722032758320        2.08068693065676       11.60571492327857      C
        0.62501433998344        1.62474313741025       12.88244679146018      C
       -6.21258563698601        2.95123249888295        3.73019360249699      C
       -6.09715109299330        3.57082136531811        1.10790100558824      C
       -3.62209309345287        3.81132951161345       -0.16172612413112      C
       -1.60058443790679        3.54222252154443        1.41014254608744      C
       -8.06108866030546        1.90952716666861        5.22262978758880      O
       -8.49062143922522        6.56750680646371        7.55298057873414      O
      -12.84929983599757        2.86891892794379       14.80524834467005      C
       -3.36771081979340        4.52514950254446       -2.85293250240191      C
       -8.11863687986954        1.48691829493119       15.79860663991519      H
      -12.09113313235679        5.69513478289425       10.92271989736359      H
        0.44027536356737        1.30106938734430       14.96056149017195      H
        4.13406606420566        3.73179253694467        8.07864154158013      H
        0.28886245447251        4.03697486844663        0.48819645291755      H
       -7.53511809129585        3.15944469713421       -0.40668506969098      H
      -13.29853693545050        0.94927608972367       15.70233550408873      O
      -14.38356885747616        4.91129886944447       15.34454921421269      O
      -15.95854497071641        4.36458625783944       17.22833096844906      C
        5.10241144662157        2.24129426200069       13.36948240863641      C
        6.84542983037126        0.76658626207506       13.36130781530142      O
        5.14932186859913        4.51067269482879       14.55239595093899      O
        7.07975074861678        4.74328760258298       16.36693503476868      C
       -5.11680337897877        4.98228401365291       -4.01554642629438      O
       -1.02018512589456        5.12216577699614       -3.71544501919686      O
       -1.10205902254048        5.68742959013233       -6.14091240499800      C
      -10.56893988845657        2.13590277701321        4.42248690850926      C
       -6.59165128688014        8.55729195595760        7.85362209884802      C
       -2.84563872231754        5.04797643148427       -6.62186719601773      H
        0.31980020610758        4.55076961809960       -7.17844733596742      H
       -0.75621937117612        7.77638987423775       -6.13350250996743      H
        7.37487629367463        6.84669988010623       16.98750711726575      H
        8.75920061376057        3.82769146602632       15.74770908128616      H
        6.26424650885847        3.78982257593838       17.90028276744661      H
       -5.63872749603766        8.27035388715978        9.52115577005484      H
       -7.07248194624573       10.48804725892670        7.79218606061178      H
       -5.23373768147313        7.95187146081399        6.37961575259538      H
      -10.78704764069182        1.29490465595980        2.51910753111913      H
      -10.58473819468773        4.32876342642025        3.95080475988107      H
      -12.11403287351665        1.82463257370867        5.66347037768364      H
      -16.64265734253534        2.43462171951476       16.79250214067159      H
      -17.39432086562288        5.97583927679804       17.13728855041435      H
      -14.78380640790293        4.47165933172625       18.84101632957232      H
        5.75249703364572       -4.60494797854654        6.95760232837140      C
        3.80451006844431       -4.32313328300968        5.31883317062052      C
        1.55851180495868       -3.38430771741966        6.33963037619354      C
        1.14773561786097       -3.42828797517854        8.97911972177461      C
        3.11770890268516       -3.88890223291119       10.64346809722699      C
        5.43157063545546       -4.25788768131514        9.45652484893036      C
       -0.74789794428221       -2.66840976411970        5.00084071262461      C
       -3.03765800372310       -3.54580224410047        5.77244418279948      C
       -3.19486046306556       -4.00079284229548        8.36988178466603      C
       -1.19019310387562       -3.73422984339047       10.02846749415297      N
       -0.57441653829989       -1.99995832236828        2.28166855313881      C
       -2.66911968905730       -2.57062052129897        0.61154077953730      C
       -5.00567021873020       -3.15457296882362        1.42989823869219      N
       -5.11702264534996       -3.77811486218364        4.02648080326443      C
       -7.48074492270053       -3.83045966654720        5.16220755834917      C
       -7.74157005212027       -4.06870958618566        7.70331925798437      C
       -5.76411500791295       -4.10816356179911        9.38349396205255      C
        1.40979327954512       -0.63400224755856        1.28617360201889      C
        1.70247334254526        0.07407916972936       -1.27910755371049      C
       -0.12706086771795       -0.68875578210696       -2.94464358087436      C
       -2.44022021024524       -1.72078683047676       -1.95974571253804      C
        2.90138027461843        0.37591384767743        3.36524437830540      O
        3.69217044648933       -5.44564971763564        2.77420235658365      O
        7.58892775089814       -4.43883721251283       11.19921069452142      C
       -0.05279563076452       -0.32339337782831       -5.65028654410765      C
        3.07041724269739       -3.25130367856588       12.61280818141367      H
        7.78531793223690       -4.84748633194970        6.63915114529140      H
       -6.20866497965617       -3.72599199959270       11.43872849026730      H
       -9.10859546664719       -3.91648328874598        4.04366873962547      H
       -4.05706452056271       -1.65676812960784       -2.90056274185490      H
        2.99177302405009        1.56672390319313       -1.42170213155814      H
        7.14809231851524       -4.68741326166883       13.33866290975771      O
       10.12419337095086       -4.25871253168656       10.09229094894818      O
       11.57442617156066       -3.02252180681346       11.74637836851479      C
      -10.45418078364381       -4.17400720036798        8.77368923417173      C
      -12.31781396520613       -3.28869061002195        7.81039456664788      O
      -10.85611165410327       -4.99843887846398       11.27907620285422      O
      -13.26150626990660       -4.73005912075513       12.03584163772797      C
       -1.84223729988927       -1.14807155142941       -6.74640620444237      O
        1.86269376095100        1.13378658889337       -6.65640612626274      O
        2.68898779442347        0.06901761285108       -8.68881927909264      C
        4.63754233831271        2.31962028799911        2.62656389198785      C
        6.12379772103105       -4.95572898060054        1.33460674795236      C
        1.13922520255952       -0.55734087807379       -9.89443168778641      H
        3.36063047469411       -1.85384116977071       -8.29274578171989      H
        4.16107242157880        1.24045836783430       -9.64877760102069      H
      -14.07411034389646       -5.48233174030207       13.65708768849343      H
      -14.68724409108571       -5.13925908212784       10.55005393174279      H
      -13.83046298424745       -2.78823549570831       12.19672145958250      H
        6.05655259166230       -4.29084816309130       -0.49204086467380      H
        7.49914561736666       -6.55194787655182        1.38492797768085      H
        6.90741289805173       -3.46091343570599        2.24039703098345      H
        6.21150822380467        1.05321501342396        2.20045190217934      H
        5.02722679403440        3.26637631430421        4.40372013156666      H
        4.20607946098052        3.39134619576594        1.03809536533526      H
       13.10417057907187       -4.11036121998147       12.71139758753528      H
       10.27607713718139       -2.43037299300248       13.43021342464966      H
       12.62086922695904       -1.52132591449893       10.69320120255065      H
$end
