$coord
       -6.87706086350950        0.72238128551174       -0.01151962612347      C
       -4.99388111292900       -1.14360662035863        0.66567041615865      C
       -2.78109778498977       -0.53302759061894        2.00012516632650      C
       -2.10828339085275        2.07204998438005        2.06175234420699      C
       -3.67144318744653        3.87561667384768        0.94168159757143      C
       -6.14729742564943        3.26086889774130        0.19848152797402      C
       -0.86158952441866       -2.21129029577493        3.10113537218140      C
        1.44360616363157       -1.25183306078052        3.74013935756380      C
        2.07564145670905        1.21873035028383        3.35139673728055      C
        0.06029487967590        2.85289684902005        3.00327927386190      N
       -1.58573659556771       -4.69367509853896        3.94059496074722      C
        0.54735980386362       -6.25713520636796        4.44794571178611      C
        3.00823827145393       -5.49574310794501        4.59402391330719      N
        3.60781128810568       -2.98270895080343        4.31706557602758      C
        5.99241491149255       -2.07413492977568        4.95419124841559      C
        6.46278161284354        0.32518126394055        4.54036579112370      C
        4.42567841284382        1.97746056045205        3.78901099253025      C
       -4.09152569197408       -5.51781807859371        4.35249965048746      C
       -4.33359898972457       -8.00657754231754        5.08098559472416      C
       -2.36760219818928       -9.69883128237724        5.38577227746196      C
        0.03483999062973       -8.91635983510982        4.93007224910493      C
       -6.25098078262739       -4.15261451391745        4.43494382830783      O
       -5.07324279564980       -3.55622094638374       -0.34333100034120      O
       -7.86340727242880        5.21844350634989       -0.96812246066491      C
       -3.02315222994401      -12.39536043343540        6.08344892416963      C
       -2.93408336138124        5.76011442529503        1.19386828171765      H
       -8.33928284312465        0.32456283107091       -1.47379876576581      H
        5.06081065429352        3.84206401292277        3.44861765437689      H
        7.32996178679916       -3.06719523074485        6.03937995018326      H
        1.57380337143447      -10.40070895489862        5.16535643162832      H
       -6.42809046516103       -8.41449791973867        5.45421217341392      H
       -7.60202486756855        7.33236440206804       -0.25282398143700      O
       -9.75958704510068        4.35313143183643       -2.52330638408009      O
      -11.49998487826127        6.40258901046142       -2.55768155721006      C
        9.11025436516451        1.25745978631546        4.93564756482429      C
        9.59317434504309        3.52444240037241        5.34888113679219      O
       11.06402838170906       -0.60398168730473        4.68577448590761      O
       13.35330596295261        0.56533647812968        5.17328807451445      C
       -5.13866949467331      -12.62046900064456        6.79736164232099      O
       -1.09208692259893      -14.10269014864842        5.85589586056530      O
       -1.88277918204410      -16.50225427474163        6.41127295571259      C
       -6.89591460453895       -2.43568656158704        6.44468519312275      C
       -7.56293461026462       -4.26263833164253       -0.80863642345376      C
       -1.36157882161771      -17.63114652169843        4.67223977378854      H
       -4.01863384187246      -16.53196761588784        6.48808696741071      H
       -0.76431736260927      -16.71113397588230        8.27859436347530      H
       13.70730788673754        2.24892191284628        3.88005481850946      H
       15.06006923107368       -0.60400562240835        4.84152819970060      H
       13.70059893033702        1.51127055386136        7.04586601839878      H
       -8.14559971366349       -3.15205290246676       -2.40501275721894      H
       -8.89439305736260       -3.91304805286912        0.84021779564544      H
       -7.85532226856995       -6.20479669239042       -1.45135841660200      H
       -6.24913847645556       -0.63435435122734        5.77382421043314      H
       -5.49821088370709       -2.68573757194777        7.84444097986270      H
       -8.78625524414370       -2.75451107204214        6.99261954184631      H
      -12.93056105925592        6.27703313430939       -0.97303341094494      H
      -12.34383985467944        6.42856538652767       -4.42273487939213      H
      -10.47359917595217        8.20435866469812       -2.04451129437944      H
       -1.57065279388155        8.78139768309209        5.33609314531613      C
       -3.03207372089475        6.65285506208144        6.36277718169251      C
       -1.85079990544914        4.89761505403215        8.05945346215327      C
        0.75827022793343        4.86577910872164        7.94290891424172      C
        2.24497604761828        6.91022147308200        7.10865685179008      C
        1.01778106928216        8.94358690353503        5.79637783017546      C
       -3.05608314715914        2.93739113555428        9.55703215453522      C
       -1.57354638382248        0.84179057835027       10.31726717884075      C
        1.12423185672772        0.97477296033624       10.04476908035542      C
        2.24022712344020        2.95908528992936        8.72902708512465      N
       -5.60424108973966        3.04073944950585       10.37310440074046      C
       -6.66369960591960        0.74521695389878       11.21256062914211      C
       -5.24906093026870       -1.37740440150783       11.67040953421305      N
       -2.58906055731224       -1.37318324890267       11.31232678538202      C
       -1.10641009864686       -3.60437082248182       11.39706182668220      C
        1.39850957214572       -3.57598849193518       10.97905869772828      C
        2.62180018275268       -1.31203446772167       10.59753259786837      C
       -6.84579788209079        5.39509228555958       10.73343301803365      C
       -9.37589467908376        5.24447978178897       11.51200980366054      C
      -10.58922321086591        2.88002542853861       12.04110534491943      C
       -9.28318712075521        0.61599127518516       12.07111968668313      C
       -5.43847916520101        7.62575506119761       10.62435939377516      O
       -5.42823393341203        6.25519456084420        5.92557304989961      O
        2.40588304890896       11.32781207990276        4.98122233060267      C
      -12.95490652359670        2.47215316592369       13.57609877696034      C
        4.16707780113128        7.28699523875357        7.34631587003727      H
       -2.14736113420136       10.17663708773537        3.96631973749794      H
        4.60649314018014       -1.14469186504233       10.85632676861227      H
       -2.02692281681675       -5.37595930552554       11.12746850697329      H
       -9.83526466072223       -1.24943154748641       12.60561451830867      H
      -10.65247668577262        6.99097970820066       11.99108070839784      H
        1.26382293628863       13.19928105930729        5.28635015186291      O
        4.75587880098809       10.78415781648292        4.20643079008808      O
        6.22444382261910       12.79864902044100        3.54275992304172      C
        3.08989623733637       -5.85057588039723       10.55398124328938      C
        5.36236597074539       -5.64795253186719       10.46203808079828      O
        2.13806293230114       -8.31886732906157       10.74812193015942      O
        4.04403424743489      -10.25068185521618       10.26320208858075      C
      -13.94540768985997        4.49918900519817       14.33468445077659      O
      -13.64720828148928       -0.00224374687587       14.00588223296604      O
      -15.94800990416014       -0.03590063599798       15.60542945644498      C
       -6.64257770970495        9.75020457417051       11.81855185310047      C
       -6.73524449531614        8.41971116190750        4.78894177719392      C
      -17.09233658419735        1.36707365020435       14.84932435263516      H
      -15.16613315620786        0.61244202078450       17.34717965771293      H
      -16.75796146959043       -1.84191029955193       15.59995779417952      H
        4.89501430655312       -9.70741516570786        8.40392026095872      H
        3.05110317009840      -12.08153881861780       10.20455899643338      H
        5.52002909054374       -9.94410480945960       11.71193151341984      H
       -6.49777651423462        9.98681488948475        6.17805426624840      H
       -8.54965940361694        7.85397139110676        4.28718214383910      H
       -5.87813997647871        8.99107593485948        2.97047430050296      H
       -8.45888760249864       10.03961545755361       10.86299221245162      H
       -5.49075258282947       11.44659944313599       11.65796971995781      H
       -6.81544923051463        9.33018658228365       13.81276476447482      H
        8.18300177757523       12.19961909044361        3.40125344481867      H
        6.00832568284916       14.21028081355259        5.19092267345213      H
        5.42642747981188       13.71060699722697        1.83767805506471      H
$end
