$coord
       -8.94475409500203        2.05248762487716       -1.81510198787182      C
       -7.75890195278279       -0.18049046374376       -0.88508950594650      C
       -5.41557571326238        0.01340883255226        0.35812787057700      C
       -4.16072233166494        2.45377492017143        0.04862860368141      C
       -5.22865407143993        4.54086044900054       -1.03734149752768      C
       -7.76692695829399        4.30689868857518       -1.61263808688404      C
       -4.29465868231562       -1.60750053370509        2.01490054648649      C
       -1.53988842738818       -1.64913812024256        2.38668205938363      C
       -0.43226606913892        0.81590150235112        2.09526261429644      C
       -1.65615695521197        2.78984610958451        1.09884937329409      N
       -5.64565815374661       -3.74167923799002        3.23168186908789      C
       -4.12875376151981       -5.97617506744498        3.73634583755922      C
       -1.55499827631448       -5.94628398619362        3.62203796162043      N
       -0.41114866508750       -3.68871198858266        3.32299410875514      C
        2.08447988356478       -3.49360760251370        4.22521304282774      C
        3.13368741572769       -1.10107892308659        4.20034734264856      C
        1.86488088378165        1.05697392108349        3.22502638581533      C
       -8.26013231213153       -3.91623813943195        3.92668434941773      C
       -9.20848770382444       -6.17649071831771        4.73758161630257      C
       -7.75810051743227       -8.28229750301254        5.33915817173422      C
       -5.15351032518253       -8.17799999940966        4.72465008375725      C
       -9.56489075679445       -1.62850346843728        3.67869413788105      O
       -9.35066895423155       -2.34631430612272       -1.27342185507280      O
       -9.02166261339988        6.60901116357899       -2.58843141211802      C
       -8.78433348700383      -10.58375318953437        6.68964045960194      C
       -4.03360010888062        5.97494919725458       -1.42877068930628      H
      -10.85796828780882        1.92812638109666       -2.13414288452788      H
        2.74610589391586        2.88294425875418        3.08135035998034      H
        3.15471019018090       -5.22212638458596        4.73390441327742      H
       -3.97044825552677       -9.59759687459107        5.34240486848685      H
      -11.06393694603451       -6.45414669461868        5.49836346294948      H
       -7.99782419485270        8.37104056136562       -3.37495057975466      O
      -11.51932052040076        6.58309834025388       -2.02871581703132      O
      -12.69065128701718        8.79525839102589       -3.06152042542939      C
        5.97770671004376       -0.81892285181464        4.75781093842626      C
        6.98004971668547        1.20490779757319        4.23676496620594      O
        7.10174087091216       -2.85042105490944        5.61291283570955      O
        9.56720314310318       -2.06234250304245        6.29242667208179      C
      -11.06670412703591      -10.76025455838345        7.01573601112209      O
       -6.93989413953269      -12.13709048542250        7.56120657506956      O
       -7.88644478716783      -14.14299184188487        9.21510633087704      C
      -12.13997226813893       -1.66194234005014        3.42708014578070      C
       -9.59257111845917       -3.03049903716200       -3.84570297772246      C
       -7.71688515811292      -13.41367322536861       11.05652456064584      H
       -7.00538723831874      -15.92050639530149        8.72875971447289      H
       -9.88026157978676      -14.50491222602832        8.92172675491856      H
       10.76779946423399       -3.54173772287142        5.57886878772380      H
        9.41833199166519       -1.87325639072105        8.33101611531916      H
        9.94561059820259       -0.26129000019548        5.37842483164433      H
      -10.53778330851333       -4.80135556517660       -3.87519710183795      H
       -7.60511929853045       -3.29619164903009       -4.46052660882507      H
      -10.56392240411648       -1.65083502848109       -5.02981089392203      H
      -12.51317491081689        0.05495770179986        2.30775705827647      H
      -13.03435581965749       -1.33114208349321        5.12438860761436      H
      -12.65770781048274       -3.36792848716040        2.44275567738595      H
      -14.46794655538258        8.45828825433814       -4.16751209939243      H
      -11.37782958028348        9.49898417581850       -4.47251187092776      H
      -12.78154093246735       10.04292215675104       -1.49093850668646      H
        1.20904349795451        8.54279234005232        6.60559224322775      C
        0.33288391133929        6.13980711546861        7.27884435600025      C
        1.70507552908695        4.73620605131999        8.94947814225191      C
        4.12213016662838        5.57446669153333        9.70002980339789      C
        5.10450312316108        7.80520303371812        8.73601245248313      C
        3.60322143709495        9.26822915411416        7.33112849867999      C
        0.82212914709010        2.48798310627211        9.84213663158098      C
        2.57329064224836        0.85881955895013       10.90568498752647      C
        4.96750171460220        1.88931040411916       11.58472916034834      C
        5.95522349168052        4.23361729407422       11.00121429602396      N
       -1.69823684506531        1.70160003059417       10.00920062090814      C
       -2.23037719873223       -0.83818288091814       10.63050615394834      C
       -0.50886345908089       -2.55419556103098       11.31979081929024      N
        1.70870221359530       -1.63260622743775       11.64275840850818      C
        3.46957428380938       -2.96332394451890       13.24583444725405      C
        5.84136769747447       -2.02714393774082       14.18005154324082      C
        6.48258852883756        0.38926804288917       13.36241292422495      C
       -3.73268792134495        3.49364115745284       10.16744491169793      C
       -6.15660281618245        2.42932579308355       10.34345129958760      C
       -6.72560449779094       -0.05864113568703       10.32432449812570      C
       -4.82457804574915       -1.74627340715930       10.81915151932625      C
       -3.79656715794942        6.07055317987173       10.56699499554175      O
       -1.62294046875321        4.86386541930292        6.05757966677991      O
        4.74443939087537       11.72968043691973        6.00689132614125      C
       -9.59061143812457       -0.82948397297313       10.16201026432798      C
        7.07536066919131        8.09332036611260        8.81492056502540      H
        0.25759606568034        9.48654802790575        5.11450711645921      H
        8.30901437303670        1.00381535388353       13.81321929296960      H
        2.59496683627142       -4.48498430124769       14.13451059413257      H
       -5.38167259109892       -3.77854082236059       11.01879011624821      H
       -7.78896782361507        3.69089931006850       10.29679147023037      H
        3.49052481193193       13.66663809724920        5.87377647204540      O
        7.13440438192079       11.62171102078004        4.98928506370144      O
        7.71303860942982       13.98470612107350        4.24804991775925      C
        7.66005568921338       -3.57453876986974       15.66550310274623      C
        9.94141357941776       -3.18857938456548       15.83884640450615      O
        6.44062790263591       -5.54052118252747       17.09285424531332      O
        7.97334056051836       -7.52387650013466       17.18046199754519      C
      -11.33214390259374        0.50103440545905        9.81023307342952      O
      -10.25227472635431       -3.43719836271460       10.56470440872743      O
      -12.88360845866784       -3.53211150556756       10.87774379926615      C
       -2.51911667051994        6.81612858427637       12.86998803909904      C
       -3.69522765495849        6.46224137324260        5.13989734634768      C
      -13.76105126810594       -3.85392426152809        8.87040079597933      H
      -13.45037980164157       -1.51360072658650       11.67320622147171      H
      -13.09060127074472       -5.42818915251977       12.15211770242325      H
        7.50868511798966       -8.67690067766151       18.73927128551730      H
        9.88515952268795       -6.81179616105861       17.58439145162449      H
        7.80130521771971       -8.69482653286514       15.39792504003772      H
       -5.47035424439688        5.47599939934562        5.21498981956234      H
       -3.40686141683915        7.19599761525289        3.23863057433133      H
       -3.72810500713861        8.16070380584205        6.77977511488765      H
       -0.78268419353109        5.83217634666709       12.83793545407914      H
       -3.70872523025504        6.11265778465595       14.43980071193790      H
       -2.67653960704666        8.87233903983396       12.77278625878983      H
        6.80942226264469       15.36181889447373        5.39693809072135      H
        7.09490470274020       14.35305763546950        2.29483175126063      H
        9.73946637293572       14.21460298269113        4.59756783939634      H
$end
