$coord
       -7.49280202378903        2.09226940952525       -2.81131777833163      C
       -6.63914906313187        0.74050050305419       -0.73058910661449      C
       -4.56722415666185        1.45982605743243        0.74890117331024      C
       -3.41956344089936        3.74464473509531        0.01919174504451      C
       -4.48652718895644        5.13080731569118       -1.89106094636131      C
       -6.54032587060405        4.44564524023561       -3.20083218152967      C
       -3.21531829825051       -0.35862287532770        2.39685865160469      C
       -0.63216452321099        0.33330417719448        2.89064126523037      C
        0.51583900177031        2.59128438534487        1.94011732673572      C
       -0.98832264310173        4.25959885485183        0.71838210046791      N
       -4.06352376439546       -2.25899233342606        4.06070870892928      C
       -2.29624649062044       -3.96608899896362        5.18025463937190      C
        0.25693246325408       -3.81123209743584        5.17540693658362      N
        1.04419874670086       -1.54659329961766        4.10796549807097      C
        3.60036556817734       -0.98954612624374        4.35372173532014      C
        4.65604336327267        1.22291139420654        3.51785042269395      C
        3.08384669244713        3.05525290899389        2.52948260931547      C
       -6.72750712453139       -2.15237021880292        4.51298077113124      C
       -7.59748629745182       -4.27900619618919        5.95191863472281      C
       -6.09342918568716       -6.09830947355243        6.91311005810150      C
       -3.49536584791538       -6.07652406354455        6.45079194823503      C
       -8.36367191856335        0.02614349174585        4.05782587570883      O
       -7.55686080547010       -1.75943248447400       -0.16627369982211      O
       -7.46455784851228        6.00998031580105       -5.50257849421583      C
       -7.21251698555834       -7.91786159837079        8.59925886927889      C
       -3.42041510611638        6.59942150539399       -2.67873671878981      H
       -9.36853160486620        1.44495788090123       -3.63503857999764      H
        3.68434075761238        4.69229986724724        1.55250713584703      H
        4.75307179102084       -2.33868081442732        5.26996431994133      H
       -2.37400181945800       -7.37748429067255        7.57392485075428      H
       -9.54423998556165       -4.51279381429791        6.43148652609788      H
       -6.68726925947276        8.06883696049074       -5.73390408691636      O
       -9.23666871937031        4.84592644676221       -7.01700817528781      O
       -9.99492160950406        6.52430071207243       -8.84013644797937      C
        7.36533842528667        1.48440391982115        3.33719108789956      C
        8.28226889659788        3.29629520391797        2.29373963114077      O
        9.00686539654601       -0.28496092870431        4.42953777742609      O
       11.53719220499719        0.38024133160724        4.09070950216875      C
       -9.07340296238405       -7.56727396134441        9.82532640838759      O
       -5.74663165559284      -10.23240478286755        8.87520692159867      O
       -6.26465686621887      -11.90538361972128       11.01570044339002      C
       -8.70607215388063        1.48492567727139        6.29830751520696      C
       -7.91560742453409       -3.50679244769339       -2.37030406645530      C
       -7.26198634919214      -13.43936103315566       10.33184251310034      H
       -7.62084295087575      -10.84381442816294       12.19633991922877      H
       -4.77040049113039      -12.78844391614030       12.07380106691397      H
       11.79050479471641        0.56577071477287        1.98727067076688      H
       12.64405846739714       -1.15697037135795        4.76886762324716      H
       11.94826594754585        2.28543608225462        4.95469019455891      H
       -6.19599866329024       -3.57958815726652       -3.30305679035174      H
       -9.43260996365520       -2.70777559601466       -3.45090831607863      H
       -8.51940078380439       -5.36866380612437       -1.71825506251880      H
       -7.19197891670044        2.97847089643302        6.16301511283785      H
       -7.99282534781056        0.38031057988945        7.88486032731420      H
      -10.65169436079101        1.74547362496571        6.76109948134603      H
      -11.43861068307743        7.81052442057245       -8.09977756703105      H
      -10.85000274170982        5.81325065838989      -10.56096019720172      H
       -8.28048982899263        7.92474299065242       -9.26420102329297      H
       -0.47958003463964        7.31444098164339        6.83285853974830      C
       -1.58034404279911        5.20466350860029        7.96368250175277      C
       -0.06841921573679        3.31528683596550        9.17280577925705      C
        2.61638630724438        3.58018514070081        9.17406202241557      C
        3.39167042482715        5.79513376959317        7.96848472779637      C
        2.13789966245850        7.72733799437899        6.85265517010517      C
       -1.10944806631280        0.91777293048911       10.07090300861806      C
        0.55925835693006       -0.99883132372898       10.51760934843363      C
        3.36216947065856       -0.56857608435352       10.58765953655668      C
        4.22185816833729        1.87598142287384       10.17305719793617      N
       -3.54172461974229        0.54252078225817       11.42001300320592      C
       -4.25352319703165       -2.07022399404963       11.58798207124835      C
       -2.53524831319537       -3.92714100503879       11.38987314233643      N
       -0.05772317268629       -3.35402801308310       11.23182548298522      C
        1.76802897856224       -5.17396951414312       12.18162129134054      C
        4.34781969641872       -4.55744620479927       12.31144476537112      C
        5.25411252273372       -2.28160601274015       11.45609893704000      C
       -5.44687049989720        2.56643063736007       12.07203778770907      C
       -7.92308034038029        1.77662426738667       12.40172498457189      C
       -8.58361449035139       -0.69552440226928       12.13135980993428      C
       -6.82584108426456       -2.47513231010866       11.67720233744886      C
       -5.06035177243558        4.92803671070582       13.13611603118096      O
       -4.13640892113674        5.05554370727436        7.70123474826647      O
        3.24418057849843       10.29991519427060        6.16342613769951      C
      -11.24910885256909       -1.35396566332667       12.17538226372617      C
        5.50426491417262        6.20212797254963        8.07336679323141      H
       -1.42097269180464        8.92231146441246        5.99749652395955      H
        7.04611443296483       -1.49808697281668       11.82650033763161      H
        1.12604950009595       -6.90290563086042       12.89335512293716      H
       -7.52884303487030       -4.43836685079107       11.23518787206683      H
       -9.41740013807243        3.11809971496201       12.58543940317763      H
        3.79322104196602       11.80634708814489        7.88292541370228      O
        3.24707532640161       10.63656711053747        3.65970676443751      O
        4.67378797285694       12.66898995377674        2.91524989360778      C
        6.21109267813016       -6.68792377921491       13.17396358386807      C
        8.38455935786508       -6.73133317931220       12.44679405269686      O
        5.35411531904465       -8.08606395200940       15.23694647445196      O
        7.56104836887341       -9.42678537898265       15.87067516716503      C
      -12.59612751101670        0.28218246135325       13.30028350145874      O
      -12.14207923598808       -3.49432922037795       11.06237617313472      O
      -14.52032299579130       -4.23756208726222       12.16003895024824      C
       -2.43065188276826        5.42107383558371       13.92633779354170      C
       -5.35534838668057        6.94260407415128        6.03343142815184      C
      -15.97756051296668       -4.46318574020901       10.56691362616953      H
      -15.35800836188437       -2.71025710107077       13.24506162856941      H
      -14.37827204322544       -5.94537419904226       13.35445222347305      H
        8.00199309836186      -10.50899587499154       14.22088116340225      H
        7.03466650825212      -10.91110789324869       17.10467677860562      H
        9.06823309617159       -8.26201747184190       16.85061970963569      H
       -5.20196201066494        8.74353967768481        6.94381652161888      H
       -7.49287038576240        6.85622930720535        5.88855082200358      H
       -4.45383038033528        6.96675076768267        4.24192310825846      H
       -2.29519031756962        4.86649341993461       15.85923089337927      H
       -2.16044164512332        7.45281843087927       13.45134071711116      H
       -0.99239840224860        4.46026884459138       12.67036254262483      H
        3.96053470203651       13.21709818713691        1.04606792482395      H
        6.69539453396947       12.19120907092045        2.51000825301068      H
        4.43062985234247       14.28911523400832        4.27123932655405      H
$end
