$coord
       -5.90352418635309        0.78283022487617       -2.21210573241689      C
       -4.37948778115861       -1.01363298553882       -0.73226391102443      C
       -2.38151156594430        0.06453141091195        0.60856430367839      C
       -1.49666033668960        2.64217265459425        0.11967584237353      C
       -3.32563652128262        4.30321818194148       -1.02292284281171      C
       -5.53181499005960        3.45527359918730       -1.90736299228446      C
       -0.75744221254280       -1.34909729309137        2.28063973187086      C
        1.67129466317321       -0.56380742056915        2.60112605653601      C
        2.45797742063900        1.87691642596560        1.86873443161186      C
        0.83329703461200        3.50062823760319        0.70553842678117      N
       -1.47909388196914       -3.66430876002069        3.63914151193038      C
        0.57460338865245       -5.16304526166474        4.31762172631403      C
        2.96709909156741       -4.64134250267976        4.25825990262824      N
        3.58308020094813       -2.20302312522865        3.69208331130900      C
        6.06959809321803       -1.29601313818122        4.05418321224352      C
        6.46311307304634        1.28270727735057        3.58571067646673      C
        4.79980814268597        2.88827392982000        2.50095586896303      C
       -4.08919763120959       -4.46627138985250        3.93295448682017      C
       -4.45415882895178       -6.97027847007759        4.64985816793297      C
       -2.43710181091716       -8.53180042936524        5.07507111264676      C
       -0.06531975442652       -7.67428053553764        5.10700860280019      C
       -6.33964635111857       -2.93109049983993        3.90110315251239      O
       -4.43493962245633       -3.67458343301016       -1.30131914441476      O
       -7.42923394659084        5.24790630051314       -3.03163383358649      C
       -2.84031251117047      -11.23520250482141        5.93797175016194      C
       -2.78116173396978        6.18679081506241       -0.54888317721815      H
       -7.64155548203357        0.12613580943992       -2.96246863642898      H
        5.46001287552276        4.70875524417088        1.70205460217539      H
        7.26246499702793       -2.98507834655038        4.72701161927485      H
        1.25182893616270       -8.85387843953792        5.82448956395820      H
       -6.19587120769615       -7.89045152667729        4.71592614319815      H
       -6.85734686092557        7.33810393542133       -3.61426912785755      O
       -9.78730909027932        4.08386123297753       -3.24357076405599      O
      -10.89669979638948        5.81866331304922       -4.87074243680714      C
        8.70269282695523        2.48047776565513        4.51131020505493      C
        9.41826112370947        4.29443988236340        3.37230689705525      O
       10.09438303547921        1.34072349463517        6.42730288258868      O
       12.46333514090502        2.42082868265237        6.66619522308729      C
       -4.72825592789841      -12.04253853519571        6.99607165261980      O
       -0.88740551525158      -12.71398630247852        5.21057889158744      O
       -1.21540841752850      -15.18447635929761        6.16794692387381      C
       -6.29500800319917       -1.13163150791828        5.72388852623459      C
       -7.00188199489559       -4.32345272160911       -1.55340840523797      C
        0.28543327238908      -16.55976096646615        5.52107729944966      H
       -2.99206343667947      -15.90485983610635        5.39985743082322      H
       -0.99306690020549      -14.89138243699571        8.11021839002001      H
       13.31955338503589        2.32819542426922        4.78251786900756      H
       13.51803150353381        1.41799689438940        8.03691689278150      H
       12.30474120245738        4.26149936740296        7.35388862204211      H
       -7.46036778262475       -3.51830466870462       -3.46733144332398      H
       -7.93730071298405       -3.44610821446487       -0.00326066096756      H
       -7.42004687293248       -6.42462962505772       -1.82337578830058      H
       -7.85322734764458       -0.04400002328214        5.19203151447641      H
       -4.60020587465687       -0.13718169377069        5.65894489153467      H
       -6.42591471786153       -1.89575547268531        7.55309812209775      H
      -11.33530499533103        7.43673357464352       -3.81850459403254      H
      -12.64108028783196        4.99717176042673       -5.57813036567432      H
       -9.62333015122392        6.14680173287197       -6.58836389738173      H
       -1.41069888451453        7.32973497063736        5.65166251245101      C
       -2.68195145069388        5.36169257151005        6.86962716896822      C
       -1.53308778604255        3.75668907291901        8.58585743431911      C
        1.07320771975118        3.71298510233392        8.69065572968517      C
        2.35612729031912        6.03783044131390        7.57908189483178      C
        1.16329141944084        7.62565568612910        6.07316769787068      C
       -2.91211576408771        2.05635143730371       10.20189401417176      C
       -1.81064238222713       -0.38144502850440       10.70058188792623      C
        0.87438829170079       -0.56802041073251        9.97374650808298      C
        2.41566795896262        1.64032790175156        9.54506919552520      N
       -5.42989125867099        2.30733363697857       11.31952891063211      C
       -6.62348556454834        0.27495583696468       12.50595159544581      C
       -5.67849467072924       -2.11547720948350       12.37981449784822      N
       -3.36607769077411       -2.38036458748140       11.61926778603062      C
       -2.08598806061694       -4.75508527200200       11.74807498040713      C
        0.58298939544473       -4.92535517558039       11.34405444705493      C
        2.02120060325937       -2.89525321925761       10.19638525785836      C
       -6.50633033524931        4.80273060688588       11.97384790196834      C
       -8.75754947217922        5.02541224046665       13.36284846483420      C
       -9.81725730615116        2.92745632056761       14.25402640933722      C
       -8.73051011906005        0.48355423213062       13.96985331758950      C
       -4.88866432450505        6.95984772562543       11.47798151674189      O
       -5.30365818999506        4.85032829580689        6.54287198094560      O
        2.22517828017185        9.99314607992544        5.13155565117643      C
      -12.00061261802012        3.31590480045697       16.06562555503945      C
        4.15774755543549        6.55477328332604        8.13359492061922      H
       -2.16838930985150        7.90887103810663        3.83306726120113      H
        4.11756759768572       -2.84263488574508       10.36339550577419      H
       -3.39312569137981       -6.27820642330289       12.47242572232608      H
       -9.70076335852679       -1.22034888335029       14.28687161170772      H
       -9.62096341494281        6.97918849862140       13.68291216753298      H
        3.47924619354764       11.05504829623663        6.62346330635341      O
        1.52331671421002       10.84897845013692        2.69198828122762      O
        2.57832322095393       13.26278956657350        2.46053599022072      C
        2.10414058344602       -7.39731631719353       11.53183217975059      C
        4.22758907506095       -7.15924561302953       12.33587807187449      O
        0.88811137163206       -9.51880615584963       10.95505945155655      O
        1.80476968939543      -11.80804817221720       12.09662151255153      C
      -12.18042003698080        5.29012372010659       17.27884494593328      O
      -13.79912398112336        1.42859512955518       16.06527635494907      O
      -15.68873679454448        2.43133335384169       17.41648276947271      C
       -5.03352042042941        8.70135569857833       13.65936131059492      C
       -6.54703400549298        6.41755377087108        4.67920615045163      C
      -15.97667258656880        4.69610102505073       17.23788765458540      H
      -15.56949782665327        2.11657217461899       19.38981498296000      H
      -17.67263826318518        1.64598633648512       17.05779272560576      H
        0.12295091264878      -12.77743263875316       12.93803566236081      H
        3.02526336190549      -11.12397612754591       13.66161497264608      H
        2.80025257610801      -13.06512269148714       10.83766622962275      H
       -6.51907734707421        8.31689868301222        5.35707548070219      H
       -8.64267633353113        5.87393611606718        4.57508494766226      H
       -5.87967249824666        6.12995500185173        2.71934875981902      H
       -7.04823758747966        9.09515948665934       14.09474536744327      H
       -4.08494433384090       10.35347821749644       12.83146845971716      H
       -4.30435429171809        7.73161437117518       15.35034886432825      H
        3.57865715395031       13.35008944137386        0.81289292399831      H
        3.93135565330233       13.85236627589945        3.96257902952248      H
        1.15431814013007       14.71094162051393        2.45265158216356      H
$end
