# indices of neighbouring atoms (max seven)
2 6 37
1 3 23
2 4 7
3 5 10
4 6 36
1 5 24
3 8 11
7 9 14
8 10 17
4 9
7 12 18
11 13 21
12 14
8 13 15
14 16 39
15 17 26
9 16 38
11 19 22
18 20 41
19 21 25
12 20 40
18 42
2 43
6 33 34 35
20 27 28 29
16 30 31 32
25 68 69 70
25 65 66 67
25 62 63 64
26 53 54 55
26 59 60 61
26 56 57 58
24 50 51 52
24 47 48 49
24 44 45 46
5
1
17
15
21
19
22 74 75 76
23 71 72 73
35
35
35
34
34
34
33
33
33
30
30
30
32
32
32
31
31
31
29
29
29
28
28
28
27
27
27
43
43
43
42
42
42
78 82 113
77 79 99
78 80 83
79 81 86
80 82 112
77 81 100
79 84 87
83 85 90
84 86 93
80 85
83 88 94
87 89 97
88 90
84 89 91
90 92 115
91 93 102
85 92 114
87 95 98
94 96 117
95 97 101
88 96 116
94 118
78 119
82 109 110 111
96 103 104 105
92 106 107 108
101 144 145 146
101 141 142 143
101 138 139 140
102 129 130 131
102 135 136 137
102 132 133 134
100 126 127 128
100 123 124 125
100 120 121 122
81
77
93
91
97
95
98 150 151 152
99 147 148 149
111
111
111
110
110
110
109
109
109
106
106
106
108
108
108
107
107
107
105
105
105
104
104
104
103
103
103
119
119
119
118
118
118
154 158 189
153 155 175
154 156 159
155 157 162
156 158 188
153 157 176
155 160 163
159 161 166
160 162 169
156 161
159 164 170
163 165 173
164 166
160 165 167
166 168 191
167 169 178
161 168 190
163 171 174
170 172 193
171 173 177
164 172 192
170 194
154 195
158 185 186 187
172 179 180 181
168 182 183 184
177 220 221 222
177 217 218 219
177 214 215 216
178 205 206 207
178 211 212 213
178 208 209 210
176 202 203 204
176 199 200 201
176 196 197 198
157
153
169
167
173
171
174 226 227 228
175 223 224 225
187
187
187
186
186
186
185
185
185
182
182
182
184
184
184
183
183
183
181
181
181
180
180
180
179
179
179
195
195
195
194
194
194
230 234 265
229 231 251
230 232 235
231 233 238
232 234 264
229 233 252
231 236 239
235 237 242
236 238 245
232 237
235 240 246
239 241 249
240 242
236 241 243
242 244 267
243 245 254
237 244 266
239 247 250
246 248 269
247 249 253
240 248 268
246 270
230 271
234 261 262 263
248 255 256 257
244 258 259 260
253 296 297 298
253 293 294 295
253 290 291 292
254 281 282 283
254 287 288 289
254 284 285 286
252 278 279 280
252 275 276 277
252 272 273 274
233
229
245
243
249
247
250 302 303 304
251 299 300 301
263
263
263
262
262
262
261
261
261
258
258
258
260
260
260
259
259
259
257
257
257
256
256
256
255
255
255
271
271
271
270
270
270
306 310 341
305 307 327
306 308 311
307 309 314
308 310 340
305 309 328
307 312 315
311 313 318
312 314 321
308 313
311 316 322
315 317 325
316 318
312 317 319
318 320 343
319 321 330
313 320 342
315 323 326
322 324 345
323 325 329
316 324 344
322 346
306 347
310 337 338 339
324 331 332 333
320 334 335 336
329 372 373 374
329 369 370 371
329 366 367 368
330 357 358 359
330 363 364 365
330 360 361 362
328 354 355 356
328 351 352 353
328 348 349 350
309
305
321
319
325
323
326 378 379 380
327 375 376 377
339
339
339
338
338
338
337
337
337
334
334
334
336
336
336
335
335
335
333
333
333
332
332
332
331
331
331
347
347
347
346
346
346
382 386 417
381 383 403
382 384 387
383 385 390
384 386 416
381 385 404
383 388 391
387 389 394
388 390 397
384 389
387 392 398
391 393 401
392 394
388 393 395
394 396 419
395 397 406
389 396 418
391 399 402
398 400 421
399 401 405
392 400 420
398 422
382 423
386 413 414 415
400 407 408 409
396 410 411 412
405 448 449 450
405 445 446 447
405 442 443 444
406 433 434 435
406 439 440 441
406 436 437 438
404 430 431 432
404 427 428 429
404 424 425 426
385
381
397
395
401
399
402 454 455 456
403 451 452 453
415
415
415
414
414
414
413
413
413
410
410
410
412
412
412
411
411
411
409
409
409
408
408
408
407
407
407
423
423
423
422
422
422
458 462 493
457 459 479
458 460 463
459 461 466
460 462 492
457 461 480
459 464 467
463 465 470
464 466 473
460 465
463 468 474
467 469 477
468 470
464 469 471
470 472 495
471 473 482
465 472 494
467 475 478
474 476 497
475 477 481
468 476 496
474 498
458 499
462 489 490 491
476 483 484 485
472 486 487 488
481 524 525 526
481 521 522 523
481 518 519 520
482 509 510 511
482 515 516 517
482 512 513 514
480 506 507 508
480 503 504 505
480 500 501 502
461
457
473
471
477
475
478 530 531 532
479 527 528 529
491
491
491
490
490
490
489
489
489
486
486
486
488
488
488
487
487
487
485
485
485
484
484
484
483
483
483
499
499
499
498
498
498
534 538 569
533 535 555
534 536 539
535 537 542
536 538 568
533 537 556
535 540 543
539 541 546
540 542 549
536 541
539 544 550
543 545 553
544 546
540 545 547
546 548 571
547 549 558
541 548 570
543 551 554
550 552 573
551 553 557
544 552 572
550 574
534 575
538 565 566 567
552 559 560 561
548 562 563 564
557 600 601 602
557 597 598 599
557 594 595 596
558 585 586 587
558 591 592 593
558 588 589 590
556 582 583 584
556 579 580 581
556 576 577 578
537
533
549
547
553
551
554 606 607 608
555 603 604 605
567
567
567
566
566
566
565
565
565
562
562
562
564
564
564
563
563
563
561
561
561
560
560
560
559
559
559
575
575
575
574
574
574
610 614 645
609 611 631
610 612 615
611 613 618
612 614 644
609 613 632
611 616 619
615 617 622
616 618 625
612 617
615 620 626
619 621 629
620 622
616 621 623
622 624 647
623 625 634
617 624 646
619 627 630
626 628 649
627 629 633
620 628 648
626 650
610 651
614 641 642 643
628 635 636 637
624 638 639 640
633 676 677 678
633 673 674 675
633 670 671 672
634 661 662 663
634 667 668 669
634 664 665 666
632 658 659 660
632 655 656 657
632 652 653 654
613
609
625
623
629
627
630 682 683 684
631 679 680 681
643
643
643
642
642
642
641
641
641
638
638
638
640
640
640
639
639
639
637
637
637
636
636
636
635
635
635
651
651
651
650
650
650
686 690 721
685 687 707
686 688 691
687 689 694
688 690 720
685 689 708
687 692 695
691 693 698
692 694 701
688 693
691 696 702
695 697 705
696 698
692 697 699
698 700 723
699 701 710
693 700 722
695 703 706
702 704 725
703 705 709
696 704 724
702 726
686 727
690 717 718 719
704 711 712 713
700 714 715 716
709 752 753 754
709 749 750 751
709 746 747 748
710 737 738 739
710 743 744 745
710 740 741 742
708 734 735 736
708 731 732 733
708 728 729 730
689
685
701
699
705
703
706 758 759 760
707 755 756 757
719
719
719
718
718
718
717
717
717
714
714
714
716
716
716
715
715
715
713
713
713
712
712
712
711
711
711
727
727
727
726
726
726
762 766 797
761 763 783
762 764 767
763 765 770
764 766 796
761 765 784
763 768 771
767 769 774
768 770 777
764 769
767 772 778
771 773 781
772 774
768 773 775
774 776 799
775 777 786
769 776 798
771 779 782
778 780 801
779 781 785
772 780 800
778 802
762 803
766 793 794 795
780 787 788 789
776 790 791 792
785 828 829 830
785 825 826 827
785 822 823 824
786 813 814 815
786 819 820 821
786 816 817 818
784 810 811 812
784 807 808 809
784 804 805 806
765
761
777
775
781
779
782 834 835 836
783 831 832 833
795
795
795
794
794
794
793
793
793
790
790
790
792
792
792
791
791
791
789
789
789
788
788
788
787
787
787
803
803
803
802
802
802
838 842 873
837 839 859
838 840 843
839 841 846
840 842 872
837 841 860
839 844 847
843 845 850
844 846 853
840 845
843 848 854
847 849 857
848 850
844 849 851
850 852 875
851 853 862
845 852 874
847 855 858
854 856 877
855 857 861
848 856 876
854 878
838 879
842 869 870 871
856 863 864 865
852 866 867 868
861 904 905 906
861 901 902 903
861 898 899 900
862 889 890 891
862 895 896 897
862 892 893 894
860 886 887 888
860 883 884 885
860 880 881 882
841
837
853
851
857
855
858 910 911 912
859 907 908 909
871
871
871
870
870
870
869
869
869
866
866
866
868
868
868
867
867
867
865
865
865
864
864
864
863
863
863
879
879
879
878
878
878
914 918 949
913 915 935
914 916 919
915 917 922
916 918 948
913 917 936
915 920 923
919 921 926
920 922 929
916 921
919 924 930
923 925 933
924 926
920 925 927
926 928 951
927 929 938
921 928 950
923 931 934
930 932 953
931 933 937
924 932 952
930 954
914 955
918 945 946 947
932 939 940 941
928 942 943 944
937 980 981 982
937 977 978 979
937 974 975 976
938 965 966 967
938 971 972 973
938 968 969 970
936 962 963 964
936 959 960 961
936 956 957 958
917
913
929
927
933
931
934 986 987 988
935 983 984 985
947
947
947
946
946
946
945
945
945
942
942
942
944
944
944
943
943
943
941
941
941
940
940
940
939
939
939
955
955
955
954
954
954
990 994 1025
989 991 1011
990 992 995
991 993 998
992 994 1024
989 993 1012
991 996 999
995 997 1002
996 998 1005
992 997
995 1000 1006
999 1001 1009
1000 1002
996 1001 1003
1002 1004 1027
1003 1005 1014
997 1004 1026
999 1007 1010
1006 1008 1029
1007 1009 1013
1000 1008 1028
1006 1030
990 1031
994 1021 1022 1023
1008 1015 1016 1017
1004 1018 1019 1020
1013 1056 1057 1058
1013 1053 1054 1055
1013 1050 1051 1052
1014 1041 1042 1043
1014 1047 1048 1049
1014 1044 1045 1046
1012 1038 1039 1040
1012 1035 1036 1037
1012 1032 1033 1034
993
989
1005
1003
1009
1007
1010 1062 1063 1064
1011 1059 1060 1061
1023
1023
1023
1022
1022
1022
1021
1021
1021
1018
1018
1018
1020
1020
1020
1019
1019
1019
1017
1017
1017
1016
1016
1016
1015
1015
1015
1031
1031
1031
1030
1030
1030
1066 1070 1101
1065 1067 1087
1066 1068 1071
1067 1069 1074
1068 1070 1100
1065 1069 1088
1067 1072 1075
1071 1073 1078
1072 1074 1081
1068 1073
1071 1076 1082
1075 1077 1085
1076 1078
1072 1077 1079
1078 1080 1103
1079 1081 1090
1073 1080 1102
1075 1083 1086
1082 1084 1105
1083 1085 1089
1076 1084 1104
1082 1106
1066 1107
1070 1097 1098 1099
1084 1091 1092 1093
1080 1094 1095 1096
1089 1132 1133 1134
1089 1129 1130 1131
1089 1126 1127 1128
1090 1117 1118 1119
1090 1123 1124 1125
1090 1120 1121 1122
1088 1114 1115 1116
1088 1111 1112 1113
1088 1108 1109 1110
1069
1065
1081
1079
1085
1083
1086 1138 1139 1140
1087 1135 1136 1137
1099
1099
1099
1098
1098
1098
1097
1097
1097
1094
1094
1094
1096
1096
1096
1095
1095
1095
1093
1093
1093
1092
1092
1092
1091
1091
1091
1107
1107
1107
1106
1106
1106
1142 1146 1177
1141 1143 1163
1142 1144 1147
1143 1145 1150
1144 1146 1176
1141 1145 1164
1143 1148 1151
1147 1149 1154
1148 1150 1157
1144 1149
1147 1152 1158
1151 1153 1161
1152 1154
1148 1153 1155
1154 1156 1179
1155 1157 1166
1149 1156 1178
1151 1159 1162
1158 1160 1181
1159 1161 1165
1152 1160 1180
1158 1182
1142 1183
1146 1173 1174 1175
1160 1167 1168 1169
1156 1170 1171 1172
1165 1208 1209 1210
1165 1205 1206 1207
1165 1202 1203 1204
1166 1193 1194 1195
1166 1199 1200 1201
1166 1196 1197 1198
1164 1190 1191 1192
1164 1187 1188 1189
1164 1184 1185 1186
1145
1141
1157
1155
1161
1159
1162 1214 1215 1216
1163 1211 1212 1213
1175
1175
1175
1174
1174
1174
1173
1173
1173
1170
1170
1170
1172
1172
1172
1171
1171
1171
1169
1169
1169
1168
1168
1168
1167
1167
1167
1183
1183
1183
1182
1182
1182
1218 1222 1253
1217 1219 1239
1218 1220 1223
1219 1221 1226
1220 1222 1252
1217 1221 1240
1219 1224 1227
1223 1225 1230
1224 1226 1233
1220 1225
1223 1228 1234
1227 1229 1237
1228 1230
1224 1229 1231
1230 1232 1255
1231 1233 1242
1225 1232 1254
1227 1235 1238
1234 1236 1257
1235 1237 1241
1228 1236 1256
1234 1258
1218 1259
1222 1249 1250 1251
1236 1243 1244 1245
1232 1246 1247 1248
1241 1284 1285 1286
1241 1281 1282 1283
1241 1278 1279 1280
1242 1269 1270 1271
1242 1275 1276 1277
1242 1272 1273 1274
1240 1266 1267 1268
1240 1263 1264 1265
1240 1260 1261 1262
1221
1217
1233
1231
1237
1235
1238 1290 1291 1292
1239 1287 1288 1289
1251
1251
1251
1250
1250
1250
1249
1249
1249
1246
1246
1246
1248
1248
1248
1247
1247
1247
1245
1245
1245
1244
1244
1244
1243
1243
1243
1259
1259
1259
1258
1258
1258
1294 1298 1329
1293 1295 1315
1294 1296 1299
1295 1297 1302
1296 1298 1328
1293 1297 1316
1295 1300 1303
1299 1301 1306
1300 1302 1309
1296 1301
1299 1304 1310
1303 1305 1313
1304 1306
1300 1305 1307
1306 1308 1331
1307 1309 1318
1301 1308 1330
1303 1311 1314
1310 1312 1333
1311 1313 1317
1304 1312 1332
1310 1334
1294 1335
1298 1325 1326 1327
1312 1319 1320 1321
1308 1322 1323 1324
1317 1360 1361 1362
1317 1357 1358 1359
1317 1354 1355 1356
1318 1345 1346 1347
1318 1351 1352 1353
1318 1348 1349 1350
1316 1342 1343 1344
1316 1339 1340 1341
1316 1336 1337 1338
1297
1293
1309
1307
1313
1311
1314 1366 1367 1368
1315 1363 1364 1365
1327
1327
1327
1326
1326
1326
1325
1325
1325
1322
1322
1322
1324
1324
1324
1323
1323
1323
1321
1321
1321
1320
1320
1320
1319
1319
1319
1335
1335
1335
1334
1334
1334
1370 1374 1405
1369 1371 1391
1370 1372 1375
1371 1373 1378
1372 1374 1404
1369 1373 1392
1371 1376 1379
1375 1377 1382
1376 1378 1385
1372 1377
1375 1380 1386
1379 1381 1389
1380 1382
1376 1381 1383
1382 1384 1407
1383 1385 1394
1377 1384 1406
1379 1387 1390
1386 1388 1409
1387 1389 1393
1380 1388 1408
1386 1410
1370 1411
1374 1401 1402 1403
1388 1395 1396 1397
1384 1398 1399 1400
1393 1436 1437 1438
1393 1433 1434 1435
1393 1430 1431 1432
1394 1421 1422 1423
1394 1427 1428 1429
1394 1424 1425 1426
1392 1418 1419 1420
1392 1415 1416 1417
1392 1412 1413 1414
1373
1369
1385
1383
1389
1387
1390 1442 1443 1444
1391 1439 1440 1441
1403
1403
1403
1402
1402
1402
1401
1401
1401
1398
1398
1398
1400
1400
1400
1399
1399
1399
1397
1397
1397
1396
1396
1396
1395
1395
1395
1411
1411
1411
1410
1410
1410
1446 1450 1481
1445 1447 1467
1446 1448 1451
1447 1449 1454
1448 1450 1480
1445 1449 1468
1447 1452 1455
1451 1453 1458
1452 1454 1461
1448 1453
1451 1456 1462
1455 1457 1465
1456 1458
1452 1457 1459
1458 1460 1483
1459 1461 1470
1453 1460 1482
1455 1463 1466
1462 1464 1485
1463 1465 1469
1456 1464 1484
1462 1486
1446 1487
1450 1477 1478 1479
1464 1471 1472 1473
1460 1474 1475 1476
1469 1512 1513 1514
1469 1509 1510 1511
1469 1506 1507 1508
1470 1497 1498 1499
1470 1503 1504 1505
1470 1500 1501 1502
1468 1494 1495 1496
1468 1491 1492 1493
1468 1488 1489 1490
1449
1445
1461
1459
1465
1463
1466 1518 1519 1520
1467 1515 1516 1517
1479
1479
1479
1478
1478
1478
1477
1477
1477
1474
1474
1474
1476
1476
1476
1475
1475
1475
1473
1473
1473
1472
1472
1472
1471
1471
1471
1487
1487
1487
1486
1486
1486
1522 1526 1557
1521 1523 1543
1522 1524 1527
1523 1525 1530
1524 1526 1556
1521 1525 1544
1523 1528 1531
1527 1529 1534
1528 1530 1537
1524 1529
1527 1532 1538
1531 1533 1541
1532 1534
1528 1533 1535
1534 1536 1559
1535 1537 1546
1529 1536 1558
1531 1539 1542
1538 1540 1561
1539 1541 1545
1532 1540 1560
1538 1562
1522 1563
1526 1553 1554 1555
1540 1547 1548 1549
1536 1550 1551 1552
1545 1588 1589 1590
1545 1585 1586 1587
1545 1582 1583 1584
1546 1573 1574 1575
1546 1579 1580 1581
1546 1576 1577 1578
1544 1570 1571 1572
1544 1567 1568 1569
1544 1564 1565 1566
1525
1521
1537
1535
1541
1539
1542 1594 1595 1596
1543 1591 1592 1593
1555
1555
1555
1554
1554
1554
1553
1553
1553
1550
1550
1550
1552
1552
1552
1551
1551
1551
1549
1549
1549
1548
1548
1548
1547
1547
1547
1563
1563
1563
1562
1562
1562
1598 1602 1633
1597 1599 1619
1598 1600 1603
1599 1601 1606
1600 1602 1632
1597 1601 1620
1599 1604 1607
1603 1605 1610
1604 1606 1613
1600 1605
1603 1608 1614
1607 1609 1617
1608 1610
1604 1609 1611
1610 1612 1635
1611 1613 1622
1605 1612 1634
1607 1615 1618
1614 1616 1637
1615 1617 1621
1608 1616 1636
1614 1638
1598 1639
1602 1629 1630 1631
1616 1623 1624 1625
1612 1626 1627 1628
1621 1664 1665 1666
1621 1661 1662 1663
1621 1658 1659 1660
1622 1649 1650 1651
1622 1655 1656 1657
1622 1652 1653 1654
1620 1646 1647 1648
1620 1643 1644 1645
1620 1640 1641 1642
1601
1597
1613
1611
1617
1615
1618 1670 1671 1672
1619 1667 1668 1669
1631
1631
1631
1630
1630
1630
1629
1629
1629
1626
1626
1626
1628
1628
1628
1627
1627
1627
1625
1625
1625
1624
1624
1624
1623
1623
1623
1639
1639
1639
1638
1638
1638
1674 1678 1709
1673 1675 1695
1674 1676 1679
1675 1677 1682
1676 1678 1708
1673 1677 1696
1675 1680 1683
1679 1681 1686
1680 1682 1689
1676 1681
1679 1684 1690
1683 1685 1693
1684 1686
1680 1685 1687
1686 1688 1711
1687 1689 1698
1681 1688 1710
1683 1691 1694
1690 1692 1713
1691 1693 1697
1684 1692 1712
1690 1714
1674 1715
1678 1705 1706 1707
1692 1699 1700 1701
1688 1702 1703 1704
1697 1740 1741 1742
1697 1737 1738 1739
1697 1734 1735 1736
1698 1725 1726 1727
1698 1731 1732 1733
1698 1728 1729 1730
1696 1722 1723 1724
1696 1719 1720 1721
1696 1716 1717 1718
1677
1673
1689
1687
1693
1691
1694 1746 1747 1748
1695 1743 1744 1745
1707
1707
1707
1706
1706
1706
1705
1705
1705
1702
1702
1702
1704
1704
1704
1703
1703
1703
1701
1701
1701
1700
1700
1700
1699
1699
1699
1715
1715
1715
1714
1714
1714
1750 1754 1785
1749 1751 1771
1750 1752 1755
1751 1753 1758
1752 1754 1784
1749 1753 1772
1751 1756 1759
1755 1757 1762
1756 1758 1765
1752 1757
1755 1760 1766
1759 1761 1769
1760 1762
1756 1761 1763
1762 1764 1787
1763 1765 1774
1757 1764 1786
1759 1767 1770
1766 1768 1789
1767 1769 1773
1760 1768 1788
1766 1790
1750 1791
1754 1781 1782 1783
1768 1775 1776 1777
1764 1778 1779 1780
1773 1816 1817 1818
1773 1813 1814 1815
1773 1810 1811 1812
1774 1801 1802 1803
1774 1807 1808 1809
1774 1804 1805 1806
1772 1798 1799 1800
1772 1795 1796 1797
1772 1792 1793 1794
1753
1749
1765
1763
1769
1767
1770 1822 1823 1824
1771 1819 1820 1821
1783
1783
1783
1782
1782
1782
1781
1781
1781
1778
1778
1778
1780
1780
1780
1779
1779
1779
1777
1777
1777
1776
1776
1776
1775
1775
1775
1791
1791
1791
1790
1790
1790
1826 1830 1861
1825 1827 1847
1826 1828 1831
1827 1829 1834
1828 1830 1860
1825 1829 1848
1827 1832 1835
1831 1833 1838
1832 1834 1841
1828 1833
1831 1836 1842
1835 1837 1845
1836 1838
1832 1837 1839
1838 1840 1863
1839 1841 1850
1833 1840 1862
1835 1843 1846
1842 1844 1865
1843 1845 1849
1836 1844 1864
1842 1866
1826 1867
1830 1857 1858 1859
1844 1851 1852 1853
1840 1854 1855 1856
1849 1892 1893 1894
1849 1889 1890 1891
1849 1886 1887 1888
1850 1877 1878 1879
1850 1883 1884 1885
1850 1880 1881 1882
1848 1874 1875 1876
1848 1871 1872 1873
1848 1868 1869 1870
1829
1825
1841
1839
1845
1843
1846 1898 1899 1900
1847 1895 1896 1897
1859
1859
1859
1858
1858
1858
1857
1857
1857
1854
1854
1854
1856
1856
1856
1855
1855
1855
1853
1853
1853
1852
1852
1852
1851
1851
1851
1867
1867
1867
1866
1866
1866
1902 1906 1937
1901 1903 1923
1902 1904 1907
1903 1905 1910
1904 1906 1936
1901 1905 1924
1903 1908 1911
1907 1909 1914
1908 1910 1917
1904 1909
1907 1912 1918
1911 1913 1921
1912 1914
1908 1913 1915
1914 1916 1939
1915 1917 1926
1909 1916 1938
1911 1919 1922
1918 1920 1941
1919 1921 1925
1912 1920 1940
1918 1942
1902 1943
1906 1933 1934 1935
1920 1927 1928 1929
1916 1930 1931 1932
1925 1968 1969 1970
1925 1965 1966 1967
1925 1962 1963 1964
1926 1953 1954 1955
1926 1959 1960 1961
1926 1956 1957 1958
1924 1950 1951 1952
1924 1947 1948 1949
1924 1944 1945 1946
1905
1901
1917
1915
1921
1919
1922 1974 1975 1976
1923 1971 1972 1973
1935
1935
1935
1934
1934
1934
1933
1933
1933
1930
1930
1930
1932
1932
1932
1931
1931
1931
1929
1929
1929
1928
1928
1928
1927
1927
1927
1943
1943
1943
1942
1942
1942
1978 1982 2013
1977 1979 1999
1978 1980 1983
1979 1981 1986
1980 1982 2012
1977 1981 2000
1979 1984 1987
1983 1985 1990
1984 1986 1993
1980 1985
1983 1988 1994
1987 1989 1997
1988 1990
1984 1989 1991
1990 1992 2015
1991 1993 2002
1985 1992 2014
1987 1995 1998
1994 1996 2017
1995 1997 2001
1988 1996 2016
1994 2018
1978 2019
1982 2009 2010 2011
1996 2003 2004 2005
1992 2006 2007 2008
2001 2044 2045 2046
2001 2041 2042 2043
2001 2038 2039 2040
2002 2029 2030 2031
2002 2035 2036 2037
2002 2032 2033 2034
2000 2026 2027 2028
2000 2023 2024 2025
2000 2020 2021 2022
1981
1977
1993
1991
1997
1995
1998 2050 2051 2052
1999 2047 2048 2049
2011
2011
2011
2010
2010
2010
2009
2009
2009
2006
2006
2006
2008
2008
2008
2007
2007
2007
2005
2005
2005
2004
2004
2004
2003
2003
2003
2019
2019
2019
2018
2018
2018
2054 2058 2089
2053 2055 2075
2054 2056 2059
2055 2057 2062
2056 2058 2088
2053 2057 2076
2055 2060 2063
2059 2061 2066
2060 2062 2069
2056 2061
2059 2064 2070
2063 2065 2073
2064 2066
2060 2065 2067
2066 2068 2091
2067 2069 2078
2061 2068 2090
2063 2071 2074
2070 2072 2093
2071 2073 2077
2064 2072 2092
2070 2094
2054 2095
2058 2085 2086 2087
2072 2079 2080 2081
2068 2082 2083 2084
2077 2120 2121 2122
2077 2117 2118 2119
2077 2114 2115 2116
2078 2105 2106 2107
2078 2111 2112 2113
2078 2108 2109 2110
2076 2102 2103 2104
2076 2099 2100 2101
2076 2096 2097 2098
2057
2053
2069
2067
2073
2071
2074 2126 2127 2128
2075 2123 2124 2125
2087
2087
2087
2086
2086
2086
2085
2085
2085
2082
2082
2082
2084
2084
2084
2083
2083
2083
2081
2081
2081
2080
2080
2080
2079
2079
2079
2095
2095
2095
2094
2094
2094
2130 2134 2165
2129 2131 2151
2130 2132 2135
2131 2133 2138
2132 2134 2164
2129 2133 2152
2131 2136 2139
2135 2137 2142
2136 2138 2145
2132 2137
2135 2140 2146
2139 2141 2149
2140 2142
2136 2141 2143
2142 2144 2167
2143 2145 2154
2137 2144 2166
2139 2147 2150
2146 2148 2169
2147 2149 2153
2140 2148 2168
2146 2170
2130 2171
2134 2161 2162 2163
2148 2155 2156 2157
2144 2158 2159 2160
2153 2196 2197 2198
2153 2193 2194 2195
2153 2190 2191 2192
2154 2181 2182 2183
2154 2187 2188 2189
2154 2184 2185 2186
2152 2178 2179 2180
2152 2175 2176 2177
2152 2172 2173 2174
2133
2129
2145
2143
2149
2147
2150 2202 2203 2204
2151 2199 2200 2201
2163
2163
2163
2162
2162
2162
2161
2161
2161
2158
2158
2158
2160
2160
2160
2159
2159
2159
2157
2157
2157
2156
2156
2156
2155
2155
2155
2171
2171
2171
2170
2170
2170
2206 2210 2241
2205 2207 2227
2206 2208 2211
2207 2209 2214
2208 2210 2240
2205 2209 2228
2207 2212 2215
2211 2213 2218
2212 2214 2221
2208 2213
2211 2216 2222
2215 2217 2225
2216 2218
2212 2217 2219
2218 2220 2243
2219 2221 2230
2213 2220 2242
2215 2223 2226
2222 2224 2245
2223 2225 2229
2216 2224 2244
2222 2246
2206 2247
2210 2237 2238 2239
2224 2231 2232 2233
2220 2234 2235 2236
2229 2272 2273 2274
2229 2269 2270 2271
2229 2266 2267 2268
2230 2257 2258 2259
2230 2263 2264 2265
2230 2260 2261 2262
2228 2254 2255 2256
2228 2251 2252 2253
2228 2248 2249 2250
2209
2205
2221
2219
2225
2223
2226 2278 2279 2280
2227 2275 2276 2277
2239
2239
2239
2238
2238
2238
2237
2237
2237
2234
2234
2234
2236
2236
2236
2235
2235
2235
2233
2233
2233
2232
2232
2232
2231
2231
2231
2247
2247
2247
2246
2246
2246
2282 2286 2317
2281 2283 2303
2282 2284 2287
2283 2285 2290
2284 2286 2316
2281 2285 2304
2283 2288 2291
2287 2289 2294
2288 2290 2297
2284 2289
2287 2292 2298
2291 2293 2301
2292 2294
2288 2293 2295
2294 2296 2319
2295 2297 2306
2289 2296 2318
2291 2299 2302
2298 2300 2321
2299 2301 2305
2292 2300 2320
2298 2322
2282 2323
2286 2313 2314 2315
2300 2307 2308 2309
2296 2310 2311 2312
2305 2348 2349 2350
2305 2345 2346 2347
2305 2342 2343 2344
2306 2333 2334 2335
2306 2339 2340 2341
2306 2336 2337 2338
2304 2330 2331 2332
2304 2327 2328 2329
2304 2324 2325 2326
2285
2281
2297
2295
2301
2299
2302 2354 2355 2356
2303 2351 2352 2353
2315
2315
2315
2314
2314
2314
2313
2313
2313
2310
2310
2310
2312
2312
2312
2311
2311
2311
2309
2309
2309
2308
2308
2308
2307
2307
2307
2323
2323
2323
2322
2322
2322
2358 2362 2393
2357 2359 2379
2358 2360 2363
2359 2361 2366
2360 2362 2392
2357 2361 2380
2359 2364 2367
2363 2365 2370
2364 2366 2373
2360 2365
2363 2368 2374
2367 2369 2377
2368 2370
2364 2369 2371
2370 2372 2395
2371 2373 2382
2365 2372 2394
2367 2375 2378
2374 2376 2397
2375 2377 2381
2368 2376 2396
2374 2398
2358 2399
2362 2389 2390 2391
2376 2383 2384 2385
2372 2386 2387 2388
2381 2424 2425 2426
2381 2421 2422 2423
2381 2418 2419 2420
2382 2409 2410 2411
2382 2415 2416 2417
2382 2412 2413 2414
2380 2406 2407 2408
2380 2403 2404 2405
2380 2400 2401 2402
2361
2357
2373
2371
2377
2375
2378 2430 2431 2432
2379 2427 2428 2429
2391
2391
2391
2390
2390
2390
2389
2389
2389
2386
2386
2386
2388
2388
2388
2387
2387
2387
2385
2385
2385
2384
2384
2384
2383
2383
2383
2399
2399
2399
2398
2398
2398
2434 2438 2469
2433 2435 2455
2434 2436 2439
2435 2437 2442
2436 2438 2468
2433 2437 2456
2435 2440 2443
2439 2441 2446
2440 2442 2449
2436 2441
2439 2444 2450
2443 2445 2453
2444 2446
2440 2445 2447
2446 2448 2471
2447 2449 2458
2441 2448 2470
2443 2451 2454
2450 2452 2473
2451 2453 2457
2444 2452 2472
2450 2474
2434 2475
2438 2465 2466 2467
2452 2459 2460 2461
2448 2462 2463 2464
2457 2500 2501 2502
2457 2497 2498 2499
2457 2494 2495 2496
2458 2485 2486 2487
2458 2491 2492 2493
2458 2488 2489 2490
2456 2482 2483 2484
2456 2479 2480 2481
2456 2476 2477 2478
2437
2433
2449
2447
2453
2451
2454 2506 2507 2508
2455 2503 2504 2505
2467
2467
2467
2466
2466
2466
2465
2465
2465
2462
2462
2462
2464
2464
2464
2463
2463
2463
2461
2461
2461
2460
2460
2460
2459
2459
2459
2475
2475
2475
2474
2474
2474
2510 2514 2545
2509 2511 2531
2510 2512 2515
2511 2513 2518
2512 2514 2544
2509 2513 2532
2511 2516 2519
2515 2517 2522
2516 2518 2525
2512 2517
2515 2520 2526
2519 2521 2529
2520 2522
2516 2521 2523
2522 2524 2547
2523 2525 2534
2517 2524 2546
2519 2527 2530
2526 2528 2549
2527 2529 2533
2520 2528 2548
2526 2550
2510 2551
2514 2541 2542 2543
2528 2535 2536 2537
2524 2538 2539 2540
2533 2576 2577 2578
2533 2573 2574 2575
2533 2570 2571 2572
2534 2561 2562 2563
2534 2567 2568 2569
2534 2564 2565 2566
2532 2558 2559 2560
2532 2555 2556 2557
2532 2552 2553 2554
2513
2509
2525
2523
2529
2527
2530 2582 2583 2584
2531 2579 2580 2581
2543
2543
2543
2542
2542
2542
2541
2541
2541
2538
2538
2538
2540
2540
2540
2539
2539
2539
2537
2537
2537
2536
2536
2536
2535
2535
2535
2551
2551
2551
2550
2550
2550
2586 2590 2621
2585 2587 2607
2586 2588 2591
2587 2589 2594
2588 2590 2620
2585 2589 2608
2587 2592 2595
2591 2593 2598
2592 2594 2601
2588 2593
2591 2596 2602
2595 2597 2605
2596 2598
2592 2597 2599
2598 2600 2623
2599 2601 2610
2593 2600 2622
2595 2603 2606
2602 2604 2625
2603 2605 2609
2596 2604 2624
2602 2626
2586 2627
2590 2617 2618 2619
2604 2611 2612 2613
2600 2614 2615 2616
2609 2652 2653 2654
2609 2649 2650 2651
2609 2646 2647 2648
2610 2637 2638 2639
2610 2643 2644 2645
2610 2640 2641 2642
2608 2634 2635 2636
2608 2631 2632 2633
2608 2628 2629 2630
2589
2585
2601
2599
2605
2603
2606 2658 2659 2660
2607 2655 2656 2657
2619
2619
2619
2618
2618
2618
2617
2617
2617
2614
2614
2614
2616
2616
2616
2615
2615
2615
2613
2613
2613
2612
2612
2612
2611
2611
2611
2627
2627
2627
2626
2626
2626
2662 2666 2697
2661 2663 2683
2662 2664 2667
2663 2665 2670
2664 2666 2696
2661 2665 2684
2663 2668 2671
2667 2669 2674
2668 2670 2677
2664 2669
2667 2672 2678
2671 2673 2681
2672 2674
2668 2673 2675
2674 2676 2699
2675 2677 2686
2669 2676 2698
2671 2679 2682
2678 2680 2701
2679 2681 2685
2672 2680 2700
2678 2702
2662 2703
2666 2693 2694 2695
2680 2687 2688 2689
2676 2690 2691 2692
2685 2728 2729 2730
2685 2725 2726 2727
2685 2722 2723 2724
2686 2713 2714 2715
2686 2719 2720 2721
2686 2716 2717 2718
2684 2710 2711 2712
2684 2707 2708 2709
2684 2704 2705 2706
2665
2661
2677
2675
2681
2679
2682 2734 2735 2736
2683 2731 2732 2733
2695
2695
2695
2694
2694
2694
2693
2693
2693
2690
2690
2690
2692
2692
2692
2691
2691
2691
2689
2689
2689
2688
2688
2688
2687
2687
2687
2703
2703
2703
2702
2702
2702
2738 2742 2773
2737 2739 2759
2738 2740 2743
2739 2741 2746
2740 2742 2772
2737 2741 2760
2739 2744 2747
2743 2745 2750
2744 2746 2753
2740 2745
2743 2748 2754
2747 2749 2757
2748 2750
2744 2749 2751
2750 2752 2775
2751 2753 2762
2745 2752 2774
2747 2755 2758
2754 2756 2777
2755 2757 2761
2748 2756 2776
2754 2778
2738 2779
2742 2769 2770 2771
2756 2763 2764 2765
2752 2766 2767 2768
2761 2804 2805 2806
2761 2801 2802 2803
2761 2798 2799 2800
2762 2789 2790 2791
2762 2795 2796 2797
2762 2792 2793 2794
2760 2786 2787 2788
2760 2783 2784 2785
2760 2780 2781 2782
2741
2737
2753
2751
2757
2755
2758 2810 2811 2812
2759 2807 2808 2809
2771
2771
2771
2770
2770
2770
2769
2769
2769
2766
2766
2766
2768
2768
2768
2767
2767
2767
2765
2765
2765
2764
2764
2764
2763
2763
2763
2779
2779
2779
2778
2778
2778
2814 2818 2849
2813 2815 2835
2814 2816 2819
2815 2817 2822
2816 2818 2848
2813 2817 2836
2815 2820 2823
2819 2821 2826
2820 2822 2829
2816 2821
2819 2824 2830
2823 2825 2833
2824 2826
2820 2825 2827
2826 2828 2851
2827 2829 2838
2821 2828 2850
2823 2831 2834
2830 2832 2853
2831 2833 2837
2824 2832 2852
2830 2854
2814 2855
2818 2845 2846 2847
2832 2839 2840 2841
2828 2842 2843 2844
2837 2880 2881 2882
2837 2877 2878 2879
2837 2874 2875 2876
2838 2865 2866 2867
2838 2871 2872 2873
2838 2868 2869 2870
2836 2862 2863 2864
2836 2859 2860 2861
2836 2856 2857 2858
2817
2813
2829
2827
2833
2831
2834 2886 2887 2888
2835 2883 2884 2885
2847
2847
2847
2846
2846
2846
2845
2845
2845
2842
2842
2842
2844
2844
2844
2843
2843
2843
2841
2841
2841
2840
2840
2840
2839
2839
2839
2855
2855
2855
2854
2854
2854
2890 2894 2925
2889 2891 2911
2890 2892 2895
2891 2893 2898
2892 2894 2924
2889 2893 2912
2891 2896 2899
2895 2897 2902
2896 2898 2905
2892 2897
2895 2900 2906
2899 2901 2909
2900 2902
2896 2901 2903
2902 2904 2927
2903 2905 2914
2897 2904 2926
2899 2907 2910
2906 2908 2929
2907 2909 2913
2900 2908 2928
2906 2930
2890 2931
2894 2921 2922 2923
2908 2915 2916 2917
2904 2918 2919 2920
2913 2956 2957 2958
2913 2953 2954 2955
2913 2950 2951 2952
2914 2941 2942 2943
2914 2947 2948 2949
2914 2944 2945 2946
2912 2938 2939 2940
2912 2935 2936 2937
2912 2932 2933 2934
2893
2889
2905
2903
2909
2907
2910 2962 2963 2964
2911 2959 2960 2961
2923
2923
2923
2922
2922
2922
2921
2921
2921
2918
2918
2918
2920
2920
2920
2919
2919
2919
2917
2917
2917
2916
2916
2916
2915
2915
2915
2931
2931
2931
2930
2930
2930
2966 2970 3001
2965 2967 2987
2966 2968 2971
2967 2969 2974
2968 2970 3000
2965 2969 2988
2967 2972 2975
2971 2973 2978
2972 2974 2981
2968 2973
2971 2976 2982
2975 2977 2985
2976 2978
2972 2977 2979
2978 2980 3003
2979 2981 2990
2973 2980 3002
2975 2983 2986
2982 2984 3005
2983 2985 2989
2976 2984 3004
2982 3006
2966 3007
2970 2997 2998 2999
2984 2991 2992 2993
2980 2994 2995 2996
2989 3032 3033 3034
2989 3029 3030 3031
2989 3026 3027 3028
2990 3017 3018 3019
2990 3023 3024 3025
2990 3020 3021 3022
2988 3014 3015 3016
2988 3011 3012 3013
2988 3008 3009 3010
2969
2965
2981
2979
2985
2983
2986 3038 3039 3040
2987 3035 3036 3037
2999
2999
2999
2998
2998
2998
2997
2997
2997
2994
2994
2994
2996
2996
2996
2995
2995
2995
2993
2993
2993
2992
2992
2992
2991
2991
2991
3007
3007
3007
3006
3006
3006
3042 3046 3077
3041 3043 3063
3042 3044 3047
3043 3045 3050
3044 3046 3076
3041 3045 3064
3043 3048 3051
3047 3049 3054
3048 3050 3057
3044 3049
3047 3052 3058
3051 3053 3061
3052 3054
3048 3053 3055
3054 3056 3079
3055 3057 3066
3049 3056 3078
3051 3059 3062
3058 3060 3081
3059 3061 3065
3052 3060 3080
3058 3082
3042 3083
3046 3073 3074 3075
3060 3067 3068 3069
3056 3070 3071 3072
3065 3108 3109 3110
3065 3105 3106 3107
3065 3102 3103 3104
3066 3093 3094 3095
3066 3099 3100 3101
3066 3096 3097 3098
3064 3090 3091 3092
3064 3087 3088 3089
3064 3084 3085 3086
3045
3041
3057
3055
3061
3059
3062 3114 3115 3116
3063 3111 3112 3113
3075
3075
3075
3074
3074
3074
3073
3073
3073
3070
3070
3070
3072
3072
3072
3071
3071
3071
3069
3069
3069
3068
3068
3068
3067
3067
3067
3083
3083
3083
3082
3082
3082
3118 3122 3153
3117 3119 3139
3118 3120 3123
3119 3121 3126
3120 3122 3152
3117 3121 3140
3119 3124 3127
3123 3125 3130
3124 3126 3133
3120 3125
3123 3128 3134
3127 3129 3137
3128 3130
3124 3129 3131
3130 3132 3155
3131 3133 3142
3125 3132 3154
3127 3135 3138
3134 3136 3157
3135 3137 3141
3128 3136 3156
3134 3158
3118 3159
3122 3149 3150 3151
3136 3143 3144 3145
3132 3146 3147 3148
3141 3184 3185 3186
3141 3181 3182 3183
3141 3178 3179 3180
3142 3169 3170 3171
3142 3175 3176 3177
3142 3172 3173 3174
3140 3166 3167 3168
3140 3163 3164 3165
3140 3160 3161 3162
3121
3117
3133
3131
3137
3135
3138 3190 3191 3192
3139 3187 3188 3189
3151
3151
3151
3150
3150
3150
3149
3149
3149
3146
3146
3146
3148
3148
3148
3147
3147
3147
3145
3145
3145
3144
3144
3144
3143
3143
3143
3159
3159
3159
3158
3158
3158
3194 3198 3229
3193 3195 3215
3194 3196 3199
3195 3197 3202
3196 3198 3228
3193 3197 3216
3195 3200 3203
3199 3201 3206
3200 3202 3209
3196 3201
3199 3204 3210
3203 3205 3213
3204 3206
3200 3205 3207
3206 3208 3231
3207 3209 3218
3201 3208 3230
3203 3211 3214
3210 3212 3233
3211 3213 3217
3204 3212 3232
3210 3234
3194 3235
3198 3225 3226 3227
3212 3219 3220 3221
3208 3222 3223 3224
3217 3260 3261 3262
3217 3257 3258 3259
3217 3254 3255 3256
3218 3245 3246 3247
3218 3251 3252 3253
3218 3248 3249 3250
3216 3242 3243 3244
3216 3239 3240 3241
3216 3236 3237 3238
3197
3193
3209
3207
3213
3211
3214 3266 3267 3268
3215 3263 3264 3265
3227
3227
3227
3226
3226
3226
3225
3225
3225
3222
3222
3222
3224
3224
3224
3223
3223
3223
3221
3221
3221
3220
3220
3220
3219
3219
3219
3235
3235
3235
3234
3234
3234
3270 3274 3305
3269 3271 3291
3270 3272 3275
3271 3273 3278
3272 3274 3304
3269 3273 3292
3271 3276 3279
3275 3277 3282
3276 3278 3285
3272 3277
3275 3280 3286
3279 3281 3289
3280 3282
3276 3281 3283
3282 3284 3307
3283 3285 3294
3277 3284 3306
3279 3287 3290
3286 3288 3309
3287 3289 3293
3280 3288 3308
3286 3310
3270 3311
3274 3301 3302 3303
3288 3295 3296 3297
3284 3298 3299 3300
3293 3336 3337 3338
3293 3333 3334 3335
3293 3330 3331 3332
3294 3321 3322 3323
3294 3327 3328 3329
3294 3324 3325 3326
3292 3318 3319 3320
3292 3315 3316 3317
3292 3312 3313 3314
3273
3269
3285
3283
3289
3287
3290 3342 3343 3344
3291 3339 3340 3341
3303
3303
3303
3302
3302
3302
3301
3301
3301
3298
3298
3298
3300
3300
3300
3299
3299
3299
3297
3297
3297
3296
3296
3296
3295
3295
3295
3311
3311
3311
3310
3310
3310
3346 3350 3381
3345 3347 3367
3346 3348 3351
3347 3349 3354
3348 3350 3380
3345 3349 3368
3347 3352 3355
3351 3353 3358
3352 3354 3361
3348 3353
3351 3356 3362
3355 3357 3365
3356 3358
3352 3357 3359
3358 3360 3383
3359 3361 3370
3353 3360 3382
3355 3363 3366
3362 3364 3385
3363 3365 3369
3356 3364 3384
3362 3386
3346 3387
3350 3377 3378 3379
3364 3371 3372 3373
3360 3374 3375 3376
3369 3412 3413 3414
3369 3409 3410 3411
3369 3406 3407 3408
3370 3397 3398 3399
3370 3403 3404 3405
3370 3400 3401 3402
3368 3394 3395 3396
3368 3391 3392 3393
3368 3388 3389 3390
3349
3345
3361
3359
3365
3363
3366 3418 3419 3420
3367 3415 3416 3417
3379
3379
3379
3378
3378
3378
3377
3377
3377
3374
3374
3374
3376
3376
3376
3375
3375
3375
3373
3373
3373
3372
3372
3372
3371
3371
3371
3387
3387
3387
3386
3386
3386
3422 3426 3457
3421 3423 3443
3422 3424 3427
3423 3425 3430
3424 3426 3456
3421 3425 3444
3423 3428 3431
3427 3429 3434
3428 3430 3437
3424 3429
3427 3432 3438
3431 3433 3441
3432 3434
3428 3433 3435
3434 3436 3459
3435 3437 3446
3429 3436 3458
3431 3439 3442
3438 3440 3461
3439 3441 3445
3432 3440 3460
3438 3462
3422 3463
3426 3453 3454 3455
3440 3447 3448 3449
3436 3450 3451 3452
3445 3488 3489 3490
3445 3485 3486 3487
3445 3482 3483 3484
3446 3473 3474 3475
3446 3479 3480 3481
3446 3476 3477 3478
3444 3470 3471 3472
3444 3467 3468 3469
3444 3464 3465 3466
3425
3421
3437
3435
3441
3439
3442 3494 3495 3496
3443 3491 3492 3493
3455
3455
3455
3454
3454
3454
3453
3453
3453
3450
3450
3450
3452
3452
3452
3451
3451
3451
3449
3449
3449
3448
3448
3448
3447
3447
3447
3463
3463
3463
3462
3462
3462
3498 3502 3533
3497 3499 3519
3498 3500 3503
3499 3501 3506
3500 3502 3532
3497 3501 3520
3499 3504 3507 5257
3503 3505 3510 5257 5258
3504 3506 3513
3500 3505
3503 3508 3514
3507 3509 3517 5252
3508 3510 5252 5253 5258
3504 3509 3511 5252 5258 5259
3510 3512 3535
3511 3513 3522
3505 3512 3534
3507 3515 3518
3514 3516 3537
3515 3517 3521
3508 3516 3536
3514 3538
3498 3539
3502 3529 3530 3531
3516 3523 3524 3525
3512 3526 3527 3528
3521 3564 3565 3566
3521 3561 3562 3563
3521 3558 3559 3560
3522 3549 3550 3551
3522 3555 3556 3557
3522 3552 3553 3554
3520 3546 3547 3548
3520 3543 3544 3545
3520 3540 3541 3542
3501
3497
3513
3511
3517
3515
3518 3570 3571 3572
3519 3567 3568 3569
3531
3531
3531
3530
3530
3530
3529
3529
3529
3526
3526
3526
3528
3528
3528
3527
3527
3527
3525
3525
3525
3524
3524
3524
3523
3523
3523
3539
3539
3539
3538
3538
3538
3574 3578 3609
3573 3575 3595
3574 3576 3579
3575 3577 3582
3576 3578 3608
3573 3577 3596
3575 3580 3583
3579 3581 3586
3580 3582 3589
3576 3581
3579 3584 3590
3583 3585 3593
3584 3586
3580 3585 3587
3586 3588 3611
3587 3589 3598
3581 3588 3610
3583 3591 3594
3590 3592 3613
3591 3593 3597
3584 3592 3612
3590 3614
3574 3615
3578 3605 3606 3607
3592 3599 3600 3601
3588 3602 3603 3604
3597 3640 3641 3642
3597 3637 3638 3639
3597 3634 3635 3636
3598 3625 3626 3627
3598 3631 3632 3633
3598 3628 3629 3630
3596 3622 3623 3624
3596 3619 3620 3621
3596 3616 3617 3618
3577
3573
3589
3587
3593
3591
3594 3646 3647 3648
3595 3643 3644 3645
3607
3607
3607
3606
3606
3606
3605
3605
3605
3602
3602
3602
3604
3604
3604
3603
3603
3603
3601
3601
3601
3600
3600
3600
3599
3599
3599
3615
3615
3615
3614
3614
3614
3650 3654 3685
3649 3651 3671
3650 3652 3655
3651 3653 3658
3652 3654 3684
3649 3653 3672
3651 3656 3659
3655 3657 3662
3656 3658 3665
3652 3657
3655 3660 3666
3659 3661 3669
3660 3662
3656 3661 3663
3662 3664 3687
3663 3665 3674
3657 3664 3686
3659 3667 3670
3666 3668 3689
3667 3669 3673
3660 3668 3688
3666 3690
3650 3691
3654 3681 3682 3683
3668 3675 3676 3677
3664 3678 3679 3680
3673 3716 3717 3718
3673 3713 3714 3715
3673 3710 3711 3712
3674 3701 3702 3703
3674 3707 3708 3709
3674 3704 3705 3706
3672 3698 3699 3700
3672 3695 3696 3697
3672 3692 3693 3694
3653
3649
3665
3663
3669
3667
3670 3722 3723 3724
3671 3719 3720 3721
3683
3683
3683
3682
3682
3682
3681
3681
3681
3678
3678
3678
3680
3680
3680
3679
3679
3679
3677
3677
3677
3676
3676
3676
3675
3675
3675
3691
3691
3691
3690
3690
3690
3726 3730 3761
3725 3727 3747
3726 3728 3731
3727 3729 3734
3728 3730 3760
3725 3729 3748
3727 3732 3735
3731 3733 3738
3732 3734 3741
3728 3733
3731 3736 3742
3735 3737 3745
3736 3738
3732 3737 3739
3738 3740 3763
3739 3741 3750
3733 3740 3762
3735 3743 3746
3742 3744 3765
3743 3745 3749
3736 3744 3764
3742 3766
3726 3767
3730 3757 3758 3759
3744 3751 3752 3753
3740 3754 3755 3756
3749 3792 3793 3794
3749 3789 3790 3791
3749 3786 3787 3788
3750 3777 3778 3779
3750 3783 3784 3785
3750 3780 3781 3782
3748 3774 3775 3776
3748 3771 3772 3773
3748 3768 3769 3770
3729
3725
3741
3739
3745
3743
3746 3798 3799 3800
3747 3795 3796 3797
3759
3759
3759
3758
3758
3758
3757
3757
3757
3754
3754
3754
3756
3756
3756
3755
3755
3755
3753
3753
3753
3752
3752
3752
3751
3751
3751
3767
3767
3767
3766
3766
3766
3802 3806 3837
3801 3803 3823
3802 3804 3807
3803 3805 3810
3804 3806 3836
3801 3805 3824
3803 3808 3811
3807 3809 3814
3808 3810 3817
3804 3809
3807 3812 3818
3811 3813 3821
3812 3814
3808 3813 3815
3814 3816 3839
3815 3817 3826
3809 3816 3838
3811 3819 3822
3818 3820 3841
3819 3821 3825
3812 3820 3840
3818 3842
3802 3843
3806 3833 3834 3835
3820 3827 3828 3829
3816 3830 3831 3832
3825 3868 3869 3870
3825 3865 3866 3867
3825 3862 3863 3864
3826 3853 3854 3855
3826 3859 3860 3861
3826 3856 3857 3858
3824 3850 3851 3852
3824 3847 3848 3849
3824 3844 3845 3846
3805
3801
3817
3815
3821
3819
3822 3874 3875 3876
3823 3871 3872 3873
3835
3835
3835
3834
3834
3834
3833
3833
3833
3830
3830
3830
3832
3832
3832
3831
3831
3831
3829
3829
3829
3828
3828
3828
3827
3827
3827
3843
3843
3843
3842
3842
3842
3878 3882 3913
3877 3879 3899
3878 3880 3883
3879 3881 3886
3880 3882 3912
3877 3881 3900
3879 3884 3887
3883 3885 3890
3884 3886 3893
3880 3885
3883 3888 3894
3887 3889 3897
3888 3890
3884 3889 3891
3890 3892 3915
3891 3893 3902
3885 3892 3914
3887 3895 3898
3894 3896 3917
3895 3897 3901
3888 3896 3916
3894 3918
3878 3919
3882 3909 3910 3911
3896 3903 3904 3905
3892 3906 3907 3908
3901 3944 3945 3946
3901 3941 3942 3943
3901 3938 3939 3940
3902 3929 3930 3931
3902 3935 3936 3937
3902 3932 3933 3934
3900 3926 3927 3928
3900 3923 3924 3925
3900 3920 3921 3922
3881
3877
3893
3891
3897
3895
3898 3950 3951 3952
3899 3947 3948 3949
3911
3911
3911
3910
3910
3910
3909
3909
3909
3906
3906
3906
3908
3908
3908
3907
3907
3907
3905
3905
3905
3904
3904
3904
3903
3903
3903
3919
3919
3919
3918
3918
3918
3954 3958 3989
3953 3955 3975
3954 3956 3959
3955 3957 3962
3956 3958 3988
3953 3957 3976
3955 3960 3963
3959 3961 3966
3960 3962 3969
3956 3961
3959 3964 3970
3963 3965 3973
3964 3966
3960 3965 3967
3966 3968 3991
3967 3969 3978
3961 3968 3990
3963 3971 3974
3970 3972 3993
3971 3973 3977
3964 3972 3992
3970 3994
3954 3995
3958 3985 3986 3987
3972 3979 3980 3981
3968 3982 3983 3984
3977 4020 4021 4022
3977 4017 4018 4019
3977 4014 4015 4016
3978 4005 4006 4007
3978 4011 4012 4013
3978 4008 4009 4010
3976 4002 4003 4004
3976 3999 4000 4001
3976 3996 3997 3998
3957
3953
3969
3967
3973
3971
3974 4026 4027 4028
3975 4023 4024 4025
3987
3987
3987
3986
3986
3986
3985
3985
3985
3982
3982
3982
3984
3984
3984
3983
3983
3983
3981
3981
3981
3980
3980
3980
3979
3979
3979
3995
3995
3995
3994
3994
3994
4030 4034 4065
4029 4031 4051
4030 4032 4035
4031 4033 4038
4032 4034 4064
4029 4033 4052
4031 4036 4039
4035 4037 4042
4036 4038 4045
4032 4037
4035 4040 4046
4039 4041 4049
4040 4042
4036 4041 4043
4042 4044 4067
4043 4045 4054
4037 4044 4066
4039 4047 4050
4046 4048 4069
4047 4049 4053
4040 4048 4068
4046 4070
4030 4071
4034 4061 4062 4063
4048 4055 4056 4057
4044 4058 4059 4060
4053 4096 4097 4098
4053 4093 4094 4095
4053 4090 4091 4092
4054 4081 4082 4083
4054 4087 4088 4089
4054 4084 4085 4086
4052 4078 4079 4080
4052 4075 4076 4077
4052 4072 4073 4074
4033
4029
4045
4043
4049
4047
4050 4102 4103 4104
4051 4099 4100 4101
4063
4063
4063
4062
4062
4062
4061
4061
4061
4058
4058
4058
4060
4060
4060
4059
4059
4059
4057
4057
4057
4056
4056
4056
4055
4055
4055
4071
4071
4071
4070
4070
4070
4106 4110 4141
4105 4107 4127
4106 4108 4111
4107 4109 4114
4108 4110 4140
4105 4109 4128
4107 4112 4115
4111 4113 4118
4112 4114 4121
4108 4113
4111 4116 4122
4115 4117 4125
4116 4118
4112 4117 4119
4118 4120 4143
4119 4121 4130
4113 4120 4142
4115 4123 4126
4122 4124 4145
4123 4125 4129
4116 4124 4144
4122 4146
4106 4147
4110 4137 4138 4139
4124 4131 4132 4133
4120 4134 4135 4136
4129 4172 4173 4174
4129 4169 4170 4171
4129 4166 4167 4168
4130 4157 4158 4159
4130 4163 4164 4165
4130 4160 4161 4162
4128 4154 4155 4156
4128 4151 4152 4153
4128 4148 4149 4150
4109
4105
4121
4119
4125
4123
4126 4178 4179 4180
4127 4175 4176 4177
4139
4139
4139
4138
4138
4138
4137
4137
4137
4134
4134
4134
4136
4136
4136
4135
4135
4135
4133
4133
4133
4132
4132
4132
4131
4131
4131
4147
4147
4147
4146
4146
4146
4182 4186 4217
4181 4183 4203
4182 4184 4187
4183 4185 4190
4184 4186 4216
4181 4185 4204
4183 4188 4191
4187 4189 4194
4188 4190 4197
4184 4189
4187 4192 4198
4191 4193 4201
4192 4194
4188 4193 4195
4194 4196 4219
4195 4197 4206
4189 4196 4218
4191 4199 4202
4198 4200 4221
4199 4201 4205
4192 4200 4220
4198 4222
4182 4223
4186 4213 4214 4215
4200 4207 4208 4209
4196 4210 4211 4212
4205 4248 4249 4250
4205 4245 4246 4247
4205 4242 4243 4244
4206 4233 4234 4235
4206 4239 4240 4241
4206 4236 4237 4238
4204 4230 4231 4232
4204 4227 4228 4229
4204 4224 4225 4226
4185
4181
4197
4195
4201
4199
4202 4254 4255 4256
4203 4251 4252 4253
4215
4215
4215
4214
4214
4214
4213
4213
4213
4210
4210
4210
4212
4212
4212
4211
4211
4211
4209
4209
4209
4208
4208
4208
4207
4207
4207
4223
4223
4223
4222
4222
4222
4258 4262 4293
4257 4259 4279
4258 4260 4263
4259 4261 4266
4260 4262 4292
4257 4261 4280
4259 4264 4267
4263 4265 4270
4264 4266 4273
4260 4265
4263 4268 4274
4267 4269 4277
4268 4270
4264 4269 4271
4270 4272 4295
4271 4273 4282
4265 4272 4294
4267 4275 4278
4274 4276 4297
4275 4277 4281
4268 4276 4296
4274 4298
4258 4299
4262 4289 4290 4291
4276 4283 4284 4285
4272 4286 4287 4288
4281 4324 4325 4326
4281 4321 4322 4323
4281 4318 4319 4320
4282 4309 4310 4311
4282 4315 4316 4317
4282 4312 4313 4314
4280 4306 4307 4308
4280 4303 4304 4305
4280 4300 4301 4302
4261
4257
4273
4271
4277
4275
4278 4330 4331 4332
4279 4327 4328 4329
4291
4291
4291
4290
4290
4290
4289
4289
4289
4286
4286
4286
4288
4288
4288
4287
4287
4287
4285
4285
4285
4284
4284
4284
4283
4283
4283
4299
4299
4299
4298
4298
4298
4334 4338 4369
4333 4335 4355
4334 4336 4339
4335 4337 4342
4336 4338 4368
4333 4337 4356
4335 4340 4343
4339 4341 4346
4340 4342 4349
4336 4341
4339 4344 4350
4343 4345 4353
4344 4346
4340 4345 4347
4346 4348 4371
4347 4349 4358
4341 4348 4370
4343 4351 4354
4350 4352 4373
4351 4353 4357
4344 4352 4372
4350 4374
4334 4375
4338 4365 4366 4367
4352 4359 4360 4361
4348 4362 4363 4364
4357 4400 4401 4402
4357 4397 4398 4399
4357 4394 4395 4396
4358 4385 4386 4387
4358 4391 4392 4393
4358 4388 4389 4390
4356 4382 4383 4384
4356 4379 4380 4381
4356 4376 4377 4378
4337
4333
4349
4347
4353
4351
4354 4406 4407 4408
4355 4403 4404 4405
4367
4367
4367
4366
4366
4366
4365
4365
4365
4362
4362
4362
4364
4364
4364
4363
4363
4363
4361
4361
4361
4360
4360
4360
4359
4359
4359
4375
4375
4375
4374
4374
4374
4410 4414 4445
4409 4411 4431
4410 4412 4415
4411 4413 4418
4412 4414 4444
4409 4413 4432
4411 4416 4419
4415 4417 4422
4416 4418 4425
4412 4417
4415 4420 4426
4419 4421 4429
4420 4422
4416 4421 4423
4422 4424 4447
4423 4425 4434
4417 4424 4446
4419 4427 4430
4426 4428 4449
4427 4429 4433
4420 4428 4448
4426 4450
4410 4451
4414 4441 4442 4443
4428 4435 4436 4437
4424 4438 4439 4440
4433 4476 4477 4478
4433 4473 4474 4475
4433 4470 4471 4472
4434 4461 4462 4463
4434 4467 4468 4469
4434 4464 4465 4466
4432 4458 4459 4460
4432 4455 4456 4457
4432 4452 4453 4454
4413
4409
4425
4423
4429
4427
4430 4482 4483 4484
4431 4479 4480 4481
4443
4443
4443
4442
4442
4442
4441
4441
4441
4438
4438
4438
4440
4440
4440
4439
4439
4439
4437
4437
4437
4436
4436
4436
4435
4435
4435
4451
4451
4451
4450
4450
4450
4486 4490 4521
4485 4487 4507
4486 4488 4491
4487 4489 4494
4488 4490 4520
4485 4489 4508
4487 4492 4495
4491 4493 4498
4492 4494 4501
4488 4493
4491 4496 4502
4495 4497 4505
4496 4498
4492 4497 4499
4498 4500 4523
4499 4501 4510
4493 4500 4522
4495 4503 4506
4502 4504 4525
4503 4505 4509
4496 4504 4524
4502 4526
4486 4527
4490 4517 4518 4519
4504 4511 4512 4513
4500 4514 4515 4516
4509 4552 4553 4554
4509 4549 4550 4551
4509 4546 4547 4548
4510 4537 4538 4539
4510 4543 4544 4545
4510 4540 4541 4542
4508 4534 4535 4536
4508 4531 4532 4533
4508 4528 4529 4530
4489
4485
4501
4499
4505
4503
4506 4558 4559 4560
4507 4555 4556 4557
4519
4519
4519
4518
4518
4518
4517
4517
4517
4514
4514
4514
4516
4516
4516
4515
4515
4515
4513
4513
4513
4512
4512
4512
4511
4511
4511
4527
4527
4527
4526
4526
4526
4562 4566 4597
4561 4563 4583
4562 4564 4567
4563 4565 4570
4564 4566 4596
4561 4565 4584
4563 4568 4571
4567 4569 4574
4568 4570 4577
4564 4569
4567 4572 4578
4571 4573 4581
4572 4574
4568 4573 4575
4574 4576 4599
4575 4577 4586
4569 4576 4598
4571 4579 4582
4578 4580 4601
4579 4581 4585
4572 4580 4600
4578 4602
4562 4603
4566 4593 4594 4595
4580 4587 4588 4589
4576 4590 4591 4592
4585 4628 4629 4630
4585 4625 4626 4627
4585 4622 4623 4624
4586 4613 4614 4615
4586 4619 4620 4621
4586 4616 4617 4618
4584 4610 4611 4612
4584 4607 4608 4609
4584 4604 4605 4606
4565
4561
4577
4575
4581
4579
4582 4634 4635 4636
4583 4631 4632 4633
4595
4595
4595
4594
4594
4594
4593
4593
4593
4590
4590
4590
4592
4592
4592
4591
4591
4591
4589
4589
4589
4588
4588
4588
4587
4587
4587
4603
4603
4603
4602
4602
4602
4638 4642 4673
4637 4639 4659
4638 4640 4643
4639 4641 4646
4640 4642 4672
4637 4641 4660
4639 4644 4647
4643 4645 4650
4644 4646 4653
4640 4645
4643 4648 4654
4647 4649 4657
4648 4650
4644 4649 4651
4650 4652 4675
4651 4653 4662
4645 4652 4674
4647 4655 4658
4654 4656 4677
4655 4657 4661
4648 4656 4676
4654 4678
4638 4679
4642 4669 4670 4671
4656 4663 4664 4665
4652 4666 4667 4668
4661 4704 4705 4706
4661 4701 4702 4703
4661 4698 4699 4700
4662 4689 4690 4691
4662 4695 4696 4697
4662 4692 4693 4694
4660 4686 4687 4688
4660 4683 4684 4685
4660 4680 4681 4682
4641
4637
4653
4651
4657
4655
4658 4710 4711 4712
4659 4707 4708 4709
4671
4671
4671
4670
4670
4670
4669
4669
4669
4666
4666
4666
4668
4668
4668
4667
4667
4667
4665
4665
4665
4664
4664
4664
4663
4663
4663
4679
4679
4679
4678
4678
4678
4714 4718 4749
4713 4715 4735
4714 4716 4719
4715 4717 4722
4716 4718 4748
4713 4717 4736
4715 4720 4723
4719 4721 4726
4720 4722 4729
4716 4721
4719 4724 4730
4723 4725 4733
4724 4726
4720 4725 4727
4726 4728 4751
4727 4729 4738
4721 4728 4750
4723 4731 4734
4730 4732 4753
4731 4733 4737
4724 4732 4752
4730 4754
4714 4755
4718 4745 4746 4747
4732 4739 4740 4741
4728 4742 4743 4744
4737 4780 4781 4782
4737 4777 4778 4779
4737 4774 4775 4776
4738 4765 4766 4767
4738 4771 4772 4773
4738 4768 4769 4770
4736 4762 4763 4764
4736 4759 4760 4761
4736 4756 4757 4758
4717
4713
4729
4727
4733
4731
4734 4786 4787 4788
4735 4783 4784 4785
4747
4747
4747
4746
4746
4746
4745
4745
4745
4742
4742
4742
4744
4744
4744
4743
4743
4743
4741
4741
4741
4740
4740
4740
4739
4739
4739
4755
4755
4755
4754
4754
4754
4790 4794 4825
4789 4791 4811
4790 4792 4795
4791 4793 4798
4792 4794 4824
4789 4793 4812
4791 4796 4799
4795 4797 4802
4796 4798 4805
4792 4797
4795 4800 4806
4799 4801 4809
4800 4802
4796 4801 4803
4802 4804 4827
4803 4805 4814
4797 4804 4826
4799 4807 4810
4806 4808 4829
4807 4809 4813
4800 4808 4828
4806 4830
4790 4831
4794 4821 4822 4823
4808 4815 4816 4817
4804 4818 4819 4820
4813 4856 4857 4858
4813 4853 4854 4855
4813 4850 4851 4852
4814 4841 4842 4843
4814 4847 4848 4849
4814 4844 4845 4846
4812 4838 4839 4840
4812 4835 4836 4837
4812 4832 4833 4834
4793
4789
4805
4803
4809
4807
4810 4862 4863 4864
4811 4859 4860 4861
4823
4823
4823
4822
4822
4822
4821
4821
4821
4818
4818
4818
4820
4820
4820
4819
4819
4819
4817
4817
4817
4816
4816
4816
4815
4815
4815
4831
4831
4831
4830
4830
4830
4866 4870 4901
4865 4867 4887
4866 4868 4871
4867 4869 4874
4868 4870 4900
4865 4869 4888
4867 4872 4875
4871 4873 4878
4872 4874 4881
4868 4873
4871 4876 4882
4875 4877 4885
4876 4878
4872 4877 4879
4878 4880 4903
4879 4881 4890
4873 4880 4902
4875 4883 4886
4882 4884 4905
4883 4885 4889
4876 4884 4904
4882 4906
4866 4907
4870 4897 4898 4899
4884 4891 4892 4893
4880 4894 4895 4896
4889 4932 4933 4934
4889 4929 4930 4931
4889 4926 4927 4928
4890 4917 4918 4919
4890 4923 4924 4925
4890 4920 4921 4922
4888 4914 4915 4916
4888 4911 4912 4913
4888 4908 4909 4910
4869
4865
4881
4879
4885
4883
4886 4938 4939 4940
4887 4935 4936 4937
4899
4899
4899
4898
4898
4898
4897
4897
4897
4894
4894
4894
4896
4896
4896
4895
4895
4895
4893
4893
4893
4892
4892
4892
4891
4891
4891
4907
4907
4907
4906
4906
4906
4942 4946 4977
4941 4943 4963
4942 4944 4947
4943 4945 4950
4944 4946 4976
4941 4945 4964
4943 4948 4951
4947 4949 4954
4948 4950 4957
4944 4949
4947 4952 4958
4951 4953 4961
4952 4954
4948 4953 4955
4954 4956 4979
4955 4957 4966
4949 4956 4978
4951 4959 4962
4958 4960 4981
4959 4961 4965
4952 4960 4980
4958 4982
4942 4983
4946 4973 4974 4975
4960 4967 4968 4969
4956 4970 4971 4972
4965 5008 5009 5010
4965 5005 5006 5007
4965 5002 5003 5004
4966 4993 4994 4995
4966 4999 5000 5001
4966 4996 4997 4998
4964 4990 4991 4992
4964 4987 4988 4989
4964 4984 4985 4986
4945
4941
4957
4955
4961
4959
4962 5014 5015 5016
4963 5011 5012 5013
4975
4975
4975
4974
4974
4974
4973
4973
4973
4970
4970
4970
4972
4972
4972
4971
4971
4971
4969
4969
4969
4968
4968
4968
4967
4967
4967
4983
4983
4983
4982
4982
4982
5018 5022 5053
5017 5019 5039
5018 5020 5023
5019 5021 5026
5020 5022 5052
5017 5021 5040
5019 5024 5027
5023 5025 5030
5024 5026 5033
5020 5025
5023 5028 5034
5027 5029 5037
5028 5030
5024 5029 5031
5030 5032 5055
5031 5033 5042
5025 5032 5054
5027 5035 5038
5034 5036 5057
5035 5037 5041
5028 5036 5056
5034 5058
5018 5059
5022 5049 5050 5051
5036 5043 5044 5045
5032 5046 5047 5048
5041 5084 5085 5086
5041 5081 5082 5083
5041 5078 5079 5080
5042 5069 5070 5071
5042 5075 5076 5077
5042 5072 5073 5074
5040 5066 5067 5068
5040 5063 5064 5065
5040 5060 5061 5062
5021
5017
5033
5031
5037
5035
5038 5090 5091 5092
5039 5087 5088 5089
5051
5051
5051
5050
5050
5050
5049
5049
5049
5046
5046
5046
5048
5048
5048
5047
5047
5047
5045
5045
5045
5044
5044
5044
5043
5043
5043
5059
5059
5059
5058
5058
5058
5094 5098 5129
5093 5095 5115
5094 5096 5099
5095 5097 5102
5096 5098 5128
5093 5097 5116
5095 5100 5103
5099 5101 5106
5100 5102 5109
5096 5101
5099 5104 5110
5103 5105 5113
5104 5106
5100 5105 5107
5106 5108 5131
5107 5109 5118
5101 5108 5130
5103 5111 5114
5110 5112 5133
5111 5113 5117
5104 5112 5132
5110 5134
5094 5135
5098 5125 5126 5127
5112 5119 5120 5121
5108 5122 5123 5124
5117 5160 5161 5162
5117 5157 5158 5159
5117 5154 5155 5156
5118 5145 5146 5147
5118 5151 5152 5153
5118 5148 5149 5150
5116 5142 5143 5144
5116 5139 5140 5141
5116 5136 5137 5138
5097
5093
5109
5107
5113
5111
5114 5166 5167 5168
5115 5163 5164 5165
5127
5127
5127
5126
5126
5126
5125
5125
5125
5122
5122
5122
5124
5124
5124
5123
5123
5123
5121
5121
5121
5120
5120
5120
5119
5119
5119
5135
5135
5135
5134
5134
5134
5170 5174 5205
5169 5171 5191
5170 5172 5175
5171 5173 5178
5172 5174 5204
5169 5173 5192
5171 5176 5179
5175 5177 5182
5176 5178 5185
5172 5177
5175 5180 5186
5179 5181 5189
5180 5182
5176 5181 5183
5182 5184 5207
5183 5185 5194
5177 5184 5206
5179 5187 5190
5186 5188 5209
5187 5189 5193
5180 5188 5208
5186 5210
5170 5211
5174 5201 5202 5203
5188 5195 5196 5197
5184 5198 5199 5200
5193 5236 5237 5238
5193 5233 5234 5235
5193 5230 5231 5232
5194 5221 5222 5223
5194 5227 5228 5229
5194 5224 5225 5226
5192 5218 5219 5220
5192 5215 5216 5217
5192 5212 5213 5214
5173
5169
5185
5183
5189
5187
5190 5242 5243 5244
5191 5239 5240 5241
5203
5203
5203
5202
5202
5202
5201
5201
5201
5198
5198
5198
5200
5200
5200
5199
5199
5199
5197
5197
5197
5196
5196
5196
5195
5195
5195
5211
5211
5211
5210
5210
5210
5246 5250 5281
5245 5247 5267
5246 5248 5251
5247 5249 5254
5248 5250 5280
5245 5249 5268
5247 5252 5255
3508 3509 3510 5251 5253 5258
3509 5252 5254 5261
5248 5253
5251 5256 5262
5255 5257 5265
3503 3504 5256 5258
3504 3509 3510 5252 5257 5259
3510 5258 5260 5283
5259 5261 5270
5253 5260 5282
5255 5263 5266
5262 5264 5285
5263 5265 5269
5256 5264 5284
5262 5286
5246 5287
5250 5277 5278 5279
5264 5271 5272 5273
5260 5274 5275 5276
5269 5312 5313 5314
5269 5309 5310 5311
5269 5306 5307 5308
5270 5297 5298 5299
5270 5303 5304 5305
5270 5300 5301 5302
5268 5294 5295 5296
5268 5291 5292 5293
5268 5288 5289 5290
5249
5245
5261
5259
5265
5263
5266 5318 5319 5320
5267 5315 5316 5317
5279
5279
5279
5278
5278
5278
5277
5277
5277
5274
5274
5274
5276
5276
5276
5275
5275
5275
5273
5273
5273
5272
5272
5272
5271
5271
5271
5287
5287
5287
5286
5286
5286
5322 5326 5357
5321 5323 5343
5322 5324 5327
5323 5325 5330
5324 5326 5356
5321 5325 5344
5323 5328 5331
5327 5329 5334
5328 5330 5337
5324 5329
5327 5332 5338
5331 5333 5341
5332 5334
5328 5333 5335
5334 5336 5359
5335 5337 5346
5329 5336 5358
5331 5339 5342
5338 5340 5361
5339 5341 5345
5332 5340 5360
5338 5362
5322 5363
5326 5353 5354 5355
5340 5347 5348 5349
5336 5350 5351 5352
5345 5388 5389 5390
5345 5385 5386 5387
5345 5382 5383 5384
5346 5373 5374 5375
5346 5379 5380 5381
5346 5376 5377 5378
5344 5370 5371 5372
5344 5367 5368 5369
5344 5364 5365 5366
5325
5321
5337
5335
5341
5339
5342 5394 5395 5396
5343 5391 5392 5393
5355
5355
5355
5354
5354
5354
5353
5353
5353
5350
5350
5350
5352
5352
5352
5351
5351
5351
5349
5349
5349
5348
5348
5348
5347
5347
5347
5363
5363
5363
5362
5362
5362
5398 5402 5433
5397 5399 5419
5398 5400 5403
5399 5401 5406
5400 5402 5432
5397 5401 5420
5399 5404 5407
5403 5405 5410
5404 5406 5413
5400 5405
5403 5408 5414
5407 5409 5417
5408 5410
5404 5409 5411
5410 5412 5435
5411 5413 5422
5405 5412 5434
5407 5415 5418
5414 5416 5437
5415 5417 5421
5408 5416 5436
5414 5438
5398 5439
5402 5429 5430 5431
5416 5423 5424 5425
5412 5426 5427 5428
5421 5464 5465 5466
5421 5461 5462 5463
5421 5458 5459 5460
5422 5449 5450 5451
5422 5455 5456 5457
5422 5452 5453 5454
5420 5446 5447 5448
5420 5443 5444 5445
5420 5440 5441 5442
5401
5397
5413
5411
5417
5415
5418 5470 5471 5472
5419 5467 5468 5469
5431
5431
5431
5430
5430
5430
5429
5429
5429
5426
5426
5426
5428
5428
5428
5427
5427
5427
5425
5425
5425
5424
5424
5424
5423
5423
5423
5439
5439
5439
5438
5438
5438
5474 5478 5509
5473 5475 5495
5474 5476 5479
5475 5477 5482
5476 5478 5508
5473 5477 5496
5475 5480 5483
5479 5481 5486
5480 5482 5489
5476 5481
5479 5484 5490
5483 5485 5493
5484 5486
5480 5485 5487
5486 5488 5511
5487 5489 5498
5481 5488 5510
5483 5491 5494
5490 5492 5513
5491 5493 5497
5484 5492 5512
5490 5514
5474 5515
5478 5505 5506 5507
5492 5499 5500 5501
5488 5502 5503 5504
5497 5540 5541 5542
5497 5537 5538 5539
5497 5534 5535 5536
5498 5525 5526 5527
5498 5531 5532 5533
5498 5528 5529 5530
5496 5522 5523 5524
5496 5519 5520 5521
5496 5516 5517 5518
5477
5473
5489
5487
5493
5491
5494 5546 5547 5548
5495 5543 5544 5545
5507
5507
5507
5506
5506
5506
5505
5505
5505
5502
5502
5502
5504
5504
5504
5503
5503
5503
5501
5501
5501
5500
5500
5500
5499
5499
5499
5515
5515
5515
5514
5514
5514
5550 5554 5585
5549 5551 5571
5550 5552 5555
5551 5553 5558
5552 5554 5584
5549 5553 5572
5551 5556 5559
5555 5557 5562
5556 5558 5565
5552 5557
5555 5560 5566
5559 5561 5569
5560 5562
5556 5561 5563
5562 5564 5587
5563 5565 5574
5557 5564 5586
5559 5567 5570
5566 5568 5589
5567 5569 5573
5560 5568 5588
5566 5590
5550 5591
5554 5581 5582 5583
5568 5575 5576 5577
5564 5578 5579 5580
5573 5616 5617 5618
5573 5613 5614 5615
5573 5610 5611 5612
5574 5601 5602 5603
5574 5607 5608 5609
5574 5604 5605 5606
5572 5598 5599 5600
5572 5595 5596 5597
5572 5592 5593 5594
5553
5549
5565
5563
5569
5567
5570 5622 5623 5624
5571 5619 5620 5621
5583
5583
5583
5582
5582
5582
5581
5581
5581
5578
5578
5578
5580
5580
5580
5579
5579
5579
5577
5577
5577
5576
5576
5576
5575
5575
5575
5591
5591
5591
5590
5590
5590
5626 5630 5661
5625 5627 5647
5626 5628 5631
5627 5629 5634
5628 5630 5660
5625 5629 5648
5627 5632 5635
5631 5633 5638
5632 5634 5641
5628 5633
5631 5636 5642
5635 5637 5645
5636 5638
5632 5637 5639
5638 5640 5663
5639 5641 5650
5633 5640 5662
5635 5643 5646
5642 5644 5665
5643 5645 5649
5636 5644 5664
5642 5666
5626 5667
5630 5657 5658 5659
5644 5651 5652 5653
5640 5654 5655 5656
5649 5692 5693 5694
5649 5689 5690 5691
5649 5686 5687 5688
5650 5677 5678 5679
5650 5683 5684 5685
5650 5680 5681 5682
5648 5674 5675 5676
5648 5671 5672 5673
5648 5668 5669 5670
5629
5625
5641
5639
5645
5643
5646 5698 5699 5700
5647 5695 5696 5697
5659
5659
5659
5658
5658
5658
5657
5657
5657
5654
5654
5654
5656
5656
5656
5655
5655
5655
5653
5653
5653
5652
5652
5652
5651
5651
5651
5667
5667
5667
5666
5666
5666
5702 5706 5737
5701 5703 5723
5702 5704 5707
5703 5705 5710
5704 5706 5736
5701 5705 5724
5703 5708 5711
5707 5709 5714
5708 5710 5717
5704 5709
5707 5712 5718
5711 5713 5721
5712 5714
5708 5713 5715
5714 5716 5739
5715 5717 5726
5709 5716 5738
5711 5719 5722
5718 5720 5741
5719 5721 5725
5712 5720 5740
5718 5742
5702 5743
5706 5733 5734 5735
5720 5727 5728 5729
5716 5730 5731 5732
5725 5768 5769 5770
5725 5765 5766 5767
5725 5762 5763 5764
5726 5753 5754 5755
5726 5759 5760 5761
5726 5756 5757 5758
5724 5750 5751 5752
5724 5747 5748 5749
5724 5744 5745 5746
5705
5701
5717
5715
5721
5719
5722 5774 5775 5776
5723 5771 5772 5773
5735
5735
5735
5734
5734
5734
5733
5733
5733
5730
5730
5730
5732
5732
5732
5731
5731
5731
5729
5729
5729
5728
5728
5728
5727
5727
5727
5743
5743
5743
5742
5742
5742
5778 5782 5813
5777 5779 5799
5778 5780 5783
5779 5781 5786
5780 5782 5812
5777 5781 5800
5779 5784 5787
5783 5785 5790
5784 5786 5793
5780 5785
5783 5788 5794
5787 5789 5797
5788 5790
5784 5789 5791
5790 5792 5815
5791 5793 5802
5785 5792 5814
5787 5795 5798
5794 5796 5817
5795 5797 5801
5788 5796 5816
5794 5818
5778 5819
5782 5809 5810 5811
5796 5803 5804 5805
5792 5806 5807 5808
5801 5844 5845 5846
5801 5841 5842 5843
5801 5838 5839 5840
5802 5829 5830 5831
5802 5835 5836 5837
5802 5832 5833 5834
5800 5826 5827 5828
5800 5823 5824 5825
5800 5820 5821 5822
5781
5777
5793
5791
5797
5795
5798 5850 5851 5852
5799 5847 5848 5849
5811
5811
5811
5810
5810
5810
5809
5809
5809
5806
5806
5806
5808
5808
5808
5807
5807
5807
5805
5805
5805
5804
5804
5804
5803
5803
5803
5819
5819
5819
5818
5818
5818
5854 5858 5889
5853 5855 5875
5854 5856 5859
5855 5857 5862
5856 5858 5888
5853 5857 5876
5855 5860 5863
5859 5861 5866
5860 5862 5869
5856 5861
5859 5864 5870
5863 5865 5873
5864 5866
5860 5865 5867
5866 5868 5891
5867 5869 5878
5861 5868 5890
5863 5871 5874
5870 5872 5893
5871 5873 5877
5864 5872 5892
5870 5894
5854 5895
5858 5885 5886 5887
5872 5879 5880 5881
5868 5882 5883 5884
5877 5920 5921 5922
5877 5917 5918 5919
5877 5914 5915 5916
5878 5905 5906 5907
5878 5911 5912 5913
5878 5908 5909 5910
5876 5902 5903 5904
5876 5899 5900 5901
5876 5896 5897 5898
5857
5853
5869
5867
5873
5871
5874 5926 5927 5928
5875 5923 5924 5925
5887
5887
5887
5886
5886
5886
5885
5885
5885
5882
5882
5882
5884
5884
5884
5883
5883
5883
5881
5881
5881
5880
5880
5880
5879
5879
5879
5895
5895
5895
5894
5894
5894
5930 5934 5965
5929 5931 5951
5930 5932 5935
5931 5933 5938
5932 5934 5964
5929 5933 5952
5931 5936 5939
5935 5937 5942
5936 5938 5945
5932 5937
5935 5940 5946
5939 5941 5949
5940 5942
5936 5941 5943
5942 5944 5967
5943 5945 5954
5937 5944 5966
5939 5947 5950
5946 5948 5969
5947 5949 5953
5940 5948 5968
5946 5970
5930 5971
5934 5961 5962 5963
5948 5955 5956 5957
5944 5958 5959 5960
5953 5996 5997 5998
5953 5993 5994 5995
5953 5990 5991 5992
5954 5981 5982 5983
5954 5987 5988 5989
5954 5984 5985 5986
5952 5978 5979 5980
5952 5975 5976 5977
5952 5972 5973 5974
5933
5929
5945
5943
5949
5947
5950 6002 6003 6004
5951 5999 6000 6001
5963
5963
5963
5962
5962
5962
5961
5961
5961
5958
5958
5958
5960
5960
5960
5959
5959
5959
5957
5957
5957
5956
5956
5956
5955
5955
5955
5971
5971
5971
5970
5970
5970
6006 6010 6041
6005 6007 6027
6006 6008 6011
6007 6009 6014
6008 6010 6040
6005 6009 6028
6007 6012 6015
6011 6013 6018
6012 6014 6021
6008 6013
6011 6016 6022
6015 6017 6025
6016 6018
6012 6017 6019
6018 6020 6043
6019 6021 6030
6013 6020 6042
6015 6023 6026
6022 6024 6045
6023 6025 6029
6016 6024 6044
6022 6046
6006 6047
6010 6037 6038 6039
6024 6031 6032 6033
6020 6034 6035 6036
6029 6072 6073 6074
6029 6069 6070 6071
6029 6066 6067 6068
6030 6057 6058 6059
6030 6063 6064 6065
6030 6060 6061 6062
6028 6054 6055 6056
6028 6051 6052 6053
6028 6048 6049 6050
6009
6005
6021
6019
6025
6023
6026 6078 6079 6080
6027 6075 6076 6077
6039
6039
6039
6038
6038
6038
6037
6037
6037
6034
6034
6034
6036
6036
6036
6035
6035
6035
6033
6033
6033
6032
6032
6032
6031
6031
6031
6047
6047
6047
6046
6046
6046
6082 6086 6117
6081 6083 6103
6082 6084 6087
6083 6085 6090
6084 6086 6116
6081 6085 6104
6083 6088 6091
6087 6089 6094
6088 6090 6097
6084 6089
6087 6092 6098
6091 6093 6101
6092 6094
6088 6093 6095
6094 6096 6119
6095 6097 6106
6089 6096 6118
6091 6099 6102
6098 6100 6121
6099 6101 6105
6092 6100 6120
6098 6122
6082 6123
6086 6113 6114 6115
6100 6107 6108 6109
6096 6110 6111 6112
6105 6148 6149 6150
6105 6145 6146 6147
6105 6142 6143 6144
6106 6133 6134 6135
6106 6139 6140 6141
6106 6136 6137 6138
6104 6130 6131 6132
6104 6127 6128 6129
6104 6124 6125 6126
6085
6081
6097
6095
6101
6099
6102 6154 6155 6156
6103 6151 6152 6153
6115
6115
6115
6114
6114
6114
6113
6113
6113
6110
6110
6110
6112
6112
6112
6111
6111
6111
6109
6109
6109
6108
6108
6108
6107
6107
6107
6123
6123
6123
6122
6122
6122
6158 6162 6193
6157 6159 6179
6158 6160 6163
6159 6161 6166
6160 6162 6192
6157 6161 6180
6159 6164 6167
6163 6165 6170
6164 6166 6173
6160 6165
6163 6168 6174
6167 6169 6177
6168 6170
6164 6169 6171
6170 6172 6195
6171 6173 6182
6165 6172 6194
6167 6175 6178
6174 6176 6197
6175 6177 6181
6168 6176 6196
6174 6198
6158 6199
6162 6189 6190 6191
6176 6183 6184 6185
6172 6186 6187 6188
6181 6224 6225 6226
6181 6221 6222 6223
6181 6218 6219 6220
6182 6209 6210 6211
6182 6215 6216 6217
6182 6212 6213 6214
6180 6206 6207 6208
6180 6203 6204 6205
6180 6200 6201 6202
6161
6157
6173
6171
6177
6175
6178 6230 6231 6232
6179 6227 6228 6229
6191
6191
6191
6190
6190
6190
6189
6189
6189
6186
6186
6186
6188
6188
6188
6187
6187
6187
6185
6185
6185
6184
6184
6184
6183
6183
6183
6199
6199
6199
6198
6198
6198
6234 6238 6269
6233 6235 6255
6234 6236 6239
6235 6237 6242
6236 6238 6268
6233 6237 6256
6235 6240 6243
6239 6241 6246
6240 6242 6249
6236 6241
6239 6244 6250
6243 6245 6253
6244 6246
6240 6245 6247
6246 6248 6271
6247 6249 6258
6241 6248 6270
6243 6251 6254
6250 6252 6273
6251 6253 6257
6244 6252 6272
6250 6274
6234 6275
6238 6265 6266 6267
6252 6259 6260 6261
6248 6262 6263 6264
6257 6300 6301 6302
6257 6297 6298 6299
6257 6294 6295 6296
6258 6285 6286 6287
6258 6291 6292 6293
6258 6288 6289 6290
6256 6282 6283 6284
6256 6279 6280 6281
6256 6276 6277 6278
6237
6233
6249
6247
6253
6251
6254 6306 6307 6308
6255 6303 6304 6305
6267
6267
6267
6266
6266
6266
6265
6265
6265
6262
6262
6262
6264
6264
6264
6263
6263
6263
6261
6261
6261
6260
6260
6260
6259
6259
6259
6275
6275
6275
6274
6274
6274
6310 6314 6345
6309 6311 6331
6310 6312 6315
6311 6313 6318
6312 6314 6344
6309 6313 6332
6311 6316 6319
6315 6317 6322
6316 6318 6325
6312 6317
6315 6320 6326
6319 6321 6329
6320 6322
6316 6321 6323
6322 6324 6347
6323 6325 6334
6317 6324 6346
6319 6327 6330
6326 6328 6349
6327 6329 6333
6320 6328 6348
6326 6350
6310 6351
6314 6341 6342 6343
6328 6335 6336 6337
6324 6338 6339 6340
6333 6376 6377 6378
6333 6373 6374 6375
6333 6370 6371 6372
6334 6361 6362 6363
6334 6367 6368 6369
6334 6364 6365 6366
6332 6358 6359 6360
6332 6355 6356 6357
6332 6352 6353 6354
6313
6309
6325
6323
6329
6327
6330 6382 6383 6384
6331 6379 6380 6381
6343
6343
6343
6342
6342
6342
6341
6341
6341
6338
6338
6338
6340
6340
6340
6339
6339
6339
6337
6337
6337
6336
6336
6336
6335
6335
6335
6351
6351
6351
6350
6350
6350
6386 6390 6421
6385 6387 6407
6386 6388 6391
6387 6389 6394
6388 6390 6420
6385 6389 6408
6387 6392 6395
6391 6393 6398
6392 6394 6401
6388 6393
6391 6396 6402
6395 6397 6405
6396 6398
6392 6397 6399
6398 6400 6423
6399 6401 6410
6393 6400 6422
6395 6403 6406
6402 6404 6425
6403 6405 6409
6396 6404 6424
6402 6426
6386 6427
6390 6417 6418 6419
6404 6411 6412 6413
6400 6414 6415 6416
6409 6452 6453 6454
6409 6449 6450 6451
6409 6446 6447 6448
6410 6437 6438 6439
6410 6443 6444 6445
6410 6440 6441 6442
6408 6434 6435 6436
6408 6431 6432 6433
6408 6428 6429 6430
6389
6385
6401
6399
6405
6403
6406 6458 6459 6460
6407 6455 6456 6457
6419
6419
6419
6418
6418
6418
6417
6417
6417
6414
6414
6414
6416
6416
6416
6415
6415
6415
6413
6413
6413
6412
6412
6412
6411
6411
6411
6427
6427
6427
6426
6426
6426
6462 6466 6497
6461 6463 6483
6462 6464 6467
6463 6465 6470
6464 6466 6496
6461 6465 6484
6463 6468 6471
6467 6469 6474
6468 6470 6477
6464 6469
6467 6472 6478
6471 6473 6481
6472 6474
6468 6473 6475
6474 6476 6499
6475 6477 6486
6469 6476 6498
6471 6479 6482
6478 6480 6501
6479 6481 6485
6472 6480 6500
6478 6502
6462 6503
6466 6493 6494 6495
6480 6487 6488 6489
6476 6490 6491 6492
6485 6528 6529 6530
6485 6525 6526 6527
6485 6522 6523 6524
6486 6513 6514 6515
6486 6519 6520 6521
6486 6516 6517 6518
6484 6510 6511 6512
6484 6507 6508 6509
6484 6504 6505 6506
6465
6461
6477
6475
6481
6479
6482 6534 6535 6536
6483 6531 6532 6533
6495
6495
6495
6494
6494
6494
6493
6493
6493
6490
6490
6490
6492
6492
6492
6491
6491
6491
6489
6489
6489
6488
6488
6488
6487
6487
6487
6503
6503
6503
6502
6502
6502
6538 6542 6573
6537 6539 6559
6538 6540 6543
6539 6541 6546
6540 6542 6572
6537 6541 6560
6539 6544 6547
6543 6545 6550
6544 6546 6553
6540 6545
6543 6548 6554
6547 6549 6557
6548 6550
6544 6549 6551
6550 6552 6575
6551 6553 6562
6545 6552 6574
6547 6555 6558
6554 6556 6577
6555 6557 6561
6548 6556 6576
6554 6578
6538 6579
6542 6569 6570 6571
6556 6563 6564 6565
6552 6566 6567 6568
6561 6604 6605 6606
6561 6601 6602 6603
6561 6598 6599 6600
6562 6589 6590 6591
6562 6595 6596 6597
6562 6592 6593 6594
6560 6586 6587 6588
6560 6583 6584 6585
6560 6580 6581 6582
6541
6537
6553
6551
6557
6555
6558 6610 6611 6612
6559 6607 6608 6609
6571
6571
6571
6570
6570
6570
6569
6569
6569
6566
6566
6566
6568
6568
6568
6567
6567
6567
6565
6565
6565
6564
6564
6564
6563
6563
6563
6579
6579
6579
6578
6578
6578
6614 6618 6649
6613 6615 6635
6614 6616 6619
6615 6617 6622
6616 6618 6648
6613 6617 6636
6615 6620 6623
6619 6621 6626
6620 6622 6629
6616 6621
6619 6624 6630
6623 6625 6633
6624 6626
6620 6625 6627
6626 6628 6651
6627 6629 6638
6621 6628 6650
6623 6631 6634
6630 6632 6653
6631 6633 6637
6624 6632 6652
6630 6654
6614 6655
6618 6645 6646 6647
6632 6639 6640 6641
6628 6642 6643 6644
6637 6680 6681 6682
6637 6677 6678 6679
6637 6674 6675 6676
6638 6665 6666 6667
6638 6671 6672 6673
6638 6668 6669 6670
6636 6662 6663 6664
6636 6659 6660 6661
6636 6656 6657 6658
6617
6613
6629
6627
6633
6631
6634 6686 6687 6688
6635 6683 6684 6685
6647
6647
6647
6646
6646
6646
6645
6645
6645
6642
6642
6642
6644
6644
6644
6643
6643
6643
6641
6641
6641
6640
6640
6640
6639
6639
6639
6655
6655
6655
6654
6654
6654
6690 6694 6725
6689 6691 6711
6690 6692 6695
6691 6693 6698
6692 6694 6724
6689 6693 6712
6691 6696 6699
6695 6697 6702
6696 6698 6705
6692 6697
6695 6700 6706
6699 6701 6709
6700 6702
6696 6701 6703
6702 6704 6727
6703 6705 6714
6697 6704 6726
6699 6707 6710
6706 6708 6729
6707 6709 6713
6700 6708 6728
6706 6730
6690 6731
6694 6721 6722 6723
6708 6715 6716 6717
6704 6718 6719 6720
6713 6756 6757 6758
6713 6753 6754 6755
6713 6750 6751 6752
6714 6741 6742 6743
6714 6747 6748 6749
6714 6744 6745 6746
6712 6738 6739 6740
6712 6735 6736 6737
6712 6732 6733 6734
6693
6689
6705
6703
6709
6707
6710 6762 6763 6764
6711 6759 6760 6761
6723
6723
6723
6722
6722
6722
6721
6721
6721
6718
6718
6718
6720
6720
6720
6719
6719
6719
6717
6717
6717
6716
6716
6716
6715
6715
6715
6731
6731
6731
6730
6730
6730
6766 6770 6801
6765 6767 6787
6766 6768 6771
6767 6769 6774
6768 6770 6800
6765 6769 6788
6767 6772 6775
6771 6773 6778
6772 6774 6781
6768 6773
6771 6776 6782
6775 6777 6785
6776 6778
6772 6777 6779
6778 6780 6803
6779 6781 6790
6773 6780 6802
6775 6783 6786
6782 6784 6805
6783 6785 6789
6776 6784 6804
6782 6806
6766 6807
6770 6797 6798 6799
6784 6791 6792 6793
6780 6794 6795 6796
6789 6832 6833 6834
6789 6829 6830 6831
6789 6826 6827 6828
6790 6817 6818 6819
6790 6823 6824 6825
6790 6820 6821 6822
6788 6814 6815 6816
6788 6811 6812 6813
6788 6808 6809 6810
6769
6765
6781
6779
6785
6783
6786 6838 6839 6840
6787 6835 6836 6837
6799
6799
6799
6798
6798
6798
6797
6797
6797
6794
6794
6794
6796
6796
6796
6795
6795
6795
6793
6793
6793
6792
6792
6792
6791
6791
6791
6807
6807
6807
6806
6806
6806
6842 6846 6877
6841 6843 6863
6842 6844 6847
6843 6845 6850
6844 6846 6876
6841 6845 6864
6843 6848 6851
6847 6849 6854
6848 6850 6857
6844 6849
6847 6852 6858
6851 6853 6861
6852 6854
6848 6853 6855
6854 6856 6879
6855 6857 6866
6849 6856 6878
6851 6859 6862
6858 6860 6881
6859 6861 6865
6852 6860 6880
6858 6882
6842 6883
6846 6873 6874 6875
6860 6867 6868 6869
6856 6870 6871 6872
6865 6908 6909 6910
6865 6905 6906 6907
6865 6902 6903 6904
6866 6893 6894 6895
6866 6899 6900 6901
6866 6896 6897 6898
6864 6890 6891 6892
6864 6887 6888 6889
6864 6884 6885 6886
6845
6841
6857
6855
6861
6859
6862 6914 6915 6916
6863 6911 6912 6913
6875
6875
6875
6874
6874
6874
6873
6873
6873
6870
6870
6870
6872
6872
6872
6871
6871
6871
6869
6869
6869
6868
6868
6868
6867
6867
6867
6883
6883
6883
6882
6882
6882
6918 6922 6953
6917 6919 6939
6918 6920 6923
6919 6921 6926
6920 6922 6952
6917 6921 6940
6919 6924 6927
6923 6925 6930
6924 6926 6933
6920 6925
6923 6928 6934
6927 6929 6937
6928 6930
6924 6929 6931
6930 6932 6955
6931 6933 6942
6925 6932 6954
6927 6935 6938
6934 6936 6957
6935 6937 6941
6928 6936 6956
6934 6958
6918 6959
6922 6949 6950 6951
6936 6943 6944 6945
6932 6946 6947 6948
6941 6984 6985 6986
6941 6981 6982 6983
6941 6978 6979 6980
6942 6969 6970 6971
6942 6975 6976 6977
6942 6972 6973 6974
6940 6966 6967 6968
6940 6963 6964 6965
6940 6960 6961 6962
6921
6917
6933
6931
6937
6935
6938 6990 6991 6992
6939 6987 6988 6989
6951
6951
6951
6950
6950
6950
6949
6949
6949
6946
6946
6946
6948
6948
6948
6947
6947
6947
6945
6945
6945
6944
6944
6944
6943
6943
6943
6959
6959
6959
6958
6958
6958
6994 6998 7029
6993 6995 7015
6994 6996 6999
6995 6997 7002
6996 6998 7028
6993 6997 7016
6995 7000 7003
6999 7001 7006
7000 7002 7009
6996 7001
6999 7004 7010
7003 7005 7013
7004 7006
7000 7005 7007
7006 7008 7031
7007 7009 7018
7001 7008 7030
7003 7011 7014
7010 7012 7033
7011 7013 7017
7004 7012 7032
7010 7034
6994 7035
6998 7025 7026 7027
7012 7019 7020 7021
7008 7022 7023 7024
7017 7060 7061 7062
7017 7057 7058 7059
7017 7054 7055 7056
7018 7045 7046 7047
7018 7051 7052 7053
7018 7048 7049 7050
7016 7042 7043 7044
7016 7039 7040 7041
7016 7036 7037 7038
6997
6993
7009
7007
7013
7011
7014 7066 7067 7068
7015 7063 7064 7065
7027
7027
7027
7026
7026
7026
7025
7025
7025
7022
7022
7022
7024
7024
7024
7023
7023
7023
7021
7021
7021
7020
7020
7020
7019
7019
7019
7035
7035
7035
7034
7034
7034
7070 7074 7105
7069 7071 7091
7070 7072 7075
7071 7073 7078
7072 7074 7104
7069 7073 7092
7071 7076 7079
7075 7077 7082
7076 7078 7085
7072 7077
7075 7080 7086
7079 7081 7089
7080 7082
7076 7081 7083
7082 7084 7107
7083 7085 7094
7077 7084 7106
7079 7087 7090
7086 7088 7109
7087 7089 7093
7080 7088 7108
7086 7110
7070 7111
7074 7101 7102 7103
7088 7095 7096 7097
7084 7098 7099 7100
7093 7136 7137 7138
7093 7133 7134 7135
7093 7130 7131 7132
7094 7121 7122 7123
7094 7127 7128 7129
7094 7124 7125 7126
7092 7118 7119 7120
7092 7115 7116 7117
7092 7112 7113 7114
7073
7069
7085
7083
7089
7087
7090 7142 7143 7144
7091 7139 7140 7141
7103
7103
7103
7102
7102
7102
7101
7101
7101
7098
7098
7098
7100
7100
7100
7099
7099
7099
7097
7097
7097
7096
7096
7096
7095
7095
7095
7111
7111
7111
7110
7110
7110
7146 7150 7181
7145 7147 7167
7146 7148 7151
7147 7149 7154
7148 7150 7180
7145 7149 7168
7147 7152 7155
7151 7153 7158
7152 7154 7161
7148 7153
7151 7156 7162
7155 7157 7165
7156 7158
7152 7157 7159
7158 7160 7183
7159 7161 7170
7153 7160 7182
7155 7163 7166
7162 7164 7185
7163 7165 7169
7156 7164 7184
7162 7186
7146 7187
7150 7177 7178 7179
7164 7171 7172 7173
7160 7174 7175 7176
7169 7212 7213 7214
7169 7209 7210 7211
7169 7206 7207 7208
7170 7197 7198 7199
7170 7203 7204 7205
7170 7200 7201 7202
7168 7194 7195 7196
7168 7191 7192 7193
7168 7188 7189 7190
7149
7145
7161
7159
7165
7163
7166 7218 7219 7220
7167 7215 7216 7217
7179
7179
7179
7178
7178
7178
7177
7177
7177
7174
7174
7174
7176
7176
7176
7175
7175
7175
7173
7173
7173
7172
7172
7172
7171
7171
7171
7187
7187
7187
7186
7186
7186
7222 7226 7257
7221 7223 7243
7222 7224 7227
7223 7225 7230
7224 7226 7256
7221 7225 7244
7223 7228 7231
7227 7229 7234
7228 7230 7237
7224 7229
7227 7232 7238
7231 7233 7241
7232 7234
7228 7233 7235
7234 7236 7259
7235 7237 7246
7229 7236 7258
7231 7239 7242
7238 7240 7261
7239 7241 7245
7232 7240 7260
7238 7262
7222 7263
7226 7253 7254 7255
7240 7247 7248 7249
7236 7250 7251 7252
7245 7288 7289 7290
7245 7285 7286 7287
7245 7282 7283 7284
7246 7273 7274 7275
7246 7279 7280 7281
7246 7276 7277 7278
7244 7270 7271 7272
7244 7267 7268 7269
7244 7264 7265 7266
7225
7221
7237
7235
7241
7239
7242 7294 7295 7296
7243 7291 7292 7293
7255
7255
7255
7254
7254
7254
7253
7253
7253
7250
7250
7250
7252
7252
7252
7251
7251
7251
7249
7249
7249
7248
7248
7248
7247
7247
7247
7263
7263
7263
7262
7262
7262
7298 7302 7333
7297 7299 7319
7298 7300 7303
7299 7301 7306
7300 7302 7332
7297 7301 7320
7299 7304 7307
7303 7305 7310
7304 7306 7313
7300 7305
7303 7308 7314
7307 7309 7317
7308 7310
7304 7309 7311
7310 7312 7335
7311 7313 7322
7305 7312 7334
7307 7315 7318
7314 7316 7337
7315 7317 7321
7308 7316 7336
7314 7338
7298 7339
7302 7329 7330 7331
7316 7323 7324 7325
7312 7326 7327 7328
7321 7364 7365 7366
7321 7361 7362 7363
7321 7358 7359 7360
7322 7349 7350 7351
7322 7355 7356 7357
7322 7352 7353 7354
7320 7346 7347 7348
7320 7343 7344 7345
7320 7340 7341 7342
7301
7297
7313
7311
7317
7315
7318 7370 7371 7372
7319 7367 7368 7369
7331
7331
7331
7330
7330
7330
7329
7329
7329
7326
7326
7326
7328
7328
7328
7327
7327
7327
7325
7325
7325
7324
7324
7324
7323
7323
7323
7339
7339
7339
7338
7338
7338
7374 7378 7409
7373 7375 7395
7374 7376 7379
7375 7377 7382
7376 7378 7408
7373 7377 7396
7375 7380 7383
7379 7381 7386
7380 7382 7389
7376 7381
7379 7384 7390
7383 7385 7393
7384 7386
7380 7385 7387
7386 7388 7411
7387 7389 7398
7381 7388 7410
7383 7391 7394
7390 7392 7413
7391 7393 7397
7384 7392 7412
7390 7414
7374 7415
7378 7405 7406 7407
7392 7399 7400 7401
7388 7402 7403 7404
7397 7440 7441 7442
7397 7437 7438 7439
7397 7434 7435 7436
7398 7425 7426 7427
7398 7431 7432 7433
7398 7428 7429 7430
7396 7422 7423 7424
7396 7419 7420 7421
7396 7416 7417 7418
7377
7373
7389
7387
7393
7391
7394 7446 7447 7448
7395 7443 7444 7445
7407
7407
7407
7406
7406
7406
7405
7405
7405
7402
7402
7402
7404
7404
7404
7403
7403
7403
7401
7401
7401
7400
7400
7400
7399
7399
7399
7415
7415
7415
7414
7414
7414
7450 7454 7485
7449 7451 7471
7450 7452 7455
7451 7453 7458
7452 7454 7484
7449 7453 7472
7451 7456 7459
7455 7457 7462
7456 7458 7465
7452 7457
7455 7460 7466
7459 7461 7469
7460 7462
7456 7461 7463
7462 7464 7487
7463 7465 7474
7457 7464 7486
7459 7467 7470
7466 7468 7489
7467 7469 7473
7460 7468 7488
7466 7490
7450 7491
7454 7481 7482 7483
7468 7475 7476 7477
7464 7478 7479 7480
7473 7516 7517 7518
7473 7513 7514 7515
7473 7510 7511 7512
7474 7501 7502 7503
7474 7507 7508 7509
7474 7504 7505 7506
7472 7498 7499 7500
7472 7495 7496 7497
7472 7492 7493 7494
7453
7449
7465
7463
7469
7467
7470 7522 7523 7524
7471 7519 7520 7521
7483
7483
7483
7482
7482
7482
7481
7481
7481
7478
7478
7478
7480
7480
7480
7479
7479
7479
7477
7477
7477
7476
7476
7476
7475
7475
7475
7491
7491
7491
7490
7490
7490
7526 7530 7561
7525 7527 7547
7526 7528 7531
7527 7529 7534
7528 7530 7560
7525 7529 7548
7527 7532 7535
7531 7533 7538
7532 7534 7541
7528 7533
7531 7536 7542
7535 7537 7545
7536 7538
7532 7537 7539
7538 7540 7563
7539 7541 7550
7533 7540 7562
7535 7543 7546
7542 7544 7565
7543 7545 7549
7536 7544 7564
7542 7566
7526 7567
7530 7557 7558 7559
7544 7551 7552 7553
7540 7554 7555 7556
7549 7592 7593 7594
7549 7589 7590 7591
7549 7586 7587 7588
7550 7577 7578 7579
7550 7583 7584 7585
7550 7580 7581 7582
7548 7574 7575 7576
7548 7571 7572 7573
7548 7568 7569 7570
7529
7525
7541
7539
7545
7543
7546 7598 7599 7600
7547 7595 7596 7597
7559
7559
7559
7558
7558
7558
7557
7557
7557
7554
7554
7554
7556
7556
7556
7555
7555
7555
7553
7553
7553
7552
7552
7552
7551
7551
7551
7567
7567
7567
7566
7566
7566
