$coord
       -5.62059773495654        1.72086122796513       -0.60672475101626      C
       -3.62873050909787        0.10318283650616       -0.11173006355078      C
       -1.64071220842494        1.06814369199821        1.39933402323320      C
       -1.17329979907629        3.71419721785257        1.72554602953551      C
       -3.21654818616576        5.30075918336749        1.19743496375170      C
       -5.27563481670178        4.32460018429688       -0.05178004639623      C
        0.09996746478441       -0.51211933764451        2.80601527877338      C
        2.51856696172509        0.51421243969758        3.35015401993601      C
        3.00661070129084        3.21585232429729        3.01257880268570      C
        1.02790294002550        4.79803884445824        2.44273562696645      N
       -0.42686274396093       -2.93767507264222        3.75771874882071      C
        1.68873049676287       -4.55520856874572        4.36453574237017      C
        4.11086906526456       -3.58232782499136        4.45814072411052      N
        4.52023936358517       -1.07644782592035        4.12006722048213      C
        6.83431839160522        0.02122694384726        4.63293500658140      C
        7.25701852903561        2.60860627972911        4.63977082239401      C
        5.41544872558444        4.19419178945291        3.74111167453347      C
       -3.00062622750495       -3.79278704736911        4.39431589487570      C
       -3.26860339343308       -6.29188167937107        4.99165500126462      C
       -1.19326565080481       -8.02714374141481        5.19850357529104      C
        1.19178221442063       -7.00980880667799        4.90767965358336      C
       -4.83976997551990       -1.81019352105523        4.64027564642756      O
       -3.40578127986593       -2.38505564364623       -0.73305180008457      O
       -7.30267190704464        6.16735658859942       -0.69440325423010      C
       -1.38293305284248      -10.61084829733061        6.09301666099015      C
       -2.75361625591864        7.17937369776378        1.73995521738553      H
       -7.15529586565840        1.13291484932586       -1.76794947162517      H
        5.47422132990255        6.16215249337141        4.06690098141042      H
        8.34575044293693       -1.30057867874907        5.14263347196180      H
        2.74793414050518       -8.33554640655858        5.18419926508902      H
       -5.10605553176009       -6.91472840881182        5.53475144431723      H
       -7.59810707498080        8.23103755512201        0.33945006815606      O
       -9.17697762147067        5.14405367388145       -2.41598008224677      O
      -11.54316380756229        6.37769366681519       -2.53507650350330      C
        9.32470385856715        4.14147938931136        5.72382972013294      C
       11.41766841929884        3.26074976830193        5.59576041426499      O
        8.66814695673064        6.56975400433109        6.59415571646474      O
       10.87071767286182        7.47793187525784        7.69363044211781      C
       -3.42990861660938      -11.22399671372304        7.00847870874391      O
        0.64316363531599      -12.12795722136456        6.14502867827805      O
        0.28533495768339      -14.47985599235475        7.40175935857886      C
       -7.29115009140159       -2.81311285298988        5.20556819460612      C
       -4.88966116774339       -2.98118004188940       -2.89234628332698      C
       -0.65033487720258      -15.60823861625645        6.05271774796772      H
       -0.91346695506657      -14.21240209966864        9.03355836394134      H
        2.25168974330521      -15.29994886790198        7.74959938059562      H
       12.50114304268103        7.59962887102306        6.30351611803640      H
       11.33385295278481        6.40046845930871        9.22472975818289      H
       10.57840938107994        9.55156012182949        8.24170186414592      H
       -6.40946786532874       -1.82004009898129       -3.44272875452485      H
       -5.44979021750215       -4.90755061484398       -2.50972712265967      H
       -3.51040372735520       -2.90405614227587       -4.49478956485512      H
       -7.82439148516798       -3.93495091193309        3.55357035020835      H
       -8.52103977825166       -1.17343694776695        5.64580514770258      H
       -7.02386505033371       -3.96909192959941        6.84917716734244      H
      -11.47877129254902        8.44737266991234       -2.80882316530220      H
      -12.75755109623537        5.66877579289230       -1.07045549799484      H
      -12.15779907041370        5.65851768979832       -4.30910494483428      H
       -3.06996604670482        7.57599165698732        7.04135820304712      C
       -4.21547933382532        5.33892068115163        8.21921041709195      C
       -2.68821043573472        3.34246212943832        9.29599440843485      C
        0.02696235221504        3.57124900067689        8.98658282124014      C
        1.05774993125803        5.63648480141884        7.81570013983517      C
       -0.37077487468387        7.59552199885129        7.01461143698073      C
       -3.49532994996451        1.12348076813250       10.49524545943370      C
       -1.88749052819523       -0.99602452653150       10.55804083867712      C
        0.79690486213338       -0.50996398654789       10.24578627198075      C
        1.76127914516340        1.73098779705305        9.66997284942873      N
       -6.10350735043591        0.70220271333287       11.22113986062304      C
       -6.97305163427143       -1.79958649263006       11.21255627378346      C
       -5.40667530135354       -3.81931246050761       11.08962918298924      N
       -2.96347889805398       -3.38762106473406       11.07054927196381      C
       -1.26770536964467       -5.37495124017539       11.41957643596146      C
        1.32346014100249       -5.06392263827041       11.08224256274930      C
        2.35304501906342       -2.67351596581766       10.49291866690460      C
       -7.84636326452318        2.75608731246437       11.71364041105330      C
      -10.37545725680892        2.33866522017875       11.53423953722269      C
      -11.17004290248431       -0.08373245341930       11.02612587587308      C
       -9.53245481283215       -2.14397124764775       11.23403713314348      C
       -7.11965271028551        5.14389525073406       12.49868873850838      O
       -6.74556238682356        4.81750567763435        7.81177090869592      O
        1.11782278507794        9.54093948986828        5.60985936473816      C
      -13.80254601610884       -0.65234590142248       10.71465420503566      C
        3.00163570499093        5.78539800002788        7.49214637469456      H
       -3.96353497642292        9.31300975827206        6.61378120230922      H
        4.34478207294139       -2.54377986144326       10.03923278755370      H
       -1.99773398682951       -7.17329580565225       11.91956529201595      H
      -10.40092441127616       -4.14749046716965       11.23532208170607      H
      -11.64619113406679        4.01436143831767       11.48738847759003      H
        3.35767314102170        9.78772650887185        5.77424618513467      O
       -0.31324606931796       11.01941108781182        3.93229337640271      O
        1.17577311580598       12.75479457825188        2.73906604689537      C
        3.12429861704758       -7.21474982371339       11.71989226674268      C
        2.32904051280801       -9.23955373861502       12.40411157896715      O
        5.64243667503445       -6.40546440750967       11.66402360680450      O
        7.40472897950113       -8.25028326840902       11.91078009057316      C
      -15.36150717724965        1.07364508106336       10.76509589514814      O
      -14.47100961705966       -3.13997000271628       10.21344924448180      O
      -17.02452502144464       -3.28255796794950       10.38337790395173      C
       -8.41209011017440        7.38009203988946       12.05573157287357      C
       -7.68994126313485        5.31500441965734        5.45555276005762      C
      -17.70604865369852       -5.12930258384614        9.93231470468279      H
      -17.90980058814324       -1.98946847260225        9.11665761792172      H
      -17.40667128586088       -2.70932396303386       12.27760535625079      H
        7.83078498554534       -8.21188978713223       13.93628039169884      H
        9.19188266472250       -7.81447570857135       10.77386176130479      H
        6.78688937749695      -10.19762456033433       11.48117742578931      H
       -9.13399926755369        6.69395897838738        5.72252491800349      H
       -8.57998942587715        3.52744553869099        4.78217107411179      H
       -6.18218021472754        6.08794298349928        4.25901032047458      H
       -8.81086099249237        7.54153448481417        9.92742577430897      H
       -7.00564373926905        8.93863625158891       12.62765645743294      H
      -10.18755165654304        7.72881094313449       12.92854225772666      H
        2.44852049221123       11.78633624700688        1.55118047924344      H
        2.23413787515364       13.81758912663378        4.15217657178685      H
       -0.03769426754815       14.24345846294757        1.92110993240844      H
$end
