$coord
       -3.60825062380763        1.97295081165496       -3.42142196773118      C
       -2.30673637790340        0.48591184763889       -1.61459384478135      C
       -0.84920817732445        1.86386722834262        0.18851356401817      C
       -0.55429224761143        4.63524426391300        0.03354336464527      C
       -2.16526172459066        5.81662220414812       -1.56886908459219      C
       -3.69287156294114        4.56503859780744       -3.27947187593669      C
        0.74740048669340        0.46930399347174        1.96699428583699      C
        3.01279378516986        1.58768805710187        2.75715978492446      C
        3.33293021481876        4.27798083908435        2.28964565184522      C
        1.45746633459130        5.69302082964616        1.16125048226463      N
        0.35526557144856       -2.05537847396609        2.76332993562717      C
        2.40486334202270       -3.25031935142764        4.09210404992356      C
        4.56199164656215       -2.12991005315843        4.80107495919473      N
        4.78664411441103        0.24659843159141        4.16497629507236      C
        6.98476807414360        1.55950719968789        4.62376261982137      C
        7.43749531790359        4.12018493051942        4.04210037331878      C
        5.46741753082507        5.51814898993778        3.15153440809453      C
       -2.08302145751454       -2.89489543741827        3.57694710542697      C
       -2.50486591172755       -5.02816984799893        4.90208772656857      C
       -0.41216173159587       -6.62931742390557        5.42049116700061      C
        1.95299625480607       -5.77977079630123        5.14699749209519      C
       -4.16638670799690       -1.22210165133153        3.00079806890511      O
       -2.11401332334690       -2.04266602331377       -1.81207049096126      O
       -4.99866831791163        6.14866672445982       -5.32249666794231      C
       -0.99949428549975       -9.22112149810969        6.36537931935519      C
       -1.99545348482658        7.85185215962062       -1.79370178191649      H
       -5.05657351753443        1.10194045011512       -4.52787639435909      H
        5.53233533503177        7.48175084421038        3.04376550716902      H
        8.65072413790060        0.59010646807105        5.28564777685745      H
        3.50465936709946       -6.88477602270977        5.89441186954041      H
       -4.37487539324877       -5.59704034766077        5.51146229681823      H
       -4.71753366547177        8.46436098774538       -5.30721245762277      O
       -6.60858613481976        4.81031570601158       -7.05200234663576      O
       -7.47566169112336        6.69640924920806       -8.60286351492776      C
        9.96467369389206        5.27208457959134        4.72759303336557      C
       11.82938301554221        3.89646112243744        4.96168492753510      O
        9.90144527998127        7.78125636104986        5.11795706152947      O
       12.37792740790075        8.79899938897318        4.93338471294909      C
       -3.05395871297168       -9.54906568787574        7.17013417804663      O
        0.74984190936907      -11.21327370607819        6.31454363087367      O
       -0.42699354041276      -13.29529214897626        7.54241115553491      C
       -6.39785014857132       -1.80948583171590        4.47556708256633      C
       -2.83227872618844       -2.91112536527274       -4.20105600397812      C
       -2.50740506782267      -13.50717793437514        6.83647222676162      H
       -0.41136231768108      -12.67474646764737        9.48915356222678      H
        0.56224470648218      -15.07619715227045        7.36125729007598      H
       12.28377395400632        9.59424496195801        3.03116060597142      H
       13.94435153360806        7.33657900835562        5.32447744469002      H
       12.60277418306713       10.34318283183733        6.05293511282622      H
       -4.86029598801700       -2.57946864409043       -4.36269972251394      H
       -2.33726324326314       -4.91540905594680       -4.28044646707622      H
       -1.70775229512372       -1.98699115552965       -5.71200656451755      H
       -7.04710390383156       -3.75487062791370        4.30943544953226      H
       -7.82127844027129       -0.50927469132078        3.95259556004785      H
       -5.90300931096621       -1.49261973291616        6.43826910068843      H
       -6.14490909225880        7.43360666788733      -10.11034753902894      H
       -7.83438038903331        8.32236216331760       -7.48572968990570      H
       -9.23133042702210        6.07008517780888       -9.53895171501030      H
       -3.89279345119753        6.28599089278927        7.29915764133732      C
       -5.08145480299594        4.12790939879698        8.05553969906596      C
       -3.69664902422039        2.24829944564903        9.55463088580584      C
       -1.01473619071951        2.46348297139911        9.51257569357461      C
        0.09724053769505        4.50406906059299        8.32841031819840      C
       -1.36088299641389        6.45021577780056        7.28046830067537      C
       -4.76837244178953        0.14223237894939       10.89129876806211      C
       -3.14389989173541       -1.99184844921865       11.11755331993774      C
       -0.51681957472331       -1.70922433275929       10.77228247942771      C
        0.60567538235432        0.55015386102094       10.32592113860207      N
       -7.18445667610922       -0.03988592525922       12.13731661003978      C
       -8.07076461715355       -2.49440125770292       12.53846815764806      C
       -6.72042981347926       -4.71327792482701       12.14176605413898      N
       -4.21379621589811       -4.41936881018917       11.82596651613683      C
       -2.55937790630364       -6.52668762813928       12.10104818716587      C
        0.03562895548745       -6.29960950380987       11.73447054424430      C
        1.03269202497105       -3.88974923865043       11.20589256461351      C
       -8.65049325381269        2.11334706073822       12.99851994206655      C
      -11.04152423830997        1.79156714991955       14.01514842574532      C
      -11.95363627715662       -0.61200337376829       14.27093555450271      C
      -10.58364220920763       -2.72423021332277       13.52732307609958      C
       -7.46203435983138        4.40047830628770       12.89552607931819      O
       -7.51584493469314        3.46519435869884        7.36305686190152      O
       -0.01221444330647        8.75152979906845        6.26028603593434      C
      -14.35897810986854       -0.90769918932901       15.55554307564327      C
        2.05042753395344        4.24189303660235        7.97057189366618      H
       -4.88660999165222        7.81634325318802        6.46434555085857      H
        3.08893916058262       -3.52755389259281       10.96995671983708      H
       -3.60449249830368       -8.26608637421759       12.19283329219718      H
      -11.41900232976061       -4.62613463012632       13.89899949797186      H
      -12.07158001883557        3.43717497235611       14.89294973423819      H
        2.28310778654511        8.78960640534086        6.53667093785843      O
       -1.43779826824614       10.77459561606996        5.36445230602318      O
        0.02315249983889       12.82564320985524        4.75325594895289      C
        1.65964091356553       -8.58840963918559       12.20275787519610      C
        1.25928989097430       -9.98101637377004       13.94837726823696      O
        3.52001131884567       -9.17528577602003       10.48908018856918      O
        5.24393507223617      -10.81356747534319       11.59198710892386      C
      -15.30860505686916        0.85413481635929       16.62952225477432      O
      -15.28587149022174       -3.23768250085553       15.62439815971084      O
      -17.56427971630103       -3.23364159711359       16.81550448198141      C
       -8.67618630874889        6.48508575643956       14.11919723609487      C
       -8.61925922562640        5.18216799672747        5.58794103604970      C
      -17.97633293921851       -5.00013782538074       17.80826537801924      H
      -19.29613380164717       -3.00272360150723       15.60983005555794      H
      -17.46233384948718       -1.73849041029137       18.29848597044224      H
        6.01700848544381       -9.68522505252824       13.03084644500438      H
        6.49740104136253      -11.49234780895318       10.08233544043166      H
        4.04760385931302      -12.28322410137512       12.38199539698964      H
      -10.36365412192336        5.71975793486640        6.61763420661795      H
       -9.37304591537213        4.14926973547771        4.03938571561276      H
       -7.69225263294728        6.84093782142349        4.95706531618089      H
      -10.68930082288962        6.51392955903720       13.83015309143911      H
       -7.83268548890512        8.05855423227671       13.27677947676805      H
       -8.26028485248809        6.66491754584198       16.20479616474381      H
        0.39047662859330       12.79027693482898        2.76829358452649      H
        1.87283898248910       12.72357067796028        5.73200548535651      H
       -1.00880287261385       14.50213573720533        5.20670475808546      H
$end
