$coord
       -4.97865146719625        0.49626223212294       -0.96865097245846      C
       -3.50973400826533       -1.36689819599056        0.11481220808460      C
       -1.57748506728598       -0.67322603476776        1.92655918857247      C
       -0.63555379480786        1.80136296991755        2.02569664952899      C
       -1.93557810676720        3.65738972875240        0.56317546500935      C
       -4.13720255990429        2.99433168868936       -0.78940551217864      C
       -0.53338283007057       -2.60054656178949        3.53101683701987      C
        1.85751638602352       -2.10111323633874        4.32644869943977      C
        2.90758100228872        0.43877188606609        4.11872593164193      C
        1.63373257326053        2.31657338731614        3.04857332343561      N
       -1.86922824874524       -4.81628166073928        4.37889083792142      C
       -0.33390516822974       -6.83039340588632        5.43995222280231      C
        2.11327261843634       -6.44791637925231        5.98839626347177      N
        3.11387220242612       -4.18400823558436        5.52181833960207      C
        5.60733262191182       -3.76015222462590        6.28926028936808      C
        6.71929594284653       -1.41425811122313        5.81013901250749      C
        5.41525217317187        0.67025916287458        4.87064475636977      C
       -4.60254428768933       -5.14175942950293        4.63261291209467      C
       -5.53727924414439       -7.45714103030647        5.29593392067401      C
       -4.00218932380134       -9.59424876315552        5.66913318098943      C
       -1.35955634000283       -9.22047598819609        5.74263541507338      C
       -6.12979482606692       -2.91175001308578        4.24053163109156      O
       -3.64824018533740       -3.74352294446951       -0.64018590348319      O
       -5.67667708817896        5.13970584278514       -1.75494250691112      C
       -5.10441895491977      -11.97455444232241        6.75853773767418      C
       -1.32340193473407        5.52780244065875        0.59732111735966      H
       -6.56899412501033        0.07914812668310       -2.12905185854589      H
        6.42555471845057        2.30221376210237        4.33612664667054      H
        6.43312275704508       -5.23643663820927        7.36290627768519      H
       -0.35528387185664      -10.61670140841409        6.83796086131868      H
       -7.54527209227729       -7.70902400368210        5.50839391343728      H
       -5.37635751155330        7.30118895369179       -1.08605194565626      O
       -7.36308018097690        4.40090019527568       -3.51945476673833      O
       -8.60311371411820        6.49522802921653       -4.53344792283053      C
        9.42084053884647       -1.19986178244149        6.51171452867448      C
       10.70433870579329       -3.03335316353215        7.07277625839488      O
       10.44206112024594        1.06871017474753        6.27404485867151      O
       12.93816527547669        1.53041646531433        6.88375426877513      C
       -7.39234655718029      -12.36980081063347        6.40812386811527      O
       -3.65311307293284      -13.65248545933159        8.01533362315073      O
       -4.50545574785464      -16.03795979077585        8.63240014809948      C
       -8.75352336247526       -3.12004052787599        4.37068657874262      C
       -5.60672072187125       -4.29701673614796       -2.21636854440878      C
       -5.16419237413389      -17.03846894464506        7.08270578555491      H
       -5.88230474000207      -15.88338436695075       10.22034254678840      H
       -2.92121194601994      -16.99223118109109        9.45154717195148      H
       13.75784265647478        2.99859311671218        5.64735643835879      H
       14.10846009738492       -0.30019429519718        6.80385629627443      H
       13.01273748176488        2.55670701923807        8.64468191522114      H
       -7.34310707190988       -4.25111465889872       -1.11103253666957      H
       -5.46997281216417       -6.13241376050700       -2.97765800453336      H
       -5.55258364530319       -2.85596537281508       -3.69493574402694      H
       -9.34296528061651       -4.23273852287165        2.72863188701372      H
       -9.40257901734809       -1.11382806143904        4.36467443423766      H
       -9.20786707053849       -3.88668043913507        6.21814193272263      H
      -10.36066633966840        6.88207286743576       -3.33020089119491      H
       -9.15928580812190        6.54784481700990       -6.44852184843731      H
       -7.25246743634881        8.18647879281452       -4.48887063857662      H
       -4.41734279004950        9.57786838173427        5.91239709591245      C
       -4.61546203741782        6.99937138040804        6.43106809000611      C
       -2.69217286380903        5.79577894203190        7.92644779387169      C
       -0.28064449003540        7.02612646637840        8.22843862901101      C
       -0.28689821513465        9.65022300572136        7.68505426258384      C
       -2.32418375867152       10.94187286531525        6.66724841191367      C
       -2.84961459194184        3.39844512311721        9.12026160970456      C
       -0.52367518327313        2.20735504414198        9.76361589978477      C
        1.74358757218017        3.71800422068130       10.01975938241183      C
        1.95425310928592        6.07118751345139        9.19710000655169      N
       -4.99641919253922        1.80338324970055        9.79886712515535      C
       -4.81906391652265       -0.82988515890973        9.80545432000207      C
       -2.54178711275404       -2.00618836770653       10.08249294122936      N
       -0.48280579308041       -0.50637911537831       10.09217539606734      C
        1.72196605988524       -1.43684534823600       11.31571658929327      C
        3.76651182508294        0.14591287849798       11.64575565200333      C
        3.95162808944876        2.61875844678633       10.97764480826120      C
       -7.28249219161938        2.87110033600055       10.71869277145074      C
       -9.35762457957638        1.34216041117850       11.23937400846904      C
       -9.19536393513545       -1.30329899466487       11.09757307568592      C
       -6.90919756600106       -2.39022815750274       10.43324716809330      C
       -7.21299097339717        5.39026399234555       11.40506585438835      O
       -6.59027923986314        5.54404038432816        5.61720112534838      O
       -2.18790653958981       13.62257804782531        6.19199638233326      C
      -11.45822566513941       -2.87835750652082       11.43367360267991      C
        1.41300804951119       10.72956605825135        7.83208572717522      H
       -5.87189475690264       10.77755070619627        5.32435108794671      H
        5.68815050908064        3.54976495662347       11.54784056154809      H
        1.81694197307666       -3.47223468735173       11.95149690713354      H
       -6.59806864857174       -4.37865190011780       10.31691588721953      H
      -11.16674402525358        2.21772057185301       11.44920818097014      H
       -0.14459456675963       14.73191055151709        6.62281736299780      O
       -4.24479870225082       14.71833336183347        5.07298062239968      O
       -3.42032439683551       17.00232484199572        3.95702091494274      C
        6.13523768757876       -1.03223959589091       12.51045044249456      C
        6.02016691578271       -2.89718607507282       13.93909684164527      O
        8.29048345157910        0.26616276580073       11.82252560096623      O
       10.32815815240831       -1.31057706127868       12.54021133711900      C
      -13.27438315796801       -2.19179144370177       12.74635055021868      O
      -11.43955358042559       -5.10436729459708       10.06867017908522      O
      -13.63737175267375       -6.69695374535580       10.31427376075204      C
       -9.75441403493017        6.32985022940781       11.20056402908201      C
       -8.15991884608040        6.60344747764967        3.76422509836096      C
      -14.00364408312747       -7.54137316946003       12.29536024859343      H
      -13.12320449959689       -8.19488652421268        9.12852503786337      H
      -15.41387329953087       -5.78780702028310        9.73667122819897      H
        9.73732351953477       -2.99593496221144       13.60048506328344      H
       11.17089228332652       -0.32147527515844       14.09481092972579      H
       11.48572739302680       -1.83097607261214       10.99142153086483      H
       -9.06135556233869        8.21377153914345        4.60141920446418      H
       -9.65917075188968        5.33565883824152        2.98550198340885      H
       -6.93800117741511        7.12391118035858        2.17678508017265      H
      -10.53302892283628        5.21180672733455        9.60134398689376      H
       -9.75202390905815        8.30033498057190       10.44356867477653      H
      -10.84796451389438        6.24590571213122       13.02549417870901      H
       -4.94529782189087       18.05080387829146        3.22257208128009      H
       -2.02990978542644       16.68322649539499        2.56253944118989      H
       -2.45011759522881       18.29195551405915        5.37505038150188      H
$end
