$coord
       -3.03035765063909       -0.05675044609443       -1.57486413873679      C
       -3.17299688616814        1.81635638239272        0.31531781924750      C
       -1.26762860228240        1.98735350777058        2.19867002154519      C
        0.37356680769364       -0.22369962115407        2.46980081399733      C
        0.47512455602335       -1.95815166478960        0.55843580742653      C
       -1.19948839448052       -1.86245957017467       -1.42078024756390      C
       -0.98908892642826        3.92962380653996        4.10847088226160      C
        0.19378416508834        3.18074066685919        6.41180884265201      C
        1.62918369032271        0.90463853040840        6.46790159966640      C
        1.78592101367841       -0.65828051537790        4.47142527778259      N
       -2.30607203640845        6.30312776520891        4.41037372220711      C
       -2.87129317556824        7.31681964679992        6.88092580823179      C
       -1.51940281793751        6.77261627693579        8.91611470443192      N
        0.07635384249938        4.71753944715143        8.60514026403938      C
        1.68553997212818        4.28207420659841       10.61915146201487      C
        3.03862555870534        2.01467638342824       10.68942553535120      C
        2.73511755363852        0.15695822585440        8.73167564284992      C
       -2.80201690377569        7.83994142421065        2.14981565587984      C
       -4.42167238271013        9.85104858357008        2.45983595298866      C
       -5.42003817365053       10.46091860326906        4.86860852185363      C
       -4.46259503421847        9.38931578120656        7.05318975065311      C
       -1.34511140841804        7.36388907227608       -0.11766537892751      O
       -5.18699061987605        3.68732330977289        0.39903632413036      O
       -1.06615592375159       -3.99431752057069       -3.29723042990728      C
       -7.31372566762682       12.41369688815260        5.05627026604414      C
        1.67015950570628       -3.53193503264462        0.75998304284530      H
       -4.06925220496549        0.12590923469290       -3.25931020804953      H
        3.74297035642899       -1.59953080628720        8.54477832670594      H
        1.43762820042343        5.14408874950136       12.33337032308014      H
       -5.16852378974179        9.86594372445350        8.79483789871502      H
       -4.92244378989233       11.06724829471571        0.91326316357942      H
       -3.04333980656626       -4.65649124876559       -4.20968777196405      O
        1.15291035515553       -5.13418943342125       -3.59068390250448      O
        1.25080346066467       -7.52073200370216       -4.93645854110308      C
        4.57364810688756        1.11917136810702       12.90270046277179      C
        5.33452485837370       -1.02834438803846       12.98853951836759      O
        4.69577719964280        2.80988212763691       14.77762774800520      O
        5.66236365754136        1.40094574044275       17.10218797261100      C
       -7.85818332642353       13.12588805089298        7.13612825829092      O
       -7.85549618966453       13.88824076489527        2.92144369519074      O
       -8.80758887827041       16.31252745800082        3.55933760342548      C
       -0.50447646627911        9.73068568551220       -1.26390667337147      C
       -5.86733260088977        4.76977806106185       -1.94580988873504      C
       -8.59238962636772       16.33481217466749        5.56129662802433      H
      -10.71769842242287       16.42048581039374        2.67115265753952      H
       -7.45151558947797       17.61361700484537        2.69855886792468      H
        7.66170063084305        1.23311948028613       16.72776668429130      H
        4.78616075038688       -0.41246081850760       16.91351331078605      H
        4.96897749126961        2.40533230032179       18.91213767222444      H
       -4.08953021468340        5.25738955653770       -2.80960400607155      H
       -6.82736239869099        6.50519275077399       -1.30293857710709      H
       -7.14188927799798        3.43605246818604       -3.10843473887708      H
       -1.99568256068612       10.32468804966833       -2.47024857167713      H
        1.27334453847376        9.71608543897808       -2.20314576402724      H
       -0.41061827833380       11.18239508755416        0.20677378673831      H
       -0.32073721489798       -8.62397207188505       -4.30336554289677      H
        3.03423255565916       -8.33145535533496       -4.27568306140718      H
        1.44083947975242       -7.22118486847257       -7.03578618035459      H
       -0.31595459898585       -7.55029046305920        3.73395823279537      C
       -0.22807739341217       -5.79717890556571        5.72461430930171      C
       -2.56665061525908       -4.32600775444395        5.91414787769472      C
       -4.39515889230563       -4.14684560024255        3.96477559787603      C
       -4.29343256528249       -6.13571210920556        2.17713818566770      C
       -2.32528949991731       -7.75565660120416        2.09510437656464      C
       -3.05529125292547       -2.64669889065614        8.08943979574684      C
       -4.79988841872552       -0.64258740061524        7.81789545929922      C
       -6.32833440649584       -0.54108835479280        5.55330526643217      C
       -6.14060414342315       -2.37135312132633        3.77711490469078      N
       -1.92171955861286       -2.78063406543222       10.61726587582192      C
       -1.99218885412988       -0.72134371515281       12.27483397520860      C
       -3.31965294149984        1.52797464576281       11.64510272207522      N
       -4.86546745663875        1.27447498003451        9.67196153048982      C
       -6.48715923663833        3.19669192628305        9.20701521991181      C
       -8.02423610570892        3.42069829168610        7.12498083345252      C
       -7.86988289959963        1.63290316945966        5.25674109727650      C
       -1.19086927005963       -5.08395392510046       11.71310933698421      C
       -0.26018369989564       -5.26430845139310       14.19989149003664      C
        0.07817299089414       -3.02749163624001       15.55891501647141      C
       -0.82959388168192       -0.75116595666702       14.61874806932619      C
       -1.98556055517516       -7.16326647846561       10.36529790397709      O
        1.75531112864940       -5.27086280503784        7.37560116098186      O
       -2.43122283378205      -10.07695169079336        0.38944700270105      C
        1.24262356400056       -3.43503713633511       18.21479928221533      C
       -5.48921641783364       -6.10372537638668        0.56047458562093      H
        1.18246694113139       -8.86408932629611        3.65431342432704      H
       -8.73003920107497        1.95987156843338        3.51639911765320      H
       -6.61467066937281        4.70050848271578       10.55154404377092      H
       -1.21579277911095        1.05647186965218       15.70698783772976      H
        0.42616748857420       -6.98269701931025       15.02220820566576      H
       -0.96263213175460      -11.82096901831196        0.70945506850478      O
       -4.37243030561276       -9.97310875631987       -1.17933112249345      O
       -4.51476215297106      -12.24262971640470       -2.39760228273776      C
       -9.57052152285807        5.69374486635441        6.84648049454024      C
      -10.37514468716431        6.32818262714143        4.81572178069340      O
       -9.82209944688995        7.08349199807837        8.99962428152972      O
      -11.32269670404313        9.08883406746744        8.62682550481222      C
        2.76477029194765       -5.17533179943086       18.51384475459626      O
        0.50052727574241       -1.68663086993403       19.98016246618735      O
        1.99082591729828       -1.61036088876133       22.16304887885309      C
       -1.59333765799505       -9.56555531786285       11.34412466117918      C
        4.08427190291182       -6.56214776329778        6.96728639754807      C
        1.73165736651033       -3.43070438093110       22.85747228812965      H
        1.53175549063049       -0.32522174714895       23.57045563672580      H
        4.02860749498671       -1.58521324254165       21.70263069892020      H
      -13.26381678690272        8.43250176152484        8.65308107373857      H
      -10.72160969352755        9.94168600460930        6.77470194122760      H
      -11.08054504851853       10.31782518527599       10.28182633486713      H
        5.65455286737242       -5.53596239964771        6.07715460155775      H
        3.89757594388990       -8.44609573706541        6.09877376455619      H
        4.78046984143878       -6.86375844113057        8.93055898475898      H
        0.37598538339441       -9.62032436059737       11.85268442790417      H
       -1.93504632569495      -11.00572429908281        9.86170309013652      H
       -2.77978667646401       -9.95486660275961       13.04901905955901      H
       -3.87300842246630      -12.17535459702103       -4.21241186352911      H
       -6.18915980024945      -13.30657346518912       -2.03652651010859      H
       -3.02308662121182      -13.39036063415548       -1.47644246496663      H
$end
