$coord
       -2.73488238867407        0.05478229064345       -0.85462730089830      C
       -2.80095834475370        2.18281918067549        0.54992497303881      C
       -0.94027371476131        2.32843456769792        2.56744105388499      C
        0.61080439707275        0.34192274484962        3.15893668539883      C
        0.68670615205639       -1.73405778744553        1.51154153008583      C
       -0.87405074983206       -1.86947785347307       -0.52673187263317      C
       -0.99960143325938        4.32802034986679        4.46992974496638      C
       -0.21234404837310        3.71512279162035        6.79225219464893      C
        1.47657074400103        1.62373914660229        7.28870527119862      C
        2.00981872027591        0.13197390491232        5.34041528224893      N
       -2.04119715934113        6.82678642424978        4.15312510430526      C
       -2.86230482369925        8.18123179821316        6.36763019027793      C
       -2.62190094042209        7.29252072593061        8.76478930350022      N
       -0.93867853565556        5.34061379341573        9.00672595136786      C
        0.21916701698045        5.04259778465842       11.37008128909622      C
        1.98582354136441        3.16705968481914       11.61140768904144      C
        2.35150976049471        1.35230008724690        9.74302325964374      C
       -1.91393398873137        8.28295459313558        1.77248577690307      C
       -3.45067666631517       10.42683444643106        1.74251330629606      C
       -4.96790338777190       11.21903667113005        3.69550586431767      C
       -4.56130976322025       10.16055459621548        6.05325616463658      C
       -0.19575643580451        7.56260313166884        0.11135113637521      O
       -4.51351112775426        4.10268330012150        0.30195396159080      O
       -0.84170088130753       -3.64027930113711       -2.58810672528631      C
       -6.66192370028873       13.50012770960307        3.46147321791307      C
        1.83690024616461       -3.25433334498742        1.90697253582097      H
       -4.08796126821224       -0.23316738149068       -2.37161234343602      H
        3.63185264564851       -0.05285759431464       10.19024304191942      H
       -0.27647913709679        6.18172201628045       12.90855923279464      H
       -5.47473400992345       10.75604125250382        7.64797787226521      H
       -3.54277398117831       11.58653410406516        0.16727498677250      H
       -2.22682197682621       -3.38608687218117       -4.42254130799509      O
        0.84505156874286       -5.66235343789801       -2.15566286364022      O
        0.48456028321022       -7.58001687697943       -4.05103757628828      C
        3.12916923805353        2.52775768042956       14.03273930226625      C
        4.86455178909176        0.99370144782887       14.54116035063282      O
        2.24436905199271        3.92102246655571       15.89190959425074      O
        3.54355846235237        3.37589184621726       18.07676875376890      C
       -8.25278442970491       13.93367439645745        5.20128422255764      O
       -6.67053709995683       14.76276758307160        1.11509791749057      O
       -8.78496991906354       16.58672668073363        1.01678637863252      C
       -0.56514311126544        8.31973752393443       -2.36847835689804      C
       -6.91771632761669        3.28738157029338       -0.84512228557813      C
       -8.09038450075241       18.23846558686123        2.02478322708074      H
      -10.27200196643575       15.64221082871371        2.17644759660538      H
       -9.35188028494717       17.19758734051398       -0.99545051029303      H
        5.68502049620798        3.79183879230336       17.93822487976727      H
        3.69653199185315        1.17982449857624       18.30272549297134      H
        2.90558997706307        3.96277786912942       19.89699082938194      H
       -7.13886755404354        3.94802873534785       -2.88793223701654      H
       -8.32507565042588        4.30191611574343        0.14490936258214      H
       -7.30299425094875        1.28821100736432       -0.74428315582567      H
       -2.44801469215342        7.63444485960190       -3.02366684682799      H
        1.01194531667150        7.48210769439554       -3.52431481468930      H
       -0.87673723612798       10.40663314098174       -2.78876514157142      H
       -0.14813000577976       -6.60693334095140       -5.74362118048147      H
       -0.98246815054955       -8.65209964668508       -3.48036842937895      H
        2.37263393878292       -8.46269503266790       -4.56364296127767      H
       -0.50584434006267       -7.73472836096374        3.36967963064523      C
       -0.30904587003630       -6.08030593923527        5.33772492852057      C
       -2.57420100284095       -4.53823065758592        5.98752192922101      C
       -4.32422900610941       -4.15871189145286        3.97349592467454      C
       -4.37477469696556       -5.79574014922061        1.98878138819479      C
       -2.83344301083247       -7.96359554922297        1.88896952646748      C
       -2.89569422285612       -3.08435334770117        8.25126329798927      C
       -4.68397303539312       -1.04568814033156        8.17014638063974      C
       -6.24037021736049       -0.72743111513358        6.03160283756790      C
       -6.03335360522728       -2.29032028744377        4.01555653312019      N
       -1.63988137420015       -3.54278109177552       10.67525301539283      C
       -1.56802891148954       -1.68409321269234       12.61686691847251      C
       -3.12891379036685        0.36913889695518       12.35457820416698      N
       -4.61729201793892        0.57058045168577       10.34293401023721      C
       -6.07384784325620        2.84122242070212       10.11043248519959      C
       -7.59545941845310        3.16757086110680        7.98826531096112      C
       -7.57117047777607        1.46766915618462        5.90216840817260      C
       -0.85506168745164       -5.95270552566444       11.26536493385782      C
        0.37578364425630       -6.37872761108324       13.59945135671388      C
        0.56430576890405       -4.52055455562426       15.41715193280934      C
       -0.44501789122003       -2.13744064485218       15.03876597059446      C
       -1.33355530451771       -7.89363176387616        9.72975016412747      O
        1.93688609623311       -5.62601992755031        6.80519823977509      O
       -3.32225425387295       -9.90769284431136       -0.02929799115851      C
        2.21082041506501       -4.92929970713265       17.68652403240637      C
       -5.91292677787498       -5.77590787990274        0.67212303690241      H
        1.10611568745984       -8.76527707235732        2.81878504849273      H
       -8.94377113939407        1.67454369196656        4.29645636989633      H
       -5.70826908672039        4.41225459635937       11.26522818340619      H
        0.13596738021055       -0.75022664890900       16.44969523127908      H
        1.37524968549686       -8.20889377198526       14.01578096803837      H
       -1.88376962825683      -11.68411520730878       -0.28041649385398      O
       -5.64495562614997       -9.75425031234143       -1.18735071632890      O
       -5.68256323946177      -11.32189417284749       -3.25948326150295      C
       -9.22264116021778        5.53820054178178        7.64518545430763      C
      -10.03924710195497        5.90881818165638        5.50003828783143      O
       -9.59331869098642        7.21148396723959        9.57511627964142      O
      -10.39699547595785        9.61872231051603        8.58063807823399      C
        3.42737662256345       -6.78973265653041       17.92501225322269      O
        2.33099219652117       -3.04472685272654       19.45786408474379      O
        3.70981977464761       -3.82746496517224       21.45011429060064      C
       -1.15076423218052      -10.23978787727191       10.94880095019662      C
        3.88818146006834       -7.36332513457056        6.30770689074632      C
        3.79105456826879       -5.82214135774446       21.72606506330144      H
        3.07146879203169       -2.97230545945158       23.15877227782516      H
        5.75738985110815       -2.97347289183994       21.32512555930504      H
      -10.65368139047268        9.44064761403083        6.52734463832629      H
       -8.95143288081438       11.02794228535647        8.99198097944119      H
      -12.11172781376267        9.98105527544783        9.70970040790341      H
        4.57239295513258       -6.69825073622254        4.48230081388353      H
        3.15646362590376       -9.30600402555265        6.68571287896204      H
        5.19286965692514       -6.66443375988094        7.78595043115691      H
        0.82422074179555      -10.30007945725041       11.52184324003777      H
       -1.44868938882568      -11.56086692008824        9.41267769402621      H
       -2.52591580774576      -10.30678488872118       12.52507992636434      H
       -6.08970167251342      -13.39129618313450       -2.81096688227730      H
       -3.65737783758550      -11.42711804939192       -3.91151673178165      H
       -6.99865549557595      -10.82211172944309       -4.84337829629189      H
$end
