 -1.0
 -0.43229975268809D+01  0.78492924176710D+00 -0.12518602199417D+01  0.22613815439703D-03  0.71392276475625D-05  0.81800432811058D-04
 -0.43309241239824D+01  0.26297201464597D+01  0.63401492698660D+00 -0.12556386606340D-03 -0.88258786592061D-04 -0.95790813723889D-04
 -0.24501805448227D+01  0.26967831789710D+01  0.25863175165201D+01  0.13277086129036D-04 -0.35410369868523D-04  0.31619288677905D-03
 -0.11190206817903D+01  0.45159507411957D+00  0.28661451103692D+01 -0.10621455441137D-03  0.62007767518713D-04 -0.25354213238392D-03
 -0.12243567731419D+01 -0.16269585211340D+01  0.10145943553939D+01  0.60988536655881D-04 -0.87775361883617D-04  0.18318487581949D-03
 -0.28979810562315D+01 -0.14743076732512D+01 -0.10447856486385D+01  0.11913201322811D-03 -0.39472225399012D-03  0.10315964985884D-03
 -0.19432749782732D+01  0.48463288845999D+01  0.42911621298926D+01 -0.10402247586025D-04  0.14460439273328D-03 -0.61019150267676D-04
 -0.92637547231807D+00  0.41922725342391D+01  0.66235072796701D+01  0.46110119441564D-03 -0.20046310681538D-03  0.36601346544982D-03
  0.36641967430416D+00  0.18635773589475D+01  0.68133826102450D+01  0.24547146541168D-03  0.10533874641886D-03 -0.73220376002707D-04
  0.40244389351545D+00  0.48267518091285D-01  0.49595752392952D+01 -0.21615385495842D-03  0.10326148252652D-03  0.36134076160016D-04
 -0.23987963052531D+01  0.75292170327650D+01  0.39220873417320D+01 -0.18323517679936D-03  0.38717695639042D-03  0.32208574740150D-04
 -0.26623550398367D+01  0.90534260234536D+01  0.61107629469076D+01 -0.79948669066814D-04  0.42374489560851D-03 -0.19667051154089D-03
 -0.19103582395781D+01  0.81785685853424D+01  0.84311140386222D+01 -0.76037179970660D-04 -0.31133959162344D-04 -0.22305005079950D-03
 -0.81911969704019D+00  0.58915607900319D+01  0.86132279302481D+01  0.68432091480724D-04 -0.70183076413075D-04 -0.28617230323428D-03
  0.46795019337394D+00  0.52699338236234D+01  0.10761382164035D+02 -0.29162970909349D-04  0.50996270658589D-04  0.18006181530935D-04
  0.21554845766226D+01  0.30427996864215D+01  0.10988405303037D+02  0.28763303025286D-03 -0.42004630351178D-03  0.21359800068111D-03
  0.19431804029301D+01  0.12717798332355D+01  0.89966933383609D+01 -0.21214415915359D-03 -0.88554923066215D-04  0.14448804428176D-04
 -0.27454164434482D+01  0.85789912592381D+01  0.14144800676479D+01  0.12687497659614D-03  0.39128101679537D-03 -0.20048849144040D-03
 -0.35476047348119D+01  0.11059134054696D+02  0.13376605455398D+01  0.29166266598717D-03 -0.46215296112537D-04  0.29677401153866D-03
 -0.37017053458211D+01  0.12660125330496D+02  0.33147696791953D+01  0.16998727892775D-04 -0.25501096682771D-03  0.36904004995092D-03
 -0.34236333427275D+01  0.11561609536412D+02  0.56951322729051D+01 -0.10215606600396D-04 -0.47827426764829D-03  0.99993130408429D-04
 -0.20491765166062D+01  0.70199843349683D+01 -0.69229533515592D+00 -0.21426108247522D-03  0.23031040295962D-04  0.22652046001959D-03
 -0.61601901806920D+01  0.45934923004787D+01  0.43800195863453D+00 -0.19001964257073D-03  0.65946191330269D-04 -0.11470322133597D-03
 -0.32246974842936D+01 -0.35311376870139D+01 -0.29031211340758D+01  0.17067107208195D-03  0.36342572197809D-03 -0.17155585505136D-03
 -0.41951923613448D+01  0.15370673065223D+02  0.28282657041440D+01 -0.17650052130628D-03  0.13629382708466D-03  0.18879749053663D-03
 -0.18931329925060D+00 -0.33465514479574D+01  0.11975260654049D+01 -0.48261751527308D-03 -0.90626701608656D-04  0.56205465031544D-03
 -0.59905366662245D+01  0.65710318054776D+00 -0.26197470596200D+01 -0.29638708137279D-03 -0.11363060900553D-03 -0.87138500441035D-03
  0.28024135769079D+01 -0.54503963408222D+00  0.88703834256208D+01 -0.15803295150988D-03 -0.31095434324713D-03  0.55449019909325D-04
  0.83790135934544D+00  0.67508234460557D+01  0.12113487275332D+02  0.43213074445829D-03 -0.12343821489240D-03 -0.29037435266118D-03
 -0.35248231521019D+01  0.12831950108011D+02  0.73043655467858D+01  0.10200392938123D-03 -0.42255859231914D-03 -0.35556477708281D-03
 -0.39079419190412D+01  0.11964033645115D+02 -0.37511350376723D+00  0.12844361145733D-04 -0.12799965062447D-03 -0.11985383950651D-04
 -0.48574788265022D+01 -0.33961778620821D+01 -0.44869877946609D+01  0.82508602423435D-04 -0.20418675617431D-03  0.40403436439354D-03
 -0.17143723238089D+01 -0.54651887129924D+01 -0.24512205665553D+01  0.73372024829298D-04  0.14073430725492D-03 -0.25358547543967D-03
 -0.19273831425399D+01 -0.75434690555288D+01 -0.41717670278998D+01 -0.22602667434120D-03  0.20476403001371D-03  0.42191342622197D-04
  0.34416810966885D+01  0.25416409807894D+01  0.13440257431555D+02  0.17682126834431D-03  0.13490238560528D-03 -0.79580926506205D-04
  0.46027761339913D+01  0.57583083972470D+00  0.13817507423559D+02 -0.20248601843155D-03 -0.70874356957430D-04 -0.24820416433454D-03
  0.31561618031183D+01  0.43189489209359D+01  0.15149290993856D+02 -0.10110826887355D-04 -0.17554528675556D-03 -0.29020724056602D-03
  0.44734821620091D+01  0.35223918210815D+01  0.17390341293505D+02  0.52240630742637D-03  0.23445166803116D-03 -0.95310458122689D-04
 -0.44483411597497D+01  0.15986348940520D+02  0.62925392290927D+00 -0.15879071085707D-03  0.42544941591553D-04  0.18358387618029D-03
 -0.40783280903247D+01  0.16803973781042D+02  0.50157940973505D+01  0.22659824553735D-03  0.18725699220986D-03  0.65084540355249D-04
 -0.48922432941538D+01  0.19230201548764D+02  0.45686575441333D+01 -0.17950198236361D-03 -0.21769007910184D-04  0.12217317730006D-03
 -0.88656428652526D+00  0.81645165673958D+01 -0.27583555040198D+01 -0.55172838113425D-04 -0.41308418131800D-03 -0.30385021229801D-03
 -0.85716408578667D+01  0.40635717612701D+01 -0.39218458210949D+00  0.21226305597627D-03 -0.13665158021101D-03 -0.81021621241984D-04
 -0.69873690342961D+01  0.19126862796965D+02  0.43797737458602D+01  0.34665859367169D-03 -0.40606218464582D-03 -0.87030593452771D-04
 -0.41538070944167D+01  0.19762660241764D+02  0.26555292997370D+01 -0.23898471912881D-03  0.47151493631028D-04 -0.68374828960258D-03
 -0.42322301041217D+01  0.20710570320694D+02  0.59614432072332D+01  0.12317691115882D-03  0.16267447728661D-04  0.97991582759475D-04
  0.53952314384670D+01  0.50769276136550D+01  0.18263333313121D+02 -0.74009540135569D-03 -0.40868218033833D-03 -0.54057880925008D-03
  0.56175489511961D+01  0.18069738339098D+01  0.17017904612730D+02  0.51538330522040D-03  0.43533406736305D-03  0.17431330885968D-03
  0.29494768351677D+01  0.29787812348866D+01  0.18663574111684D+02  0.14814973630443D-03 -0.52496966530041D-03  0.75295308030898D-04
 -0.96427864421698D+01  0.25705537869833D+01  0.74019187473220D+00 -0.45804641055075D-03 -0.22175928653269D-03 -0.42073839937072D-03
 -0.84484737903813D+01  0.32286827762053D+01 -0.24323299665479D+01 -0.47634494892799D-03 -0.53597470174730D-03 -0.56607419508694D-03
 -0.94403143539191D+01  0.60561455242899D+01 -0.58652223324346D+00 -0.48562216386920D-03  0.52412454609431D-03 -0.20602268539167D-03
 -0.24678325611955D+01  0.91477301628715D+01 -0.38425324796592D+01  0.90229574069703D-06 -0.24412778341079D-03 -0.11858670770945D-02
 -0.11003847207944D-01  0.66760842804127D+01 -0.39193457888681D+01 -0.19264128258522D-03  0.29669575369252D-03 -0.28537760460823D-03
  0.62580047152811D+00  0.96701728616677D+01 -0.21859255290239D+01 -0.83899004163284D-03  0.56177305581950D-03  0.35809193745692D-03
 -0.38897599289373D-01 -0.81437837003262D+01 -0.44968004771500D+01 -0.17537828032408D-04  0.65191357107749D-03  0.30375879076348D-03
 -0.27283938859167D+01 -0.67092460147029D+01 -0.58916869931015D+01 -0.65518021286245D-03  0.16467519062022D-03 -0.64851177667593D-03
 -0.31047359765731D+01 -0.90335785901788D+01 -0.32999524878552D+01  0.90462517132198D-04 -0.71772796119727D-03  0.26539527615650D-03
 -0.99628143303067D-01 -0.86689445941855D+01  0.43227151366648D+01 -0.50186927785558D-05  0.68892772800133D-04 -0.38533678516725D-03
 -0.22957168715394D+00 -0.67237137333278D+01  0.60987102249337D+01  0.16727473182955D-03  0.82348262282759D-04 -0.77028082123785D-04
 -0.26349846789285D+01 -0.56729612506507D+01  0.66340258858761D+01  0.29500955753135D-03  0.17367604803460D-03 -0.12229855653647D-03
 -0.45228352153195D+01 -0.58460486984882D+01  0.46148569544863D+01  0.15197654806630D-03  0.82199091001401D-04 -0.68633124654386D-03
 -0.43016302501044D+01 -0.76850514587435D+01  0.27731057319652D+01 -0.14690091574545D-04 -0.11504840781334D-05 -0.16988887998068D-03
 -0.22172782343070D+01 -0.92755996808653D+01  0.26243565837937D+01  0.27378751635938D-03  0.23373144499768D-04  0.21461624963775D-03
 -0.29386748857014D+01 -0.38740008197393D+01  0.86374405570871D+01  0.14429619454009D-03  0.34986567512347D-03  0.10567527745194D-03
 -0.47562786062064D+01 -0.20390953238784D+01  0.82101591520824D+01 -0.38646208586503D-04 -0.10524009360279D-03  0.23297960920290D-03
 -0.66343983074255D+01 -0.22603099958967D+01  0.61719126650902D+01 -0.24319189474696D-04 -0.17040441779311D-03  0.67828174495785D-04
 -0.65228424893005D+01 -0.42141526396141D+01  0.44072118657844D+01 -0.21673235978815D-04 -0.22234106218323D-03  0.21869782247968D-03
 -0.16520525265367D+01 -0.38618266561588D+01  0.10961245392664D+02 -0.65713178761807D-04  0.44223117260520D-03 -0.30550324053979D-03
 -0.19917645865065D+01 -0.18427933587708D+01  0.12676246295774D+02  0.48117192093548D-04 -0.22738698800302D-03  0.10917742707513D-03
 -0.34964947096084D+01  0.20496863056750D+00  0.11914457013698D+02 -0.10399516301670D-03  0.89716204681025D-04  0.16715230171882D-03
 -0.48158273454717D+01  0.81397545903557D-01  0.97924221389357D+01  0.38500225130741D-03 -0.80145124812808D-05 -0.30274093603507D-03
 -0.63074496558431D+01  0.21581069626168D+01  0.89545659197195D+01 -0.82064049717913D-04 -0.24941075092839D-04  0.18102976362722D-03
 -0.78816509259613D+01  0.20325438732784D+01  0.68062236714427D+01 -0.23433539677113D-03  0.19394291766267D-03  0.13236426021152D-03
 -0.81399253419391D+01 -0.26201460058688D+00  0.55550896571975D+01 -0.27891910236822D-03  0.26121075950535D-03  0.13112234847583D-03
 -0.35223401118281D+00 -0.60667784927307D+01  0.11954070816095D+02 -0.67285431466234D-04 -0.23364941188046D-03  0.16671038434093D-03
  0.84501776051492D+00 -0.59933439992495D+01  0.14434245779836D+02 -0.12367211884250D-03 -0.26372973711693D-03  0.13825810254623D-03
  0.58261684972186D+00 -0.37325705471812D+01  0.15971452656062D+02 -0.33003223637132D-04 -0.55959534653972D-04 -0.27336138557531D-03
 -0.93625552321838D+00 -0.17906214795867D+01  0.15138132201656D+02  0.36825786315224D-03  0.50149222022824D-04 -0.85459310784317D-04
 -0.40313476296342D+00 -0.83481932252859D+01  0.10675539081715D+02 -0.22951388810911D-03 -0.14723141262766D-04 -0.17751478469451D-03
  0.18969137113318D+01 -0.55631545933714D+01  0.71089293530960D+01 -0.73303636835811D-04  0.17393189466809D-03  0.25166537364397D-03
 -0.21397765729334D+01 -0.11343464378785D+02  0.89743795036882D+00 -0.32060747257244D-04 -0.76308961010963D-04 -0.13346160818454D-03
  0.18570161312323D+01 -0.33403390569790D+01  0.18548837691289D+02 -0.31838911942252D-03  0.76733279423643D-04  0.35303786331500D-03
 -0.59372191871152D+01 -0.83431734722306D+01  0.16003040959136D+01 -0.26949645209322D-03 -0.31364804659836D-03 -0.54964916383512D-03
  0.16466923689595D+01 -0.95462229616607D+01  0.42561969163138D+01  0.32284509113652D-04  0.11181337056036D-02  0.10534207932689D-04
 -0.94360584682904D+01 -0.53260347767666D+00  0.39163743278683D+01  0.54861248614684D-03 -0.67348072502015D-04 -0.78863066619795D-03
 -0.62570962020095D+01  0.39257603798956D+01  0.99175744575707D+01 -0.21559115220358D-03  0.63743981181720D-04 -0.39367455164528D-03
 -0.83857746309676D+00  0.30472083100577D-01  0.16036754120222D+02  0.60196667618190D-03  0.14017128757485D-03  0.64730091590177D-03
  0.24160847262308D+01 -0.72634717947926D+01  0.15094811363015D+02  0.53513889870258D-03  0.21157559743358D-03  0.86102433886904D-03
 -0.39284576605727D+01 -0.11977424940972D+02 -0.32869099595004D+00 -0.11071891305588D-03 -0.24715940906009D-03  0.67435394768601D-04
  0.20248416449991D+00 -0.12570141787728D+02  0.84330749779749D+00  0.20977769254830D-03 -0.98377865824743D-04  0.31687772564206D-03
  0.37090979049793D-01 -0.14278232926679D+02 -0.11905549220374D+01  0.13071039970871D-03 -0.16047796813980D-03  0.87751021044033D-04
 -0.94733242634795D+01  0.42720944119358D+01  0.60677582811283D+01 -0.32605898018515D-03  0.77377998883128D-04 -0.38055621154989D-04
 -0.11052196055269D+02  0.37920363502632D+01  0.43816710272305D+01 -0.84758125804550D-04  0.25433941219173D-03 -0.51742040319758D-03
 -0.88095944176095D+01  0.66325035093595D+01  0.68763513776765D+01  0.38439046069453D-03 -0.31872660320741D-03  0.32319993279229D-03
 -0.10722306932962D+02  0.82936029261878D+01  0.59012261687751D+01  0.21755157275615D-03  0.11327665680310D-03  0.65347744393412D-04
  0.27793120526916D+01 -0.52481240322881D+01  0.19406408852368D+02 -0.15780875073762D-03  0.13812031893183D-03  0.42552021179360D-04
  0.21605675550847D+01 -0.98437017272686D+00  0.19567578249885D+02 -0.23812645592695D-03  0.72337916271138D-04  0.11704724160959D-04
  0.24889797554453D+01 -0.13107054547951D+01  0.22252881390854D+02  0.28499777220501D-03 -0.36170676030743D-03  0.43940604522690D-03
  0.17181249867674D+00 -0.10592334638716D+02  0.12058427874600D+02  0.52098260285464D-04 -0.11720880958560D-03  0.16626356429889D-03
  0.40505963315541D+01 -0.66736541788183D+01  0.65338197733430D+01  0.92373367542422D-04  0.14991516931621D-03 -0.23354665834064D-04
  0.15378064247822D+01 -0.31540048322974D+01  0.22713705538145D+02 -0.48171433815317D-03 -0.11571729739705D-03 -0.16090261556577D-03
  0.17126039477622D+01  0.37519716980300D+00  0.23025981704540D+02 -0.21275861044070D-04 -0.51639439976723D-04  0.36271565154418D-03
  0.45212790400885D+01 -0.18026990257483D+01  0.22426824184811D+02 -0.21029418994723D-03 -0.34397820388720D-03  0.34813976153560D-03
 -0.10064650322052D+02  0.89860216037347D+01  0.40323835005159D+01 -0.69107910216611D-04  0.78753177136536D-04  0.64126376557026D-04
 -0.10774457346915D+02  0.99614039715787D+01  0.72340211063403D+01 -0.12246470040787D-03  0.83362924109139D-03  0.93319905575729D-04
 -0.12424033325169D+02  0.71955907574123D+01  0.53829698844471D+01 -0.52028708468028D-04 -0.14189543558811D-03  0.21462503942168D-03
  0.55779324105724D+01 -0.53458180573342D+01  0.72889596058224D+01  0.44299883538671D-03  0.41893110795544D-03  0.17371784308672D-03
  0.40933993609220D+01 -0.70552465099470D+01  0.45271067410517D+01  0.45461095239109D-03  0.94105064455448D-04  0.31589656514382D-03
  0.41941868724092D+01 -0.84846925071077D+01  0.74105661027737D+01 -0.63756745458602D-03 -0.40411415490668D-03 -0.24669239397557D-03
  0.26176694697942D+00 -0.98896519164070D+01  0.13963026716960D+02 -0.15059311907724D-03  0.19831001653851D-03  0.27709455771980D-03
  0.19431327147725D+01 -0.11339210489431D+02  0.11294058744337D+02  0.37347782480664D-03  0.38801223071252D-04 -0.69712406310755D-03
 -0.15950884921233D+01 -0.11786306037911D+02  0.12041689850919D+02 -0.84330816241505D-03 -0.38279592541050D-04 -0.15887954843780D-05
 -0.19210657429895D+01 -0.14761263438261D+02 -0.14536728221681D+01  0.18466226634580D-03 -0.50009782607663D-03  0.15461737199742D-03
  0.11817425034307D+01 -0.15967144014960D+02 -0.92089788654794D+00 -0.22046121772948D-03  0.57038773199374D-04  0.54424247470540D-03
  0.73157916450975D+00 -0.13537737722397D+02 -0.29769145471773D+01 -0.10105804074674D-03 -0.13548943398864D-03 -0.44460026596537D-03
