$coord
       -4.57108658187516       -0.08648216146198       -1.29469851700769      C
       -4.37745974699889        1.89442651929866        0.49899286523336      C
       -2.15878258253120        2.26763966129795        2.00969056468256      C
       -0.39723823850576        0.27239379605934        1.97026230171558      C
       -0.41130458411574       -1.52280536229721        0.06828818932046      C
       -2.40072465385938       -1.56815088749636       -1.71870421033960      C
       -1.67548022180818        4.21107105083220        3.75355171683772      C
       -0.22106461126895        3.54950207487366        5.86536426374875      C
        1.25680648290818        1.40387405460268        5.94860509548394      C
        1.14023590194476       -0.13737456392447        3.95835419623468      N
       -2.48595763324287        6.90979020507145        3.50310446400736      C
       -2.57089587683732        8.24860963353617        5.74733047077294      C
       -1.58164890076662        7.42626730435684        8.01407335798878      N
       -0.06536476816968        5.27883387641665        7.86333744499951      C
        1.49135014472756        4.82049995108484        9.94441256900430      C
        2.89116547136779        2.65820238834866       10.00849948192773      C
        2.83014898677377        0.98367850841762        8.06529218823777      C
       -3.38532152984084        7.96760212515020        1.14491295804570      C
       -4.88194930182917       10.19689586433846        1.31341675352097      C
       -5.19342976371159       11.40445816684451        3.69396961985829      C
       -3.93739191067844       10.59180155418112        5.79289221649487      C
       -3.00446916862159        7.27833875619089       -1.37134332242962      O
       -6.38323739922978        3.60012607417247        0.81623038033342      O
       -2.47741880587922       -3.45580938095354       -3.63463638384239      C
       -6.90174794911375       13.56221592540244        4.11662944940898      C
        0.59005317821854       -3.41299339457360        0.22306873452965      H
       -6.36605139101475       -0.50780492717253       -2.18665250299626      H
        3.33128168107091       -0.88580488691476        8.37474084233438      H
        1.50203120937183        5.99961662057356       11.67448403681944      H
       -4.69236605737690       11.31646498603869        7.55103913847541      H
       -5.70907096070884       11.00493196775488       -0.35414726740303      H
       -4.55741873690235       -3.89197091360606       -4.50252824090890      O
       -0.30328933547231       -4.34604438436315       -4.40339228426866      O
       -0.68538914792554       -6.62710941155360       -5.63188222606357      C
        4.20283326067982        1.84402724954755       12.30580225392085      C
        5.49033486142121       -0.04280524672255       12.47076190520697      O
        3.87909377209887        3.38357725140049       14.32320760785373      O
        4.80765189728186        2.32065526167594       16.61087144920820      C
       -7.23446065179974       14.05224860084626        6.30226198060114      O
       -8.19303668410812       14.92196229013514        2.25536234706711      O
       -9.24733131144588       17.13115107676358        3.25251578506687      C
       -0.65782811207580        6.27834954913317       -1.73379103237462      C
       -8.65335596710611        3.39930932898594       -0.66803025107354      C
       -8.61074419424456       18.70042948198235        1.98058158608347      H
       -8.63519946393719       17.56882748954841        5.22145476515682      H
      -11.37619607015068       17.30553541990351        3.57251877496868      H
        4.31782827904464        0.30635741289889       16.46741268903032      H
        3.63405600975726        3.25720267068344       18.08040890419853      H
        6.76006179593608        2.69506399758628       16.75323938783946      H
       -8.43751743976825        4.29173026584015       -2.49617005377233      H
      -10.20961082684395        4.30671666879899        0.32192682282966      H
       -9.17405548122188        1.39481659046726       -0.83986552921097      H
       -0.63861296242085        4.44078691219080       -2.50563257521250      H
        0.53017177457593        5.97869703691173       -0.17479762149332      H
        0.34501375561264        7.85554591012868       -2.77879205062142      H
        0.95676173204935       -7.02239215519773       -6.85973306720588      H
       -2.19942323481533       -6.53701543793859       -7.03929018151141      H
       -1.17932314525964       -7.96044187714120       -4.20801347953138      H
        0.28307989608990       -8.22305559282689        4.77342484745584      C
        0.13657613571961       -6.57375423515160        6.86946030502781      C
       -2.06044258625945       -4.89010278991139        6.89382051131064      C
       -3.58994175516168       -4.69266032723887        4.77313442752680      C
       -3.52696573980326       -6.63804791112171        2.80391313347097      C
       -1.52535509141067       -8.29134795549698        2.83634105914493      C
       -2.37438945832450       -2.91649017020530        8.69724102668060      C
       -4.05127697361757       -0.92860219740812        8.23216735647963      C
       -5.73409236715489       -1.11912601657158        6.19700868979164      C
       -5.55496113251422       -2.98205500402362        4.51394973732416      N
       -1.66867588580940       -3.13712692867787       11.29918876616675      C
       -1.55466772484859       -0.75335474078505       12.58316975750672      C
       -2.67133017181474        1.49560928978272       11.88581876075749      N
       -4.09092916491324        1.33756445911141        9.82380065710621      C
       -5.70480574385817        3.34147703031564        9.38400626594457      C
       -7.11740155660466        3.28599361281805        7.15923400126129      C
       -7.28651580688573        1.07105283367157        5.80805610198288      C
       -1.37494279601303       -5.41865286829970       12.59907884624939      C
       -0.28230874068674       -5.23534880737662       14.95125689556494      C
        0.29006750616596       -2.87611292932281       16.00165983607762      C
       -0.41556025610246       -0.50652397427789       14.99956886570194      C
       -2.49870220111589       -7.63148356164544       11.48095515676759      O
        1.93071192581489       -6.46563043511071        8.68040525779659      O
       -0.84857952796545      -10.06235785015947        0.65380928885076      C
        1.12163849283668       -2.77590119998775       18.68100438110538      C
       -4.75871465495048       -6.41863415916053        1.31878851296500      H
        1.77726906712924       -9.69897884429325        4.65366900343683      H
       -8.19782048355389        1.26796158383311        3.94648231706445      H
       -5.47955129477570        5.12741928159654       10.39028712744108      H
        0.16270940360731        1.27570495541586       15.80251693032419      H
        0.15211041318321       -6.68296372486538       16.20647436859284      H
       -1.93847443256936      -10.10876310272914       -1.32586701373344      O
        1.00114329437565      -11.71999549854354        1.25993550349456      O
        1.56270903895577      -13.51897684292369       -0.75089116264330      C
       -8.62323741925004        5.57329500034887        6.45717964025406      C
      -10.23792698037861        5.05276170638533        4.93531424098001      O
       -8.19760871121296        7.75571751850729        7.52133776034985      O
      -10.11510686558699        9.60289399556431        6.79154129027625      C
        2.01876948735327       -0.85012083925226       19.26721293972042      O
        1.12432643060359       -4.89140460174040       20.06310021211768      O
        1.96277588577426       -4.53245146882640       22.59894107102107      C
       -3.50182395843751       -9.36530091406411       13.35528232341315      C
        4.39707758829435       -6.99450403226366        7.88075680896438      C
        3.89713331839760       -5.30940218149276       22.99850661853787      H
        0.56031340158707       -5.51949550412423       23.70759100560738      H
        2.07073326562114       -2.34794952528642       22.92515507967685      H
      -11.92666171630081        8.55502354715535        7.03610897314931      H
       -9.89496122676511        9.89800304003780        4.74214548506441      H
       -9.71809488094441       11.17622052454562        8.12978073673529      H
        4.88214418073931       -5.59295748693250        6.42437243710569      H
        4.50890282378480       -9.02232193344050        7.14200452841458      H
        5.39891564283793       -6.60462349856339        9.53193658007712      H
       -5.09898230721183      -10.41450050816054       12.43259770687285      H
       -4.27982373974978       -8.31818752073670       14.87002528784832      H
       -2.13421687331175      -10.75165891019732       13.96763067262349      H
        0.08842758445991      -14.88236797879818       -0.94838355548983      H
        3.29329625358495      -14.55123489359813       -0.06480524452779      H
        1.93612344353273      -12.31874656641177       -2.42519436985583      H
$end
