$coord
       -3.84194802264901        0.50281130312766       -1.53247840794104      C
       -3.92591316577957        2.16350672092777        0.48566731372007      C
       -1.77156787255216        2.44929620970554        2.06841747035092      C
        0.15455143454780        0.66768869294169        2.05005867535553      C
        0.05706252872557       -1.14716589992822        0.08186837348993      C
       -1.95704430582771       -1.31789920574931       -1.54183472390960      C
       -1.46738886108157        4.60734570159885        3.76365449485060      C
       -0.04713206848259        4.06204555930335        5.83470071386224      C
        1.46334690222290        1.90068752165384        6.02180385296540      C
        1.79337093495064        0.48619196485244        3.96464098462877      N
       -2.63194616602153        7.00511636377701        3.55781271780460      C
       -2.80176171540755        8.28883239169126        5.92064981567818      C
       -1.75089917252253        7.63261942499839        8.06020698070528      N
       -0.10942860915814        5.68098674323738        7.90735021161560      C
        1.22469205221358        5.04029657000323       10.11927987198569      C
        2.59162156165052        2.85550010325342       10.33616567234234      C
        2.63797793146308        1.23599068689033        8.25969338028948      C
       -3.57370388031704        8.15311208700795        1.24106611281684      C
       -5.03663668419413       10.31846211033016        1.56632843543237      C
       -5.36685142132124       11.61008122745771        3.81763184570740      C
       -4.17667077660353       10.49273878064329        5.97809179834943      C
       -3.06089066434071        7.14026616657045       -1.11869403316773      O
       -6.00219951531730        3.55451108288032        1.16227961408837      O
       -2.00062257604510       -3.36454746422958       -3.46560901919264      C
       -6.73750461704087       14.04933586674842        3.80611262538523      C
        1.52776765444052       -2.56182044451104        0.03255996726268      H
       -5.55692629082692        0.35720152104957       -2.73827103338885      H
        3.55071851219215       -0.68917135018616        8.42643601479575      H
        1.04007262725690        6.08966894147708       11.83628410464392      H
       -4.37282367619274       11.73758388253557        7.52339879614748      H
       -5.67656229377969       11.09214495936064       -0.18582318522119      H
       -3.61532899990695       -3.45901572154230       -5.08511280757084      O
        0.02400965100086       -4.91276134639760       -3.15968192267858      O
       -0.11843750149502       -7.26059887068806       -4.59785857872106      C
        3.40770414858551        2.04589022834733       12.83960345875148      C
        4.10712658776266       -0.08638879587066       13.11970635366969      O
        3.42140368974705        3.95658061058182       14.55154400741897      O
        4.04263521076105        3.12693611819509       17.06402664796644      C
       -7.88427293840375       14.68339402688100        5.69387428655164      O
       -6.31790382638737       15.59961986429205        1.71956790719170      O
       -7.52141580148547       17.89418391300389        2.06921113650161      C
       -2.99571365513146        8.49174331745419       -3.27295346237682      C
       -7.62846835248303        4.32932305035042       -0.92716932918146      C
       -9.16256845099846       18.30149495654088        0.94463996378811      H
       -6.26485561879206       19.45855650287116        1.84974151960677      H
       -8.06714247393023       17.71357945501989        3.96886153181916      H
        4.70916661681257        1.06603406593362       16.98517614267569      H
        2.50971388151494        3.11201900333137       18.37646784496148      H
        5.67054929317076        4.24231177669292       17.80773128172776      H
       -8.45616783548408        2.59381117210110       -1.38599528729230      H
       -6.46713269998839        4.91287474990133       -2.48323582624717      H
       -9.18731966617311        5.57113012456161       -0.45776409377384      H
       -3.23903091873895        7.35123755745548       -5.05510697862347      H
       -1.30528636316670        9.57655934588627       -3.47719963975878      H
       -4.37885109352935        9.98005672998596       -3.43071508905783      H
        1.56884344255130       -8.35253058150818       -4.00901575573045      H
       -0.22632878666078       -6.84870105805915       -6.71971625320328      H
       -1.79612138646377       -8.35642053634817       -4.07553348517473      H
        0.46277626105081       -8.29907872764412        4.69806277291969      C
        0.36527874793856       -6.12873512459361        6.40979721002688      C
       -2.09359752294404       -4.80611500053647        6.69534229600221      C
       -3.74806944947556       -4.69563704383313        4.48099746945568      C
       -3.50732660857749       -6.84736195109936        2.89520879353400      C
       -1.48793381997141       -8.57908160323333        3.00545163820167      C
       -2.60243864433573       -3.07896602560228        8.58116798481683      C
       -4.18790799593670       -1.09561988973969        8.07633331426855      C
       -5.62983700151279       -1.04538124801031        5.74584905487695      C
       -5.38564303093777       -2.84956909582556        3.97935662599992      N
       -2.00612581403391       -3.44842808328796       11.16826326800288      C
       -2.19505710840508       -1.28109380005650       12.83056973903110      C
       -2.95767458349334        1.12521945805264       12.02409250808142      N
       -4.24909765774807        0.92767788331024        9.84006701427534      C
       -5.71770299610186        3.07869510025348        9.19595483736150      C
       -7.32644553030311        2.99857616208146        7.13166190897353      C
       -7.37148683617471        0.97804861588226        5.44477095308391      C
       -1.07029945694600       -5.68559292454934       12.23371139105381      C
       -0.36793604596650       -5.72294341055398       14.81950330689197      C
       -0.59650236241578       -3.70980800789060       16.31629342823599      C
       -1.46672413861289       -1.55267967786351       15.34900566007093      C
       -0.87012358951460       -8.03292102682745       10.97763943633978      O
        2.30467596333247       -5.48204327964126        8.01549512227258      O
       -1.57046882952773      -10.78730443529480        1.32219366330235      C
        0.40107603730597       -3.53042860640287       18.85746137678800      C
       -4.88511429073081       -7.19945784950301        1.41759830884013      H
        1.78917941744707       -9.70992393977375        4.69617578076180      H
       -8.75978257795806        1.12743574003450        3.80872239062837      H
       -5.45882953475554        4.83766339406349       10.25670997031234      H
       -1.59606003230529        0.05792959476278       16.59235887072150      H
        0.02679440811528       -7.41813178879932       15.83870899300096      H
       -2.77577624558511      -10.64030564390768       -0.66133356212162      O
       -0.45022683922839      -12.96878708787039        2.09419305407610      O
       -1.29867890505021      -15.12674536008149        0.65185169112597      C
       -9.12638292894533        5.35337869394185        6.69077627291391      C
      -10.76736030345909        5.18807262429875        5.22163680438748      O
       -8.50753624387539        7.55896061374639        8.01385120416167      O
       -9.88301562275690        9.52349335522994        7.36918452355749      C
        0.15872807089839       -1.53896575784346       20.03704033511349      O
        1.84420652415112       -5.52835215047951       19.43663925121021      O
        3.08586905864709       -5.07368310449399       21.79451611536785      C
        0.30139505020434      -10.18705067547525       12.15841991997379      C
        4.35694602055998       -7.26173831162010        7.78800990561048      C
        2.39833578908913       -3.32838900869904       22.50732286900526      H
        5.09651308434451       -5.21349109908597       21.32754560357982      H
        2.65405002768271       -6.57812425226383       23.14772009543593      H
      -11.78747603893233        9.11455775807064        7.78570254255033      H
       -9.66436277768311        9.95311080079689        5.41002761115647      H
       -9.18614541205837       11.34326336839514        8.30817555863985      H
        5.18652745053038       -7.14395018713150        5.88775463163923      H
        3.86675833576774       -9.21983540315844        8.25602571897167      H
        5.96342120146108       -6.64382717666260        9.05785788460721      H
        0.68123931227110      -11.56717617128734       10.80897380616478      H
       -1.13780908734280      -11.05773090391883       13.41866664764229      H
        2.03141945260040       -9.67756305107724       13.23150248264664      H
        0.03959962558167      -16.81894317942272        0.49678290542595      H
       -1.62212517363562      -14.62130071454667       -1.35480799031857      H
       -2.93870561543326      -15.73899808210111        1.59752988298307      H
$end
