 -1.0
 -0.60326473113815D+01 -0.16353485050994D+00 -0.17551888926503D+00  0.40790074356490D-03 -0.27905064938341D-03  0.54024486844713D-03
 -0.45681069598222D+01 -0.21924668774341D+01  0.65834798152426D-01 -0.18508819029651D-03  0.29565015037767D-03  0.25929280971332D-04
 -0.28405399153563D+01 -0.16701960584371D+01  0.22411849555706D+01 -0.57646575446021D-03 -0.47553487899451D-03 -0.15988672787617D-03
 -0.22510284123981D+01  0.99848505645031D+00  0.30975570586327D+01 -0.16527774080857D-03  0.31657237565197D-04  0.12104101960903D-03
 -0.41427013801301D+01  0.28169258338295D+01  0.27794474106131D+01 -0.17455158505162D-03  0.62924754961045D-03  0.55588966188167D-03
 -0.61062232248923D+01  0.22591629787526D+01  0.92005045376991D+00  0.67397717231739D-04 -0.34095294415323D-03  0.44156452640732D-03
 -0.12012161082383D+01 -0.34115260872528D+01  0.33255030790879D+01 -0.27912602894175D-03  0.52309828966767D-03  0.31808970028952D-03
  0.11945244035368D+01 -0.29103814925219D+01  0.43229512134660D+01  0.18089170116234D-03 -0.23683550021168D-03 -0.43331074812413D-03
  0.16316330788441D+01 -0.20016146940765D+00  0.48338201422956D+01 -0.11299254536567D-04  0.43251759311244D-03 -0.64854268886809D-04
 -0.22134913104163D+00  0.15424399998266D+01  0.45461757186599D+01 -0.26919891231230D-03  0.19189399076590D-03 -0.54226487122503D-04
 -0.15746169053866D+01 -0.60419893171975D+01  0.30002586337750D+01  0.15375411451243D-03 -0.19192912028725D-03  0.77500333968909D-04
  0.35016512328381D+00 -0.78151316339653D+01  0.38794038061150D+01 -0.30238851604576D-03  0.42187229966715D-03  0.64557420089440D-03
  0.28040580082772D+01 -0.71950441620502D+01  0.41961379215337D+01 -0.10531679560328D-03 -0.10440460029477D-02  0.97085770057236D-04
  0.32889703182782D+01 -0.45631735399677D+01  0.47638804449304D+01 -0.90985146302527D-04  0.82463227510742D-04 -0.50517456633740D-04
  0.56495592389234D+01 -0.36386382360869D+01  0.58293738177431D+01  0.64823098295551D-04 -0.45138615851824D-04  0.46030671661073D-03
  0.58867556384734D+01 -0.86809694940973D+00  0.63330920399113D+01 -0.15088214336682D-03  0.35730526270940D-05 -0.17017288815749D-03
  0.37548538189403D+01  0.70164096736544D+00  0.60524939998592D+01  0.15232587774943D-04  0.50382300293416D-03 -0.15839543614653D-03
 -0.41196351843137D+01 -0.71628654989111D+01  0.27357944282346D+01 -0.56590244886616D-03  0.53755536455770D-04  0.66643317180939D-03
 -0.40498355426929D+01 -0.99632966413410D+01  0.23688634031986D+01  0.33030195271930D-03  0.21181378405976D-03  0.15430339549270D-03
 -0.19574713617410D+01 -0.11655236520164D+02  0.31421468555796D+01 -0.20176757208978D-03  0.26266333407262D-03 -0.38417680863360D-03
  0.19446235847725D+00 -0.10492144048664D+02  0.37279081582483D+01 -0.57423733125220D-07  0.26493978223199D-03  0.66710715513954D-04
 -0.62347977557668D+01 -0.56825627025249D+01  0.34840458361872D+01 -0.44084406694636D-03 -0.10636345855509D-03  0.17042337950871D-03
 -0.44826849215368D+01 -0.43526740756350D+01 -0.16879166163036D+01 -0.18571965325341D-03 -0.61100181797781D-03 -0.37922751292429D-04
 -0.81479214173729D+01  0.40983321715897D+01  0.12461300229845D+00 -0.30543438543349D-03 -0.27467140027651D-03 -0.51179663795749D-03
 -0.19224374962154D+01 -0.14584203745334D+02  0.35504588563271D+01 -0.29631656352449D-04 -0.54244000886793D-04  0.25972895818068D-03
 -0.44522287899382D+01  0.46420763333022D+01  0.35326844000045D+01  0.10451692484942D-02 -0.51947912159249D-03  0.60863823757947D-03
 -0.74979565690398D+01 -0.23041979894346D-01 -0.17381291490846D+01  0.90306969154653D-04  0.30782301670874D-03 -0.70545302955530D-03
  0.36594015208820D+01  0.27056746524699D+01  0.67433690827963D+01  0.11548956603184D-02 -0.16445919902157D-03 -0.38990108260086D-03
  0.74945625657631D+01 -0.45013504056276D+01  0.55408465452856D+01 -0.74795396588191D-03  0.99413881532703D-03  0.81461700658487D-03
  0.19632214868122D+01 -0.11778056008133D+02  0.40545085364852D+01  0.29526141654656D-03  0.65757976649868D-03 -0.77759459677260D-03
 -0.58364093500257D+01 -0.10819217917845D+02  0.24796766569147D+01  0.12664456882542D-02  0.12383593583213D-02 -0.23975547054537D-03
 -0.77751266079751D+01  0.63161749003071D+01  0.40654416039834D+00  0.25706305596386D-03  0.21047454065891D-03 -0.32126042137139D-04
 -0.10164434015101D+02  0.28984270106261D+01 -0.10902446238788D+01  0.30008373556797D-03 -0.31935343889750D-03 -0.14967890829501D-03
 -0.12238625976554D+02  0.45060979877904D+01 -0.15634112925100D+01  0.12837252760363D-03 -0.38578551397158D-04 -0.68828196898352D-03
  0.84546609306255D+01 -0.15170145663510D+00  0.76734931109766D+01  0.37443202298603D-03  0.41144674699969D-03 -0.19146542305023D-03
  0.91108467738474D+01  0.16971285715148D+01  0.88877041738496D+01  0.40540229903794D-03  0.26827368433921D-03 -0.12112078202172D-03
  0.99324535091413D+01 -0.22854591460280D+01  0.73133432439928D+01  0.23932370807014D-03  0.62262048013199D-04  0.26003272281471D-03
  0.12309053033801D+02 -0.20991311903846D+01  0.88659044605978D+01  0.86133023833082D-04 -0.15412803947808D-03 -0.54344629810788D-03
 -0.81816412107673D-01 -0.15682820117830D+02  0.31325360066230D+01  0.40544027173770D-04 -0.60024806969281D-03 -0.24012340913308D-03
 -0.42366958024602D+01 -0.15753711861083D+02  0.44284623460433D+01  0.37659814446072D-04  0.35245957908699D-03  0.11999856621023D-03
 -0.43384336452702D+01 -0.18477524427087D+02  0.43052195758136D+01 -0.63650646804966D-03 -0.25369039844662D-03 -0.44797758321682D-03
 -0.85322557740763D+01 -0.63310832663373D+01  0.22868535993404D+01  0.12077988945768D-03  0.32980291530209D-03  0.40789648254387D-03
 -0.16506382400584D+01 -0.48357827510875D+01 -0.24744317100383D+01 -0.76096721750951D-03  0.43190060438209D-03 -0.45682116652182D-03
 -0.21913995803036D+01 -0.18735660139122D+02  0.47699784074252D+01  0.42284872045537D-03 -0.62623899616326D-03 -0.83716672305195D-03
 -0.46026887099027D+01 -0.19023290402636D+02  0.24142759263625D+01  0.71163720991610D-04 -0.23536421930998D-03 -0.36236167914639D-03
 -0.56247245019297D+01 -0.18860817174160D+02  0.57301518702284D+01  0.94529502165381D-03  0.73045484801259D-03  0.12531502308464D-02
  0.11945093338029D+02 -0.96105991594340D+00  0.10697560024432D+02  0.16421330658483D-02  0.45468991428606D-03 -0.28702107677906D-03
  0.13677834745497D+02 -0.97942170682813D+00  0.79347075965693D+01 -0.13024132666395D-02  0.17116087614438D-03  0.57924538556710D-03
  0.12884696395693D+02 -0.38898615741391D+01  0.89758926333568D+01 -0.70547941184178D-03 -0.50536591504632D-03 -0.73972120108591D-03
 -0.20951696393907D+01 -0.58329222965073D+01 -0.45224977953499D+01  0.10794310379979D-02 -0.41473418664399D-03  0.70840002608627D-03
 -0.80990862981798D+00 -0.61144781093726D+01 -0.87037101905012D+00  0.34633139938213D-04  0.65027920452295D-03  0.10481769563902D-03
 -0.54796120478807D+00 -0.30955190073542D+01 -0.27536575054430D+01 -0.65664474614471D-03 -0.11624383722488D-03 -0.10034498531197D-02
 -0.92399149371570D+01 -0.84144406155216D+01  0.27255190185036D+01  0.52242847682339D-04  0.23899720828534D-03  0.17299661531019D-03
 -0.83624912527600D+01 -0.56231876496957D+01  0.17803645246069D+00  0.31412743247107D-03 -0.35879076271988D-03 -0.14688838846417D-03
 -0.10047618415196D+02 -0.51516829261155D+01  0.30269875924299D+01  0.17290027260955D-03  0.32584240346068D-04  0.10214263120263D-02
 -0.11799396949722D+02  0.52160007822486D+01 -0.33978493782472D+01  0.51975367842997D-03  0.19218271544734D-04 -0.29482412670290D-03
 -0.12204627792188D+02  0.59231039853221D+01  0.18745486393605D+00  0.76199560136763D-03  0.10015607753357D-02  0.24451785801627D-03
 -0.13755420416928D+02  0.31915639692974D+01 -0.11141617906609D+01  0.95191226491797D-03 -0.49068017004590D-03  0.41836093001979D-03
 -0.16298010494019D+01  0.11503796182617D+02  0.87271989093125D+01  0.90437935712438D-03 -0.14525570240284D-03  0.20109900473344D-03
 -0.22679299469036D+01  0.91322297923604D+01  0.79238189935727D+01 -0.21153947172472D-03 -0.12658948034423D-03 -0.11132042011950D-03
 -0.15551284601995D+01  0.70648489646551D+01  0.96442418539532D+01 -0.12319052958607D-03  0.21175766073623D-03 -0.99025113940154D-04
  0.77364965813391D+00  0.73141162474793D+01  0.11102645790108D+02 -0.22109507299113D-06 -0.24070421569157D-03  0.16054726923901D-03
  0.14543004196580D+01  0.98487493605796D+01  0.11784180140044D+02 -0.20991629245937D-03  0.86853077070268D-04 -0.41071496035815D-03
  0.39629631858605D+00  0.11929147748863D+02  0.10593789902448D+02  0.69755907421816D-03  0.24863830639932D-03  0.53456968462500D-03
 -0.29192697128163D+01  0.46506888995079D+01  0.96545907243880D+01  0.19187488745388D-03  0.38565608433647D-03 -0.55993448247656D-04
 -0.12986718431962D+01  0.24899173854432D+01  0.10152132557917D+02  0.39121344853702D-03 -0.71068746676231D-04  0.30154937307301D-03
  0.12768759763219D+01  0.28077683465956D+01  0.11136047776646D+02 -0.35614675121797D-03  0.17426000406244D-03 -0.39186135486557D-06
  0.23584332367647D+01  0.52098092023999D+01  0.11435278304933D+02 -0.69252379177602D-03 -0.44761010419367D-03  0.27362616803292D-03
 -0.54184931384009D+01  0.41518234844662D+01  0.92918557201607D+01  0.92231251260127D-04 -0.27606489978271D-03  0.33560549039628D-03
 -0.61256413394714D+01  0.17225782060549D+01  0.81321542764767D+01  0.27531015900473D-03  0.15439661095265D-03  0.45655691853141D-03
 -0.46205486559694D+01 -0.22641551969565D+00  0.82785157160478D+01 -0.63263652754080D-03  0.11489809368052D-03  0.70990851083609D-03
 -0.23855158159184D+01  0.29081911585050D-01  0.94894048051887D+01 -0.51421271263146D-04  0.29564752105806D-03  0.43717154309240D-03
 -0.12690796349278D+01 -0.20637339435372D+01  0.10285646585648D+02  0.40969540551081D-04 -0.22186231361361D-04  0.20175070948237D-03
  0.12520689373235D+01 -0.18000175088649D+01  0.10912256734774D+02 -0.24527029549923D-04  0.71725515457606D-03 -0.17737811159680D-04
  0.24814483271585D+01  0.51580925582878D+00  0.11396917958766D+02 -0.11315939418683D-04  0.27285044547578D-03  0.34964809325130D-03
 -0.73899576747309D+01  0.61561630771538D+01  0.97316717051540D+01 -0.24878513835288D-03 -0.46891981254670D-03 -0.39019931016606D-03
 -0.99245353220665D+01  0.56546762247504D+01  0.88402209946411D+01  0.75699588625931D-03 -0.31273821448362D-03  0.18504258254380D-03
 -0.10608262634995D+02  0.32622049664904D+01  0.73497741277562D+01 -0.36728247021720D-03  0.66065017185209D-03 -0.83741579086934D-03
 -0.87090875545745D+01  0.13810913555704D+01  0.72264503278078D+01 -0.98046202985497D-04  0.42588068921578D-03 -0.73306590698357D-03
 -0.62340139177697D+01  0.79103105220113D+01  0.11370636392659D+02  0.35700349794614D-03  0.30822384308663D-04  0.89401975993457D-05
 -0.39948813492027D+01  0.85887802938025D+01  0.60833185021021D+01  0.15919883656243D-03 -0.27042945284380D-03  0.16657959819161D-03
  0.15214401921174D+01  0.14300895882699D+02  0.11285068975622D+02 -0.13634560539685D-03 -0.23529553743836D-03 -0.15215422355110D-04
 -0.13297799521685D+02  0.27142871114979D+01  0.66509309792048D+01 -0.54676115128341D-04 -0.34008752784352D-03 -0.77102521076001D-04
  0.33568713759027D+01  0.10015441234521D+02  0.12430948611519D+02  0.12238524363693D-03  0.21356636463127D-03  0.15601555865927D-03
 -0.22486732585466D+01  0.13157332945224D+02  0.77533212477121D+01  0.86524935627708D-03 -0.85591014616667D-03 -0.53244184670513D-03
  0.38759330379259D+01  0.30097582183988D+00  0.12721790675188D+02 -0.17984958783408D-03 -0.17354878884417D-03  0.80294958249551D-03
 -0.23805340560025D+01 -0.38704110684806D+01  0.10410418123058D+02 -0.61821928035609D-03 -0.43636776368592D-03  0.17815940499905D-03
 -0.92231724555358D+01 -0.67419541388274D+00  0.65444180907618D+01 -0.68023586334006D-04 -0.86472489008740D-04 -0.60796640712663D-03
 -0.11437534389482D+02  0.68072015062694D+01  0.97518996626741D+01 -0.14518808291339D-03 -0.39705670966782D-03  0.73846560615445D-03
  0.55083830724515D+00  0.16370091565084D+02  0.10999432085937D+02 -0.20286168599157D-03 -0.21604867395343D-03 -0.23299710408878D-03
  0.42115049434881D+01  0.14403638917223D+02  0.12067865186534D+02 -0.23608077354657D-03  0.48794641110194D-03  0.42624265238302D-03
  0.47082398772122D+01  0.16942308995229D+02  0.12062877909983D+02  0.28090823050072D-03 -0.49621162780306D-04 -0.73761536905166D-04
  0.24763160637635D+01 -0.41902470997867D+01  0.11688918078573D+02 -0.24581495242432D-03 -0.13567328487158D-03 -0.66784275645689D-03
  0.23203015253698D+01 -0.48847724439857D+01  0.13786962241724D+02  0.65616048327909D-03 -0.41003113915121D-03 -0.26900099128981D-03
  0.42157535668071D+01 -0.52044132902836D+01  0.10212052961820D+02  0.55906728807927D-04  0.51310778548453D-03 -0.77375832515320D-04
  0.58910227191058D+01 -0.72254427996078D+01  0.11232310504296D+02 -0.28747180762311D-03  0.69101946687413D-04 -0.44989902214426D-03
 -0.14961149657939D+02  0.38735641643452D+01  0.78386824119853D+01  0.56935937956692D-04  0.11338593051214D-03 -0.14778834664451D-04
 -0.13254562882477D+02  0.12217477282183D+01  0.48268363953911D+01 -0.15764150911480D-03 -0.25359953625802D-03  0.11364657236134D-03
 -0.15678934650301D+02  0.70919650454014D+00  0.39924060159755D+01  0.49175769065644D-03 -0.41475085665011D-03 -0.51430218092213D-04
 -0.66253322438696D+01  0.72824454413868D+01  0.13924369347065D+02 -0.46371381064572D-03  0.49926835088532D-03 -0.39731745179901D-03
 -0.43673030752301D+01  0.10806369648517D+02  0.44466526798660D+01 -0.24139938278962D-03  0.30540730566970D-08 -0.34913136091422D-03
 -0.16529549638922D+02 -0.95237152372251D+00  0.50189176421785D+01  0.50228987441290D-03  0.13842077923104D-03 -0.47619601224404D-03
 -0.15338941974079D+02  0.27366762760959D+00  0.19595664683568D+01  0.59105531950767D-03  0.70217391563484D-03 -0.82118736136423D-03
 -0.17062400284439D+02  0.22591286749011D+01  0.41828437795660D+01 -0.11180130786845D-02 -0.32627228982447D-03 -0.10544571970586D-03
  0.77641338881984D+01 -0.63285776025390D+01  0.11520536123901D+02 -0.10941799551789D-02 -0.12010568836538D-02  0.41476781248529D-03
  0.64228806156562D+01 -0.79177094203738D+01  0.94240870006362D+01  0.65617759235099D-03 -0.42650596890080D-03 -0.17284027318799D-04
  0.47751654480249D+01 -0.88816813005560D+01  0.12196018988471D+02  0.25546404309738D-04 -0.12459113739665D-02 -0.87371325938643D-03
 -0.27440622155755D+01  0.11969451441885D+02  0.38596299355875D+01 -0.80879050240219D-03 -0.55649259121782D-03  0.91070769812162D-03
 -0.60095977394295D+01  0.11929684251113D+02  0.50358590099340D+01 -0.60715298731814D-03 -0.24983322356508D-03  0.33650561908724D-03
 -0.44598856752472D+01  0.10055522602036D+02  0.24510636656584D+01  0.59377343598628D-03 -0.60491587345967D-03 -0.81234624968715D-03
 -0.58232008573044D+01  0.52213573351035D+01  0.14482792422889D+02  0.13211799585883D-03 -0.27295167868423D-03  0.33783182038205D-03
 -0.85998380862823D+01  0.72847297016285D+01  0.14467068556203D+02  0.53319122373373D-03 -0.59995682991576D-03  0.54652093064642D-03
 -0.54300197596900D+01  0.83210496843467D+01  0.15163174837401D+02 -0.49754390176172D-03 -0.83854670893526D-03  0.12504821967794D-03
  0.66894044069958D+01  0.17467363732079D+02  0.12402114243016D+02  0.85141134653107D-04 -0.16876172890303D-03 -0.77028233737324D-03
  0.36971681049716D+01  0.17984191724524D+02  0.13516709150521D+02 -0.95891286445443D-03 -0.79599189853218D-03 -0.72355334088758D-03
  0.36567036217693D+01  0.17863030354231D+02  0.10520206255048D+02 -0.28685630414743D-03  0.52247906107344D-03  0.37904961452979D-03
