$coord
       -8.77284443332088       -6.02329332594365        1.31208940508312      C
       -6.66864692009947       -7.07393137029401       -0.03463641880562      C
       -4.41189855212262       -5.72868998076701        0.33967833102799      C
       -4.41280465405047       -3.02970391192088        0.48334741507490      C
       -6.66915791275737       -2.23896898778471        1.50064259114937      C
       -8.70540042735510       -3.56403841219640        1.98660193098639      C
       -1.82764592761779       -6.80651862405757        0.08565373754692      C
        0.26615627987968       -5.08904359610584        0.03867587594006      C
       -0.02466018367309       -2.49713651124729        0.37231182158972      C
       -2.25019341013129       -1.45017072713705        0.26709446987035      N
       -1.32764196460890       -9.48835373531400        0.37854973067910      C
        1.39750595430426      -10.41259208030975       -0.15983669743863      C
        3.45261655893037       -8.83314433419141       -0.50639692894442      N
        2.69713363083352       -6.33690779419995       -0.07562288136112      C
        4.63648069512386       -4.55263137571710       -0.47179035138221      C
        4.38525978472162       -2.20536559138451       -0.14753514695541      C
        2.08319905490056       -1.21763445814909        0.43581539466295      C
       -3.12753949490453      -11.08353228846133        1.56864210691707      C
       -2.52877576604363      -13.68458264845553        1.47886369371356      C
       -0.19956748944194      -14.64132281727840        0.72129773983057      C
        1.67270235812105      -13.09944985351362       -0.11115180880643      C
       -5.18852777099573      -10.30490128874027        2.63973364372800      O
       -6.51557027452344       -9.29209796158253       -1.66910471852328      O
      -11.13475053866565       -1.95596277954913        2.59217924313191      C
        0.45513557916130      -17.34700525422106        0.74510852139879      C
       -7.15773720059467       -0.21933120775601        1.63242312873294      H
      -10.69998413082395       -7.09602585287861        1.61763766791604      H
        1.60695850752454        0.80132626770887        0.43365805957443      H
        6.40348923617516       -5.27791240523406       -0.37789648069510      H
        3.58049443069827      -13.79995454842246       -0.19468336133066      H
       -3.95762248871802      -15.10723695844581        2.13632392319611      H
      -12.98370309046716       -3.15755510482905        2.75620730545974      O
      -10.60211582633461        0.59644109408183        2.90647431042069      O
      -12.46387471502966        1.72331142649519        4.48323522826401      C
        6.34143196595580       -0.21023624958895       -0.56767789645675      C
        8.38001065919020       -0.47221885948817        0.50316272408192      O
        5.50295445494087        1.64249851506396       -2.14045451997521      O
        7.40045634158713        3.67395528334435       -2.24971787972493      C
       -0.85972268892382      -19.04496909247737        1.51321016818319      O
        3.01490500413763      -17.87045344663606        0.74623895057238      O
        3.39974778880013      -20.37366713014440        1.61208751024294      C
       -6.37659277887646      -12.41466279835502        4.04658229678130      C
       -7.94029862868156       -9.06199257153610       -4.04006384517205      C
        1.70489125070964      -21.67139792757739        1.74491295137539      H
        4.93474065030774      -20.01723128201569        3.08541080942282      H
        4.86369951427517      -21.47080856811820        0.60198947163219      H
        7.78903642667931        4.48117051890831       -0.40825792840841      H
        6.50660975652916        5.19291830616859       -3.16871658219620      H
        8.84772884675210        2.75897091746407       -3.43692091270366      H
       -6.71429161421477       -9.06351205981006       -5.75793005743952      H
       -8.78857930362321       -7.11057905316816       -3.89644687232793      H
       -9.60575049604517      -10.05078495346755       -4.33185179738271      H
       -7.53532821123961      -13.93337969405040        2.84676004145077      H
       -7.76326267896074      -11.32151758840072        5.25310247883990      H
       -5.14100267617524      -13.78743207115823        5.05464958220865      H
      -13.96898051767069        0.28572042617539        4.96075261053814      H
      -13.47987460281895        3.17168861155867        3.32972460319063      H
      -11.71537350690367        2.59034989556742        6.22363137030448      H
       -0.15901926689311       12.96451600487416       15.69400291612412      C
       -0.67472066345949       11.61580125178323       13.59163868106363      C
       -2.86507790666421       10.26268419291541       13.49870266785114      C
       -4.02847445766259        9.57115978845651       15.99332618880504      C
       -3.93913467557289       11.28407918286735       17.89148782896704      C
       -1.90874334723787       12.99267265692688       17.72342075878462      C
       -3.25884679325332        8.01345421838293       11.72355850334296      C
       -3.96332798333105        5.79512818365931       12.64381501684978      C
       -5.14343187182371        5.52972405020034       15.10321672909118      C
       -5.34814573834625        7.61589641079317       16.49953152348082      N
       -2.30489228892871        8.06955583569941        9.19194693832660      C
       -1.77188623829763        5.66673487187350        7.95115012138801      C
       -2.08162545250077        3.60746757268413        9.19804095980140      N
       -2.95868294447420        3.61518973132969       11.63182893344424      C
       -4.12248626014924        1.40501227152698       12.57221224393165      C
       -5.14243376775531        1.07223536357431       14.91917879144585      C
       -5.46113107278592        3.20742765622037       16.32000773249613      C
       -2.04506651950328       10.25386599650503        7.64358723586018      C
       -1.24703410978396        9.72554197799414        5.20070719873529      C
       -1.14305563855090        7.35759483589242        3.92413371607959      C
       -1.10505618118687        5.19797611068186        5.48936775657923      C
       -2.84796564055233       12.76992521405096        8.00501305950871      O
        0.87264022436726       11.18248446645913       11.36108833642324      O
       -1.15924621074632       14.34061749682032       19.97088753256917      C
       -0.50005297870902        7.21854230830745        1.14092938959934      C
       -4.27204104144742       10.45546020427924       19.78197591228393      H
        1.26986557719729       14.50303905351723       15.54081188708807      H
       -6.86107028539178        3.17913397812045       17.83399229633250      H
       -3.76301693080479       -0.51088020128828       11.62325924818956      H
       -0.39680888973764        3.35370047141151        4.56479974283967      H
       -0.80428611669009       11.53772776869222        4.11707961109991      H
       -2.62546798279473       14.98956542735775       21.73102604799159      O
        1.55587045661473       14.92660163603517       19.97336311608055      O
        2.38657188152941       15.93840950421254       22.48961666286103      C
       -5.61813606411467       -1.62860069319833       16.03611398960787      C
       -4.41313340115974       -3.35438068174153       15.14434803991299      O
       -7.34105547252678       -1.71877122130684       18.00397694375780      O
       -7.31825656674322       -3.98859448385209       19.00232842663301      C
        1.06316939078205        8.85001318503398        0.49710683729442      O
       -1.86411905118527        5.54864792905761       -0.47674257289305      O
       -0.21676007689828        5.13276194339187       -2.44567290468896      C
       -4.85519541452126       13.70189623315822        9.49274830783846      C
        2.84624759814510       13.00763617499364       10.77601406589268      C
       -0.80038403319470        3.72367746921245       -3.65975455273611      H
        1.77579697062569        4.57917636679823       -1.67681013276508      H
       -0.28259130935222        6.92565320759509       -3.69549452843369      H
       -8.42508799700236       -5.30553827555675       17.84368674137795      H
       -8.30368438492814       -3.61535443452598       20.67956765766054      H
       -5.24513868807148       -4.72673318594528       19.02797666061780      H
        2.56665182990851       14.99631520122245       11.25566297014981      H
        3.29257173539900       12.74115399471082        8.85907401548387      H
        4.52028474639423       12.76143336328325       11.82206114607348      H
       -3.96634882110295       13.82313748367664       11.50204952304262      H
       -6.46497908196467       12.54166644297417        9.74321455082151      H
       -5.32647388639629       15.79274530868489        9.12550409452055      H
        1.26692699901040       17.73469940928337       22.37131093669669      H
        4.47812385782313       15.82894032408708       22.73475596222436      H
        1.19063699505141       15.20101218469143       24.03497070363614      H
$end
