$coord
       -7.63707295067182       -3.61869819961369        4.24903938186657      C
       -5.49269778455160       -5.04076328217862        3.47411584911827      C
       -4.38033082373182       -3.87708412801056        1.36167780980200      C
       -5.98693350417490       -2.76026069228950       -0.54770701432831      C
       -8.45924062663109       -1.83343150492351        0.07335980338899      C
       -9.25772961096655       -2.22254757313912        2.49939503272398      C
       -1.76031698716202       -4.31097228770884        0.94029918567546      C
       -1.06594267616925       -3.58315932796663       -1.65938605660511      C
       -2.84504464864953       -2.46124273450787       -3.55127300202101      C
       -5.29838500964275       -2.04513542397913       -2.92632591185650      N
        0.15488586783141       -5.08488075156276        2.57539822221904      C
        2.60726031305902       -5.69282798635888        1.52800244512766      C
        3.19772767764871       -4.87845047009424       -0.85955819193097      N
        1.45013465311409       -3.93970717296533       -2.50053974124733      C
        2.35404205120448       -3.53900388519627       -4.88493674826523      C
        0.60314760510764       -2.58898850816857       -6.68435831410099      C
       -1.87722141156555       -1.93153314177765       -6.02947630537951      C
       -0.05445994761844       -5.13201781745224        5.34937033696769      C
        1.96112612704832       -6.28430518044578        6.74975472428870      C
        3.89635375592189       -7.56800061820247        5.55611973741682      C
        4.40589258820627       -6.87698614101959        2.94445181940647      C
       -1.76258265505333       -3.85460645054450        7.06947974968629      O
       -4.57336729230141       -7.11022681067331        4.75340233248658      O
      -12.10457480369041       -1.53338865088558        2.63747713908031      C
        5.62388469688669       -8.71384967520558        7.62451875898980      C
       -9.60408811133637       -1.06784736481003       -1.50333912560224      H
       -8.30699164126361       -3.38573763576414        6.06696889211308      H
       -2.90464863240231       -1.84547604967688       -7.68063517318914      H
        4.31600773691190       -4.19659623682854       -5.17760625584897      H
        6.15064793615214       -7.36946370827146        2.38538998260210      H
        2.01132704418198       -6.20021672288890        8.73581720648378      H
      -12.68143751399538        0.76655793948946        3.22561266223342      O
      -13.63083007689686       -3.33009428290249        1.95409470335725      O
      -15.73836742617127       -2.53866924763102        0.43002756403653      C
        1.42498301330841       -2.29247161831259       -9.49943511239849      C
        0.13705866494933       -3.05986474759247      -11.31271299141519      O
        3.70192672801675       -1.33679866339303       -9.37686974255297      O
        3.79139032737205        0.36284209469204      -11.31115572336405      C
        4.94789779921154       -8.47773971192287        9.81032245141093      O
        8.04368899284782       -9.19794595282191        6.86060304818819      O
        9.47802375461318       -9.10546261587282        8.96492823958344      C
       -1.63710176931132       -4.06457811786994        9.67995867660611      C
       -5.97035280328320       -8.80446105118446        6.40234867065040      C
       11.49135755477667       -9.75177035865723        8.49987727426956      H
        8.72636431117026      -10.29027088019666       10.38645395160886      H
        9.98814254824693       -7.15795014388255        9.44673036769372      H
        3.41970988026454       -0.87849428891416      -12.83506704537749      H
        5.85307982652208        1.21977231441380      -11.77724013185429      H
        2.45272267840141        1.99531686814382      -11.12475134431672      H
       -6.13637466458720      -10.75039255197540        5.56399096469564      H
       -7.79835613947054       -8.20196044710687        6.19361171660858      H
       -5.74285270329811       -8.54818063697119        8.59605789941613      H
       -2.34205425993524       -6.06686535544430       10.43176682096807      H
       -2.53729533489274       -2.16120568180445       10.19984307079190      H
        0.38763787856964       -4.12193082507146       10.31220668041590      H
      -16.39253379768846       -0.85837333043040        1.54281899023766      H
      -17.16526599084513       -3.99793810053572        0.02227336441358      H
      -14.82380262957814       -2.03624531556412       -1.31985751231437      H
        1.15253390085555        6.12595040808715       17.11205800396621      C
        0.34752857672958        5.23182450173456       14.78033051303941      C
       -2.20181622062723        5.36647725246702       13.91681858354057      C
       -4.24261035519545        5.65325510585359       15.77416194645573      C
       -3.45714815920115        6.11593578009467       18.22799747438111      C
       -0.91154123036907        6.39090047772028       18.79303401671785      C
       -2.92417954525012        4.71767168808186       11.36711309958167      C
       -5.39120297094677        3.80920322233762       10.93247265042244      C
       -7.15275855113213        3.59573738559047       13.13324055486403      C
       -6.56103160705722        4.56534998703617       15.44902786185970      N
       -1.70735736125312        5.67172473055947        9.19406533367538      C
       -2.64680048866697        4.79072950808216        6.68305854491645      C
       -4.90731590876893        3.57472462834429        6.39302644383173      N
       -6.23279678483147        3.28315424547362        8.50037143768621      C
       -8.44564127990582        1.94389909482656        8.24661189642912      C
       -9.74004184253908        0.72628548919487       10.44408816575580      C
       -9.54695444221221        2.29126836480327       12.81857151014566      C
        0.04077324991058        7.79457170984047        9.19471850737385      C
        0.92809685043515        8.49568820965691        6.61961277409753      C
        0.59268303926387        7.07484670763540        4.37781031965450      C
       -1.29919068911768        5.26672098148253        4.52842952669637      C
        1.03712117559159        9.30192793672866       11.22328644818965      O
        1.93326922576669        3.98102341387440       13.12984753390957      O
       -0.58156704632245        7.13289191120888       21.59177065988582      C
        1.91663686382451        7.91783185211963        2.13389758902213      C
       -4.85661770718036        6.55309187600061       19.55500326853156      H
        2.92205214669283        6.55042896546143       17.91135135926054      H
      -10.96299258253050        2.36535371842013       14.35773761705140      H
       -8.91185747254206        1.33804130428256        6.34843874758533      H
       -2.16197698349080        4.42273981931689        2.92428367778339      H
        1.91586756349948       10.26934041869393        6.55453080523193      H
       -2.59526360463237        7.31290912817253       22.81542638386060      O
        1.66320948374965        8.09705196523860       22.29322888498217      O
        1.22942529861101        9.68407620814938       24.27512973994647      C
      -11.99874760384096       -1.15448673765849       10.34967287543495      C
      -12.49601584686916       -2.25368181087786        8.59451267751430      O
      -13.38275438890443       -1.44819848150218       12.77901158708661      O
      -14.39058003602652       -3.80508578932004       13.00308789558516      C
        2.95945835491448       10.05126467958608        2.15880815622760      O
        2.30441804100224        6.21430981453546        0.46688989430080      O
        3.52835432897762        7.40905725975362       -1.53694626626662      C
        3.03432433989721       11.08894165980745       10.56937544148631      C
        4.47689735554856        4.54987182988126       13.72508456958420      C
        5.31652668365199        6.28372573070541       -1.98330094426186      H
        4.43688331272470        9.18021441965001       -1.18074075313080      H
        2.29528529390268        7.78660038041114       -3.01724364783550      H
      -14.78639631059649       -4.68274668403884       11.21883101046320      H
      -16.18570721623687       -4.12067820393057       14.27512473697899      H
      -12.86166245024831       -4.82804528972658       13.84418810208882      H
        5.07041069277509        4.11966935163706       15.68401495396269      H
        5.10342285144327        6.43073664459647       13.46253915739294      H
        5.71142446224302        3.25644820240937       12.61518909817205      H
        4.63930826152458        9.94634553922203        9.94876958472303      H
        3.47479202734011       11.69750879981971       12.32818114848400      H
        2.25302904071441       12.97505444138389        9.81558661223454      H
        0.50415901419602       11.30516176213592       23.47654931205040      H
        3.05082710917786       10.07083344195403       25.22669371194005      H
       -0.14888226071418        8.55195314017615       25.68123797365056      H
$end
