 -1.0
 -0.52534101094634D+01  0.18017884026922D+01 -0.17677598627182D+01  0.49253748791530D-04  0.55564824927822D-04  0.27101569597315D-03
 -0.38534062573292D+01  0.78064394519527D-01 -0.48770039736933D+00  0.26989699858596D-03 -0.31734854873129D-04 -0.91447314812657D-03
 -0.16966563678482D+01  0.99244390074295D+00  0.87642056042785D+00  0.29296122237371D-03  0.46856774506687D-04  0.12102992506594D-03
 -0.85234736210488D+00  0.33479416284600D+01 -0.14378650918503D+00 -0.27440792557912D-03  0.34395994089703D-03  0.12333985258140D-03
 -0.24585270308105D+01  0.50253345049269D+01 -0.15243818626377D+01  0.17815384079791D-03 -0.73219079924332D-03  0.17022650013173D-03
 -0.46058599385073D+01  0.42386467048199D+01 -0.26716217324099D+01  0.51381135458592D-03  0.71822628405829D-03  0.13458363902192D-03
 -0.38177567080445D+00 -0.43239965703518D+00  0.26895640334390D+01 -0.29664582580116D-03 -0.10315804640169D-03 -0.51188686793661D-04
  0.20449718035569D+01  0.42004679243320D+00  0.30791918321592D+01 -0.51314539111646D-03 -0.50171213850542D-03  0.11299742540560D-03
  0.30108039792199D+01  0.26723465106287D+01  0.18465904626196D+01  0.14625627346940D-03 -0.18583519415792D-03 -0.63772729885700D-04
  0.18499844638382D+01  0.42003664481952D+01  0.30396586260068D+00  0.38130007304682D-03 -0.16729832198625D-03  0.23585231219948D-03
 -0.11505897525444D+01 -0.24764841454288D+01  0.43538662555693D+01  0.24420413471814D-03 -0.13940749087867D-03 -0.11740968349183D-03
  0.86351397006195D+00 -0.37716516090259D+01  0.55411423172200D+01 -0.17381633094819D-04 -0.10233059401277D-03 -0.70637328045658D-04
  0.31230088167980D+01 -0.28964327326392D+01  0.59175615461367D+01 -0.90193369541809D-03  0.41546210102644D-03 -0.32688954184844D-04
  0.37541257104255D+01 -0.73400538702820D+00  0.47320405150438D+01 -0.23044267064410D-03  0.18856477020262D-03 -0.13232945454969D-03
  0.60584486611112D+01  0.42788488757503D+00  0.52530895221994D+01  0.32171735101322D-04  0.91720023555892D-03 -0.17208475042856D-03
  0.70579824297589D+01  0.24809921150443D+01  0.40726496454731D+01 -0.18435415308906D-04 -0.27216046108366D-03 -0.50060181877819D-03
  0.53859345109976D+01  0.34797237571740D+01  0.23584461493121D+01 -0.56758478811700D-03  0.67769740074560D-04  0.45799084692093D-03
 -0.37631787325075D+01 -0.31064360646295D+01  0.50613958826292D+01  0.32099089670482D-03 -0.14579318212598D-05 -0.38621805398585D-03
 -0.42394273431552D+01 -0.54724952516020D+01  0.59461291422923D+01  0.65731868620292D-03 -0.26337127520767D-03  0.14038653803606D-03
 -0.23744340362942D+01 -0.69787626189129D+01  0.68781375232534D+01  0.71806891532624D-03 -0.17240237415079D-03  0.16653123321906D-03
  0.11213727308509D+00 -0.60392542923224D+01  0.66808234202674D+01  0.65672666865405D-04  0.10828295532081D-03  0.85200419461530D-04
 -0.55992913382797D+01 -0.12599361008372D+01  0.45364433912023D+01 -0.20076236817285D-03 -0.23937585576768D-03 -0.10147946886648D-03
 -0.48459392701797D+01 -0.25136693258470D+01 -0.17543070060242D-02 -0.35653951370850D-03 -0.14673281092275D-03  0.94121778242744D-03
 -0.63864436030145D+01  0.61373959413289D+01 -0.38641618678017D+01 -0.24199714674457D-03 -0.42073390957592D-04 -0.12966365849676D-03
 -0.27668482637985D+01 -0.91622780888043D+01  0.86308348828548D+01  0.17124297163643D-03 -0.18757135040691D-03  0.33874344266277D-03
 -0.16519017143196D+01  0.69420911784057D+01 -0.20807769909130D+01 -0.31673391953286D-03 -0.85848455924566D-03 -0.13505786783274D-03
 -0.66849418428102D+01  0.85538329399024D+00 -0.28957577073979D+01 -0.55232030559177D-03 -0.11765804679888D-02 -0.14487601730062D-03
  0.59043911257572D+01  0.51889632759253D+01  0.12936656434383D+01 -0.30897073494800D-03  0.66642405920188D-03  0.42166969548005D-03
  0.72979893483238D+01 -0.79890575354381D+00  0.63659087372121D+01 -0.21890476934203D-03 -0.35159685035490D-04  0.60463907624804D-03
  0.16578794987978D+01 -0.70074436072218D+01  0.74484523835347D+01  0.42091379745040D-03 -0.56548614442613D-03 -0.24445407068739D-03
 -0.63795586799908D+01 -0.57007056817519D+01  0.60614381148456D+01  0.31983724180765D-03 -0.27274203155308D-03 -0.70186008150068D-03
 -0.77995983528735D+01  0.51677885747230D+01 -0.53536835345972D+01 -0.41092222822808D-03  0.69578933560063D-03  0.50165687571842D-03
 -0.64049782107226D+01  0.85643862685812D+01 -0.31486183948905D+01  0.14764013181246D-03  0.65314070808736D-04 -0.38046454460920D-03
 -0.83428331459483D+01  0.96679306969834D+01 -0.45607711662669D+01  0.20998051516294D-03 -0.35542776400861D-03  0.39199589913986D-03
  0.92633051731958D+01  0.40780553099997D+01  0.50384145523289D+01  0.67747496744843D-03  0.43605852502269D-04 -0.19942705407895D-03
  0.89942939049890D+01  0.62346686396034D+01  0.59555425042748D+01 -0.43164404818908D-03  0.46276515288013D-03  0.21178557194607D-03
  0.11503380366957D+02  0.30027893901573D+01  0.46145855406297D+01  0.77793443659792D-04  0.23348665327886D-04 -0.24868483178475D-03
  0.13324920839992D+02  0.43969777193030D+01  0.58762124587735D+01 -0.59925719839243D-03  0.75521602683545D-04  0.66870064244590D-03
 -0.17309908823372D+01 -0.11159672889426D+02  0.83306837739467D+01 -0.76476400760945D-04 -0.29773565349681D-04  0.33397719696990D-03
 -0.45784154609558D+01 -0.89619873512070D+01  0.10206284020094D+02  0.37537190606384D-03  0.31298283821680D-03  0.33465735510203D-03
 -0.41778193444425D+01 -0.10489894869502D+02  0.12392263867530D+02 -0.17964622168334D-03  0.26117940740039D-03  0.41530851604671D-04
 -0.80561145118506D+01 -0.19626090649091D+01  0.45272305449051D+01 -0.36520163311596D-03  0.66652159773436D-03  0.15538678100292D-04
 -0.46909867402132D+01 -0.36715379151117D+01 -0.23034894896010D+01  0.29793817395392D-03  0.74423619315723D-03  0.73437078029405D-04
 -0.37707120802842D+01 -0.91879538661482D+01  0.14036112537420D+02 -0.21717799314997D-03  0.46583034000121D-03 -0.23199245889685D-03
 -0.28050099127654D+01 -0.12143255156493D+02  0.12229522263187D+02 -0.19242651678695D-03 -0.21070435416243D-03  0.11924718083451D-04
 -0.58405713461026D+01 -0.11612506075547D+02  0.12762878771059D+02 -0.27329926955506D-04 -0.55237377046128D-04  0.13040341156196D-03
  0.13898167255211D+02  0.57633304643143D+01  0.44432480925762D+01  0.11876266065662D-02 -0.57647480774592D-03 -0.80952907435183D-03
  0.14901348792905D+02  0.31748991219391D+01  0.60992430698982D+01  0.18096495509230D-03  0.41631934212583D-04  0.74588517873144D-03
  0.12573181876174D+02  0.51070277305115D+01  0.76138268973610D+01 -0.33222575985928D-03 -0.56622407336282D-03  0.55245665605143D-03
 -0.61144793591507D+01 -0.28974957399168D+01 -0.37721295912130D+01  0.30821546176393D-04  0.14778112745782D-03 -0.29916599530123D-04
 -0.50901499209204D+01 -0.57637790805380D+01 -0.19837080508392D+01  0.46692917574416D-03 -0.10803661998742D-02  0.10030875516080D-02
 -0.27290703651359D+01 -0.40787574407131D+01 -0.31138341754241D+01 -0.13632483129026D-03  0.58284963375753D-03 -0.33651458422476D-03
 -0.89181130456134D+01 -0.74822838991837D+00  0.31127732493950D+01  0.77892293757028D-03  0.45942132750344D-05  0.37325438472420D-03
 -0.88787005413489D+01 -0.15087842355876D+01  0.63071458696813D+01 -0.38574397502351D-03 -0.37285504169621D-03  0.54021519097351D-03
 -0.83043799567240D+01 -0.39890077824710D+01  0.36155393501902D+01 -0.68147169310397D-03 -0.71801817211859D-03 -0.97666964660106D-03
 -0.99956847374714D+01  0.83724263974024D+01 -0.43807291980939D+01  0.13588542391867D-03  0.40526250362543D-04 -0.98860380547447D-03
 -0.74091135552154D+01  0.10296114014148D+02 -0.63099374543662D+01 -0.92648996410645D-03  0.21327443639433D-03  0.21196095232753D-03
 -0.89509579584077D+01  0.11428881177181D+02 -0.34440381551459D+01  0.51662895504903D-03  0.38644386659182D-03  0.77792148646213D-03
 -0.38168083716748D+01  0.62136820164185D+01  0.57256022967816D+01 -0.93125255780367D-04 -0.33463967555471D-03 -0.54022283340374D-03
 -0.47025746956759D+01  0.43020212170216D+01  0.73853044163755D+01  0.71442360635818D-03 -0.22440514271053D-03 -0.90610069459778D-04
 -0.29515308997267D+01  0.32915277710864D+01  0.91597975954093D+01 -0.56188457065888D-04  0.29549320762700D-05 -0.22238663784810D-03
 -0.43059722619288D+00  0.41778929197549D+01  0.92027650144907D+01  0.22264253073686D-04 -0.84066537458235D-04 -0.47906991346939D-04
  0.55584373925635D-01  0.63650186934447D+01  0.78126701457608D+01 -0.15492993854691D-03 -0.78369259699327D-03  0.89015406614962D-04
 -0.14790327582899D+01  0.71165916089661D+01  0.58990730789529D+01  0.56352887674331D-03  0.64471569249722D-03  0.13129863101055D-03
 -0.37156570518543D+01  0.14875863679072D+01  0.10966737736180D+02 -0.40822253448312D-03  0.60527495382398D-04  0.28193377666675D-03
 -0.15878828281147D+01  0.17587474717315D-01  0.11857447040807D+02  0.16743598364475D-03  0.29742984790944D-03  0.35623903868947D-03
  0.87488103865527D+00  0.10568160749922D+01  0.11554490564009D+02 -0.29028408140190D-04  0.13639737915646D-03 -0.12385978323704D-03
  0.13274335875500D+01  0.34144588310827D+01  0.10864577462860D+02  0.38872100327216D-03  0.33692826353703D-03  0.44164883295241D-05
 -0.61549847173388D+01  0.29178064496544D+00  0.11627085951090D+02  0.10078160371582D-03 -0.23329170495458D-03 -0.17479873827079D-03
 -0.61275302758684D+01 -0.24454781946236D+01  0.12304471610234D+02 -0.20535412872591D-04 -0.42046049421493D-04 -0.22748249674798D-03
 -0.39158796041210D+01 -0.39064556355728D+01  0.12770133812343D+02 -0.13596427641164D-03  0.21981294156817D-03  0.40251616955344D-03
 -0.18394010451349D+01 -0.25302751891340D+01  0.12888927097585D+02  0.28984440939401D-03  0.18342427714446D-03 -0.21825988456445D-03
  0.46852629489028D+00 -0.38486450927231D+01  0.13368328032551D+02  0.14197670464970D-03 -0.17748654221149D-03 -0.41973441278508D-03
  0.29238467468999D+01 -0.29609539847797D+01  0.12595119102977D+02  0.66440147063850D-03  0.18563615105077D-03  0.41384439656909D-03
  0.30251112808681D+01 -0.48107145304484D+00  0.11810862140678D+02 -0.40632581183278D-03 -0.20312681456101D-03  0.37920871500544D-03
 -0.87004720099666D+01  0.15662889225217D+01  0.11287092019900D+02 -0.32330947317645D-03 -0.61785439302662D-05 -0.21340861660683D-03
 -0.10873314125378D+02 -0.71047505141875D-01  0.11331662440757D+02 -0.43332843250074D-03 -0.56549885335352D-04 -0.33604173614763D-03
 -0.10640067275010D+02 -0.25924608361088D+01  0.11867865107872D+02  0.15090939103998D-03  0.14025206192399D-03 -0.37697913152330D-03
 -0.83706364215558D+01 -0.37691839312065D+01  0.12436085523329D+02 -0.12354703292965D-03 -0.43076250792844D-03  0.22993981003723D-03
 -0.91872381091422D+01  0.41686388265588D+01  0.11366012102732D+02 -0.45912962800530D-03  0.39508678535078D-04 -0.39692735753658D-04
 -0.69848638176501D+01  0.31025269562607D+01  0.69869018279660D+01 -0.28965887462943D-04 -0.95737953002192D-04  0.17885450205766D-03
 -0.24571518359083D+00  0.85546195599170D+01  0.37716753569635D+01  0.81401511009470D-05 -0.38709007646496D-03 -0.33184631025175D-03
 -0.12990910029051D+02 -0.43540267314022D+01  0.11662369935116D+02 -0.25759831104645D-04 -0.77601416777913D-04 -0.53456768778510D-03
  0.21378959586850D+01  0.71144625110747D+01  0.76187462669937D+01  0.44737249856594D-03  0.88471207242176D-04 -0.28193213362117D-03
 -0.44986776829440D+01  0.68719821309106D+01  0.39357843435089D+01 -0.44338296914199D-03 -0.37887444321858D-03 -0.41486170892086D-03
  0.48806268501901D+01  0.41491660769490D+00  0.11828662661376D+02  0.14748740569751D-03 -0.48217836408517D-03 -0.68571670852019D-03
  0.27742591470702D+00 -0.56481598721239D+01  0.14194912746135D+02  0.45853248494857D-03 -0.34313280420384D-03  0.18774335318272D-03
 -0.83885801267028D+01 -0.53684855040867D+01  0.13357941464155D+02  0.28967606489684D-03  0.11886025200947D-02 -0.19112275846752D-03
 -0.12465476357102D+02  0.88980461302469D+00  0.10999265177110D+02  0.60805608204691D-03  0.47645403537074D-03 -0.11690992837094D-02
  0.19632998385133D+01  0.91160545517624D+01  0.40073210580306D+01 -0.22502943190728D-03 -0.20157068440342D-03  0.19880462501970D-03
 -0.13302442896246D+01  0.91936289846848D+01  0.15480967682194D+01  0.18679981896072D-03  0.59356431799697D-04 -0.19402175623679D-03
 -0.42116456206065D+00  0.11524276723738D+02  0.51796367485972D+00 -0.61863299215413D-03 -0.11389742269223D-03 -0.31794362047338D-03
  0.50847712855074D+01 -0.46398963924624D+01  0.12614299153171D+02 -0.18552570982990D-03 -0.12455282554062D-03 -0.11415093974080D-03
  0.49009876967019D+01 -0.69375728499292D+01  0.12184227734867D+02  0.40255048387937D-03 -0.59164909778219D-03 -0.32802787866197D-03
  0.73526912002616D+01 -0.33058498450763D+01  0.13270740839427D+02  0.26845539484702D-03 -0.10986352405392D-03 -0.20385113614270D-03
  0.95456201331178D+01 -0.44678449431894D+01  0.12059709267102D+02  0.22392413968426D-04  0.18376073460268D-04 -0.53549998778030D-03
 -0.12877459965572D+02 -0.64497829544570D+01  0.12763307075802D+02  0.11073894103536D-03  0.23406217527904D-03  0.14300822551795D-03
 -0.14868122752841D+02 -0.33684955771932D+01  0.10539737810426D+02 -0.30880710975975D-03  0.20405798360637D-04 -0.34944590976952D-03
 -0.16917272474792D+02 -0.51834075801867D+01  0.10434940313966D+02 -0.33490751264742D-03  0.51995716405747D-04  0.82370920644849D-04
 -0.74280264073508D+01  0.53122547809671D+01  0.13062495411759D+02  0.41463904730474D-05  0.25012322943500D-03  0.44196066698112D-03
 -0.85554348127307D+01  0.35246662082770D+01  0.50463127671072D+01  0.22397148179324D-03 -0.26280490146960D-04  0.92511948526678D-04
 -0.16147606661267D+02 -0.68695932035929D+01  0.11044024082693D+02 -0.14973872369295D-04 -0.56270375776171D-03 -0.62185780986818D-03
 -0.17766141642450D+02 -0.52198992413596D+01  0.86755755618456D+01 -0.12186930267008D-02  0.39718991312926D-03  0.37730303330572D-03
 -0.18672052011801D+02 -0.42920253574883D+01  0.11687630165887D+02 -0.37786091908153D-04  0.96393172140456D-03  0.39047996936759D-03
  0.95559944126181D+01 -0.64921086320314D+01  0.12694380683000D+02 -0.39425590810028D-03 -0.83559992995608D-05  0.10335854913881D-03
  0.11277374573548D+02 -0.36443519919610D+01  0.12447373422404D+02  0.13246199436070D-03 -0.74330956596794D-03  0.14078087775690D-03
  0.92631746140510D+01 -0.43850133971448D+01  0.10060171144713D+02  0.75666967052175D-03  0.23861441377537D-03 -0.23317647614731D-03
 -0.91117469728949D+01  0.55203627583877D+01  0.55721572348325D+01 -0.90415152487231D-04  0.63855814400178D-04 -0.49740116922925D-03
 -0.10275963980853D+02  0.24030193886380D+01  0.53948029324445D+01  0.44213374550128D-03 -0.68351580998103D-03 -0.48404960984432D-03
 -0.75684780304252D+01  0.31704577441135D+01  0.33372311291984D+01  0.12471187633309D-03 -0.62377737008916D-03 -0.34235302003411D-03
 -0.61665512880042D+01  0.37693753203619D+01  0.13841433883643D+02  0.19342459622190D-03  0.77569200484598D-03  0.56485264724951D-03
 -0.88094466410880D+01  0.57685545558977D+01  0.14562126148361D+02 -0.20725271830763D-03  0.71974928876418D-04  0.79696300640605D-03
 -0.64034050381199D+01  0.69830564738891D+01  0.12309337869032D+02 -0.43514195870506D-03 -0.45803178833696D-03  0.13813076385375D-03
  0.67652970802429D+00  0.10889523064876D+02 -0.10363350092907D+01 -0.38823658979059D-03 -0.12768508877762D-02  0.34914562995437D-03
  0.69399964687019D+00  0.12633077286894D+02  0.17618944862545D+01  0.34008036338626D-04 -0.24672939060635D-04  0.85118898153180D-04
 -0.19279832929240D+01  0.12821655825901D+02  0.11029027256040D+00  0.29671265130443D-03  0.10078724782926D-02  0.14486936855107D-03
