   -0.03684770
    0.13468041
   -0.00296523
    0.09092772
   -0.02441427
   -0.01484605
    0.01954796
   -0.00117819
    0.09910785
   -0.26567515
    0.00157726
    0.10042753
   -0.28773963
    0.10290746
   -0.01343254
   -0.00396770
   -0.01878518
    0.13421910
   -0.01707205
    0.01133821
   -0.01178839
   -0.34150750
   -0.35542911
    0.38614651
    0.37467152
    0.12832446
    0.09682666
    0.11405370
    0.11933318
    0.13893913
    0.12675323
   -0.50941103
   -0.38332873
    0.01549068
    0.36779011
   -0.48622388
   -0.37971306
    0.00155771
   -0.49884620
   -0.37582681
    0.01888353
    0.00948550
    0.01722556
    0.07642972
    0.07717984
    0.12074625
    0.15084798
    0.11440074
    0.09234462
    0.07387471
    0.07083903
    0.09000229
    0.07416629
    0.07419195
    0.08298565
    0.09662093
    0.08100816
    0.14314530
   -0.02960393
    0.13833428
    0.01682453
    0.09002599
   -0.02711934
   -0.00177780
    0.03709873
    0.00155978
    0.09473843
   -0.27888202
    0.01604499
    0.10061587
   -0.27039091
    0.09598900
   -0.02791160
    0.00656011
   -0.02184128
    0.14000646
   -0.02692302
    0.00024023
   -0.02192140
   -0.35926280
   -0.34251534
    0.41096734
    0.37836247
    0.11023349
    0.12094489
    0.10476598
    0.14234737
    0.13026233
    0.11362012
   -0.50589194
   -0.40276754
    0.02968598
    0.40730609
   -0.50920668
   -0.39884088
    0.02480106
   -0.49631552
   -0.40034678
    0.02761655
    0.03548707
    0.02279345
    0.08758985
    0.09510106
    0.09041433
    0.09819879
    0.08534938
    0.12894903
    0.08294679
    0.08101083
    0.06889339
    0.07868168
    0.06929289
    0.06945877
    0.09743519
    0.08705403
    0.10391016
