$coord
        1.61061487064328        0.80740119802530       -1.38720261571285      C
       -0.14008205823254        1.92412326353962        0.25699366200271      C
        0.76268094687010        2.40920187238973        2.77267882587121      C
        2.76403374777328        1.04181328770834        3.80664741348704      C
        4.39623356850491       -0.39419004699351        2.18963409616443      C
        3.86870573667147       -0.36240581310432       -0.41730808730053      C
       -0.89563163295751        3.61608957000511        4.46672523696865      C
       -0.63644172237883        3.27240959702740        7.06308910329827      C
        1.66049273674596        2.12130495555591        7.87695570059529      C
        3.28782594217233        0.98484258851861        6.26509560384898      N
       -2.75022684084280        5.30009791886888        3.70091282353226      C
       -4.55536316692457        6.27397643800941        5.55699394742138      C
       -4.59132115498660        5.49674384393982        8.11072366630164      N
       -2.46907056395592        4.27819392172577        8.75990337254888      C
       -2.13350639876885        3.61919349115496       11.44879822583150      C
        0.17304055128092        2.40884412280789       12.21726246459096      C
        2.00618834267283        1.96912539320543       10.44374106032063      C
       -2.84943507299362        6.89612154478378        1.50203069051717      C
       -4.82214818110491        8.38360510381581        0.79684742151411      C
       -6.84743966062567        8.83350503030616        2.39493624772251      C
       -6.67856266160593        7.87180955153623        4.87992350766630      C
       -0.72190531048984        7.22535604138237       -0.25435656170260      O
       -2.65561888357184        2.57746342107141       -0.24853312091695      O
        5.88577113505924       -0.99853223222374       -2.20255136725929      C
       -8.95669364658312       10.62493929501500        2.16010507384000      C
        6.39360757906481       -0.63640906415817        2.74103484713626      H
        1.22300829130852        0.72609183049024       -3.41202302360568      H
        3.81559311100850        1.20648043829093       10.98371637448404      H
       -3.67355449194852        3.53676973568836       12.73724093290257      H
       -8.22935063314416        8.28154676770122        6.03628929960168      H
       -4.58426946878828        9.75819962764411       -0.60157230683298      H
        7.73693498084231       -2.14125159714197       -1.47754403822445      O
        5.75872061849418       -0.36666178342315       -4.65932133289453      O
        7.88701093766806       -1.03415560975968       -5.84742538770662      C
        1.13028900877411        2.04345811067484       14.86554533044935      C
        0.20931941543920        0.40133007644843       16.18535585852303      O
        2.94323992255369        3.70311606793529       15.70450499461091      O
        3.28646669568011        2.95620593850319       18.23732256127590      C
       -9.69378078548035       11.10986843546628        0.06339583158946      O
      -10.04393375208350       11.80151646231600        4.17283288828713      O
      -11.72030563885958       13.59238897581056        3.31103194025777      C
        1.60665804754192        8.10672436612188        0.87841890665877      C
       -3.51136482585505        1.98759119742109       -2.76275063019994      C
      -12.61392171660311       13.06339676404621        1.52056349002127      H
      -10.77364324727417       15.39953172323080        2.67588669383531      H
      -13.02261178855355       14.26656225777279        4.78416183057304      H
        4.91293525802911        3.94854214895683       18.99340408065818      H
        3.74557012555982        0.97602073838726       18.25161817414139      H
        1.67120433287997        3.50209972363776       19.39526182157361      H
       -2.65919250982460        3.07698498650228       -4.34531361605046      H
       -5.47062563664317        1.90035386027516       -2.65032707954945      H
       -2.97257401275626       -0.04854568160654       -2.88695734098216      H
        2.58219138568854        9.16728340724935       -0.54454849279778      H
        2.66041434015052        6.36797497891022        1.45895105906407      H
        1.02525673605531        9.47733506520435        2.50342698706711      H
        8.74096772948682       -2.60699001353601       -4.90161618729389      H
        9.08212113065669        0.56832660004503       -5.84959619524799      H
        7.39332367753618       -1.47228558403767       -7.96891470466689      H
        0.61649411368234       -4.46022996622741        3.36122619692637      C
       -0.09524045956838       -4.02017136677885        5.92159162204859      C
       -2.74534352307889       -3.30356223332043        6.22467900321659      C
       -4.16325402699983       -2.62442019221943        4.03486380832044      C
       -3.38773477318754       -3.46346439889306        1.61344372625056      C
       -1.15746830253891       -4.54895887434991        1.27927845605001      C
       -4.00080581072834       -3.23661779533664        8.66507244053571      C
       -6.04402736327058       -1.45887841749566        8.80866278161067      C
       -7.17473323370921       -0.52852229611493        6.61883429985765      C
       -6.41164250532661       -1.25798144684241        4.21268295590179      N
       -3.32886403690501       -4.46693327403863       10.96594232310962      C
       -4.14080229821929       -3.30877210319635       13.28292180090359      C
       -5.98620339754113       -1.54355346148304       13.38297754268904      N
       -6.97402062544441       -0.69556828638093       11.20819747812117      C
       -8.71998517778578        1.21704035673291       11.37931357506947      C
       -9.71638786964994        2.54258592459798        9.21424445432120      C
       -9.02948824335638        1.36378057349182        6.93349169031540      C
       -1.83302228598807       -6.70862546757007       11.18883813580455      C
       -0.77939373927204       -7.61226764280196       13.41432632530781      C
       -1.54815751600430       -6.35512169068077       15.61019583766098      C
       -3.23123887589726       -4.26932508509702       15.47738499276019      C
       -1.00010631742774       -8.07711105967227        9.08675475153166      O
        1.49985900872351       -4.43378014546990        7.96942132462249      O
       -0.40473621811838       -5.23659518961999       -1.42140195168104      C
       -0.78956916733948       -7.41377121697798       18.21144515935426      C
       -4.58510814377590       -2.92891722174429       -0.01421029438147      H
        2.31572689593256       -5.35941008410971        2.80286992843376      H
       -9.94294095005976        1.93551294874153        5.23897399487245      H
       -8.92260930747745        1.92011956907707       13.34355445534676      H
       -4.22902701206646       -3.64069435298867       17.23251068085978      H
        0.32622797781344       -9.33703826230770       13.60001842394768      H
       -1.96203430518867       -4.37221984952163       -3.01170076680843      O
        1.64562243579207       -6.88546697306762       -1.78197533270873      O
        1.67627067272780       -7.56062759810476       -4.30204531056835      C
      -11.42824219510745        4.85293522840261        9.00555992260107      C
      -13.06450394283528        5.02250164659740       10.55063512827959      O
      -11.01909409723601        6.36204681968036        6.96569569523668      O
      -13.11690349054486        7.82206834137374        6.51130770442018      C
        0.11031839329780       -9.52396636308685       18.54388461325101      O
       -1.25585182215765       -5.87364304008467       20.12471175190947      O
       -0.69124886702428       -6.93690823248746       22.44161351340792      C
       -2.81777488579283       -9.32447168732676        7.59585391415507      C
        4.03145751525703       -5.28318547427266        7.25111658501321      C
       -0.72511968945420       -5.37651899804114       23.62538586915648      H
        1.18032997810463       -7.92487674213262       22.43424403688726      H
       -2.09600117662925       -8.07561390645057       23.52391147487152      H
      -12.60359612678152        9.75541639800162        6.03595886985880      H
      -14.20271086290358        8.25995244919147        8.29556597409736      H
      -14.16757947879099        6.78891648582690        4.90987407727486      H
        3.55120970681240       -7.19160181016794        6.93692539767571      H
        5.18007999890745       -5.26864930065785        8.91356776428424      H
        4.41405931630844       -3.91327421379206        5.79193838065777      H
       -4.07571415195431       -7.88304385863540        6.77132285731943      H
       -3.94273906516738      -10.73566204662236        8.57472996089678      H
       -1.70393769845334      -10.53707999805579        6.16822871928102      H
       -0.19156886947265       -7.98072950630245       -5.03954876335550      H
        2.84288069945509       -9.15206559454264       -4.39166266181131      H
        2.16801957275777       -5.81141552281680       -5.39977680651640      H
$end
