 -1.0
 -0.46541762948490D+01  0.31284716712682D+01  0.14945789872254D+00 -0.37757813528123D-03  0.70182583408824D-04 -0.13959184875240D-03
 -0.31801284241834D+01  0.78988295588044D+00 -0.40170444953711D+00  0.27783608698647D-04  0.56132196862169D-03 -0.97777865612687D-04
 -0.15896113544650D+01 -0.43357921334560D+00  0.14953475603610D+01  0.50619915416096D-03 -0.23183039029829D-03 -0.25728094619604D-03
 -0.29756685902241D+00  0.14864498873386D+01  0.26794082412717D+01  0.28946013360557D-03  0.28174199843574D-03  0.22851978980538D-03
 -0.11311128192940D+01  0.40963889698611D+01  0.29146271646236D+01  0.22534426579955D-03  0.40774085112101D-03 -0.55408423804608D-04
 -0.34629314981770D+01  0.49533197782306D+01  0.20474527787989D+01 -0.49617967131467D-03  0.11225675695360D-03  0.14765489914404D-04
 -0.72379424314595D+00 -0.28754940928668D+01  0.15513872904233D+01 -0.57920908918660D-03 -0.10370782096918D-03  0.14385238714172D-03
  0.17130138314831D+01 -0.34430908655662D+01  0.23196334262921D+01  0.36949237403361D-03 -0.49385118457384D-03  0.80116932084881D-04
  0.28088122393955D+01 -0.15630213105010D+01  0.39702110127021D+01  0.45348678295111D-03 -0.95869093292367D-04 -0.33155583442686D-05
  0.18943821405040D+01  0.85356147405445D+00  0.38293394026867D+01 -0.30558689885573D-03 -0.63590115963108D-03 -0.13633673078848D-03
 -0.19276638404325D+01 -0.53433145386290D+01  0.50637409194281D+00 -0.15170991067100D-03 -0.13001268061105D-03 -0.28099881009462D-03
 -0.53890044115971D+00 -0.75624728550605D+01  0.69666744281069D-01  0.16454899496470D-03 -0.17026215768593D-04 -0.10558593821798D-03
  0.18563749096978D+01 -0.77056711250407D+01  0.49472442929920D+00 -0.38643895420895D-03  0.20784710527293D-03 -0.35185737417809D-04
  0.29798592958194D+01 -0.57674527233464D+01  0.20048798556317D+01 -0.73469502848651D-03  0.28410536630687D-03  0.11131252593203D-03
  0.55785259204106D+01 -0.61156814470117D+01  0.29028847730745D+01  0.14161314734221D-03 -0.24467733823329D-03  0.30337125095908D-03
  0.68115731875400D+01 -0.41242094622278D+01  0.44884487037808D+01  0.27625642702885D-03 -0.90669911682910D-04 -0.17790435590507D-03
  0.52797043412172D+01 -0.19718580258457D+01  0.50389961803703D+01 -0.19957857247911D-04  0.35061341952103D-03  0.19835231949533D-03
 -0.45069310901693D+01 -0.52265567741962D+01 -0.60739632378227D+00  0.37647037208498D-03 -0.28471383266651D-03  0.89668261417312D-04
 -0.53308873175614D+01 -0.70162335773650D+01 -0.24066478649243D+01 -0.92249359528235D-03 -0.28923913455560D-03  0.62461546352604D-04
 -0.39248309814735D+01 -0.92393513331829D+01 -0.31864610349063D+01 -0.25066198315173D-03  0.62824789723985D-04  0.21077630653800D-03
 -0.15959738081294D+01 -0.94546356620623D+01 -0.16732271422847D+01  0.19308338578893D-03 -0.94260969153849D-04 -0.10611000286581D-03
 -0.63017484621445D+01 -0.34798441465267D+01  0.11434740317583D+00 -0.41635065825701D-03 -0.60422808335412D-03 -0.19685800757871D-03
 -0.38320064843257D+01 -0.71982879456193D+00 -0.26833006641488D+01  0.50270847474826D-03  0.27333264549363D-03  0.33639428793534D-03
 -0.44207376764543D+01  0.76246064045592D+01  0.25801303417963D+01  0.89990281519444D-03  0.23572360133720D-03 -0.58837009732244D-03
 -0.43496168810045D+01 -0.11655940896083D+02 -0.49111132510651D+01  0.26191099487366D-03  0.50085273229810D-03 -0.80392138018958D-03
 -0.78148569276856D-01  0.52694081519836D+01  0.44323644148133D+01  0.78500123808955D-03  0.77666405246682D-03  0.16240769067959D-02
 -0.64252001445954D+01  0.37674559261940D+01 -0.75085867464259D+00 -0.53343450517399D-03 -0.90953513081891D-03  0.83976638484705D-03
  0.65208555597171D+01 -0.24319285242872D+00  0.51254435477824D+01  0.63420918794081D-03  0.14031361713627D-03  0.15221310846346D-03
  0.68351290366738D+01 -0.69860108349724D+01  0.13931308069130D+01  0.17118433775898D-03 -0.56601982510040D-03  0.26389928768683D-03
 -0.32641609893978D+00 -0.10919458502081D+02 -0.21198152133405D+01  0.74910031555289D-03  0.49243113263314D-03  0.64144495453428D-04
 -0.69487801064443D+01 -0.67340328228581D+01 -0.32898570817542D+01  0.21961617580466D-03 -0.99382918517405D-04  0.60477704353363D-03
 -0.65040667193651D+01  0.84096519919227D+01  0.20082791199664D+01 -0.32638128546711D-03 -0.23828376597308D-03  0.93787207496901D-04
 -0.24989452722232D+01  0.94204924332148D+01  0.34685556254104D+01 -0.63860905651736D-04  0.13241535998190D-03 -0.33200476874591D-03
 -0.34741570066426D+01  0.11742054614113D+02  0.35628776771980D+01  0.95737108925217D-04 -0.32060547555130D-03 -0.52658402188076D-04
  0.95518891229400D+01 -0.39818225342579D+01  0.46192084288859D+01 -0.96133211549044D-04 -0.49331872238213D-04  0.39698037018351D-03
  0.10931985548290D+02 -0.24744975448188D+01  0.33613086786389D+01 -0.18329552192846D-03  0.17647685007606D-03 -0.38156062808663D-04
  0.10457712874539D+02 -0.53680155431613D+01  0.65445173654476D+01 -0.80568582428368D-03  0.30136237521120D-03  0.12507799797692D-03
  0.12999520560419D+02 -0.49514852570049D+01  0.69501913035788D+01  0.27211022896297D-03  0.17786312536842D-03 -0.16509922114921D-04
 -0.62754158623116D+01 -0.13114320472273D+02 -0.47869340742154D+01  0.30878901690458D-03  0.34224313955246D-03 -0.37106816325029D-03
 -0.23380526185645D+01 -0.12254623638098D+02 -0.61624745003880D+01  0.13390714962458D-03  0.12802445722070D-03  0.37618472317825D-04
 -0.29599061046330D+01 -0.14535339200645D+02 -0.74531098143774D+01  0.34921462327851D-03  0.21673186125535D-03  0.55936680341520D-03
 -0.66854595052069D+01 -0.31295057495334D+01  0.27319328135984D+01 -0.10183081920649D-02  0.73182500730897D-04 -0.20277314811878D-03
 -0.48930244442240D+01  0.21050480832373D+00 -0.50160468821693D+01 -0.21635363071837D-03 -0.93766542080341D-03 -0.32983763887070D-03
 -0.34117974416858D+01 -0.14049564442115D+02 -0.93087624147147D+01  0.43046734161388D-03  0.20835027915033D-03 -0.35033688154795D-03
 -0.42837799475399D+01 -0.15720873972151D+02 -0.67496982905656D+01 -0.79801627340731D-03 -0.42957699917845D-03 -0.30494143238736D-03
 -0.13283678149508D+01 -0.15718651777799D+02 -0.73686032918421D+01 -0.16846120362255D-03  0.36446614491928D-03 -0.34030127703895D-03
  0.13973548446038D+02 -0.56553787687811D+01  0.88037829851970D+01  0.14366736430680D-03 -0.38411979611270D-03  0.45592033133607D-03
  0.12891492474384D+02 -0.28511522466786D+01  0.70636050978111D+01  0.82881753091892D-03  0.11007849763055D-02 -0.51873848683664D-03
  0.14096939462956D+02 -0.55321915551438D+01  0.52771033113376D+01  0.35024813671073D-03 -0.12904275382788D-02  0.95187517892322D-04
 -0.66926579283710D+01  0.14444647737857D+01 -0.43528324818126D+01 -0.15018789674007D-03  0.99699490579471D-03 -0.18236521252979D-03
 -0.51013573255592D+01 -0.16253766057294D+01 -0.59357594954187D+01 -0.14343170348493D-03 -0.65219279574112D-03 -0.11574897263779D-03
 -0.32469630277283D+01  0.12703205051082D+01 -0.54241945834854D+01  0.35104843183108D-04 -0.62240215065742D-03  0.35732965964290D-03
 -0.80411005523833D+01 -0.18025045834648D+01  0.32144477851319D+01 -0.64512725108564D-03 -0.47855974745114D-03  0.22308384648421D-03
 -0.48421170000170D+01 -0.26167554732791D+01  0.36046452797442D+01 -0.67338197631876D-03 -0.12396709113444D-02  0.41511134950326D-04
 -0.69942709499539D+01 -0.46890452792850D+01  0.36786217111575D+01 -0.43946336799478D-03  0.31152101855985D-03  0.39385379336142D-03
 -0.21666882234489D+01  0.13108689090463D+02  0.27222964873544D+01  0.41413238696510D-03  0.75217857537336D-03 -0.11950846858145D-02
 -0.37833235491264D+01  0.12142493710800D+02  0.55640796374927D+01  0.36521105047884D-03 -0.25253497591518D-03  0.72170654387879D-03
 -0.50536227521368D+01  0.12061588895774D+02  0.22723923754846D+01 -0.67619454543312D-03  0.30535578812437D-04 -0.75279322731599D-03
 -0.93509089556674D+01  0.53581466037667D+01  0.87330235067516D+01 -0.94767132973297D-03 -0.94383759204181D-04 -0.53174295612158D-03
 -0.75559858851176D+01  0.52565162784802D+01  0.10558519346550D+02  0.11864721137868D-04  0.75895112539066D-03 -0.22160954215015D-03
 -0.57979121109574D+01  0.31307118306825D+01  0.98439266625096D+01 -0.31993505415372D-03 -0.20906384359624D-04  0.40375127160221D-03
 -0.58569983678848D+01  0.15434934136538D+01  0.78345724035834D+01 -0.28766409754878D-03 -0.49640402397063D-03 -0.44478885482931D-03
 -0.71946722941673D+01  0.24115674122276D+01  0.58677124320656D+01  0.41507482672813D-04 -0.56342432315116D-03 -0.39512312165595D-03
 -0.91607194113380D+01  0.44297204360836D+01  0.63963754822792D+01  0.19262883203778D-03 -0.34307430722676D-04  0.30530225630941D-03
 -0.37636590234296D+01  0.26809362349396D+01  0.11636492674840D+02  0.37671532884257D-03 -0.40102738170921D-04 -0.37787189794853D-03
 -0.29893478318826D+01  0.26902578215721D+00  0.11869776290121D+02 -0.44205780266151D-03  0.87092532100475D-04  0.48844505654847D-03
 -0.30687761589151D+01 -0.14469161368867D+01  0.96618417830326D+01 -0.77782304739082D-05 -0.35799816589529D-03  0.30217352876659D-03
 -0.44778952632214D+01 -0.76821247516891D+00  0.75640670750393D+01  0.50200413247080D-03  0.34067350440230D-03 -0.39747891796245D-03
 -0.25928412165304D+01  0.47562731844445D+01  0.13231260938109D+02 -0.30860021770507D-03 -0.48787602545082D-03  0.34875038624373D-03
 -0.13752304867088D+01  0.37374602373618D+01  0.15536963538695D+02 -0.31643112584055D-03  0.24444942794389D-03 -0.34337085043663D-03
 -0.75146014140795D+00  0.13610993219560D+01  0.15838343689481D+02 -0.31037230325638D-04  0.37307571087050D-03  0.32784110985024D-04
 -0.13640159648267D+01 -0.34442248394276D+00  0.13855381839085D+02  0.21906436827597D-04 -0.14699624035885D-03 -0.46168591708179D-04
 -0.25519937705374D+00 -0.26351934180403D+01  0.14087469049643D+02 -0.22925008631334D-03 -0.22997766469399D-03  0.11385934073942D-03
 -0.54453411051708D+00 -0.43183338452575D+01  0.12123994763363D+02 -0.47879153317844D-03  0.71824055677551D-03 -0.79280137055598D-03
 -0.19878144988045D+01 -0.38806135202489D+01  0.10096164353936D+02 -0.56881199829378D-04 -0.34293563644759D-05 -0.29987123297975D-03
 -0.29398226543533D+01  0.75451921770126D+01  0.13205040723084D+02  0.46478403892729D-03 -0.13391126718713D-03  0.63863978090378D-03
 -0.27909061607836D+01  0.85911193719821D+01  0.15717200580796D+02  0.36020769519825D-03 -0.24721050500719D-03 -0.16119528557472D-03
 -0.93152208044169D+00  0.76988179694962D+01  0.17383507645843D+02 -0.41225958263256D-03  0.17014247500637D-04 -0.42220180622651D-03
 -0.78559693588585D+00  0.50643154567756D+01  0.17582080765087D+02  0.18660941329506D-03  0.29068343291165D-03  0.16320461799196D-03
 -0.35636315647324D+01  0.91822213272516D+01  0.11266417108394D+02 -0.16386474484538D-03  0.21289648958270D-04  0.58121310226614D-03
 -0.79530756756324D+01  0.72133760275520D+01  0.12293714921950D+02  0.39939810055456D-04  0.15983830141611D-03 -0.99324168913317D-04
 -0.10718113401855D+02  0.55892192235262D+01  0.43430568856383D+01 -0.55159306684553D-03  0.50244865623500D-03 -0.71428766443653D-03
 -0.38818229152930D+00  0.92127239106737D+01  0.19818195238082D+02  0.12212721313604D-03 -0.35121156934242D-03  0.70651833337893D-03
 -0.70987885397910D+01  0.19686418949326D+01  0.39584153681186D+01  0.26394899148492D-03 -0.16110818856056D-04  0.92255685505380D-03
 -0.10567540903194D+02  0.70389716392318D+01  0.87551040350284D+01 -0.13549252775117D-03  0.18024147383885D-03  0.60744751026217D-03
 -0.24044720392343D+01 -0.51802329891229D+01  0.87432671957921D+01  0.17037893606748D-02  0.69486693199496D-03  0.70446275265627D-03
  0.75841461727070D+00 -0.30245367239210D+01  0.15675794337283D+02  0.90186521322089D-03 -0.28448830765324D-03  0.44033637467409D-03
  0.26647134922580D+00  0.40871075665253D+01  0.18969996860586D+02  0.22977101935583D-04  0.30367540695781D-04  0.22242341973230D-03
 -0.41538684601447D+01  0.10464535066522D+02  0.15451528274315D+02 -0.99915110598925D-03 -0.15049107515450D-03  0.32649670082317D-04
 -0.10489961803192D+02  0.47594766542112D+01  0.22281061844021D+01  0.24455144912105D-03 -0.34727461170860D-03  0.23037345074909D-04
 -0.12629022978379D+02  0.67551741353492D+01  0.54173058745811D+01  0.11082931461007D-03  0.29717222769223D-04  0.10357854037585D-03
 -0.14255085190088D+02  0.72081658676182D+01  0.34998416981488D+01  0.68764434004317D-03 -0.77395532720886D-05 -0.71462807947435D-03
  0.96566144299702D+00 -0.66881526987071D+01  0.12052879992959D+02  0.58029285802069D-04  0.48555063222136D-03  0.71226295701127D-05
  0.62160030943678D+00 -0.83414049858121D+01  0.10601044561608D+02  0.13126113412270D-04 -0.11154983086798D-03  0.21963829529841D-03
  0.31998052332153D+01 -0.65097174720843D+01  0.13643789823383D+02  0.42262506913489D-03  0.14453908917695D-04 -0.55454101655710D-05
  0.52050375375659D+01 -0.81328214522123D+01  0.12936776831771D+02  0.13962003283645D-03 -0.13343541119908D-03  0.94664416088367D-04
 -0.70927197858456D+00  0.83554514926142D+01  0.21912944287095D+02  0.25720575595554D-03  0.13006203131144D-04  0.27893490493362D-03
  0.36235144790741D+00  0.11755128341972D+02  0.19331283560455D+02  0.66551531017867D-05  0.33360867572688D-03  0.22156880382195D-03
 -0.15775089496476D+01  0.13256879085807D+02  0.20476741092819D+02  0.33290448020304D-03  0.27643193307341D-03 -0.80537254458920D-03
 -0.26922950375453D+01  0.79196105150952D+01  0.92549265054966D+01 -0.77252711005916D-04  0.29537411174682D-03  0.26387285318181D-03
 -0.10289039104081D+02  0.74172337185449D+01  0.13419576953667D+02  0.39309795742309D-03 -0.63203996454867D-04 -0.15669196365566D-03
 -0.35463407398315D+01  0.12652753991767D+02  0.19752294257458D+02  0.74890382145075D-03 -0.47166795300489D-03  0.58500223200580D-03
 -0.68258736163558D+00  0.15108597774190D+02  0.19675446425191D+02  0.90868940009941D-03 -0.14478414418120D-02  0.15541436007356D-03
 -0.18339280612477D+01  0.12975485324207D+02  0.22602774474094D+02 -0.31275536599576D-03 -0.16501754619324D-03  0.52722727074016D-03
  0.55980823810542D+01 -0.94589778296938D+01  0.14419655308895D+02  0.32195852468112D-03  0.56469270254477D-03  0.55014754033645D-04
  0.67746364304375D+01 -0.69882362067435D+01  0.12320116738301D+02 -0.11639041660225D-02  0.17089956324259D-03 -0.82447460222796D-03
  0.45948105721807D+01 -0.90477130599674D+01  0.11093186958749D+02  0.25631663610089D-03 -0.54783037620531D-03 -0.66401624693559D-03
 -0.11019087431746D+02  0.91157508469881D+01  0.14294485545384D+02  0.25632830158228D-05  0.11124998256083D-02 -0.73069623891798D-04
 -0.10406102246651D+02  0.57044513659643D+01  0.14502391684292D+02 -0.37167600821052D-04  0.26354828263378D-03 -0.10317938577429D-02
 -0.11448843243953D+02  0.70018736320096D+01  0.11820866654157D+02  0.10705768689755D-02  0.13184018774540D-03  0.58326718310010D-03
 -0.20680218413670D+01  0.94558297190967D+01  0.80700270839666D+01 -0.12863826862566D-02 -0.20242622083889D-03 -0.43926334663648D-03
 -0.42168260673620D+01  0.74769930207714D+01  0.79515519142922D+01  0.82444388286118D-03 -0.25761226577754D-03  0.44521782052565D-03
 -0.13050768299342D+01  0.62171228249729D+01  0.95423033316358D+01  0.37617643231828D-03 -0.90354084472612D-03  0.82523377023894D-03
 -0.16131708349378D+02  0.69989071053268D+01  0.42309145517972D+01 -0.52212031068185D-03 -0.38602437815173D-03  0.10208812705730D-03
 -0.13741759938483D+02  0.56013197347894D+01  0.23636862182557D+01 -0.41286440615591D-04 -0.45592897719133D-03  0.24412119784497D-02
 -0.14108230204995D+02  0.90428649385132D+01  0.26326202754025D+01 -0.32825789021514D-03 -0.25461620743027D-03  0.51105583841324D-03
