 -1.0
 -0.82965816745064D+01 -0.38164881660284D+01  0.10365285649463D+01 -0.13320171992298D-03  0.63686321225423D-04 -0.54608331711125D-03
 -0.57343132502898D+01 -0.44589524903691D+01  0.18644068117897D+01  0.81611691878306D-04  0.56152480347444D-03 -0.37281768105218D-03
 -0.43719666564874D+01 -0.30684605998981D+01  0.35456358523556D+01 -0.21840965098166D-03 -0.35355128548828D-03 -0.25707192227710D-03
 -0.53322550395222D+01 -0.61594157065278D+00  0.40289181966968D+01 -0.68160837514708D-04 -0.17008357796323D-03 -0.39208940076837D-03
 -0.76965690050091D+01 -0.51895725272934D-01  0.31034871735677D+01  0.24924416296682D-03 -0.15226407861001D-03  0.16491524640400D-03
 -0.92340019182985D+01 -0.15666783716413D+01  0.16656976377029D+01  0.53117800882884D-03 -0.55108595141456D-03 -0.13226176370454D-04
 -0.18200348976857D+01 -0.36265708357270D+01  0.46284595845594D+01  0.52588073348270D-04  0.90805614655530D-04  0.28484261114380D-03
 -0.99199052891116D-01 -0.15295631309255D+01  0.45271437093684D+01  0.19719805927903D-03  0.74960095003318D-04 -0.37744896824559D-04
 -0.10338915007637D+01  0.99958628928522D+00  0.44507500272531D+01 -0.96235023575465D-03  0.63927025140547D-04 -0.78749639101561D-04
 -0.36766679205896D+01  0.12330354198429D+01  0.45331280084462D+01 -0.16519064461870D-03 -0.30905027759232D-03 -0.20682181954660D-03
 -0.72668265536165D+00 -0.59895018658283D+01  0.52053614550166D+01  0.26945345812596D-03 -0.33976604734364D-03  0.46489884752907D-04
  0.19508199225355D+01 -0.60757798889957D+01  0.48220675759770D+01  0.58250106277228D-03 -0.40591599129474D-04 -0.95205634247924D-03
  0.35486530714786D+01 -0.41014385023878D+01  0.49305219189737D+01 -0.30334446450747D-03 -0.47691961809628D-03 -0.31110562280307D-03
  0.23772610638808D+01 -0.19103361911330D+01  0.48929541077345D+01 -0.23392663897196D-03  0.17142766689849D-03  0.15122552511823D-03
  0.41097129000057D+01  0.23552225775773D+00  0.49628983747197D+01 -0.61610837642127D-03  0.54362877500141D-03  0.24268263365713D-03
  0.32347818748692D+01  0.25821736966419D+01  0.42664854228533D+01  0.88412691334772D-04  0.37820669608968D-03 -0.11193211084265D-03
  0.74509228532529D+00  0.30684090926552D+01  0.42604286717700D+01  0.29052222099268D-03 -0.19636734202964D-03 -0.12961197781495D-04
 -0.22383348647511D+01 -0.84175699270211D+01  0.55007976382723D+01  0.49275524214425D-04  0.18793852677329D-03  0.71758832613311D-03
 -0.72023831822064D+00 -0.10707820394132D+02  0.53363757107344D+01  0.15664312022277D-03 -0.74566385724066D-04 -0.16619089785047D-04
  0.18886438116785D+01 -0.10725791850970D+02  0.49229557583382D+01 -0.12099260678615D-03  0.11303594991325D-03  0.16192646489648D-03
  0.31586704419980D+01 -0.84742930144486D+01  0.47684774961872D+01  0.29323810211009D-03 -0.11945105276537D-03  0.61539284749374D-03
 -0.48061449522496D+01 -0.82682043691511D+01  0.60327909241406D+01 -0.47956394477594D-03  0.16264465469629D-03 -0.15405731361630D-04
 -0.41862112718147D+01 -0.64160283974272D+01  0.88673399786992D+00 -0.38822100072752D-03  0.62247786881343D-03  0.96824445244223D-04
 -0.11689671387593D+02 -0.12073197397149D+01  0.88640901410807D+00  0.74587981799586D-04 -0.35328014064297D-04 -0.82315757433297D-04
  0.30779929790678D+01 -0.13246031716884D+02  0.46375039724887D+01 -0.16021527158767D-03 -0.30711776633486D-03 -0.33651123623030D-03
 -0.84654937992293D+01  0.18368197885357D+01  0.34704940951392D+01  0.24894476793047D-03  0.35914448196771D-03 -0.10991052943084D-03
 -0.92041001905226D+01 -0.49604559626089D+01 -0.43729976057945D+00 -0.24634371846951D-03  0.30354412603043D-03  0.18379267734904D-03
 -0.21518037219923D+00  0.47621899284184D+01  0.37412644506973D+01 -0.34161129432641D-03 -0.49383909529064D-03 -0.13028394198861D-02
  0.57173297564273D+01 -0.29846735847562D+00  0.60652438721049D+01 -0.27340509901070D-03 -0.26342772771740D-03  0.90840768764176D-05
  0.50728671384438D+01 -0.82942707222987D+01  0.43856425313479D+01 -0.59588901423950D-03 -0.70103569399927D-03 -0.92166016807165D-04
 -0.14561367147325D+01 -0.12648567046968D+02  0.55253598473153D+01 -0.34100505000750D-03 -0.93686229173079D-03 -0.75956312906338D-03
 -0.13537692227308D+02 -0.23098953733915D+01  0.16111772952759D+01  0.27204489454328D-03  0.93111825226973D-04  0.32340540204924D-03
 -0.12070380379962D+02  0.11332966418667D+01 -0.59167726119680D+00 -0.11307387799349D-03 -0.25285473807579D-03  0.78738954742599D-04
 -0.14590964348343D+02  0.12705008823410D+01 -0.15285932495286D+01 -0.34031296210994D-06 -0.15088179545322D-04  0.44537183569540D-03
  0.51942339732810D+01  0.46197912112167D+01  0.40979571149840D+01  0.51833630981301D-03 -0.32779846836293D-04 -0.16520617475824D-03
  0.45987208942692D+01  0.68168858439974D+01  0.39748256747220D+01  0.35504188426698D-03  0.10233597736255D-03 -0.28005837619144D-03
  0.76023359970814D+01  0.38539512496043D+01  0.37993730859422D+01  0.38876639840310D-04  0.11889698599421D-03  0.57401878318919D-03
  0.88825527607742D+01  0.60452405183790D+01  0.33620828734633D+01 -0.25903914244586D-03 -0.28589421962395D-03 -0.22309977508252D-03
  0.18406711286603D+01 -0.15130872016795D+02  0.53129685468300D+01  0.44081180413546D-03  0.51244531601991D-04  0.15767246308979D-03
  0.57912494859414D+01 -0.13227767783250D+02  0.43704314102453D+01 -0.24383113734940D-03  0.38312376771496D-03 -0.17447758504152D-03
  0.63675942970151D+01 -0.15630954284942D+02  0.55690059496344D+01 -0.25746036251449D-03  0.41976084962243D-03  0.28875466741934D-03
 -0.61401880641250D+01 -0.10425979811937D+02  0.52504617573601D+01 -0.17085918175440D-04  0.32511383317518D-03 -0.13604679453851D-02
 -0.48352050038524D+01 -0.75210212743499D+01 -0.15462806343939D+01  0.11615861443172D-03 -0.41776842557118D-03  0.53543378790963D-04
  0.50923328005369D+01 -0.17013801732689D+02  0.44600369135448D+01  0.80788001689482D-03 -0.35302441213686D-03  0.13902513239096D-02
  0.53875741086392D+01 -0.16022469179773D+02  0.73636062495979D+01 -0.40862589533735D-03 -0.43086599937797D-03  0.16006136504916D-03
  0.84316884539134D+01 -0.16017886480537D+02  0.59497520200652D+01 -0.10452588698792D-02 -0.72398054969248D-04  0.85960712109975D-03
  0.79065610554558D+01  0.72199533324379D+01  0.22021121213956D+01  0.23579443395120D-03 -0.42913656298821D-03  0.12140703016035D-02
  0.10866420783515D+02  0.56226573551328D+01  0.25275406719118D+01  0.10142782400419D-02 -0.64539201174187D-04 -0.16649658295543D-02
  0.93127937689327D+01  0.71608169269811D+01  0.52632882685072D+01  0.11331970435363D-03  0.89520114874038D-04 -0.23516332656240D-03
 -0.32241484589072D+01 -0.67482178899765D+01 -0.26818678454485D+01 -0.21483959470996D-03 -0.27691222502004D-03  0.27155918308435D-03
 -0.63980465494144D+01 -0.64785815066027D+01 -0.20187564651932D+01 -0.62751055178964D-04 -0.52268881869256D-03  0.30455236634557D-03
 -0.51345187847159D+01 -0.94864033979227D+01 -0.16083763938253D+01 -0.10524914905703D-02  0.25597188662195D-03  0.39741124840893D-03
 -0.65765616842981D+01 -0.10667642665000D+02  0.30604604348772D+01  0.38784048875101D-03 -0.37387687055420D-03 -0.76123206546719D-03
 -0.79238410558866D+01 -0.10416249476861D+02  0.66815373377804D+01  0.11124441364477D-04 -0.89386553506281D-03 -0.79727385759192D-03
 -0.54735216875786D+01 -0.11962228674226D+02  0.65830918518240D+01  0.26210040414349D-04  0.20265229814243D-03 -0.15721746610732D-03
 -0.15171115516821D+02 -0.46233438818455D+00 -0.26396431251762D+01 -0.21987104464309D-03 -0.68535919461129D-04 -0.35182149875979D-05
 -0.15259281468516D+02  0.31299656692503D+01 -0.22466403221630D+01  0.42105070785068D-03 -0.57952634458610D-03  0.38288189818111D-03
 -0.15728242977161D+02  0.98565951725042D+00  0.14673243680935D+00  0.85370967518558D-03  0.14234908207386D-03  0.66720158983224D-03
 -0.19309267248902D+01  0.10827687016305D+02  0.64261161258961D+01  0.62716599764363D-04  0.79152702995545D-03  0.55501119914781D-03
 -0.26096355879472D+01  0.83115780995791D+01  0.67354649338340D+01 -0.40637831556841D-04 -0.40581009330295D-03 -0.26076697350216D-03
 -0.15077995804652D+01  0.70956361044104D+01  0.88931266713465D+01 -0.25123933305463D-03  0.11974070307502D-03  0.57652277545358D-03
  0.80757789479592D+00  0.79428383162893D+01  0.97579824416699D+01  0.24973150149278D-03  0.21730232681239D-04 -0.23851661658828D-03
  0.15918354160728D+01  0.10455770616253D+02  0.92420187964139D+01  0.39523563798864D-04  0.14694679850888D-03  0.43141486965054D-03
  0.96464384276569D-01  0.11990411856326D+02  0.79269252307887D+01  0.28729702428700D-03 -0.43298123691405D-04  0.21867871152988D-03
 -0.23147122502840D+01  0.45452553077794D+01  0.96753231569084D+01 -0.73579698554355D-04 -0.80277027321195D-04 -0.56163736146150D-03
 -0.39986868105341D+00  0.28255373903045D+01  0.10682347588439D+02  0.93482432569314D-04 -0.13995521932651D-03  0.26274419759529D-03
  0.19162220454479D+01  0.39919681807555D+01  0.11749126853547D+02  0.46784954344580D-03 -0.42179343519313D-03  0.22763961574175D-04
  0.23294020281786D+01  0.65118874103976D+01  0.11190234167645D+02  0.60749444417730D-04  0.15024074528651D-03 -0.70596496695128D-03
 -0.49176775857187D+01  0.39760590317062D+01  0.97887495433462D+01 -0.53312773144930D-03  0.14606294066986D-03 -0.19178347405399D-03
 -0.52902754155363D+01  0.13813644095553D+01  0.96869739870870D+01 -0.22303144760176D-03  0.13624698594484D-04 -0.22280032916267D-03
 -0.33617207474174D+01 -0.26941289858042D+00  0.10072692478604D+02  0.23063338749308D-03  0.32117242104033D-03  0.21253001365538D-03
 -0.93726725862712D+00  0.34438917341487D+00  0.10755520373006D+02  0.31322937772156D-03  0.34015837290782D-03 -0.21189172812184D-03
  0.56789834512760D+00 -0.11929314310483D+01  0.12174029824498D+02  0.19676925227250D-03 -0.19138815427876D-03  0.14390642863328D-03
  0.29123541179018D+01 -0.28645419397983D+00  0.12830896590453D+02  0.32328230629172D-03  0.10364422884660D-03  0.12391632781245D-03
  0.34221754024032D+01  0.21743390947686D+01  0.12726290653570D+02 -0.47190154892472D-03 -0.36538101963426D-05  0.45595678267367D-03
 -0.71797032990774D+01  0.54072169312319D+01  0.94721361588954D+01  0.14662266166457D-03 -0.18306603547461D-03  0.87771431252239D-04
 -0.95873255603915D+01  0.42822463292983D+01  0.87928169994510D+01 -0.45610091127724D-03  0.82342862301786D-03  0.16093652852606D-03
 -0.97813560941036D+01  0.15607561882014D+01  0.87384645142068D+01  0.18268824105056D-03  0.28310835167454D-03 -0.14320465505972D-03
 -0.75230418080646D+01  0.20604802987535D+00  0.93980684096201D+01  0.41118714197390D-04 -0.19082332171766D-03  0.73880422847395D-03
 -0.67531457863006D+01  0.79529847146800D+01  0.91530159849735D+01 -0.27007141931879D-03 -0.77692071215269D-04  0.55921342636963D-05
 -0.35990985633020D+01  0.69149019199999D+01  0.47460020616287D+01 -0.27343625817160D-03  0.13559153140500D-03  0.24331238902463D-04
  0.78936132601408D+00  0.14706383768875D+02  0.76504791194201D+01  0.55159360955062D-03 -0.15536726907034D-03 -0.13487274184706D-03
 -0.11887894109275D+02  0.66574270686504D-01  0.77056824327581D+01  0.23564209328080D-03  0.19236253992160D-04  0.38392921838861D-05
  0.30029685922316D+01  0.11292915352264D+02  0.10306474311115D+02 -0.63923031117109D-03  0.85314245749951D-03 -0.51027880737893D-03
 -0.20418544716170D+01  0.11661279665470D+02  0.45166561399390D+01  0.74558993433744D-03 -0.58453679474417D-03  0.91655954694951D-04
  0.54915509073406D+01  0.23994583931531D+01  0.12529376963698D+02  0.93341382035846D-03 -0.82648188863209D-03 -0.27599167906778D-03
 -0.32650917861304D+00 -0.31411659797735D+01  0.12579288629771D+02  0.37964893490754D-03 -0.77132772705789D-03 -0.40200595286156D-03
 -0.72880776350869D+01 -0.17005673250092D+01  0.89771113796727D+01  0.85536057115312D-03  0.86999904453866D-03 -0.40198873879021D-03
 -0.11348831649226D+02  0.51308406124862D+01  0.81370437875364D+01  0.93989050818433D-04 -0.34209883967718D-03  0.65715909175776D-03
  0.26306589210856D+01  0.15604949725897D+02  0.85047954505867D+01 -0.11084423495294D-03 -0.39596556199368D-03  0.68903835434672D-03
 -0.13953828557224D+01  0.15882488360898D+02  0.66033476456349D+01 -0.27617675825048D-03  0.17831813041696D-04 -0.47850391479491D-04
 -0.68301181986969D+00  0.18330366320553D+02  0.61249696363058D+01  0.40198862048094D-03  0.34622547443163D-03  0.80343783619000D-04
  0.49427181506305D+01 -0.20341775693216D+01  0.13467951475805D+02  0.17281083279634D-03 -0.89897448437755D-03  0.32003100357719D-03
  0.69733298530321D+01 -0.10624784601987D+01  0.13610564016346D+02 -0.12440901191928D-03 -0.22217873597836D-03 -0.31715696509607D-03
  0.45897877866535D+01 -0.44987787222277D+01  0.13972516718353D+02  0.21226350106022D-03 -0.77552322321532D-04 -0.16776691302772D-03
  0.62553215022660D+01 -0.58718125767512D+01  0.15853006500672D+02 -0.20250689384163D-03  0.73111749065505D-03  0.38056386148189D-03
 -0.13554325605204D+02  0.11178892118739D+01  0.65547757550940D+01  0.68057407574483D-04 -0.40607059003264D-03  0.96727998071725D-04
 -0.11569296623191D+02 -0.23782000813544D+01  0.81820809767025D+01 -0.39984998286982D-03  0.44587001647036D-03 -0.70970186917203D-04
 -0.13768446687101D+02 -0.36660763605220D+01  0.76736679376770D+01 -0.14134080703564D-03 -0.27263867457781D-03 -0.36568792785338D-03
 -0.89139184941383D+01  0.95469800580282D+01  0.91853819528133D+01 -0.30919550292125D-03 -0.23918156380938D-04 -0.31164261926290D-03
 -0.39080852952221D+01  0.80826740564594D+01  0.22435112448708D+01 -0.15333935593736D-03  0.31284140518379D-03 -0.27507599109664D-03
 -0.14186520400362D+02 -0.36705416717451D+01  0.57834513185394D+01  0.80375977403880D-04  0.39763955001660D-03 -0.20781411010286D-03
 -0.15442918167157D+02 -0.27732004831723D+01  0.84516758569724D+01 -0.54897429420425D-04 -0.15996770822276D-02 -0.32120665925929D-03
 -0.14257285565296D+02 -0.55763767212242D+01  0.84626285622413D+01  0.20638219699017D-03 -0.31631619359427D-04  0.72768853211799D-03
  0.73708838517983D+01 -0.47750388307839D+01  0.17147647498110D+02  0.12067471005259D-02  0.16995682628181D-02  0.56749792977958D-03
  0.71477612469210D+01 -0.75043683999078D+01  0.14794583048745D+02 -0.16051016431861D-03  0.29659161104594D-03 -0.89212762653677D-03
  0.53303654089089D+01 -0.71804609565166D+01  0.17484572716570D+02  0.50950319524472D-03 -0.18414039853838D-03  0.12760638903165D-02
 -0.58114655174806D+01  0.87279890176548D+01  0.22778502658137D+01 -0.32677435555684D-03 -0.23936512760714D-03  0.23075133188280D-03
 -0.34685975178119D+01  0.67511303751517D+01  0.63155063757508D+00  0.18878478568845D-03 -0.10011989119382D-02  0.85589552443116D-03
 -0.27644814109159D+01  0.96676318018871D+01  0.16716069471642D+01  0.35775122890128D-06  0.11813707522043D-02 -0.42797810770649D-04
 -0.10413329337870D+02  0.92497106232734D+01  0.79209148539223D+01 -0.25592924359353D-03  0.83107277174297D-03 -0.10820036506189D-02
 -0.83285489794474D+01  0.11597049244742D+02  0.89450514439711D+01 -0.13196778066269D-03 -0.57647037173650D-03  0.10786695932554D-02
 -0.98547261147817D+01  0.96178971727813D+01  0.11042940061241D+02 -0.81729415637739D-03 -0.26155122580391D-03 -0.85374201419686D-04
  0.24363323989870D+00  0.19058026069918D+02  0.77169438403470D+01 -0.10568827673975D-02 -0.22612380565088D-03 -0.15060644227577D-03
 -0.20150405293738D+01  0.19874681649493D+02  0.53724062937213D+01 -0.13291188754661D-03  0.10035427387922D-02 -0.10808794503087D-02
  0.44298795447038D+00  0.18182480702122D+02  0.41534644910916D+01  0.60204283021150D-03 -0.35780156902535D-03  0.85084403819918D-04
