$coord
        0.95061265137609        0.87181534698138       -0.53070511836029      C
       -0.35149809861876        2.43182484344385        1.15004063691015      C
        0.62112444692557        2.30641518096054        3.74504031600068      C
        2.40646834128864        0.35166060917097        4.40296790042891      C
        3.66797095060612       -1.18059739348786        2.62105871216135      C
        2.85412828660289       -0.72374847070079        0.13894954248920      C
       -0.24338970068967        4.02351117325612        5.56822755444348      C
        0.12840494856448        3.21293497276755        8.14660057415302      C
        1.84996869535900        1.14669838545285        8.60143545460657      C
        3.01939736036977       -0.21426714062087        6.88208964891097      N
       -1.85591191476959        6.38170629887356        5.30490899236618      C
       -3.28600470563598        7.16453576252105        7.56081433250684      C
       -2.80423127242106        6.23934970298948        9.81918822126185      N
       -1.00609560172092        4.48454464994522       10.28313003908374      C
       -0.43105603178512        3.66631148346455       12.84257496089697      C
        1.18015120930738        1.58648799477237       13.25274795923050      C
        2.36349552940702        0.48028906479783       11.22666339920768      C
       -2.00889101618295        7.93975071988874        3.13595105609313      C
       -3.98057250621083        9.55619687993880        2.74092476182041      C
       -5.54267257264152       10.32533800041744        4.71817867924293      C
       -5.14919153338385        9.17402712120410        7.07862634993666      C
        0.02920322283688        8.01704816521898        1.38475565262547      O
       -2.30826171778395        4.11142295368991        0.46004037331163      O
        3.93639004928631       -2.10331352498335       -2.03025463209784      C
       -7.48718531922587       12.18214216358793        4.29724759634470      C
        4.81532108248309       -2.84332775695135        3.20477440041137      H
       -0.15452397369348        0.74198668272271       -2.29408519081350      H
        3.66490249965939       -1.05217645601560       11.56043498021609      H
       -1.63589929374098        4.30521250300578       14.35271956043738      H
       -6.43418898756485        9.65445408065744        8.72995305827881      H
       -4.44436825146438       10.56964588910967        0.95641306846387      H
        3.19990362104436       -1.77862764947998       -4.23654318454158      O
        5.89701278074383       -3.78959737754933       -1.60399919902433      O
        6.46565860511930       -5.14246009673834       -3.65694123353951      C
        1.86851891999005        0.67645224262037       15.78218075970053      C
        3.75624481426555       -0.52234729008750       16.18476699995355      O
       -0.01885951623477        1.04514300930695       17.59669464016632      O
        0.85743927429376        0.23634833402755       20.05670887363726      C
       -9.13506413205943       12.09330402508339        5.88982806459343      O
       -7.34458460329386       13.81446444974427        2.40164673760657      O
       -9.61978261892488       15.25108109264903        2.41651916789293      C
       -0.31266371695573        9.93290545901837       -0.39332403514678      C
       -3.38923475810980        3.94718466382966       -1.99266520036072      C
      -11.11184429320700       14.06580051040212        1.50267949242396      H
       -8.99831457198126       16.95452350465573        1.33455769840102      H
       -9.98559697099803       16.09391622746843        4.40211508501979      H
        0.62901330606307       -1.61101696126085       20.37425390204185      H
       -0.28981189693033        1.34801829990914       21.30974092253341      H
        2.82417307353753        1.07595698613262       20.07678779451433      H
       -4.90393663651189        5.35047453427144       -2.00910771854545      H
       -3.91076419828940        2.07827236736457       -2.44788658427230      H
       -2.13260118585427        4.48278705418087       -3.57874844219859      H
        1.28974678664486        9.68045570930225       -1.59620753016463      H
       -0.29277310040329       11.74284773820455        0.55790366954057      H
       -1.95776898736648        9.61270814001451       -1.65405931161034      H
        7.86139695786705       -6.48397462253762       -3.27086347490596      H
        6.81445318928535       -4.02202267927756       -5.24434882619164      H
        4.62063107161778       -5.99777971176457       -4.16642042849875      H
        0.56910391080051       -7.07212910804622        3.51536704841700      C
        0.07928802497234       -5.45015917130779        5.49477439530933      C
       -1.84319209050658       -3.49876040525336        5.32670106387390      C
       -2.70325040799785       -2.87943233399749        2.83767619028703      C
       -2.11974152697651       -4.58909331772132        0.87556294394400      C
       -0.60123415198800       -6.66650387013134        1.22944546859221      C
       -3.28799923000327       -2.51520366875901        7.46977751507482      C
       -4.81870185793956       -0.35769997426450        6.90236712067692      C
       -5.53689081320219        0.19598847437633        4.25831911654427      C
       -4.59304150515172       -1.18751732868892        2.26952077090090      N
       -2.97755365335627       -3.31422548159619       10.09187211626774      C
       -3.81490484840472       -1.45044941641700       11.95466981490882      C
       -5.40477097188026        0.51842436393519       11.54854183995455      N
       -5.86143976743256        0.88621492893882        9.09522716356515      C
       -7.53223529197709        2.84757252377835        8.45263887583874      C
       -8.26562819878250        3.49489019366082        6.05038361543339      C
       -7.27488037781432        2.26912986623206        3.98661260132336      C
       -2.64957864125726       -5.93844785969314       10.93950995828713      C
       -2.02076789166332       -6.33876482209168       13.46016504155725      C
       -2.38280856218272       -4.36971596362037       15.30925954328652      C
       -3.29944944986554       -2.00485780180903       14.55977683765128      C
       -2.70495316526246       -7.89073940341200        9.08172135594742      O
        1.50663780344780       -5.34628349982352        7.67934257007248      O
       -0.14484202997355       -8.71959419507283       -0.79513510901534      C
       -1.96861300450595       -5.06232324042964       17.98761923258794      C
       -2.78507911219852       -4.17178070405981       -0.94468401969618      H
        1.73411157794396       -8.64137681968951        3.77478368349303      H
       -7.56850037024499        2.97778668478529        2.10983655045303      H
       -8.53793117274682        3.68500030692257        9.96013055211090      H
       -4.13674951242115       -0.72771386605198       15.85434111005807      H
       -1.43339762961558       -8.07473717003235       14.17976482754425      H
        1.66211895553858      -10.09628307781943       -0.47084337416575      O
       -1.55682992445422       -8.89274109960394       -2.86381446341984      O
       -0.81921306504946      -10.72058504641598       -4.55611570094896      C
      -10.46583871793104        5.12603364007295        5.68463852135555      C
      -11.92339959253894        5.73094905932967        7.28917663260834      O
      -10.95630394806439        5.79351808785559        3.14645756671771      O
      -13.11589025838338        7.32921233258828        2.90642086982864      C
       -0.22598613038906       -6.43534039590821       18.50405489390872      O
       -3.60926253958087       -3.66404781996194       19.59790755291666      O
       -3.00857766192222       -4.52230170982657       22.11203932474917      C
       -5.08678154894171       -8.15445397693160        7.84038041233345      C
        3.35783536385424       -7.24104606286585        8.03553963290871      C
       -1.63040625199964       -3.05269109195327       22.81906289453515      H
       -2.06927044624555       -6.41866777127750       21.75698082139089      H
       -4.53241792165626       -4.65918949712067       23.36803307159169      H
      -12.66720933985088        8.42492095553477        1.08588192587123      H
      -13.39954199035239        8.47747477556530        4.72015158743680      H
      -14.98621884206298        6.27798311061269        2.60684657846776      H
        4.69723798755356       -6.29676470027304        9.25823776649509      H
        4.66926354787894       -7.42284548775209        6.42636401676867      H
        2.61067504075770       -9.05459457402857        8.57090141785995      H
       -5.41581529929083       -6.61469571032426        6.35875715968198      H
       -6.53831358652573       -8.08387447106448        9.29150834604286      H
       -5.23488594333773      -10.10371297281619        7.03661937198435      H
        0.02984458832426       -9.65539673293472       -6.08605576192403      H
       -2.51010610221676      -11.98559420556183       -4.93203732705130      H
        0.25590302421653      -12.12051362491354       -3.53815556311706      H
$end
