$coord
        0.11104589640291        1.60647300999911       -2.66671038390872      C
       -1.11860241941684        2.27329777363192       -0.53909744449117      C
        0.29585939100568        2.33747546061706        1.80901099276284      C
        2.32212755771438        0.68057084210107        2.18345594904088      C
        3.43198272609305       -0.36096730247993       -0.20144259889081      C
        2.45704865480197        0.16931749325243       -2.53156485931880      C
       -0.48794072548233        3.71294451504667        3.98006978109422      C
        0.15401354095496        2.68738083562989        6.41788333032088      C
        2.27162438688785        1.17746244097276        6.70090795019723      C
        3.58362144583084        0.39958888187637        4.54357660878303      N
       -1.98142945127266        5.92990058158509        3.96846052743423      C
       -3.31511950742811        6.60938094862660        6.26874166676572      C
       -2.87120177023342        5.68074594514045        8.53496798182871      N
       -1.13054197514564        3.82714056131115        8.53145617573240      C
       -0.64916348607206        2.62130389997597       10.82420985310551      C
        1.28900133423913        0.80343968422166       11.19920756524814      C
        2.98319517977487        0.38862496573099        9.19597463448122      C
       -1.76167162122090        7.65986444948028        1.94405790147297      C
       -3.20663827968980        9.88613869279428        2.14244354191049      C
       -4.81393462111695       10.22776431398369        4.14931868411799      C
       -4.81618399370606        8.78420871448798        6.26775750381823      C
       -0.07843183039158        7.23154211166974       -0.05155601861535      O
       -3.68170708107097        2.93965353254449       -0.27235853306506      O
        3.50743180742401       -1.13154371800668       -4.70289512519494      C
       -6.33880354415049       12.57848649117614        3.91957650618434      C
        4.82961207104233       -1.79600588810067        0.03404754146129      H
       -0.65757067630423        1.41243745714679       -4.48891545961236      H
        4.85965933347847       -0.55365243390318        9.32280953118805      H
       -1.38226839466332        3.29645609491468       12.43586362470911      H
       -5.82782863002246        9.19526901580738        7.96685980092986      H
       -3.44399232710622       10.93162037481837        0.44781543273359      H
        2.51628343612235       -1.11385807801242       -6.70891874534077      O
        5.92736422201690       -2.19957561163554       -4.41919863104765      O
        6.99448771374442       -3.20080031109338       -6.64492629588660      C
        2.26453569947560        0.16169041691739       13.80198992617058      C
        3.75129322713515       -1.60909833019547       14.03037238580160      O
        1.04319702589809        1.44722700052610       15.70753360911977      O
        1.43031458217851        0.02943607844010       17.86791854247692      C
       -8.10146432065296       12.97243867406728        5.34498056670943      O
       -5.28380885411781       14.34267324804524        2.33779302458680      O
       -6.42744933105608       16.70966347970645        2.66949090832197      C
       -0.86318681099082        8.36266641629270       -2.39942481811696      C
       -5.30032610981145        2.35845039062846       -2.33293282447237      C
       -5.37429414039613       17.71389664563128        4.02910346066041      H
       -8.34948245317614       16.22474174393827        3.59635045994615      H
       -6.61078906608302       17.78206462980960        0.88336405914285      H
        0.52328549162743       -1.82552437073959       17.95821202560179      H
        0.65630450699022        1.29516036016704       19.35211149972762      H
        3.70524679884891       -0.27464735873395       17.82309789349612      H
       -4.24965062073773        0.82603635200655       -3.18506119805981      H
       -5.27113870376043        4.09896646053024       -3.62633295532690      H
       -6.95813353363498        1.78780832884263       -1.42724180135568      H
        0.23839090100213        7.72131959471846       -4.04815592896115      H
       -0.44076363298494       10.31475082456997       -2.18620277172896      H
       -2.75054437994253        8.25774506903685       -2.48075765576365      H
        8.43252611914567       -4.48701906320923       -6.27391628847082      H
        7.89577929185183       -1.50887757400866       -7.51555250512033      H
        5.71078824339374       -4.17454368404556       -7.83444014017372      H
        1.45619743851558       -6.03101240843910        5.82150854087140      C
       -0.02423559253862       -5.03218479148173        7.73094790954186      C
       -2.34744429684010       -3.89879314879176        7.07986386297658      C
       -2.83197659615350       -3.20191486540410        4.58577755466857      C
       -1.16022283575129       -3.97777147948426        2.74491508321468      C
        0.91619752660476       -5.30403860811578        3.30988257860039      C
       -4.02713316463213       -3.08458498378585        9.08811465129632      C
       -5.57860481925966       -0.87944660735480        8.45597893208126      C
       -6.01916096288054       -0.33909408663940        5.82658810102536      C
       -4.74766361826033       -1.54116816462808        3.93913310981321      N
       -4.30650384025046       -3.91267249645830       11.51725616699653      C
       -5.43222089487371       -2.30503613836779       13.27983771394764      C
       -6.80633551519591       -0.19673595007769       12.82824637826793      N
       -7.09362370685269        0.31722583933726       10.34192866329297      C
       -8.79821360679675        2.22639665356951        9.71280185598503      C
       -9.22316924993127        2.82754774020541        7.14861371104032      C
       -7.72686282848740        1.52758963811349        5.33250578749586      C
       -3.90417229335935       -6.49857825045070       11.95519049651350      C
       -4.27627087287178       -7.21162193837271       14.49594382052004      C
       -5.01361484397580       -5.48423668546540       16.42575369012175      C
       -5.57443707201457       -3.04729461910067       15.96270912402551      C
       -3.07688084410450       -8.00275016202500        9.96322423541961      O
        0.75753859153962       -5.01407617919178       10.18672177764038      O
        2.33980745987972       -6.64535148084538        1.37479785672168      C
       -5.16820780107179       -6.39697357314096       19.00517105374778      C
       -1.89648293408942       -4.01706347157379        0.84010276570019      H
        3.07775608953146       -7.18490567712318        6.17253914147041      H
       -7.82354028051580        2.21547243873393        3.45441287578553      H
      -10.23714732040717        2.85190790187736       11.04355404614983      H
       -6.24964812997206       -1.66532634815253       17.51275171201432      H
       -3.95847520125708       -9.07655586053358       15.05271925405991      H
        3.97727469704018       -8.05456549447386        2.21916056685877      O
        1.48760677052585       -6.44418696742186       -1.01041695502047      O
        2.85337167916183       -8.10160835992149       -2.41104238189306      C
      -10.96982271043431        5.02088337345493        6.39380535213937      C
      -12.87907791859474        5.35509345310490        7.65309231110960      O
      -10.06711269114840        6.21800472737366        4.27145293771616      O
      -10.99388663200646        8.70172028264505        4.29832569433489      C
       -4.04240304950379       -8.30220904920603       19.76845531006200      O
       -6.35150312352377       -4.68461299367581       20.52639494860281      O
       -5.67349682972795       -5.24987940895605       23.06854199984263      C
       -2.32493390588835      -10.48551648025245       10.67921020780552      C
        3.37864373218788       -5.69443582865542       10.62766570185481      C
       -4.69800978075209       -6.97976046658554       23.14268650784093      H
       -7.33314964778918       -5.05454608436167       24.34711328736022      H
       -4.28797814283636       -3.87562716270733       23.75933068317831      H
      -13.15836137402812        8.41453485492695        4.25346776600679      H
      -10.40917878596636        9.56947354637843        2.47372377747008      H
      -10.31963704542055       10.01799021472657        5.82966152928425      H
        3.57153279431737       -5.73746282091632       12.66915949761374      H
        4.71436454347415       -4.44126851973722        9.68666116752575      H
        3.67778797187131       -7.73433456489277       10.07468120481149      H
       -1.64699533007090      -10.61499575325519       12.57419079136052      H
       -1.12718337453426      -11.41618529241621        9.32568835679757      H
       -4.07798474125957      -11.57132806608824       10.62991227211202      H
        2.38890692990756       -7.69249371514810       -4.37209701381535      H
        2.70228327394549      -10.06411878716770       -1.59602682510921      H
        4.92346487258711       -7.47802276612507       -2.08597641531435      H
$end
