$coord
        1.67842069351231        2.07267976654780       -2.44224595438016      C
        0.15686962133984        2.75581707977864       -0.31040033405320      C
        1.01436185189950        2.34344685447826        2.12432290914601      C
        3.01223019531994        0.61035952510609        2.47284960122627      C
        4.53651783996559       -0.07276614733574        0.26244329039502      C
        3.76776118591917        0.53280849588607       -2.15883451639234      C
       -0.25765525631679        3.51102418460119        4.23406992707667      C
        0.17422649580367        2.50592755932768        6.61540142502568      C
        2.15555357190860        0.58233884081916        6.72393254671673      C
        3.71307060692943       -0.12068343800823        4.85864382475302      N
       -1.55723803075607        5.91724550165644        4.13676590424171      C
       -3.06405600925779        6.60849719690046        6.36396858040245      C
       -2.59810233175735        5.54720643251651        8.64003988837918      N
       -0.82723764438420        3.68452125226449        8.75374377390264      C
       -0.32974775097493        2.68191154713370       11.14299921549692      C
        1.21356013830327        0.56443222245819       11.31344860278606      C
        2.39221468885073       -0.50588544578624        9.24857820930160      C
       -1.08693607050396        7.85568470631137        2.22278964694097      C
       -2.89641652888681        9.67334738868655        2.29516427769216      C
       -4.71326069443043       10.04318824576900        4.11617133516531      C
       -4.74561342481229        8.63809877409934        6.29074065717429      C
        1.23484837249596        7.55541336713835        0.84937352555881      O
       -2.24409554444515        3.65889323003314       -0.99299186800436      O
        5.74533873035925        0.36810533825827       -4.27138505756739      C
       -6.79500786056343       11.78905813564034        3.25361903190684      C
        6.29812498186660       -0.82510381265336        0.47432607437782      H
        1.44059216865113        2.98353135716254       -4.21822647379682      H
        3.51329149714605       -2.17848934460198        9.05744597487856      H
       -1.30271369951071        3.24193925926273       12.79127348802272      H
       -6.12378585480121        8.92212964098579        7.77151778510693      H
       -2.84480145773436       11.02896529879233        0.69656605702510      H
        5.23156248751734        1.43529222610100       -6.28736028393978      O
        7.69838342890555       -1.30942573733599       -3.89522562972429      O
        8.86089962023387       -1.98284579433711       -6.14608932043427      C
        1.80120301177968       -0.87261959321197       13.72572039873701      C
        3.56043670616888       -2.21753797051852       14.02451263851163      O
        0.19309450525988       -0.43808018853596       15.81649414350275      O
        1.43274350675509       -1.61620262562562       18.01035294447304      C
       -8.69704987606049       12.03844277410834        4.54745615532064      O
       -6.78793016646596       12.80901252435307        0.88297069521951      O
       -9.08949345356699       14.05449471012076        0.29061068198499      C
        1.44473503419966        9.33206890212931       -1.29631039370046      C
       -3.56029563777678        2.92981636078204       -3.31690229498429      C
      -10.53730128692648       13.05321380864645       -0.94336359348640      H
       -8.45133622065386       15.79181200757694       -0.53888304443800      H
       -9.89990633741334       14.51446743460058        2.11778355379715      H
        0.89948111712856       -3.66330493915984       17.87388149098748      H
        0.48078828893739       -0.95505652910614       19.63025817589669      H
        3.33266049851522       -1.19714584092030       18.24009533442919      H
       -2.42378932291705        2.95139388613326       -5.00852403505215      H
       -5.19443444516457        4.16651304274816       -3.37999330970568      H
       -4.31395922250307        1.19261976214601       -2.83625876876656      H
        3.30321565938002        9.04766576392239       -2.17935405031510      H
        1.46636522192540       11.24908801834734       -0.80421077500326      H
        0.10812939159749        8.98982753795827       -2.91792547190061      H
       10.12957706493760       -3.66281545162595       -6.02432199674110      H
       10.04018529686372       -0.33778887109326       -6.77753765737022      H
        7.28984959143306       -2.26707479851260       -7.58481978013755      H
       -0.14087400193451       -6.76847497208905        5.29581233389772      C
       -1.02342897041152       -5.48343388772188        7.41527484716370      C
       -3.24498459949934       -3.97331172456801        7.13107739030991      C
       -4.06865852296173       -3.22255044334451        4.68736738591170      C
       -2.87522225657778       -4.42083597619066        2.56547849290108      C
       -1.06005439191367       -6.25131387710296        2.91161440945213      C
       -4.55921156249557       -2.79164029113405        9.12323970193072      C
       -6.19688636776176       -0.78107114398407        8.45133753286561      C
       -6.66613846722632       -0.03722793371568        5.89537108842919      C
       -5.90775495312390       -1.55953982831375        4.06896997781483      N
       -4.68507634403319       -3.57517241851346       11.73195797786520      C
       -5.72720098265225       -1.95566699538477       13.54458632973761      C
       -6.90150101922028        0.07842126105798       12.92910570075292      N
       -7.07149085967858        0.70250282480711       10.51055667055513      C
       -8.31121772687851        3.05091900773578        9.79336487669052      C
       -9.02463330760809        3.62103387818763        7.30697294896615      C
       -8.45391446887899        1.95113244214458        5.46029930486075      C
       -3.90635577546770       -5.91728827125048       12.45894289810066      C
       -3.35756948400605       -6.35855495294227       14.91842448453198      C
       -4.07737239036663       -4.60992828431035       16.77229040141007      C
       -5.50468070609825       -2.47738260401326       16.20687759926579      C
       -4.01142715937505       -8.06862395134214       10.83698891036902      O
        0.24442688778354       -5.22950720460002        9.67576419630574      O
        0.24590646918860       -7.44382424774469        0.63116331444952      C
       -3.76006756303201       -5.53622256471363       19.49278481770944      C
       -3.48890631860530       -4.24699876631387        0.61022209319805      H
        1.60572841903167       -7.96463519452177        5.38508502795910      H
       -9.14690439013674        2.27415286181729        3.55722280947060      H
       -9.07201552527813        4.17190261246804       11.30214185760607      H
       -6.06687490873913       -1.17174428841018       17.57494726498834      H
       -2.96107798449375       -8.29902439376107       15.62636992595484      H
        1.72923798050520       -9.20769221119733        0.67558583177665      O
       -0.64596877436826       -6.55069696783023       -1.59493143079149      O
        0.92742747389573       -7.32244923509144       -3.68410233932099      C
      -11.12652301474219        5.37549256111713        6.80008559645839      C
      -11.95965860715047        6.64391617569929        8.50240353812483      O
      -11.96274303161731        5.80764027577107        4.33695824309981      O
      -13.74396456655674        7.73473618374130        4.32085855826797      C
       -4.08681532569438       -7.71495670467637       20.15271169583306      O
       -2.85578111001869       -3.67053655801781       20.99858123007215      O
       -2.67591674725694       -4.58995233027788       23.42076198091138      C
       -2.92876369707002      -10.28130651766104       11.86324751569407      C
        2.42976759337443       -6.81382136928704        9.87820595560046      C
       -3.06587696212890       -3.04503994677389       24.70880761904230      H
       -0.65259880009258       -5.01062735238560       23.67327786085018      H
       -3.49648615183685       -6.42204164202262       23.68525255025651      H
      -14.93496930668762        7.60494986622407        6.06367549493791      H
      -14.83592681970024        7.91193832004299        2.54701390048724      H
      -12.50164389817941        9.39167243602362        4.56682345983237      H
        3.41832800930580       -6.13082541773101       11.52315548090221      H
        3.69751177962267       -6.25987539438636        8.20958266551344      H
        2.15468994619092       -8.95336375919258        9.92124673171234      H
       -0.95629563321072      -10.06884055701090       12.38291275808306      H
       -3.34564330065516      -11.95133302467142       10.60339851505076      H
       -3.92474193702242      -10.73113635110472       13.57216062041576      H
        0.92948931339917       -5.65030310414328       -4.95266645379499      H
       -0.21496688113659       -8.77761911653052       -4.38143575126506      H
        2.73607122593831       -7.76580213465832       -2.91628693756765      H
$end
