 -1.0
 -0.67156055942908D+01 -0.35964274915307D+01 -0.11610512856732D+00 -0.26765335572827D-03 -0.99267973291410D-04  0.12776073040958D-04
 -0.42852599427719D+01 -0.42281531484956D+01  0.64683135501030D+00 -0.37035295604732D-03 -0.47734291766043D-04 -0.16996232508369D-04
 -0.27429581828836D+01 -0.24973473062625D+01  0.20236967117981D+01  0.41563595746692D-03 -0.57573478942496D-03 -0.24575919979304D-03
 -0.34004357455719D+01  0.13569284962370D+00  0.20100832500156D+01  0.21912206727679D-04  0.14768771357328D-03 -0.15950453349073D-03
 -0.57266061107188D+01  0.82475890334235D+00  0.96168474712236D+00 -0.20066380935716D-03  0.20925485148390D-03  0.15886736370897D-03
 -0.72302012217128D+01 -0.11080897550833D+01 -0.13724933227671D+00  0.47718636298458D-03  0.50989934784965D-04 -0.34924746465616D-04
 -0.60842430935736D+00 -0.30192009593673D+01  0.36022894777687D+01 -0.16147614009176D-04 -0.45491214883438D-03 -0.15309601122334D-03
  0.10993053975412D+01 -0.10572704020297D+01  0.41230507611955D+01  0.66631761503381D-03 -0.29709695954719D-03  0.75580483648334D-04
  0.21496099264849D+00  0.14983826176264D+01  0.38864492640294D+01  0.71270290594785D-04 -0.52072769344757D-03  0.13621122410287D-03
 -0.21544998381407D+01  0.20146538541404D+01  0.30689111215661D+01 -0.19998164086794D-03  0.15417464519383D-03  0.12358056326785D-03
 -0.22481818604782D-01 -0.54955445938261D+01  0.44848462910121D+01  0.12329190041771D-03  0.27156977816050D-03 -0.22893600403706D-03
  0.25670485324002D+01 -0.58259475633175D+01  0.52848390490185D+01 -0.26234738822791D-03  0.49344458906681D-04 -0.24159433818131D-03
  0.43986649585125D+01 -0.39590821375447D+01  0.51743842577824D+01  0.33065949581394D-03  0.13954490116149D-03  0.91104425493297D-04
  0.35008381040253D+01 -0.16523957248039D+01  0.50012901861007D+01 -0.10988631222764D-03 -0.21790255894689D-04 -0.90692550638043D-04
  0.51443553029515D+01  0.44898337477433D+00  0.51638755811955D+01  0.15070658532186D-03  0.24334886824655D-03  0.35567967195376D-03
  0.43863793287363D+01  0.29709398442005D+01  0.45306483099255D+01 -0.12920657814987D-03  0.61122489768409D-05  0.41061585063373D-03
  0.19818225789321D+01  0.34901383379907D+01  0.38722580043133D+01  0.19071593926625D-03  0.29548314126629D-03  0.40335970043412D-03
 -0.17562933852726D+01 -0.76543970116542D+01  0.49805662454276D+01  0.45684371946993D-03 -0.36198804312430D-04 -0.16180186266783D-03
 -0.66585986389323D+00 -0.10058126039494D+02  0.54100840936011D+01  0.40810323721253D-03 -0.19174830121899D-03 -0.19613673521681D-03
  0.19362511669366D+01 -0.10185188577333D+02  0.60768007486527D+01  0.38990427716252D-03 -0.40437540911403D-03 -0.11790646947193D-03
  0.35151290690894D+01 -0.81377936901001D+01  0.60488611843983D+01  0.17934018533019D-03  0.20740942617933D-03 -0.43073972743879D-03
 -0.42505187473418D+01 -0.68829855394623D+01  0.47590434839086D+01 -0.16464106152236D-03  0.12746406244395D-03  0.30826476466193D-03
 -0.35035794480046D+01 -0.68129250481095D+01  0.27499977403989D+00 -0.32810031327764D-03 -0.19271946768219D-03  0.42453999532246D-04
 -0.10017989605417D+02 -0.66173186401463D+00 -0.58839188260284D+00  0.30806040899608D-03  0.38144499749295D-03  0.20417093150790D-03
  0.30573343675210D+01 -0.12763779880294D+02  0.65579246041859D+01  0.26611202650507D-03  0.45358684422704D-03  0.35636590094899D-03
 -0.62715605533389D+01  0.27987944587616D+01  0.99207306066834D+00  0.11314944882902D-04  0.28447567311154D-03 -0.67484082271355D-05
 -0.82509477680158D+01 -0.46876951199628D+01 -0.97239440696157D+00  0.42133293590328D-03 -0.58981373155553D-03 -0.43335370637291D-03
  0.13770886263616D+01  0.51593294512450D+01  0.32163148965022D+01  0.54364407627976D-03 -0.72708180795646D-03 -0.51543349921318D-03
  0.66476515057785D+01  0.20889042761223D+00  0.65869297666102D+01 -0.10129696146515D-03 -0.10131306382205D-02  0.17717618097064D-03
  0.54485942713403D+01 -0.86000750093143D+01  0.62070028618535D+01  0.45018191334384D-03  0.22686103007517D-03  0.88996385141284D-04
 -0.21824109766132D+01 -0.11452818139390D+02  0.60229110546215D+01 -0.38373264356887D-04 -0.23166147205971D-03  0.32032737826599D-03
 -0.11030590469668D+02  0.12446034467504D+01  0.16436824358751D+00  0.60000977184229D-03 -0.23909974447502D-03  0.20226442258879D-03
 -0.11541923239348D+02 -0.24927773937998D+01 -0.15502485375009D+01 -0.39381272112347D-03  0.13522299852479D-03 -0.32510851338089D-03
 -0.14271904942045D+02 -0.18892414408820D+01 -0.10492016739963D+01 -0.64911166844098D-03  0.14444542282456D-03 -0.86671360213718D-03
  0.62088913288782D+01  0.50597165868969D+01  0.46957603573092D+01 -0.89393215333401D-04 -0.76088733566066D-04 -0.36199808975453D-03
  0.85080793547923D+01  0.50338290627484D+01  0.45628164981655D+01 -0.23163121414885D-03 -0.23410400368232D-03 -0.17661356854575D-04
  0.49813553836450D+01  0.74209103321122D+01  0.50679044284358D+01 -0.21728689074671D-03  0.10313399208266D-05  0.47385115621255D-03
  0.66103438133900D+01  0.94736396974724D+01  0.53404503297673D+01  0.66199806673671D-05 -0.10306061268407D-04 -0.38211772289497D-03
  0.15784726958614D+01 -0.14263561931594D+02  0.75411679805664D+01  0.15394689612790D-04 -0.37463291402756D-03  0.36384565705884D-03
  0.54692500354700D+01 -0.13479579921457D+02  0.56174993171462D+01 -0.35902625973845D-03 -0.15231678758946D-03  0.78079556472871D-04
  0.58343622095249D+01 -0.16054555075225D+02  0.56006447024375D+01  0.38280129755033D-03  0.14123584366783D-03  0.24153794779851D-04
 -0.58466524517151D+01 -0.87572390392788D+01  0.51340569537516D+01  0.12257906533394D-03  0.39119409748232D-03 -0.14250262530713D-03
 -0.10920216502126D+01 -0.69478895431325D+01 -0.93434912903229D+00  0.16202364262834D-03 -0.20459140847722D-04 -0.22094250741928D-03
  0.43022580879492D+01 -0.16867750668229D+02  0.69073598021577D+01 -0.12735800913887D-03  0.10113731320088D-04 -0.37228730050112D-04
  0.78321204300604D+01 -0.16264376453545D+02  0.63201746061657D+01 -0.57472878550261D-04  0.47839211619893D-03  0.68864201245396D-04
  0.57749678666660D+01 -0.16751941896314D+02  0.37492693996469D+01  0.34644012567373D-03  0.63507047816718D-03  0.34137834146762D-04
  0.55573079939098D+01  0.10878060489729D+02  0.43144227784037D+01  0.31364636635446D-03  0.11909686643620D-03 -0.76789139234890D-03
  0.85720131569491D+01  0.90939651779631D+01  0.48783077577719D+01  0.20950756731083D-03 -0.23004267532073D-03 -0.18389469140081D-04
  0.61991899378619D+01  0.99000384130440D+01  0.74057289110237D+01 -0.90107599806080D-03 -0.16410975172642D-03 -0.14677621472733D-03
 -0.10286249110788D+01 -0.54302591509315D+01 -0.24973942105861D+01 -0.12643218965734D-02  0.11014027451284D-03  0.53629773700119D-03
 -0.87826328373863D+00 -0.87710760130523D+01 -0.19722799734810D+01 -0.49665024749315D-03 -0.36394384349893D-03 -0.59983266778206D-03
  0.45469688904938D+00 -0.65326413360778D+01  0.39861277340817D+00  0.36603195745271D-03  0.84840984180601D-03  0.65976406683269D-03
 -0.54355887348192D+01 -0.97404174473585D+01  0.32890755295883D+01  0.64191757160469D-03 -0.26757541379582D-03  0.35986874516874D-03
 -0.78664507108347D+01 -0.84119898195365D+01  0.50153008384479D+01 -0.84995708399246D-03 -0.17523733506028D-03 -0.16743330184403D-03
 -0.52749413760812D+01 -0.96604818255148D+01  0.68795317957122D+01  0.97179499598051D-03 -0.69968665493012D-03  0.36400471781084D-04
 -0.14495289945158D+02 -0.10914755532325D+01  0.88648403303538D+00 -0.96326967495321D-03 -0.85696446309335D-03  0.73841648819974D-03
 -0.15823122918420D+02 -0.31647574017669D+01 -0.10441876897332D+01  0.63749011483280D-04  0.47234597594548D-03  0.17022270905980D-03
 -0.14965239944335D+02 -0.17889576906644D+00 -0.19707725392053D+01 -0.54059933824690D-03 -0.39585572718981D-03 -0.35508975946018D-03
  0.19049341864499D+00  0.10220403796620D+02  0.91906006723872D+01  0.10580430276161D-03  0.23330750353135D-04  0.88093978008609D-04
 -0.16060916339056D+01  0.83670483258970D+01  0.84662456851767D+01  0.21857838113439D-03 -0.61275919962193D-03 -0.20067063464922D-03
 -0.13863480851347D+01  0.57439710197418D+01  0.93057035667445D+01  0.70046735082464D-04  0.24344031327744D-03 -0.11657038146053D-03
  0.10549014380415D+01  0.49405525468196D+01  0.99277615021879D+01  0.21951568243051D-03  0.34578880601690D-03 -0.40331533082427D-03
  0.29024300395149D+01  0.68222912767737D+01  0.10575697840738D+02  0.49923755832877D-03  0.34920388538831D-05  0.36815817472332D-03
  0.24685911641131D+01  0.94003716916971D+01  0.10286054812103D+02  0.18925269973558D-03  0.31180367751080D-03  0.35913081900524D-03
 -0.33987271734482D+01  0.38813699165300D+01  0.92890175561895D+01 -0.30835917979831D-04  0.28185412284171D-03  0.16025197545205D-03
 -0.26149530147567D+01  0.13844777662962D+01  0.92961131092930D+01 -0.16586426207977D-03  0.23990926209138D-03 -0.59730705147567D-04
 -0.71351030796229D-01  0.55803626822430D+00  0.97167120629928D+01 -0.31688143884552D-03 -0.26544752401429D-03 -0.34490875483875D-03
  0.18556572296760D+01  0.24413281502079D+01  0.97727701432949D+01 -0.69721645656354D-05 -0.26224623022907D-03  0.12661035179930D-03
 -0.61461243394862D+01  0.43812984626361D+01  0.88452786557314D+01 -0.38842735917036D-03 -0.32881878861230D-03 -0.23772635069487D-03
 -0.75796522067929D+01  0.21662413106976D+01  0.79410030459342D+01 -0.12908068327645D-04  0.57376706006055D-04 -0.32454575104516D-03
 -0.67353403724793D+01 -0.12776020768108D+00  0.81614235143685D+01 -0.85103678344809D-04  0.40154674696435D-04 -0.13028527953343D-04
 -0.43199998148374D+01 -0.54721167602246D+00  0.90273122610586D+01 -0.12258261074384D-04 -0.15176343139412D-03 -0.36169145373334D-03
 -0.35135451435134D+01 -0.30901567511553D+01  0.92658864120621D+01  0.71468619454193D-03 -0.12650372928086D-03 -0.33044129427986D-03
 -0.11652204380513D+01 -0.37295865787435D+01  0.98261388416344D+01 -0.11738143645075D-04 -0.19666966861546D-03  0.24230425744209D-03
  0.65160583730134D+00 -0.18583771692534D+01  0.10121113755383D+02 -0.60630408028266D-04  0.21260395890286D-03 -0.39058561936449D-03
 -0.74151474266850D+01  0.66982687425173D+01  0.93177671037735D+01 -0.54359022611893D-04  0.15252006277057D-03  0.15319282797381D-03
 -0.99221579098031D+01  0.68104294770762D+01  0.85568975927234D+01  0.23577217750583D-03  0.14264049965480D-03  0.12458697337334D-03
 -0.11290371412913D+02  0.46878199228777D+01  0.74837041485809D+01 -0.26217951483526D-03 -0.15081662341367D-04  0.22681579943436D-04
 -0.10136869267835D+02  0.23878978338849D+01  0.72589147310841D+01 -0.16083255180786D-03 -0.24833443903127D-03 -0.28667110004697D-03
 -0.61385188464120D+01  0.83943100323198D+01  0.10915982987818D+02  0.14345928534803D-03  0.47876871443077D-03  0.59859271798262D-03
 -0.37599192881882D+01  0.87281946377254D+01  0.69999539046790D+01  0.12184467962645D-05 -0.18514192652092D-03  0.44235920359194D-04
  0.44273075647582D+01  0.10999195846845D+02  0.11280233693375D+02 -0.23988632128885D-03  0.11790914463797D-03 -0.16564627877691D-04
 -0.13938586745481D+02  0.52046497382539D+01  0.65568253509937D+01 -0.23651496634790D-03 -0.12221768550148D-03  0.14945416240881D-03
  0.45069105438610D+01  0.61621958357918D+01  0.11520250782376D+02 -0.66327927652804D-04 -0.98566259169259D-03 -0.16984545242304D-03
 -0.31523683679876D-01  0.12238121452535D+02  0.88275441296619D+01 -0.98011703525425D-04 -0.46889981028114D-04 -0.26818142529552D-03
  0.22178320149251D+01 -0.23161652775879D+01  0.11334110296249D+02 -0.20072964460227D-03 -0.78677472730300D-04  0.15864008888174D-04
 -0.51398429788500D+01 -0.43290705831249D+01  0.93890570267126D+01  0.25617324755759D-03  0.14317057847871D-03  0.90964063189421D-03
 -0.11453505997868D+02  0.91005421950452D+00  0.72524716510962D+01 -0.11262092906817D-02 -0.26212582746087D-03  0.42297806789473D-03
 -0.11011966038372D+02  0.86489831338643D+01  0.87262541269128D+01  0.55971494084843D-03 -0.42192237098753D-03 -0.98981684482235D-04
  0.61463474900094D+01  0.12047203263911D+02  0.10124770459958D+02  0.79020488252663D-04 -0.39341191349711D-04 -0.45522551067511D-04
  0.46656662540449D+01  0.11147380423302D+02  0.13998725590424D+02 -0.31623542217798D-04 -0.22348604892359D-03 -0.14232355060629D-03
  0.61511192052822D+01  0.13407043173439D+02  0.14676390411219D+02  0.11854435891227D-03 -0.14187358774068D-03  0.18179778610001D-03
 -0.85333139172713D+00 -0.63850537901454D+01  0.11004281807146D+02 -0.34926507709580D-03  0.27027497715644D-03  0.24061636283145D-03
 -0.25735874575746D+01 -0.77187029187155D+01  0.11555843177244D+02  0.33297285787321D-03  0.37289770614103D-03  0.19006088130918D-03
  0.15764866127183D+01 -0.69510684202203D+01  0.11308686136483D+02  0.46397615122405D-04  0.25298572956738D-03  0.27487462820443D-04
  0.19249973352739D+01 -0.92562374049130D+01  0.12222791471901D+02 -0.15379790207187D-03 -0.39321956068673D-03 -0.17126289993189D-03
 -0.15371660898661D+02  0.64396339786389D+01  0.78170889203140D+01  0.26034678026231D-06 -0.38399885599528D-04  0.19406145600285D-03
 -0.14504741809974D+02  0.43427056750712D+01  0.43406247238645D+01  0.55490578927812D-05 -0.33584737616693D-04 -0.10138828399035D-03
 -0.17246303443395D+02  0.49375590437976D+01  0.39361774477214D+01 -0.22426993325759D-03  0.56178727370166D-03  0.23213077033693D-03
 -0.70156650602491D+01  0.10800193911536D+02  0.10712679551650D+02  0.40287718798329D-03 -0.32045975517518D-03  0.17303485752639D-03
 -0.34810609409254D+01  0.10497217415319D+02  0.49926504195585D+01 -0.45825187408556D-04  0.40738395773156D-03 -0.30210305549196D-04
 -0.17791350303691D+02  0.66153377762724D+01  0.28327523817520D+01  0.49196184539263D-04  0.85051337717980D-03  0.96192882342869D-04
 -0.18300438749906D+02  0.46768544593506D+01  0.55467504459178D+01  0.13322296720829D-03 -0.51325967085225D-03 -0.26747037914212D-03
 -0.17925485727879D+02  0.33599973832132D+01  0.29325209928217D+01  0.81791403692494D-03  0.77562672141183D-03  0.34752525203421D-03
  0.37858359035176D+01 -0.92778757158759D+01  0.13350565470864D+02 -0.11887433490581D-02  0.72870597933172D-03  0.19095096446388D-03
  0.19165481125198D+01 -0.10554415056202D+02  0.10750066817202D+02  0.21106801015309D-04 -0.70913165827849D-03 -0.15255967621083D-03
  0.45749740063509D-01 -0.94688692717192D+01  0.13389285880311D+02 -0.79181820813840D-03  0.93690962601842D-03 -0.40332417772726D-03
 -0.36118665197698D+01  0.12300679012410D+02  0.57311496786064D+01 -0.20044387611045D-03  0.64115249952591D-04 -0.27320185544257D-03
 -0.50100653073635D+01  0.10227082751520D+02  0.34932374678181D+01 -0.67245022593159D-03  0.34765806157417D-03 -0.86900074587643D-05
 -0.17440766054139D+01  0.10587042152639D+02  0.41739595950586D+01 -0.24873415978663D-04  0.26354024372434D-03  0.40455584100676D-03
 -0.68927601599876D+01  0.11430046003317D+02  0.87370715209016D+01 -0.78787014353908D-03  0.19508601725827D-03 -0.37993545360733D-03
 -0.59375749079460D+01  0.11975763536162D+02  0.12145652336468D+02 -0.31134103717392D-03 -0.10971081484389D-03  0.11246481968610D-03
 -0.88142042144418D+01  0.10819320797538D+02  0.11185123928619D+02 -0.68027423191437D-03  0.35625546188822D-03 -0.73219816140855D-03
  0.74196377678034D+01  0.14000772175317D+02  0.13117973002181D+02 -0.27703712352386D-03  0.44103117237222D-03 -0.30413966727739D-03
  0.72384506138352D+01  0.13006732007258D+02  0.16429812128824D+02 -0.86710413285986D-03  0.87000130622425D-05 -0.21419181302914D-03
  0.48346034191450D+01  0.14888778993503D+02  0.15219337078207D+02  0.63935522432824D-04 -0.38552018487033D-03  0.56333663924422D-05
