 -1.0
 -0.81513582088171D+01 -0.25224995485502D+01  0.63658071052006D+00 -0.39239351347517D-03 -0.12461965707372D-04 -0.48682608180488D-04
 -0.56859327138852D+01 -0.35942749979386D+01  0.14260867393244D+01  0.27729677779144D-03 -0.17186817702821D-03 -0.25325655771453D-03
 -0.36761659460186D+01 -0.18349090158727D+01  0.19531956401260D+01 -0.20040480193921D-03  0.53419678366562D-04 -0.13712910893461D-03
 -0.36902918985402D+01  0.58197516438495D+00  0.86522648944268D+00  0.50927219993124D-04  0.46290781991576D-03  0.18011613364741D-03
 -0.59944811294907D+01  0.13038626642093D+01 -0.27708003419817D+00  0.29791296493475D-03 -0.43752317239697D-03  0.14845324411932D-03
 -0.82933959149813D+01  0.22035447778103D+00 -0.13912880969227D+00  0.21241138117933D-03 -0.29892731763613D-03  0.37338530729896D-03
 -0.15546412199021D+01 -0.27640114319105D+01  0.34194479421182D+01  0.16672775590158D-03  0.22395636839435D-03 -0.91957147352230D-04
  0.40772211094046D+00 -0.10354983179931D+01  0.32716913200908D+01 -0.15083166070037D-03  0.19202511639114D-03 -0.14414305475121D-04
  0.40516096687668D-01  0.14385342602905D+01  0.24305092027101D+01 -0.59390008152809D-03 -0.29684070382324D-03 -0.52442544269088D-04
 -0.19299408770567D+01  0.22602871444355D+01  0.99364334774320D+00  0.37722373866986D-03 -0.81292881023511D-05  0.17745379437152D-03
 -0.12073908372330D+01 -0.50864010003835D+01  0.43413282292330D+01 -0.38833374258950D-03  0.35143116798801D-03  0.32729366505934D-03
  0.13273389430489D+01 -0.60190665963702D+01  0.43318166025399D+01  0.16871324866153D-03  0.15679722678837D-03  0.71029428506986D-03
  0.33209178639611D+01 -0.44796746875384D+01  0.38802805738848D+01 -0.66237475707265D-04 -0.45580704307724D-03  0.53915689691351D-03
  0.28944245378880D+01 -0.19682769391717D+01  0.38596380277919D+01  0.34620307749501D-03  0.21929956481664D-03 -0.15894857638401D-03
  0.48546269911564D+01 -0.47988484489546D+00  0.40356733827703D+01 -0.33776321009093D-03  0.23692954235972D-03 -0.72505248996180D-03
  0.44701428542255D+01  0.21292824399151D+01  0.42615496292885D+01 -0.56177544678814D-03 -0.30126358816908D-03  0.66129036885190D-03
  0.22924393524691D+01  0.29585405845786D+01  0.29634605666188D+01 -0.25869180059226D-03  0.22939452783600D-03 -0.28213465935918D-03
 -0.31008952727772D+01 -0.68178052078353D+01  0.54958589032963D+01  0.66877723107876D-03 -0.29125641119316D-03  0.26620106973784D-03
 -0.22999038986883D+01 -0.92782573904220D+01  0.58766352221424D+01 -0.38425246207147D-03  0.11987372121258D-03  0.60739693345065D-03
  0.19793778197159D+00 -0.10373502364601D+02  0.57304124271575D+01  0.64871895333833D-03 -0.37733992008185D-04 -0.58103665595580D-04
  0.18260057632622D+01 -0.84755835585875D+01  0.49827634875776D+01 -0.16354419170430D-03  0.32557289239957D-03  0.13186335860436D-04
 -0.56680857796275D+01 -0.60962645274814D+01  0.63870210924501D+01 -0.32046903921944D-03  0.12532127239505D-03 -0.35665588037550D-03
 -0.56343667679538D+01 -0.62202336511127D+01  0.18290988400408D+01 -0.61303769432289D-03 -0.63685917504316D-04  0.26361409392509D-04
 -0.10700825759423D+02  0.10000301881307D+01 -0.15749592717607D+01 -0.28424848394573D-03  0.38304235342689D-03 -0.49177854545373D-03
  0.44348250565970D+00 -0.13263743643542D+02  0.61868229642330D+01  0.37169041334706D-04 -0.66829153861097D-04  0.37211330967203D-03
 -0.58867897642117D+01  0.33896522772034D+01 -0.11244588736534D+01  0.50546717619998D-03 -0.67229559138746D-03  0.45972765660209D-03
 -0.98206766132724D+01 -0.37554721324426D+01  0.58181357602107D+00  0.28993732146870D-03 -0.71802040890585D-04  0.25137224648589D-03
  0.24205577843117D+01  0.49122269217417D+01  0.22133651900518D+01 -0.12681863413217D-03 -0.63894029526379D-03 -0.44214780418719D-03
  0.69119720560866D+01 -0.12537180575870D+01  0.41475540286640D+01  0.50810797700946D-03  0.20157212505149D-03  0.10754994601691D-02
  0.36897960998361D+01 -0.91750444983783D+01  0.48664554560764D+01  0.22133626876359D-03 -0.11243095050614D-03  0.48750696027472D-03
 -0.39202668585947D+01 -0.10222430922949D+02  0.67283444469777D+01  0.11197318450023D-02 -0.10282975406845D-02 -0.71886770630819D-03
 -0.10540679299791D+02  0.29592610440875D+01 -0.29326764194863D+01  0.72648978905974D-03 -0.35397202229990D-03  0.18907623220036D-04
 -0.12704666463573D+02 -0.69571076121881D+00 -0.66114040297199D+00 -0.11591602517854D-03  0.36168997794094D-03 -0.58400951332407D-03
 -0.14911828399865D+02 -0.23690505749563D+00 -0.20208627541934D+01 -0.77172523572016D-03 -0.24586015145028D-03  0.10668987684729D-03
  0.68262927761023D+01  0.38650457127307D+01  0.47710954823681D+01  0.80324523881370D-03  0.35862073156295D-03 -0.13067443646902D-04
  0.67445355488901D+01  0.61215326881859D+01  0.42494338189976D+01  0.18181096074377D-03 -0.15411837165353D-04 -0.42640545136042D-03
  0.86664615902494D+01  0.27590939679137D+01  0.62177694708482D+01 -0.46539565754934D-03  0.12269479773230D-03  0.13533762407417D-03
  0.10481999186150D+02  0.45565079684795D+01  0.67339753004474D+01 -0.28547389712562D-03 -0.43526488814224D-03 -0.23083516726737D-04
 -0.78049185631779D+00 -0.14706161301611D+02  0.75047568872833D+01  0.30578254865939D-03 -0.40389887926600D-03 -0.36957173462094D-03
  0.25829133508797D+01 -0.14099989097181D+02  0.49742638432480D+01 -0.35496394757447D-03 -0.36971028389030D-03 -0.20450856933931D-03
  0.27638327126674D+01 -0.16776287442911D+02  0.50512877315674D+01 -0.29665163050951D-03  0.19721409748558D-03  0.16823912607933D-03
 -0.71902343610689D+01 -0.81663704925282D+01  0.81401259192340D+01  0.11406517191742D-03 -0.53831100689202D-03  0.26492692549966D-03
 -0.71062785825207D+01 -0.81228491683107D+01  0.26812959434297D+00  0.44692593555857D-03  0.28550335075932D-03 -0.14207066369252D-03
  0.38676086789005D+01 -0.17512121350463D+02  0.34583686969090D+01 -0.77463499595807D-03 -0.74439134141086D-03 -0.18089058963227D-03
  0.85796835445228D+00 -0.17671582604748D+02  0.47668407662698D+01 -0.52520766435429D-03  0.58535497603537D-04 -0.20292446345931D-04
  0.36131678800128D+01 -0.17417019904234D+02  0.66999114310989D+01 -0.12649743205232D-04  0.42757612394316D-03 -0.99848132499433D-03
  0.11864689907706D+02  0.35933941869709D+01  0.79249270277676D+01 -0.37880415288593D-03 -0.10989723023338D-02 -0.76168756020132D-03
  0.95635199212497D+01  0.63607742902314D+01  0.70357371547168D+01 -0.35687490397289D-03 -0.32865880846867D-03 -0.18007026758627D-03
  0.11745849574233D+02  0.50446372630465D+01  0.50598694633990D+01  0.11196115140816D-03  0.40430271086772D-03 -0.63471723205154D-03
 -0.64817760567431D+01 -0.99934389357089D+01  0.59738733339033D+00  0.77240779421194D-03 -0.17742630239704D-04 -0.64499273802737D-03
 -0.69984848479488D+01 -0.72886036533872D+01 -0.17619912233975D+01  0.40850647893429D-03  0.13928365995675D-02 -0.23269293871152D-03
 -0.89420332715655D+01 -0.76230288507970D+01  0.13205353109388D+01  0.68829669703259D-03  0.26228188554666D-03 -0.11983855671682D-03
 -0.92067686865722D+01 -0.78957406883417D+01  0.80843704228403D+01 -0.21430618266052D-03 -0.71710985714663D-03  0.32504523486662D-03
 -0.59999622885569D+01 -0.85299369544822D+01  0.97049187633097D+01  0.12693897860227D-02 -0.25912331293755D-03  0.88283625545916D-03
 -0.66902166320912D+01 -0.98829102782878D+01  0.72159732229781D+01 -0.61941496855209D-03 -0.26282191929467D-03  0.25656806943415D-03
 -0.14815005760993D+02  0.14518929071918D+01 -0.29165441487006D+01 -0.85785052387946D-03 -0.62859390799106D-03 -0.30223038799411D-03
 -0.16249143834060D+02 -0.15380714208012D+00 -0.35484813682303D+00  0.47540023147611D-03  0.37157514954090D-03 -0.16919041623003D-03
 -0.14824910123200D+02 -0.13211625716979D+01 -0.37240336788590D+01  0.58362323973036D-03  0.10165208963588D-02 -0.28540241961062D-03
  0.11081252094404D+01  0.10078733249919D+02  0.81451746561676D+01 -0.11214252628749D-04 -0.47238534464924D-03 -0.91687026736843D-04
 -0.55389356331170D+00  0.81430880104491D+01  0.76383742916894D+01 -0.30195668139858D-03  0.26390461728378D-03 -0.19128189683729D-03
 -0.31202492867697D+00  0.61271028291595D+01  0.95592518610714D+01  0.62009443917009D-03 -0.40192118604056D-03 -0.92691595908697D-04
  0.19839991589474D+01  0.56371123094486D+01  0.11065397902024D+02  0.93418861976102D-03 -0.58287115242773D-03  0.49393460688360D-03
  0.35381191127862D+01  0.77719288536331D+01  0.11273252422385D+02 -0.56686916896547D-03 -0.35326248532060D-03 -0.25264067606041D-03
  0.29648016074706D+01  0.99706803365462D+01  0.99870282031897D+01  0.10617437170383D-03 -0.13197590348765D-03 -0.19270797057579D-03
 -0.21379406525131D+01  0.43262993651376D+01  0.96579078590172D+01  0.24057567957084D-03  0.37192377906555D-03 -0.96686693146528D-04
 -0.13267428534299D+01  0.19294932659453D+01  0.10123898951072D+02 -0.19030240698450D-03  0.35786711047729D-03 -0.62465378331684D-03
  0.11173704232468D+01  0.16428010478259D+01  0.11373564113047D+02 -0.16909646048712D-04  0.84112280836684D-03 -0.12344124277811D-03
  0.26898417819138D+01  0.33490911629466D+01  0.11964607971326D+02  0.22026209709928D-04 -0.57029566504770D-03 -0.28945285714858D-03
 -0.48096864877268D+01  0.45793290023159D+01  0.87743344894845D+01  0.22271766937137D-03  0.40375169504315D-03  0.61954307080867D-03
 -0.60498546312820D+01  0.24138986779138D+01  0.80789755058292D+01  0.55614496651944D-04  0.44368192434510D-03  0.55115869576895D-03
 -0.50411393969211D+01  0.11160979112536D+00  0.80120165312544D+01 -0.53635766748064D-03  0.27499987570429D-03 -0.12068701272685D-03
 -0.26660604219106D+01 -0.28345305130303D-01  0.91773366727343D+01  0.28831044273029D-03  0.24455991642553D-03  0.43264612857076D-03
 -0.15121219784748D+01 -0.23467835809397D+01  0.93700834519124D+01 -0.18821281543608D-03  0.26360972909393D-03  0.15779147362378D-03
  0.19408787545363D+00 -0.28986876343990D+01  0.11328236296225D+02  0.19616541799794D-03  0.18151329262334D-03  0.48516621827196D-04
  0.16423986430387D+01 -0.87933368788220D+00  0.12197239261988D+02 -0.13734925498144D-03 -0.59401430826320D-04 -0.54538755031551D-03
 -0.62979216591052D+01  0.68196901272330D+01  0.92620429117694D+01 -0.20951400357700D-03  0.12621734260681D-03  0.97492238300848D-04
 -0.87486227354112D+01  0.70615265688838D+01  0.83524941010294D+01  0.20410385983863D-03 -0.12791826719302D-03 -0.23939261680079D-04
 -0.97361020093342D+01  0.48639111927068D+01  0.68528498701989D+01 -0.48934021193527D-03 -0.20747127635949D-03  0.16032851786912D-03
 -0.85413897483615D+01  0.25869992366594D+01  0.72557007671670D+01 -0.26518907045190D-03 -0.37428287030379D-03 -0.14869545478088D-05
 -0.51124990901104D+01  0.85320913550933D+01  0.10950485929950D+02  0.30269336198961D-04  0.26233133486590D-03 -0.33486303944078D-03
 -0.23050649522332D+01  0.83462776021548D+01  0.57676190836257D+01  0.16803632546439D-03  0.25409451636301D-03  0.36545964648160D-03
  0.48668629845525D+01  0.12076023007941D+02  0.10276728201175D+02  0.41837174055585D-03 -0.41689596260464D-03  0.78807049016735D-03
 -0.12196668324602D+02  0.40785697359509D+01  0.56726443454318D+01  0.23943968313702D-03 -0.11192769173393D-02  0.24723721328820D-03
  0.56839201227843D+01  0.72658635654977D+01  0.11540892914141D+02 -0.37192984487394D-03  0.91715151653977D-03 -0.47911405225715D-03
  0.10675758211387D+01  0.11350309601082D+02  0.67263671222885D+01  0.23861579174350D-03 -0.43169368755084D-03 -0.66642265584831D-03
  0.33456188522162D+01 -0.12772911943311D+01  0.13464836449702D+02  0.29331861840263D-03  0.74537002423688D-03 -0.32627956964950D-03
 -0.26591759325511D+01 -0.37038264459541D+01  0.82765321476114D+01 -0.29298877512365D-03  0.78063711237143D-03 -0.11398999645029D-02
 -0.93709683616059D+01  0.81111476049514D+00  0.66977689126080D+01 -0.39681032790128D-03  0.54758547552956D-03 -0.15223526303112D-02
 -0.99990976791484D+01  0.79896311457041D+01  0.96003599028516D+01  0.27112465036485D-03 -0.97521161439809D-03 -0.14491345989434D-03
  0.45364993106454D+01  0.13837734564832D+02  0.11806476016058D+02  0.70422581050118D-03 -0.17327080537339D-03  0.32104263859583D-03
  0.69940423995012D+01  0.12132307343470D+02  0.88328254330055D+01 -0.40555455451520D-03 -0.30190454437242D-03 -0.28504903139902D-04
  0.80336708205081D+01  0.14546225889412D+02  0.93550215314969D+01 -0.32729099408128D-03 -0.21629175493407D-05 -0.38981133800621D-03
  0.20150726401580D+00 -0.54796992565057D+01  0.12578995696186D+02  0.61609601180727D-05  0.66689164849753D-03  0.15213232493605D-04
  0.11809581953772D+01 -0.56856205310730D+01  0.14729005176898D+02 -0.29183223231467D-03  0.28973465606246D-03  0.37822758339118D-03
 -0.11315558356940D+01 -0.72913653902442D+01  0.11397298870554D+02  0.33951316285520D-04  0.55807631988718D-04  0.40067941906276D-03
 -0.66651545690371D+00 -0.94262401360289D+01  0.13206501966560D+02  0.72574888125800D-03 -0.38635556269386D-03 -0.42584877054727D-03
 -0.13236036375873D+02  0.59514122780649D+01  0.46870139534817D+01 -0.40032170212509D-03  0.58438057674846D-03  0.14716722038909D-03
 -0.12773757213224D+02  0.16720771595180D+01  0.62056249150891D+01  0.20844920818437D-03 -0.66073221286629D-03 -0.17272771501394D-03
 -0.15431259655745D+02  0.11925359881668D+01  0.63061998282279D+01 -0.84968984081347D-04 -0.50029700982681D-03 -0.34330078046276D-03
 -0.68430990436199D+01  0.99694976793644D+01  0.12275655697510D+02 -0.34516193272091D-03  0.53985706632866D-03  0.52047543620483D-03
 -0.30906332083912D+01  0.10834721179231D+02  0.55323389011115D+01  0.70904182734991D-04 -0.26223584109684D-03  0.28800865578695D-03
 -0.15313711262494D+02 -0.79497467271636D+00  0.61180283678736D+01  0.23195596551314D-03  0.98892775135345D-03  0.56514955889299D-03
 -0.16707347808970D+02  0.18021716959781D+01  0.48050503532087D+01 -0.63638094083240D-03  0.44989200693370D-03 -0.10485716595935D-03
 -0.16605349547489D+02  0.16972733818869D+01  0.80128972359385D+01 -0.18174683866719D-03  0.49274094110288D-03 -0.96894576411278D-04
 -0.18655209946280D+01 -0.93226681826877D+01  0.15102967032456D+02  0.19331815759939D-04 -0.65206728824284D-03 -0.23584689479215D-03
  0.13483261210518D+01 -0.97423686250138D+01  0.13699393749781D+02  0.39730871786884D-03 -0.44048412189653D-05 -0.39057849942196D-03
 -0.95861321039107D+00 -0.11144123279573D+02  0.12354955855817D+02 -0.18051761898485D-03  0.65774077683974D-03  0.97231691410041D-03
 -0.19776359324633D+01  0.12565929964694D+02  0.59614647855606D+01 -0.10370294516168D-02  0.81533869267321D-03  0.41286478018429D-03
 -0.46476803980167D+01  0.10802139030414D+02  0.66595165993510D+01  0.47101507629838D-03  0.15098147396959D-03 -0.47387291023593D-03
 -0.44949084546773D+01  0.11072563913118D+02  0.39711943948998D+01 -0.16399659470385D-03  0.72906444280110D-03 -0.72990145122678D-03
 -0.82463234632417D+01  0.11097211073413D+02  0.11064044109636D+02  0.36343197170009D-03  0.46403402546127D-04 -0.41668337529524D-03
 -0.57617209165780D+01  0.10873447820626D+02  0.13493394287303D+02  0.16454500139870D-03 -0.11890121164005D-02 -0.75536194325920D-03
 -0.80132001028780D+01  0.87878286491426D+01  0.13512921695790D+02 -0.64961671769119D-03  0.11753238345345D-03 -0.14562288693633D-03
  0.65472144818627D+01  0.16047498549505D+02  0.91611234356366D+01 -0.11111408134750D-03  0.62752283000383D-03 -0.24606749926639D-03
  0.96049954513821D+01  0.15188640742065D+02  0.83725570763466D+01 -0.10293543352398D-02  0.92511815786839D-03  0.42124739757683D-03
  0.84543220334725D+01  0.14471139735997D+02  0.11486504993906D+02  0.15679344520874D-02  0.60701363509671D-03  0.91474849610269D-03
