# indices of neighbouring atoms (max seven)
6 2 27
1 3 23
2 7 4
3 10 5
4 6 26
1 5 24
3 11 8
7 14 9
8 17 10
4 9
7 12 18
11 21 13
12 14
8 13 15
14 29 16
15 35 17
9 16 28
11 19 22
18 20 31
19 21 25
12 20 30
18 42
2 43
6 32 33
20 40 39
5
1
17
15
21
19
24
34 24
33 57 58 56
16 36 37
35
35 38
37 47 48 49
25
25 41
44 40 45 46
54 22 53 55
23 50 51 52
41
41
41
38
38
38
43
43
43
42
42
42
34
34
34
64 60 85
59 61 81
60 65 62
61 68 63
62 64 84
59 63 82
61 69 66
65 72 67
66 75 68
62 67
65 70 76
69 79 71
70 72
66 71 73
72 87 74
73 93 75
67 74 86
69 77 80
76 78 89
77 79 83
70 78 88
76 100
60 101
64 90 91
78 98 97
63
59
75
73
79
77
82
92 82
91 115 116 114
74 94 95
93
93 96
95 105 106 107
83
83 99
102 98 103 104
112 80 111 113
81 108 109 110
99
99
99
96
96
96
101
101
101
100
100
100
92
92
92
