 -1.0
 -0.52606830031950D+01  0.94173761306222D+00 -0.31361700102796D+00 -0.76452677769371D-04  0.21742914981870D-04 -0.22584270448829D-03
 -0.32767218786981D+01 -0.50401664696046D+00  0.62905306724972D+00 -0.21922477258210D-03  0.16508941384748D-03 -0.20620751387449D-03
 -0.14332815828600D+01  0.69555352785918D+00  0.22484575735617D+01  0.18063078113801D-03  0.30612985998279D-04  0.63134798063040D-04
 -0.14935728612598D+01  0.34666988199087D+01  0.24440889468597D+01  0.64263891140290D-04  0.14190300626985D-03 -0.15005665763727D-03
 -0.36022547663784D+01  0.47362082310554D+01  0.14365871695122D+01  0.14165088862054D-04 -0.22110733864496D-03  0.17637159823555D-03
 -0.55440557610771D+01  0.34931172808069D+01  0.11083012055344D+00  0.23892200124319D-03 -0.36080384514606D-03  0.71546618452785D-04
  0.54062352325350D+00 -0.47946781880847D+00  0.36032352202442D+01  0.15098945297631D-03  0.18010997198736D-03 -0.15286473388290D-03
  0.27202519306490D+01  0.75447404255597D+00  0.41977094088956D+01 -0.26651167267422D-04 -0.49130455184493D-03  0.18147385228568D-03
  0.26327552744990D+01  0.35317258392866D+01  0.39635252091407D+01  0.21073502318315D-03 -0.16549368161565D-03  0.10293687895030D-03
  0.57645308559881D+00  0.48076035881372D+01  0.29499083946472D+01 -0.22341300947616D-03  0.30429541964776D-03 -0.90997319252240D-04
  0.63607010369060D+00 -0.31446794834314D+01  0.42040033314333D+01 -0.30172626312103D-03  0.15928366630027D-03  0.16607942521775D-03
  0.30321396471536D+01 -0.43449875415836D+01  0.50280794142011D+01  0.18557292888420D-03 -0.15242322320017D-03 -0.25256610170917D-03
  0.48855352658715D+01 -0.28383518094828D+01  0.58650535663806D+01  0.14481943113742D-04 -0.98530203806872D-04  0.12708753397155D-03
  0.48488479109402D+01 -0.35933813059599D+00  0.51467676363185D+01  0.11997483735616D-03 -0.72077469709354D-04  0.10402406308884D-03
  0.70069822689264D+01  0.11665607057064D+01  0.55662363744772D+01 -0.19027864435976D-03  0.14635475400908D-04  0.13012924754918D-04
  0.68548566894428D+01  0.37667568496060D+01  0.56111579172370D+01  0.35619651833356D-03  0.52717170267608D-03  0.21104639860224D-03
  0.46856369663121D+01  0.50248440745379D+01  0.47427173659173D+01 -0.19333850140402D-03 -0.23742933655424D-03 -0.18100386154561D-03
 -0.16275874226759D+01 -0.47343594461931D+01  0.45004090627155D+01 -0.99564087813426D-04  0.11439643512217D-03  0.97190886768538D-05
 -0.13053444418863D+01 -0.72777913966069D+01  0.48122872225372D+01  0.10304559168164D-03  0.29048369784243D-03  0.88060415050724D-04
  0.98297897661464D+00 -0.83089620748332D+01  0.50936479643677D+01 -0.34919199535381D-03 -0.16785408410517D-03  0.38150970677650D-03
  0.32348955271952D+01 -0.70078296628929D+01  0.51552730832809D+01  0.29266057654940D-03 -0.38915718960727D-03  0.35660675225467D-03
 -0.38897153779510D+01 -0.35108696770072D+01  0.43692665096699D+01 -0.63442412624559D-04  0.24096139208228D-03  0.23436691985247D-04
 -0.27029616534293D+01 -0.28563102199432D+01 -0.18274779354549D+00 -0.30722870344535D-04  0.12988714965829D-03  0.41278962662082D-03
 -0.76892606699976D+01  0.47884386565467D+01 -0.97755409836076D+00 -0.24749323170973D-03 -0.14503311819053D-03 -0.14206389186561D-03
  0.10366310953976D+01 -0.11140723866120D+02  0.54491064603374D+01  0.15458145821957D-04 -0.38568618051645D-03 -0.38678836529001D-03
 -0.31258711772819D+01  0.66407541406331D+01  0.10450994453445D+01 -0.11132683048049D-03  0.14089542082120D-03 -0.26461461552690D-03
 -0.65040238437876D+01  0.10896267109202D+00 -0.17473593439655D+01 -0.38112900184040D-03 -0.77885652854953D-04  0.93913941206157D-04
  0.43164714800965D+01  0.68802142821599D+01  0.54559313316249D+01  0.14919908452357D-03  0.71643377591124D-03 -0.10065159726203D-03
  0.86870250906285D+01  0.33450904958113D+00  0.63834094913945D+01  0.16295613213068D-03  0.21122374303921D-03  0.18862528801605D-03
  0.49361189021443D+01 -0.78161924364450D+01  0.59007948278776D+01  0.33243402490647D-04 -0.43949646460972D-03  0.40577686416627D-04
 -0.29797137737661D+01 -0.83106721541982D+01  0.50339418770679D+01  0.47413519735199D-03  0.52627971826144D-03  0.11120057116163D-04
 -0.81589538173869D+01  0.70636900142221D+01 -0.76802304382426D+00  0.34366358831460D-03 -0.53877185229728D-04 -0.48254902456082D-04
 -0.93925615898778D+01  0.31006166417819D+01 -0.18991070203902D+01  0.13649485415452D-03 -0.24986177510379D-03  0.10887147947503D-03
 -0.11325231080728D+02  0.44964638380364D+01 -0.29281920214460D+01 -0.38934999159523D-03 -0.14866622750836D-03  0.94033815629068D-04
  0.89852511737684D+01  0.53889099760654D+01  0.63165124480126D+01 -0.18233020814188D-03 -0.81774124117644D-04  0.19770521974768D-03
  0.11072083915983D+02  0.44584729137095D+01  0.60441505669191D+01 -0.12743747044514D-03  0.11100873048235D-03 -0.47878165949161D-04
  0.87370564267846D+01  0.76833053746108D+01  0.75362820300948D+01  0.65556245966190D-04  0.31971200054633D-04  0.98143988246935D-04
  0.10988534054908D+02  0.88400804332278D+01  0.81529259573749D+01  0.19705263262623D-03  0.88264628453222D-04 -0.25497834284454D-03
  0.28895604938024D+01 -0.12448036822712D+02  0.52821433563742D+01 -0.23440041102113D-03  0.34053756975815D-03 -0.13430474966944D-04
 -0.12694197000642D+01 -0.12236107330615D+02  0.60259437311272D+01 -0.20586853080013D-04  0.22762951252957D-03 -0.19110147295894D-03
 -0.10782186523369D+01 -0.14756863769000D+02  0.55064632526727D+01  0.17775181911128D-05  0.42618845152454D-04 -0.11011808866173D-03
 -0.60178527960207D+01 -0.50232998643594D+01  0.49626853388066D+01 -0.29285354192408D-03  0.24903464666749D-03 -0.98962267159341D-05
 -0.41317632779566D+01 -0.36469581510784D+01 -0.23497348454760D+01 -0.15684332551339D-03  0.57978426140023D-04 -0.14749702828481D-03
 -0.28576167480000D+01 -0.15680175476294D+02  0.54235443953769D+01  0.39485157224244D-03 -0.18031680519738D-03  0.10155034375779D-03
  0.33203264096056D-02 -0.15884849234276D+02  0.69436903985253D+01 -0.89458167445081D-03 -0.50990521691119D-04 -0.93213664567101D-03
 -0.26047485188440D+00 -0.14810982031460D+02  0.35975895715821D+01  0.77341472798427D-04 -0.35863151771792D-03 -0.38055287945248D-03
  0.10831789915736D+02  0.10681543398587D+02  0.92074352939704D+01 -0.20574310680436D-03 -0.20170709709028D-03  0.32047748714960D-03
  0.12127012725234D+02  0.91036315534390D+01  0.64433932073296D+01 -0.71583348334862D-03 -0.17408042323648D-03 -0.38629976776387D-04
  0.11907802245855D+02  0.74842388979039D+01  0.95152828845912D+01 -0.21838966766779D-03  0.17905254162580D-03 -0.82765582812989D-04
 -0.55713254674171D+01 -0.49736128691875D+01 -0.15507786306984D+01 -0.31607890223220D-03  0.61034054494746D-03  0.41392698528282D-03
 -0.27325709592488D+01 -0.45251043517930D+01 -0.36688582426147D+01  0.26960313327195D-03 -0.25344396101194D-03  0.31447680168909D-03
 -0.49439092628024D+01 -0.19686196055205D+01 -0.33337871988704D+01  0.43674331313076D-04  0.39802153445629D-03 -0.46547678608411D-03
 -0.56672719503464D+01 -0.60513023848348D+01  0.67686800580473D+01  0.35235888617894D-03  0.30578453482896D-03 -0.77711064282525D-03
 -0.64656474271976D+01 -0.64921213759984D+01  0.36488748351009D+01  0.31998238259178D-03  0.28741128344215D-03  0.76748527455337D-03
 -0.77418261652331D+01 -0.39109446992396D+01  0.51801113257323D+01 -0.49923689383178D-03 -0.28700886123546D-03  0.17753204892654D-03
 -0.12314238954900D+02  0.55498072118271D+01 -0.14954982164714D+01 -0.71106905068705D-03  0.95845708762964D-04 -0.25904480933936D-03
 -0.12565455717904D+02  0.31927367376674D+01 -0.37663861784982D+01  0.25476867229828D-03 -0.33349095401892D-03  0.76954116434195D-03
 -0.10414952093329D+02  0.59024159835012D+01 -0.42417426135693D+01 -0.49160378722607D-03  0.66055598969531D-03  0.45026215595572D-03
 -0.36734642133552D+01  0.79259430774723D+01  0.66856614752002D+01  0.14527171657921D-03  0.37073139378665D-03  0.96042160957913D-04
 -0.44882507225140D+01  0.54949159417288D+01  0.71755643183241D+01 -0.36314091707088D-03 -0.13170926135170D-03  0.26682077322452D-03
 -0.30411801913040D+01  0.38947262618504D+01  0.88285478007946D+01 -0.42426476263381D-03 -0.77917270365696D-05 -0.41551445681051D-04
 -0.37510835597709D+00  0.44815365481792D+01  0.91361672965035D+01  0.24280706811185D-03 -0.25395034741530D-04 -0.13307623202596D-03
  0.41641991842258D+00  0.69744201884372D+01  0.85294807304577D+01  0.20102545771210D-03  0.23595719975849D-03  0.31825449135155D-03
 -0.12330166986201D+01  0.86170459827681D+01  0.73711455615273D+01  0.11630620425374D-03  0.30397001093760D-03 -0.10606857075984D-03
 -0.40081365968154D+01  0.15397865957647D+01  0.97265420422047D+01 -0.16583020424200D-03  0.10226649201737D-03  0.49559988323352D-04
 -0.21299465542640D+01 -0.33214451948881D+00  0.10133985768359D+02  0.33893964918118D-03 -0.46079650342823D-04  0.14657297100894D-03
  0.43447520169705D+00  0.36203929388534D+00  0.10122518275656D+02  0.20824365305929D-03  0.16624086173300D-03 -0.77532984989181D-04
  0.13159611066294D+01  0.26836221010339D+01  0.98164371476981D+01 -0.13505821984014D-03  0.43747564223674D-03 -0.24469930912286D-03
 -0.65200288233878D+01  0.84044157119449D+00  0.10062915601032D+02  0.12282787797533D-03  0.11004303811070D-03  0.11369703144498D-03
 -0.70161139810553D+01 -0.18234433237967D+01  0.10694336423134D+02 -0.13793485305356D-03  0.13067835176664D-03  0.24315668360762D-03
 -0.51226957831967D+01 -0.35602103716873D+01  0.10982593687654D+02 -0.28574508703540D-03  0.17945412063484D-03  0.56408398179448D-04
 -0.27675826784953D+01 -0.28141140841957D+01  0.10717971366282D+02  0.33435035723920D-03 -0.34446536104364D-03  0.96261368930228D-04
 -0.88163174312215D+00 -0.45226758316632D+01  0.10921194665573D+02 -0.12899794026571D-03  0.11363442100945D-04  0.20964213542281D-03
  0.16648923938292D+01 -0.40286434199894D+01  0.10792333782721D+02 -0.18355181094499D-03 -0.37690326868514D-03 -0.20871142397864D-03
  0.23588995139869D+01 -0.15224382360285D+01  0.10483568930088D+02  0.66714323506995D-04  0.11953626018094D-04 -0.15820639495479D-03
 -0.83991556984048D+01  0.26909668311343D+01  0.10586486157270D+02  0.51337361057779D-03 -0.15646455201493D-03 -0.94896349480560D-04
 -0.10797061725884D+02  0.17069420177800D+01  0.11128223619844D+02 -0.11855994365553D-05  0.11763232844888D-03 -0.26692740832515D-04
 -0.11313765756770D+02 -0.87844550952839D+00  0.11230604547515D+02  0.74179519862938D-04 -0.26648743400930D-03 -0.42616300594945D-04
 -0.95368994342022D+01 -0.25729619909254D+01  0.10939451296577D+02  0.10389766723777D-03  0.27259742573958D-03 -0.63250286667261D-04
 -0.78807360868091D+01  0.51694424139520D+01  0.10698106427720D+02  0.36442500653466D-03  0.76282005065538D-04 -0.25867434303250D-03
 -0.64827176947820D+01  0.44838459871438D+01  0.58763434321459D+01  0.21909771246659D-03 -0.56814311799106D-04  0.16245500441194D-04
  0.18862143148090D-01  0.10683277579942D+02  0.61450124851657D+01 -0.11602130329547D-03 -0.38120373987679D-03 -0.10894975007445D-04
 -0.14035297374404D+02 -0.17319071206986D+01  0.11040864611600D+02  0.11057968146594D-03 -0.37484835232227D-03  0.33870284653082D-03
  0.23639062914415D+01  0.75354877108276D+01  0.88534475725626D+01  0.17931135041579D-03 -0.28445023073224D-04  0.41549564087773D-03
 -0.43183178455208D+01  0.89097458146169D+01  0.50515925496507D+01  0.33683648019272D-03 -0.64845479199370D-03  0.16098502254659D-03
  0.43034252901554D+01 -0.94921667141780D+00  0.10217918435757D+02 -0.96067196019232D-04 -0.25893983350027D-03 -0.34829853287162D-03
 -0.15292583183187D+01 -0.65225061033401D+01  0.11304445737163D+02 -0.54342370023314D-03 -0.23951200907675D-03 -0.54302853561379D-04
 -0.99086154604940D+01 -0.46782318783418D+01  0.10861835565560D+02 -0.31651005431854D-04 -0.62816537220171D-04  0.57868223749787D-03
 -0.12480073395483D+02  0.29557618331363D+01  0.11293545744810D+02  0.46162099301541D-03 -0.24211551883227D-03 -0.93326471963299D-03
  0.17484714175236D+01  0.11755338618981D+02  0.72384893185504D+01 -0.21015834594036D-03 -0.21122497101445D-04 -0.75140038740995D-04
 -0.77036150232691D+00  0.11350800351139D+02  0.38370877056449D+01 -0.31621173770968D-04  0.78920025394056D-04 -0.24509048702030D-03
  0.28459948690541D+00  0.13555361595925D+02  0.28667511468170D+01  0.19848536536223D-03  0.34554706840280D-05 -0.18548595194271D-03
  0.35961358727636D+01 -0.60813285018621D+01  0.11202711779709D+02  0.19465467094635D-03  0.11814082245709D-03 -0.41119949413298D-04
  0.57370776283274D+01 -0.55574297688233D+01  0.11894167566860D+02  0.12335411964584D-03  0.36456513234691D-04  0.14596054698269D-03
  0.28259130764598D+01 -0.85174457500575D+01  0.10504714332788D+02 -0.97254485675477D-05 -0.92227461036195D-04  0.12673529994301D-03
  0.48077744806514D+01 -0.10206833023836D+02  0.10598899229683D+02 -0.29873550854913D-04 -0.35262214398596D-03 -0.26630553349730D-03
 -0.14405713946231D+02 -0.36837628341398D+01  0.98846345374934D+01 -0.24169217311278D-03  0.44579622666368D-04 -0.10759748035764D-03
 -0.15802800154451D+02 -0.30103724714257D+00  0.12224441142758D+02  0.17776025661653D-03  0.80968774239210D-05  0.12507473416996D-03
 -0.18207260440082D+02 -0.14471532323407D+01  0.11884517764568D+02 -0.17508379819763D-03 -0.17347821557788D-03 -0.33282676947042D-03
 -0.90935474437365D+01  0.65753927921476D+01  0.12585414302735D+02  0.24790530882081D-03  0.87503076725281D-04 -0.31210088170285D-03
 -0.83648889352462D+01  0.62237834783154D+01  0.49984924571451D+01  0.29754323395563D-03 -0.17179730566871D-03 -0.10285948078804D-03
 -0.18239434557689D+02 -0.32915075806243D+01  0.12890517254755D+02 -0.45411352975693D-03 -0.31107153826965D-03 -0.54950303386300D-03
 -0.18398990125042D+02 -0.17637918013319D+01  0.98630514301380D+01 -0.32211981065139D-03 -0.16617089010751D-04  0.11656465877861D-03
 -0.19679771452023D+02 -0.12662532280189D+00  0.12460522591161D+02 -0.19050351692274D-03 -0.50074674892595D-03  0.40924193928230D-03
  0.67256952359240D+01 -0.92476177684033D+01  0.10499884573669D+02 -0.17563754178731D-03  0.20782507231260D-03  0.32922264486215D-04
  0.48472973764065D+01 -0.11331571696339D+02  0.88464829495127D+01 -0.21070949801681D-03 -0.11190217630098D-03  0.42156808018355D-04
  0.45545021237791D+01 -0.11377543089060D+02  0.12365124612112D+02  0.23859063811790D-03  0.50174253161274D-03  0.64342740451685D-03
 -0.10185758420044D+02  0.52070758563806D+01  0.50692089118690D+01  0.97964805091014D-04 -0.51868286052591D-03 -0.44596890796506D-03
 -0.80143793389105D+01  0.70467156447422D+01  0.30878391630239D+01  0.91658556585207D-04  0.23881600615778D-03 -0.29171101938808D-03
 -0.85673984855687D+01  0.78374681770076D+01  0.63411609798612D+01 -0.21291427986909D-03 -0.34196999600108D-03  0.44117598483558D-03
 -0.83441977090483D+01  0.60652200670189D+01  0.14410654391867D+02 -0.47163749613881D-03  0.66121474922294D-03 -0.25117612030775D-04
 -0.11154479071423D+02  0.64388094462243D+01  0.12301620669703D+02 -0.59878880128731D-03 -0.48393172776470D-03 -0.44438560608727D-03
 -0.85411120485277D+01  0.85077732526033D+01  0.12595355032578D+02 -0.37505269206695D-04 -0.31830255505860D-03  0.18696834613455D-03
 -0.11592707690052D+01  0.14974087842128D+02  0.23467447086655D+01  0.24175162219335D-04 -0.94551423291684D-04  0.34361832984199D-03
  0.99871756129447D+00  0.12692315127015D+02  0.10332822146704D+01  0.51808596318255D-03 -0.13515977229488D-03  0.55991938593244D-03
  0.19053276166278D+01  0.14078866768117D+02  0.40484201761102D+01  0.17732614418128D-03 -0.25040521655149D-03  0.50698455993748D-04
