$coord
       -4.70627404109899        1.36016299035552       -1.66683101062288      C
       -2.68345462154133       -0.05280734260715       -0.69742149931726      C
       -0.81744976394850        1.26995678933839        0.85506220826736      C
       -0.83819239985749        3.99134889217736        1.18570130653084      C
       -2.93230312447550        5.25893008410319        0.19746222368892      C
       -4.93419892749951        3.99553452943224       -0.95182420551031      C
        0.79724461831739       -0.01120446322268        2.60791760448511      C
        3.02819229678383        1.26895500848798        3.20838495232076      C
        2.99489655735957        4.00198173371109        3.14247665487478      C
        1.03531778458575        5.36092750639263        2.24917844665831      N
        0.55650135230405       -2.43241015664485        3.30264577971584      C
        2.77525103335586       -3.67331489067139        4.10307023515028      C
        5.05337358808383       -2.52682599324439        4.62174440623084      N
        5.02759877717460        0.04224720313693        4.48685236262275      C
        7.08348344131772        1.31822379150695        5.42193182397905      C
        7.10210235605603        3.97380739642577        5.06929578385797      C
        5.00929101056045        5.26107487439569        4.08165641031776      C
       -1.86766175951025       -3.64989667488438        3.87951966501321      C
       -2.06349667396043       -6.16091228674867        4.70437737046084      C
        0.13715819712630       -7.53398610950531        5.24764280243642      C
        2.45835446988643       -6.16379208027109        5.10409080377727      C
       -4.00417781479820       -1.99925644608802        3.54706611845313      O
       -2.42369496524595       -2.55242334011971       -1.21817738659831      O
       -7.02411225977881        5.71988942200299       -1.86235021087959      C
       -0.14781862583799       -9.90171141404200        6.73653517812249      C
       -2.71269436561180        7.38157283898400        0.13286944869147      H
       -5.86805672292699        0.42082672048723       -2.97508610302758      H
        5.20097754613165        7.44510347783369        3.88519198465537      H
        8.76807389374368        0.28241726514557        6.14007647846634      H
        4.12638720871157       -7.32110583356052        5.35241508310828      H
       -3.84595080487430       -6.95773900715853        5.24736660079441      H
       -7.96727840000467        7.13582222903778       -0.31535302644594      O
       -8.00902485150317        5.38506693361118       -4.22989668995441      O
      -10.44683835114410        6.52608375417402       -4.62014053243650      C
        9.16826199158712        5.47682532070357        5.91081467059830      C
       11.37130178142977        4.60828626528890        5.79427472844198      O
        8.63922564876647        7.69402225125692        7.16668811570983      O
       10.73635341509994        8.83993634528067        8.16403866731902      C
        1.62445649726565      -11.34683937184424        6.71677729787115      O
       -2.36872344944710      -10.27996617239134        7.84253144652318      O
       -2.37358577205119      -12.72932779776678        8.75342026575484      C
       -6.20055728809087       -2.96248634716255        4.77863461113476      C
       -4.25078517462570       -3.74320981928324       -2.79922161509419      C
       -4.15537201265584      -12.74857056221532        9.96955655544540      H
       -0.82803374837494      -13.02802710850840       10.09136212111516      H
       -2.43786712572938      -13.97433233584049        7.08271121043641      H
        9.98128999358249       10.60587509681204        8.84969007678352      H
       12.21246930155525        8.98908680741540        6.74215973685179      H
       11.42738394322378        7.47332013505089        9.49842172938397      H
       -3.95785104957741       -5.81261587781534       -2.65938991109150      H
       -3.93662663670307       -3.09608821031670       -4.78282718441467      H
       -6.08839311508851       -3.07835909847238       -2.12478021238209      H
       -5.97746075823111       -3.04823593309421        6.80266234255569      H
       -6.97347658259013       -4.73638379410844        3.99721207534829      H
       -7.56407670344000       -1.48949341773517        4.43986772094952      H
      -10.55506785974022        8.01618892057071       -6.18112458710705      H
      -10.78048426366591        7.39224388611195       -2.79039186036640      H
      -11.79083649021610        5.03287886275609       -4.77015566301849      H
       -3.78674019349222        6.47015465905446        6.55431919612572      C
       -4.70927633517191        4.26127875140072        7.54137753954699      C
       -2.97005825686207        2.76383342485775        8.98853930417403      C
       -0.45665852634400        3.59809298654863        9.14534046254413      C
        0.33818512200408        5.89802751471395        8.18267325858452      C
       -1.28532792781722        7.41299746711160        6.90162524244643      C
       -3.79642135609294        0.55126285192167       10.21957111608566      C
       -1.89003087248292       -1.12451912197124       10.79276145926186      C
        0.69349805916524       -0.54150210764040       10.43202482776587      C
        1.32433984190960        1.95148278714789        9.96427646441790      N
       -6.25902775248157       -0.00961781977932       11.07233547129694      C
       -6.74438998353344       -2.63797677476241       11.72023996243564      C
       -5.05899705853277       -4.38487325565544       11.98159277014848      N
       -2.65293908949422       -3.62305779332252       11.66398855812903      C
       -0.75939443873478       -5.52954224239548       11.64384967844394      C
        1.82609001936255       -5.00623956860146       11.21567608398962      C
        2.50831300915032       -2.52891530164368       10.71961762019072      C
       -8.11417435953403        1.84485975144090       11.40998465825204      C
      -10.60030284279824        1.02383822899876       11.65586989888967      C
      -11.22089388975851       -1.50098759277648       11.92670542283655      C
       -9.35240917800647       -3.20522426284279       12.11632785489367      C
       -7.23858727458650        4.33171862435578       11.63234574429637      O
       -7.15752458158319        3.35590425662384        6.82492161559052      O
       -0.26614355393348        9.69187783638438        5.65414510018487      C
      -13.88946903764806       -2.28276110050496       11.86372379204440      C
        2.26363305638738        6.41032179179119        8.42140966457821      H
       -4.74603319699816        7.53145648061275        5.10465091183539      H
        4.47216024813255       -2.22871735921387        9.98374869491358      H
       -1.13326702630391       -7.48173738100676       11.94374638226135      H
       -9.79029138457302       -5.28567362366351       12.55767482327927      H
      -12.06009227057010        2.40200115511753       11.55268730105507      H
        1.95324169090384       10.21552067383963        5.74032549119599      O
       -2.00415596207518       11.19418069276514        4.35941054851864      O
       -0.83539851922440       12.89409246755304        2.70214963779703      C
        3.75989717508541       -7.02407765947750       11.32011073380223      C
        5.34026230226467       -7.02062944961786        9.62790103858614      O
        3.40704673789082       -8.97140836742831       13.00761430691413      O
        5.28437980130060      -10.67679501282307       12.57475190383256      C
      -14.53132644252200       -4.44756335827810       12.08331250862365      O
      -15.46582032204231       -0.28912595715293       11.43169180629157      O
      -17.96340649736289       -1.15327726769078       11.54309873915993      C
       -9.15705637956728        6.06236884571034       12.51684957275798      C
       -8.39416157187567        5.21419780332260        5.29475102716621      C
      -18.51034232104686       -1.34819889908390       13.55099584639759      H
      -18.16626984963032       -2.93189631295598       10.55003179934312      H
      -19.17335938890123        0.29383225864803       10.70202667251235      H
        7.02407589198318       -9.79263685177921       12.85083032325428      H
        5.04657128260905      -11.24808043968038       10.59059075395462      H
        4.80600677694293      -12.16945755356468       13.87596529133145      H
      -10.35785973412401        4.87000750288592        4.87179705632375      H
       -7.38134229496015        5.22203970799903        3.47588874029598      H
       -8.37401376015807        7.10090622425103        6.08941221932679      H
       -9.82476189585179        5.58389152777032       14.36126312074798      H
      -10.83145104731210        5.73404643201651       11.17410983326712      H
       -8.38749618036774        8.00624160471348       12.44105064014194      H
       -1.99013226576804       14.56996566289940        2.47013872853949      H
       -0.70534068288169       11.89360646647595        0.90905802075305      H
        0.93628372306034       13.23621276607474        3.63690391531219      H
$end
