$coord
       -4.09207531049304        1.04322717709771       -1.59542388778714      C
       -2.12665934145741       -0.34979868555487       -0.45844659906154      C
       -0.36871736896703        1.11985209220175        0.97478524739314      C
       -0.36862487934150        3.78751297218417        1.00809573463531      C
       -2.35335972669824        5.06763368164088       -0.11577291542434      C
       -4.22072524822889        3.72703515599570       -1.46613832483576      C
        1.21515904149697       -0.05275173494869        2.86744122157322      C
        3.25022032303147        1.20606299406524        3.75492907537389      C
        3.49088074633986        3.83681484830980        3.11950084640132      C
        1.54827149696887        5.12946838966199        2.04138621629264      N
        0.87105988836793       -2.51097536149794        3.91707784077323      C
        3.19524746076690       -3.68957620431822        4.91124694296290      C
        5.34352576765277       -2.62113360259114        5.43273341415817      N
        5.20257225763333       -0.12262537514304        5.15051953808369      C
        7.48613067874591        1.22425302236917        5.73163659692891      C
        7.40371709095644        3.73832764605144        5.38760321395701      C
        5.65871953911575        5.07682114412860        3.98682481905528      C
       -1.55846525769334       -3.78711762441021        3.91944758283986      C
       -1.56948709649752       -6.43064384110185        4.22961656730168      C
        0.70152104523194       -7.83620687581710        4.96826228798225      C
        2.87648931094738       -6.27280336264707        5.41381606173966      C
       -3.75665451723683       -2.28148000717549        4.19593281918057      O
       -2.13436209711511       -2.93051013602529       -1.01750527067449      O
       -6.63966318355791        4.98634487078051       -2.12008547599579      C
        0.50188208250840      -10.50360994024388        5.49734339227303      C
       -2.21914950641057        7.08752046612986       -0.34395960238804      H
       -5.68154046217593        0.16541545546951       -2.45518537618147      H
        5.86917205121936        7.07529479172550        3.78068207164963      H
        8.88913266083356        0.56460933229370        7.02971162498432      H
        4.62228864233154       -7.07421995750703        6.28083309825340      H
       -3.35384387403356       -7.41398884247399        4.18025967707120      H
       -7.07719709050941        7.26427693933679       -1.82807774909683      O
       -8.53468302146204        3.45442959945907       -3.19825280617003      O
      -10.47182599765736        4.77805993745887       -4.44088277186019      C
        9.39145824386998        5.31925986006288        6.50865717819669      C
       10.94224129759116        4.27923395779366        7.89832449471268      O
        9.25611635232569        7.73971297149853        6.01119560679248      O
       11.14674422406273        9.16646278432989        7.38743047304465      C
        2.51405446886099      -11.61119125549069        5.96375122155427      O
       -1.79538293913042      -11.61902261252345        5.49933086487376      O
       -1.79104845856382      -14.24689895972834        6.15360622286138      C
       -5.97412357957598       -3.64739273771940        4.22170368891340      C
        0.21005479097090       -3.93482554375800       -2.00633824712620      C
       -3.65198100276073      -14.46635222209003        7.02062841694155      H
       -0.33904686477626      -14.82943225248661        7.47589294431018      H
       -1.65930943083246      -15.42918058543946        4.39778597601686      H
       12.96322813628187        8.14079991205201        7.52314793425798      H
       10.63780762476026        9.79276197847397        9.23245265136852      H
       11.50300305266480       10.85300492275735        6.29032437911709      H
        1.77349765391971       -3.43828584728224       -0.79139971671496      H
        0.49807589513885       -2.96014795125743       -3.88929986179027      H
       -0.07419308005469       -6.01789716684889       -2.48887712023250      H
       -7.53604515805540       -2.62480598068174        3.90356626652940      H
       -6.03665045113469       -4.50856579553519        6.07260971319274      H
       -5.81784219783620       -5.37423817388997        2.85233654686640      H
      -10.96687203295159        6.42161650892082       -3.39551582838524      H
      -12.16933014522730        3.62294286567541       -4.59781578514207      H
       -9.62809192525843        5.38315227344368       -6.30334575015536      H
       -3.44047438960869        7.02119119128918        6.07555346774786      C
       -4.66721158901899        5.01243977182755        7.25577185043153      C
       -3.38823484119912        3.32447502287027        8.80070577930618      C
       -0.65196874721876        3.40594678506430        8.70654169326141      C
        0.51723041034320        5.39731027896720        7.39281650281027      C
       -0.84317370915952        7.28200676015319        6.20384938187886      C
       -4.49538651113956        1.28739540784402       10.11574125512072      C
       -2.86285652882606       -0.81354387042465       10.39932975677900      C
       -0.17551102752049       -0.52285423678460       10.26987724235270      C
        0.87289419315799        1.60761156704988        9.67283144892442      N
       -7.05939261762667        1.03852601208175       11.07881673010133      C
       -7.91373219777664       -1.57958048110036       11.31927823941578      C
       -6.44058813160796       -3.66944596270452       10.96696216149863      N
       -3.93589597480231       -3.19508412437688       10.93194626465235      C
       -2.35323114528630       -5.38888200478921       10.87213806566995      C
        0.19421732593317       -4.95043579362237       11.02482133558311      C
        1.31612565438162       -2.65533686629377       10.51355912960707      C
       -8.83852116348909        3.00591637782179       11.80918302442910      C
      -11.31302502592784        2.25795785873458       12.40327691988988      C
      -12.16093975290328       -0.28274955946863       12.50210959614151      C
      -10.37441657687557       -2.08072491062542       12.07014932236001      C
       -7.65655929768345        5.37387677674250       12.19671165480314      O
       -7.24985285005397        4.85866813985775        6.91458359458690      O
        0.33089265605110        9.52708408447304        4.97079038432412      C
      -14.67579771296994       -0.95302331119854       13.41661188514558      C
        2.51910991838710        5.63101303582908        7.33569919169590      H
       -4.55179994717719        8.55283698670106        5.19813268399891      H
        3.30839256271594       -2.58878830706737       10.96841169931299      H
       -3.23886065966105       -7.17700199579191       11.04853754534396      H
      -11.20932077532575       -3.99962407108846       12.22365800567906      H
      -12.71515145473795        3.58630880920820       12.74427966874432      H
        2.42557831343893       10.03303066353371        5.57521586743087      O
       -0.85751426606173       10.74303738958581        2.92738352149050      O
        0.72537970839293       12.39829122973737        1.58498217120401      C
        1.88582867697817       -7.09420551636077       11.57042131844477      C
        4.14010461051640       -6.91978797758630       11.33020951705017      O
        0.74276907715256       -9.11236664812086       12.76747726957776      O
        2.57395877054094      -11.06012243509375       12.97332218561340      C
      -14.95455004494797       -3.12110654091636       14.17650702726089      O
      -16.57279055604001        0.85978473263209       13.53708200456907      O
      -18.78656200103056       -0.07021064203565       14.58661618981660      C
       -9.41586413431419        7.14224405575917       13.35172124522997      C
       -7.92218254178820        4.95472304457868        4.30585836889473      C
      -18.34232893769497       -1.69719661592916       15.82480167547780      H
      -19.93263923067700       -0.83651035525879       13.16396022991848      H
      -19.75986340163266        1.47369653553492       15.52737279292950      H
        3.37757244796088      -11.81806219497656       11.25384063716597      H
        1.48506607000687      -12.81328776220919       13.55519199969627      H
        4.04987102219457      -10.57326791863595       14.38954946414531      H
       -9.92515617869859        4.50028671916663        4.05805512620913      H
       -6.78771679036564        3.46531152299768        3.41050827509217      H
       -7.47236648440890        6.85233627189214        3.40112615221426      H
       -8.38037204382274        8.97960165644900       13.05539420732095      H
       -9.50657845516370        6.52127754057005       15.36763580819913      H
      -11.33800646093714        7.17106234788761       12.61879652903818      H
        1.76376622609406       13.72075174845833        2.84345460199529      H
       -0.54146663733205       13.72094400311541        0.56725109589118      H
        2.15749314548063       11.41086279997163        0.35714389885604      H
$end
