   -0.02819291
    0.13585355
    0.00642631
    0.09916697
   -0.02394931
   -0.00744501
    0.02998406
   -0.00159023
    0.09243852
   -0.28074202
    0.00735369
    0.10821437
   -0.26965169
    0.09228961
   -0.03244494
   -0.01199679
   -0.03554011
    0.13027739
   -0.03145376
   -0.00554084
   -0.02325216
   -0.34218587
   -0.35679736
    0.34220560
    0.36363985
    0.13238827
    0.10618520
    0.12105564
    0.14202123
    0.13511695
    0.08681171
   -0.48219352
   -0.36504991
   -0.00960439
    0.37524206
   -0.49239658
   -0.38715453
    0.02069496
   -0.47222100
   -0.40380519
    0.03276793
   -0.00435162
    0.02419332
    0.09490030
    0.09117284
    0.09412532
    0.10820949
    0.15884466
    0.09237746
    0.07840912
    0.07185956
    0.06571868
    0.10289495
    0.09202706
    0.08313856
    0.09116814
    0.14411365
    0.11427272
   -0.02397730
    0.13436575
    0.00987306
    0.09221953
   -0.02726890
   -0.00735756
    0.03055816
    0.00376311
    0.09089670
   -0.27254904
    0.01135726
    0.09322760
   -0.25710051
    0.09437018
   -0.01773952
    0.00322402
   -0.01518812
    0.13561495
   -0.01795540
   -0.00450705
   -0.02795221
   -0.35137135
   -0.35721741
    0.42186518
    0.34345484
    0.13856424
    0.13716004
    0.10918925
    0.11713252
    0.13033891
    0.08650878
   -0.51837355
   -0.40730575
    0.03423187
    0.36796044
   -0.47246027
   -0.35724087
    0.00306518
   -0.49380526
   -0.36256552
    0.04255883
    0.02308191
    0.03458752
    0.10799661
    0.10087947
    0.06814620
    0.09547705
    0.10787271
    0.09548401
    0.07315627
    0.07330872
    0.08452127
    0.07851147
    0.05623159
    0.10113070
    0.10724578
    0.09076238
    0.06204155
