$coord
       -9.66477348206417        3.38048087436492        7.19274005981528      C
       -7.80251151179024        5.03433670686279        6.89498285081261      C
       -5.40385491882401        3.83027105736057        7.14620997914537      C
       -5.07881092979805        1.80545290593221        8.99949776179452      C
       -7.35854075953906        0.20371891663882        9.33491888273631      C
       -9.66980644480256        0.98420427730275        8.37618496213498      C
       -3.03559069432480        4.91022443899632        6.51939083927086      C
       -0.87516678516635        4.38867047717446        7.94979829157259      C
       -0.84556440288304        2.33743846106564        9.59570605299164      C
       -2.82600558413482        1.02013450717272        9.99083892652113      N
       -2.75527896357849        6.16561217199681        4.04051973262936      C
       -0.62771126897250        7.70757778699051        3.91126609195072      C
        1.19747777294573        7.86708332463086        5.78750533873902      N
        1.19447871546104        5.75320193128396        7.55896019241700      C
        3.37597243746581        4.88353120951102        8.71090852770995      C
        3.50548693209464        2.86133256759945       10.37230784090727      C
        1.29898895223499        1.38689306606509       10.70177844877253      C
       -4.51365116179300        6.13683751301631        1.98243252186832      C
       -4.03013385231140        8.01674045076429        0.29653146122885      C
       -2.25006158009217        9.99250505324959        0.47032975738184      C
       -0.14168363718937        9.68640882123462        2.00408156914231      C
       -6.41889995342011        4.25348145210119        1.91679190278875      O
       -7.66026101193921        7.60965099866742        6.04864580270902      O
      -12.29036523194764       -0.11432374414375        9.27046599588595      C
       -2.65001313535836       12.03774630699116       -1.48443879538361      C
       -7.20719131735618       -1.75200258993756       10.04488552509670      H
      -11.33530114996799        4.43690550874246        6.81391670084682      H
        0.85875823063854       -0.55374930511929       11.63356632182209      H
        4.86367155894013        6.14875992219509        8.41927641528116      H
        1.54792412898299       10.94244987314339        1.87174317187930      H
       -5.37948572074303        7.89166896816491       -1.25013764364934      H
      -14.04804021002971        0.26471098480905        7.79421557745196      O
      -12.32691104457540       -1.39040480220145       11.37277249364001      O
      -15.02605236821611       -2.36116767704954       11.56137425285084      C
        5.99349955654491        1.78408651441419       10.79599775081056      C
        6.42979394088913        0.20181295096078       12.71333056432035      O
        7.85640577700349        2.80769621577707        9.54850737688498      O
       10.26999984963321        1.97069887587037       10.25158396029710      C
       -1.61418381046058       11.59837731155121       -3.50194190958022      O
       -4.27411787019086       14.03227476235045       -1.00225920642786      O
       -3.94066467877355       15.97371411109197       -2.48523829531827      C
       -8.52689206282531        4.86086508455490        0.08434124683832      C
       -9.86696381192053        9.11073046020579        6.20800058657880      C
       -2.42176522661603       17.20340415776178       -1.89193263767335      H
       -5.88130489753364       16.88861347182690       -2.60926818064627      H
       -3.78015977303498       15.24330236481808       -4.32837881673274      H
       10.03024980876105        0.21739488262884       11.18922686889610      H
       11.23756793709435        3.12272917169532       11.58208621944733      H
       11.30264155203772        1.62984831528865        8.63846867332049      H
      -11.41027963870182        8.89850824000127        4.88752332673707      H
       -9.00127247986299       10.98931728665322        6.06609450263910      H
      -10.33651049046347        9.04936913705102        8.21734115543905      H
       -7.92128827902643        4.30832580776577       -1.92996927390631      H
       -9.22970097301007        6.80600355238611        0.15615775442313      H
      -10.33910849255450        3.95174968869740        0.50507803181220      H
      -15.31336916094667       -2.64215019865280       13.65902881647981      H
      -14.96150431483546       -4.27690791823016       10.73279896005927      H
      -16.25486811473682       -0.82388084642089       10.81852060868831      H
        5.70606240121039       -5.11165635588872        7.22026247578340      C
        3.19075788916847       -4.85535173572081        6.25761229874235      C
        1.09607446592670       -4.96530640164812        7.82951263339682      C
        1.24919322264268       -5.94107026698759       10.32473206927569      C
        3.77894110012320       -5.94486060471799       11.39468429984550      C
        5.86302892369159       -5.92836061510533        9.69913738433477      C
       -1.32117495137276       -3.85308221196271        7.10997398610192      C
       -3.50334514277964       -4.61902322580835        8.38146473041816      C
       -3.16473852597266       -6.25267062901001       10.76208134383663      C
       -0.83865753845019       -6.15343377925216       11.79360024213661      N
       -1.82915576371027       -2.38638612575780        4.70752719177658      C
       -4.25836095577606       -2.71282244835516        3.57137712332972      C
       -6.23653500653135       -3.72557211032135        4.72773309155247      N
       -5.98358323311458       -4.58369758190839        7.16434541546451      C
       -8.07295760074636       -5.82777227411771        8.16743923549476      C
       -7.80079048285839       -7.00032674643808       10.72163386526371      C
       -5.30893361388492       -7.08598373133218       11.77922174100317      C
        0.01238249879904       -0.62542399421694        3.59478576820788      C
       -0.51597222166219        0.21788898460891        1.10623747633762      C
       -2.77192744931942       -0.23449279681059       -0.13414288345364      C
       -4.57536799748712       -1.45971856544874        1.30737271445648      C
        2.14142018113045        0.28117962359403        5.25575788848164      O
        2.91372558438313       -4.69002170588877        3.64760860639461      O
        8.41198772826229       -5.91834300278551       10.84421186380213      C
       -3.24972254277544        0.16243434655513       -2.92976078741033      C
        4.24185593428578       -6.33750000221610       13.32453603173653      H
        7.24831649183469       -4.75669204633249        6.07059603131685      H
       -5.11404811897525       -8.15148436621900       13.45658812242504      H
       -9.78536220233656       -5.81369700761144        7.23189929910747      H
       -6.45827419085247       -1.84593658231656        0.51180001795890      H
        1.19288710473569        1.03959401482822        0.13316304904925      H
        9.91229790256116       -7.34680973044262        9.84267621388318      O
        8.39606679757439       -4.86205314039693       13.28580732859671      O
       10.61703217493842       -5.32668239656079       14.91287084739831      C
       -9.93189318752245       -7.93686001372686       12.31693266596542      C
      -11.51108688272089       -9.66837274734898       11.90947952205265      O
       -9.91433970848981       -6.65687044339793       14.64001599287945      O
      -10.69440004252158       -8.27300857335945       16.80635331331805      C
       -5.17241542098101        1.15027650909672       -3.73854503130073      O
       -1.65911863791332       -1.22806536930126       -4.14906329305693      O
       -1.92010470708170       -0.42359009753026       -6.75595838748002      C
        4.31992811154028        1.37371535595662        4.15052280493470      C
        4.51612016074927       -6.18911346563321        2.30565509268308      C
       -0.27348853914485       -1.09036578672414       -7.81996091646189      H
       -1.97571973866910        1.64557735798692       -7.12202219397691      H
       -3.57384622238015       -1.21178937016124       -7.61075890572499      H
       -9.80231512112642       -7.60419695602866       18.47315542484553      H
      -10.10920460623157      -10.10224366984519       16.27185264905912      H
      -12.80062112786603       -8.11234765512876       17.28569045875210      H
        5.40805686080829       -4.98376941165005        0.98731465247134      H
        3.85217682145355       -7.46118338880205        0.87517808330652      H
        5.99607996611090       -7.09477634942346        3.62474637906990      H
        5.45968607303662        1.88828871539131        6.10746321157872      H
        3.90407909011477        3.06868032122745        2.84033737344879      H
        5.23296808060674        0.29307726520096        2.75972398265301      H
        9.80065072514206       -6.48400239328255       16.58343139300357      H
       10.92107591850204       -3.76670438466474       16.10018981612583      H
       12.13854506984946       -6.19762881928309       13.86180418299278      H
$end
