$coord
      -13.09255212698919        6.56303203191135        8.74065856001048      C
      -10.66463464552736        6.65952725857176        7.64547270894942      C
       -8.99008817126446        4.74751360108101        8.46294115779953      C
       -9.46225983534351        2.95180747236583       10.52200031497981      C
      -11.91624445482495        3.20355985119932       11.82030627000813      C
      -13.59281432092213        5.01816815246379       10.78886052444618      C
       -6.48849048358712        4.21735730150805        7.05227786963041      C
       -4.74056120378223        2.96223829429977        8.55707264436547      C
       -5.36782557684411        1.78338825166106       10.92699904262285      C
       -7.70489368011924        1.72330753723014       12.04021466819923      N
       -5.51417284355619        5.50255131624243        4.88228455993479      C
       -2.94927287759644        5.44818478083589        4.30139501383520      C
       -1.16409334125150        4.70993545439457        5.94844560654087      N
       -2.18205915173910        3.81299005890565        8.06806777376398      C
       -0.27925847790155        3.44789646940906        9.76337753393167      C
       -0.85814996443895        1.89914505244840       11.89985991516387      C
       -3.25607966130402        1.14525684563159       12.55126794606010      C
       -7.20379399651527        5.89445429073086        2.77114284423278      C
       -6.72858756319159        6.87351253044580        0.34862398602086      C
       -4.06219788199886        7.29273186802886        0.08624508189038      C
       -2.37346351544075        6.70326533552981        2.03581591185817      C
       -9.51066220597305        4.72858401036215        2.93355079220581      O
       -9.94516092477763        8.56917863645462        6.17416990160734      O
      -15.96456790089489        5.69273249870883       12.20108778049149      C
       -3.04031870261684        8.26656163857172       -2.25629574436189      C
      -12.04576358108791        2.47686508428432       13.89967197123461      H
      -14.69625440211749        7.74040153860068        8.34964806946252      H
       -3.43299772266541        0.68191858283989       14.63370900309815      H
        1.61081146244612        3.75157839127171        9.51327554258445      H
       -0.44159770729673        7.67289883949558        1.62131084481858      H
       -8.00755125760843        8.37891897071608       -0.51841438440954      H
      -16.99279193289545        7.61124407216461       11.36776569783675      O
      -16.61554157599032        4.38750670915546       14.29186327946753      O
      -19.09090535162973        4.81477709448513       15.05324303398688      C
        1.47044367514485        0.91166030028280       13.31175717792203      C
        1.31421527773362       -0.61361483916864       14.98708227547121      O
        3.69895973934217        2.12496311333385       12.75733015423572      O
        5.58827403075640        0.85342670003919       13.89044501932711      C
       -1.94634903831313       10.29132092303535       -2.46387463394110      O
       -2.80678536708012        6.54557462735085       -4.06254492313047      O
       -1.17641606497550        7.58507549371518       -6.00048951325501      C
      -11.12722458427341        5.25792079047376        0.83818671104889      C
      -11.86222470667406       10.49231833544788        5.75342488181427      C
        0.62132640475001        7.39269911978522       -4.78488433996607      H
       -1.92716372341485        9.47073798422592       -6.53353139390242      H
       -1.42469480075911        6.86553269106733       -7.97876465859299      H
        7.49875856795699        1.95775169732605       13.66977968273779      H
        6.02368074079202       -0.72714034035031       12.86317577658576      H
        5.10755613453233        0.38181865545418       15.74176908216188      H
      -13.55571441366353        9.72273473492853        5.20943470548667      H
      -11.25590539786459       11.89644930212864        4.27788711999958      H
      -12.33787776982619       11.62057316816212        7.43053312021182      H
      -10.34611364634975        4.12676656789624       -0.61297372107510      H
      -11.33553896554666        7.48299618640651        0.65213579180526      H
      -13.02516872547091        4.50853971919482        1.45936345258955      H
      -20.47154092707165        4.96569063153782       13.51246049529539      H
      -18.55623889920146        6.72869785658485       15.61608618617638      H
      -19.66454378919974        3.40668289360477       16.35369474388190      H
        8.74687879010330       -5.37606289306924        6.19849702685168      C
        6.42173574092749       -5.31345405501870        4.90309794426812      C
        4.20294604278882       -5.37063060817095        6.45903948212182      C
        4.40752837509457       -6.02540039875590        9.18832351550020      C
        6.87914438583640       -6.09439612295620       10.30846579588186      C
        8.92461376389620       -6.06858807024219        8.91628713546936      C
        1.88507563709585       -4.26205858661650        5.66865299448100      C
       -0.15328255274946       -5.48462108171947        6.78897459708498      C
        0.37730356577771       -6.60768796426980        9.29905048417254      C
        2.49123467124492       -6.69368581786971       10.60655156622313      N
        1.64609928284714       -2.37755451667664        3.90988182697242      C
       -0.97136620888984       -2.39745159797225        2.80625949847367      C
       -3.02731607377042       -3.57518887831964        3.86330973879992      N
       -2.73924959953862       -5.08124079392792        6.04794185301775      C
       -4.86717410790216       -6.09930684296798        7.14674711322698      C
       -4.40371497465659       -7.18932434690529        9.39599798712180      C
       -1.76827846752699       -7.39709617416761       10.36626285795191      C
        3.29057181820554       -0.58107123536835        3.04259885371225      C
        2.46575603294526        0.77814392519432        0.81160226620537      C
        0.20422047491763        0.28823558810263       -0.73884376093328      C
       -1.66586336589391       -1.13335922805933        0.43680056619060      C
        5.52282577328906       -0.59930539317116        4.30448347790461      O
        6.54570549957965       -5.14097342557330        2.12117394434376      O
       11.25906623400193       -5.64877120878070       10.49645433749619      C
       -0.17196006206143        1.72862417188304       -3.22700568061828      C
        7.08655983976977       -5.89118379767963       12.28968243110026      H
       10.64052947768486       -5.05179404693262        5.79102024064920      H
       -1.55446588413768       -8.34754535952837       12.21417133381025      H
       -6.57035893120791       -6.10433149094440        5.86804726932940      H
       -3.35532864808883       -1.31147087402737       -0.58008150471321      H
        3.86060304744134        1.93462523491558       -0.27545029259408      H
       11.56874725284377       -3.46005542627747       11.28734586761309      O
       13.01550825078378       -7.45451243580882       10.94235700358057      O
       15.11992923796650       -6.46312074538474       12.20017581726279      C
       -6.49645037746585       -8.70543792339218       10.33530953282823      C
       -8.20514389435875       -9.53672724666417        8.99782996815886      O
       -6.67874664166357       -8.47172078507925       13.10634681269812      O
       -8.25178150112212      -10.29326239453917       14.55516703648474      C
        1.68902177210376        2.59151601524511       -4.08037852770275      O
       -2.38057452610993        1.25241245951211       -4.56380103271619      O
       -2.43724086464697        1.15561906152515       -7.17103380993653      C
        7.48597472315002        1.40891504327918        4.09322445052789      C
        4.42351369171187       -6.12206723581550        0.78575625667025      C
       -3.85455783595060        2.52315977479244       -7.73912259556328      H
       -2.78189096103691       -0.79266818738608       -7.57361174139813      H
       -0.42557979538794        1.96231247556064       -7.80494250722307      H
       -8.50224280807159       -9.71206511258906       16.49390247539854      H
       -7.07554161913695      -12.06494367450808       14.36777376341530      H
      -10.16150564176278      -10.12145318274915       13.94091607929964      H
        3.35688433003947       -7.92338115254598        1.17477022011063      H
        5.19932112440210       -6.04551933455520       -1.00595578292366      H
        2.83654408345925       -5.11624059231099        0.86431831626394      H
        6.25239887558557        3.12586301101679        3.65902938040190      H
        8.96604950382333        0.90952285196841        2.73984172436899      H
        8.81122061366209        2.05425461227546        5.74928372842290      H
       15.05415835974912       -6.30067162328288       14.24055201972025      H
       15.76418411204305       -4.75455529774031       11.25039770531259      H
       17.02787283809648       -7.50115786606784       12.02534063967842      H
$end
