$coord
      -10.79045090780058        4.81541008883880        7.16491786865228      C
       -8.52741206803430        5.48127194379596        6.19348429901079      C
       -6.46244155211837        4.13496847886959        7.02053813060777      C
       -6.68031852204001        2.08713282299959        8.77147858726505      C
       -9.04050667504492        1.38838588000467        9.23708764505329      C
      -11.07510145958544        2.71210178856434        8.67078973582814      C
       -3.97929603942306        5.11541862213160        6.70701895307330      C
       -2.20752684160178        4.71319409015136        8.83623962436383      C
       -2.78621243592940        2.61614057760656       10.60215213514935      C
       -4.62732483412326        0.99415795373887       10.00860695716001      N
       -2.91972561036848        6.62927650904752        4.65416519818177      C
       -0.62006359343128        7.82991869434915        4.94537302349305      C
        0.75281758992636        7.78054506361875        7.19033226246300      N
        0.22434435933647        5.86000737300122        8.66843053650454      C
        1.88636614043887        5.01631541642506       10.58912255877494      C
        1.49617450370277        3.09660200002920       12.31737083450961      C
       -0.85411615835303        2.17959279966482       12.42132760605772      C
       -3.91713848010485        6.26499147584981        2.26061089104867      C
       -2.84044183859905        7.77986505576389        0.48668010718277      C
       -0.44581444548329        9.00767736437263        0.57550564667722      C
        0.49630040037477        9.33861724845505        2.95849791452519      C
       -5.63160030206787        4.41732182127672        2.00956150886150      O
       -8.54205368809335        7.07537708043064        4.13388749631040      O
      -13.45485739968199        2.08997590376624        9.82933746223672      C
        0.90113253963655        9.75455315737652       -1.72895608360827      C
       -8.94905961761948       -0.30216936248897       10.27089504279324      H
      -12.65915356568561        5.51231698458544        6.57575887548425      H
       -0.89468618132874        1.18795783118370       13.91296775435369      H
        3.58402931998229        6.07472921588932       10.82087790946507      H
        1.81298774822545       10.67052997372484        3.35472396613317      H
       -3.82388349139415        8.17716274895860       -1.28477897842251      H
      -14.94445071146771        3.71674241906426       10.51635293872171      O
      -13.86116990606450       -0.44136739804901       10.21903641945353      O
      -15.79959012217214       -0.76694026061724       11.90303678150664      C
        3.25128417409216        2.12446507035474       14.16570154766253      C
        3.61589640631458       -0.24576479558290       14.15218468858465      O
        4.67528078907343        3.76535052338470       15.79283866176942      O
        6.71222137899824        2.39780262212902       17.04290896258084      C
       -0.14130645335734       10.57291985841084       -3.75381631277332      O
        3.52691325555627       10.05680971445543       -1.39129320436847      O
        4.57440736219104       11.98658355713138       -3.09068833195545      C
       -7.28219349090245        4.20631049306038       -0.32161348932201      C
       -9.87674732400053        9.18540869854638        4.94545631164891      C
        6.58242539814825       11.56209284493106       -3.20023980059813      H
        4.62184691328075       13.82224164883621       -2.04234954095876      H
        3.44503562140150       11.93588862797203       -4.67353871883901      H
        6.77921607597633        3.30239938910861       18.98891187165519      H
        8.33893664612754        2.54400239150271       16.00497979497975      H
        6.45595812612339        0.48282138084530       17.21800517832320      H
      -10.54695727934345       10.28201425044346        3.28212629717054      H
       -8.77735084419554       10.40649372452479        6.35326815432509      H
      -11.66823038547811        8.84774282363336        5.92388725512311      H
       -7.43248317808706        2.29619283135452       -1.38175223206054      H
       -6.48711735205827        5.57664038982586       -1.62981856926997      H
       -9.03962897429794        5.15932112845852        0.20562601381974      H
      -16.46234076319501        0.91809392031046       12.80227966887081      H
      -14.82707517778571       -1.85591043221236       13.53241438913919      H
      -17.47894134593554       -1.98981187844709       11.14608438494142      H
        5.70615580394707       -3.88315293156208        5.83476379251345      C
        3.26427830694444       -3.93520718934287        5.06435719338277      C
        1.25725411245082       -3.16903455199251        6.88681190733272      C
        2.03796460352675       -3.63761723732047        9.44669549505877      C
        4.50919110646369       -3.98149793017373        9.96681776331518      C
        6.41942588444775       -3.78680502178425        8.42130805960564      C
       -1.45756318798155       -2.95587442836927        6.31160811583524      C
       -2.70360664169186       -4.58579168399338        8.20229841946861      C
       -1.75195977433490       -5.17802244268334       10.69777877856379      C
        0.32512090472905       -3.76608609988619       11.34937151057389      N
       -2.91380582424078       -2.20069002789622        4.17055998867169      C
       -5.27021528579143       -3.36076541379136        3.71206217378468      C
       -6.42937459225678       -4.79492884260988        5.54274853548117      N
       -4.99666417933270       -5.79576415396953        7.54186381025413      C
       -6.06038989346778       -7.61618147478233        9.29742322480836      C
       -4.78007547122556       -8.16273888540247       11.46038485087156      C
       -2.77800881343911       -6.94768860651779       12.35852726126880      C
       -1.57208061740920       -0.42173253973631        2.22804774846007      C
       -2.98381107959938        0.05566715180736        0.09231031946346      C
       -5.23706071524603       -1.20703603245559       -0.44442973837248      C
       -6.41555211593283       -2.78469319712974        1.43872598562698      C
        0.43136558888589        0.81400421651588        3.08824283750130      O
        2.70616581629643       -4.27448474107654        2.59674897712966      O
        9.06086578981840       -4.20612380300956        9.15235250948481      C
       -6.31959757659006       -1.09117915818503       -3.04962343007292      C
        4.99550947955283       -3.91994598092659       11.99977664856221      H
        7.11586341929731       -4.44131397826024        4.64324486901563      H
       -2.03537679093042       -7.72271366406498       14.09811686901205      H
       -7.97353819396098       -8.51254254920778        9.47907741933709      H
       -8.11903658279313       -3.57843412523080        0.93828091216722      H
       -2.51754837077779        1.55576586380452       -1.19334990678637      H
        9.69853470705909       -6.40727478528576        9.06835287064129      O
       10.58032730782302       -2.26700540368479        9.57139054290236      O
       13.00570825137163       -3.07038884826996       10.18220795869160      C
       -5.68660595293010      -10.56335780309280       12.76117057149834      C
       -4.06718969656129      -12.22801159688938       12.78815720060504      O
       -7.85001134908900      -10.44672068328562       13.95050035654884      O
       -7.95490374610024      -12.24628953964596       15.76904590293094      C
       -8.52818705534698       -0.83486507447501       -3.50796916365824      O
       -4.39240912030403       -0.66556013116189       -4.82306086633925      O
       -5.10244767771247       -0.40983312591677       -7.28436758711978      C
        1.63727319560080        2.47548911010899        1.76919063307006      C
        3.61991265052026       -6.79948924870078        2.11891604047692      C
       -6.14048559441318       -2.20536806153844       -7.78337374685758      H
       -3.43273315568183        0.04956295128468       -8.44767413568797      H
       -6.17384730450227        1.43675657585472       -7.42389661649994      H
       -8.81912822774413      -11.61759384118625       17.53144635698703      H
       -5.99552292067670      -12.77235132547179       16.00068065388005      H
       -9.31870989828917      -13.77560125684511       15.59925223892220      H
        3.14371180451143       -8.01433501328091        3.67828073960544      H
        5.59432029209392       -6.85039326433027        1.64580784214189      H
        2.45561731560793       -7.37112613255147        0.54182000151128      H
        2.19175144599818        4.22100899274667        2.84917147940586      H
        0.37423725052526        2.94348449645231        0.16874602395799      H
        3.08971229538610        1.72360279181027        0.57013095178093      H
       13.05569127494926       -4.98806782245970        9.52405469032450      H
       13.22521569959025       -3.02409650347068       12.37453983979391      H
       14.74445995265713       -2.04732982027036        9.44499537605593      H
$end
