$coord
      -11.83010132055980        4.59600132345921        7.63300105522296      C
       -9.26902673065310        5.33142903444382        7.36941034329221      C
       -7.56220564570301        3.62783412209483        8.76733292693810      C
       -8.41297684371881        1.79791644863596       10.64489848507482      C
      -11.13200673248656        1.56817475274661       11.01585609233124      C
      -12.77888648163134        2.93863528086709        9.51476757751345      C
       -5.11309523401520        3.52622166184321        7.84164102713135      C
       -3.38280901415819        2.32262553884220        9.48297053787619      C
       -4.36221224631295        0.96586163619238       11.78054575506493      C
       -6.85174150369367        0.14131307462743       12.16373721952603      N
       -3.86193262682754        4.69205041351281        5.47381381825612      C
       -1.41554540729404        5.11015089742424        5.69729968973277      C
        0.07180784752657        3.86570188131019        7.36394465108030      N
       -0.85046275759729        2.72223726097312        9.38510138847799      C
        0.76521027287763        1.98285152051461       11.28231946037752      C
       -0.22360581500587        0.90257671715713       13.63434426570371      C
       -2.72561502324051        0.16274563948236       13.52870497311757      C
       -4.99339215386147        5.38247781130302        3.04707524561945      C
       -3.90369877562294        7.29946979672552        1.50780975975592      C
       -1.28711394660143        7.96735319100574        2.05558845196496      C
       -0.10024973035284        6.35040962663988        3.78785011039586      C
       -6.59812722855523        3.62120385888716        1.93278799639510      O
       -8.64944353969583        7.08897915048130        5.64751605037462      O
      -15.46688968147404        2.93067952758610       10.45548167553378      C
       -0.34980470432979       10.08550852711322        0.46219757405165      C
      -11.27048909671753        0.49449543308966       12.72165946234674      H
      -13.26148921707126        5.70726747097121        6.91394201768978      H
       -3.43840711982206       -1.14007816707790       15.18992934348109      H
        2.84218533440234        2.44735785312828       10.89361003025136      H
        1.93878337568422        6.61423098480833        3.56953285953700      H
       -4.26415543276792        7.75214144861923       -0.37848700788537      H
      -15.85060089088161        2.93809490845186       12.75146667026678      O
      -17.30881354505079        3.40735540716592        8.51456395487871      O
      -19.29415331520545        4.74551122975364        9.52013506340268      C
        1.45385774401767        0.08781721720079       15.60651281048302      C
        0.86507935379662       -1.93475222543193       16.72167442878944      O
        3.72957701775033        1.40414684633537       15.88810718277171      O
        5.15045069728354        0.10163535350678       17.81975854631018      C
       -1.46711683585684       10.57814037465441       -1.55239221985059      O
        1.78217097273130       11.13396413094153        1.52228784400662      O
        2.51852355383996       13.49806181383313        0.39293152697884      C
       -6.77057759658988        1.11195547821535        2.74918249727097      C
      -10.10679527630715        9.37165924574287        5.69448307656365      C
        2.20998123253534       14.77675483172661        1.94737451805505      H
        1.18993461381681       13.85105215655668       -1.28914302121764      H
        4.25122191816972       13.34068980685623       -0.41288017133703      H
        7.05809098490666       -0.62481548568272       17.22287143672763      H
        4.05375520330243       -1.64183508954069       18.61389890045855      H
        5.28100463514522        1.38624486957095       19.40249921566040      H
       -9.05295478411992       10.64537029758001        4.36859495107490      H
       -9.99033907920988        9.68210366907400        7.72013743759176      H
      -11.94933979354732        9.02883396536559        5.04291309549955      H
       -7.92894753598854       -0.03773879924889        1.37591985208618      H
       -7.71300884723408        0.91200455281419        4.69962471348499      H
       -4.82004286431403        0.46190384047842        2.98929499657416      H
      -20.12985246330627        5.25223588430285        7.79079822317785      H
      -18.56322582868303        6.28034465396772       10.52166998509791      H
      -20.18532942021307        3.16498523242780       10.54163655421980      H
        7.09088981567887       -3.99396690889253        4.34763696512833      C
        4.72775014844612       -5.03245441388061        4.11157705339086      C
        2.81399908826843       -4.59166090620964        6.07241157589882      C
        3.75338457911146       -4.09047742629822        8.49588279521694      C
        6.57067492370705       -3.78179740676911        8.85270665816230      C
        8.25614276580373       -3.68052779971512        6.69273341368584      C
        0.38201022826443       -4.04114023721904        5.19186836144669      C
       -1.30811787515028       -4.45875176548222        7.10343465337069      C
       -0.32189283392715       -4.71998529088686        9.54767621386793      C
        2.04272229488603       -4.10341001150178       10.39024435619212      N
       -0.71419843178288       -3.80710568116250        2.70786063690647      C
       -2.97950272575195       -5.07273652839536        2.14954063083380      C
       -4.58093836854861       -5.57298927690104        4.10332419709437      N
       -4.01000784182184       -4.58946062510998        6.47980598574583      C
       -5.85443794106138       -4.44733170946614        8.60425300627218      C
       -4.86022498747600       -4.80942139323026       10.95402692393422      C
       -2.22866203572835       -5.38611284955973       11.53078273756911      C
        0.49785165362810       -2.02853110977148        1.03450532895572      C
       -0.58555000489757       -1.89037194603464       -1.29586986075756      C
       -2.88484136652567       -2.95683959189828       -1.93060379759040      C
       -3.91319846916551       -4.86414754199584       -0.25998643292334      C
        2.50547715945191       -0.64198262826432        2.20435766341173      O
        4.04904545962961       -6.36008553065118        1.90840463802360      O
       10.87495928810949       -2.84269502475605        6.93137855524533      C
       -4.23610128709299       -2.21878820235685       -4.33578577804315      C
        7.52334434525240       -4.04547419259827       10.73977287926861      H
        8.51380235378922       -3.46362097496687        2.67465474832499      H
       -1.64740354082924       -5.45016697817511       13.31842385814116      H
       -7.68531497648457       -4.36782166815930        7.93773449810751      H
       -5.80919759716685       -5.78460160713202       -0.60948348271592      H
       -0.30085781472431       -0.35310559966728       -2.66260030607308      H
       11.73950914436299       -2.66127541273857        9.10186413155227      O
       12.33132539353407       -2.44921485477019        4.87490534916219      O
       14.91316515893460       -2.14425505955976        5.55062990686199      C
       -6.79465221252238       -4.75257718194220       13.15331276158862      C
       -9.02925403590651       -4.71924419984472       12.32520201651545      O
       -5.87451219678743       -4.44394110240886       15.54065210935776      O
       -7.80680908773601       -4.39077079146763       17.25526128894493      C
       -5.98780699221182       -3.58035010541058       -5.04499137247911      O
       -3.70023929515262        0.11042468726304       -5.47404166586279      O
       -4.76343849040902        0.31440214666362       -8.00848719376693      C
        3.52120097091895        1.27184814581980        0.96715474584535      C
        5.97382744698734       -6.92329598516190        0.36214130761145      C
       -3.62611983317552        1.66945671440850       -9.08925267412449      H
       -6.43882097542388        1.22943998911874       -7.82747219062415      H
       -4.94806175075293       -1.47988088817048       -8.90165948006646      H
       -9.28054355195515       -3.28014943169498       16.76600636935085      H
       -6.76469231143372       -3.76763483410943       18.97635644773548      H
       -8.77158067775658       -6.04495553042550       17.76755369544871      H
        7.38192949603213       -7.55725281607167        1.92278608711894      H
        6.76788883111988       -5.13958430746000       -0.56331239010469      H
        5.65629477976708       -8.33755654101853       -1.06533886288610      H
        5.01420804988130        2.24432938226897        2.19858675296014      H
        2.28301249419220        2.72220658878708       -0.03105660756642      H
        4.87854216607668        0.26554014228032       -0.30795052988679      H
       16.15429960119071       -1.89506564350018        3.90499961645662      H
       15.71814523346316       -3.56513058101116        6.62457838298045      H
       14.91186331036749       -0.15766317270131        6.19237509613374      H
$end
