$coord
       -0.26537890287022        9.58167258854297        4.98446887648457      C
       -1.26998963978821        7.49845345051890        3.81219134981199      C
       -0.70271357061759        4.96202394398929        5.02245675372046      C
        1.79963428870903        5.00360302726285        6.14336069859066      C
        2.81503833460632        7.31594618177559        7.11930345838652      C
        1.70448144266454        9.53408800773738        6.54980317030588      C
       -1.73466748621745        2.70115685729377        3.94113941043601      C
        0.02771833919355        0.81187925370639        3.77572731617496      C
        2.47168873867855        0.89860421172426        4.98128607755314      C
        3.21955982813866        2.92705658780395        6.26670153427356      N
       -4.13881111429703        2.32502217761872        2.60219717868140      C
       -4.31523723922634        0.09578098171420        1.13622470449096      C
       -2.55076826837895       -1.66547349558535        0.93169118290130      N
       -0.49921208305551       -1.32719483500660        2.36713570041386      C
        1.10814426940358       -3.49948765244407        2.44789803972930      C
        3.28106050640675       -3.40165606281369        3.83040980469060      C
        4.08977877436517       -1.23434159342749        4.99792230860185      C
       -6.34482267519060        3.96465312038255        2.75544985118397      C
       -8.33366680100191        3.82592290439429        0.94289187436718      C
       -8.22221486952775        1.57618655896379       -0.39932635593854      C
       -6.46980325750814       -0.33107343228810       -0.22702890512446      C
       -6.42322775224982        5.70662224792299        4.62297255349747      O
       -2.55845859728315        7.43865127922869        1.51647106701195      O
        2.98529944921415       12.05571292526480        7.22720976297309      C
      -10.60652412310618        1.23022906976247       -1.82321898920358      C
        4.94090830257767        7.45733120710694        7.18349621367558      H
       -0.85101492004608       11.37355704991656        4.24876344966956      H
        5.74800997088226       -1.28117394643889        6.05962823245577      H
        0.40056119511325       -5.29879901106062        1.72298746553127      H
       -6.79943838299916       -2.31507139826318       -0.96797313722505      H
       -9.35942714551804        5.54361849746464        0.55002897436812      H
        2.17830174712515       14.13856266762547        6.56337889740506      O
        4.85799588238992       11.72890633879944        9.08176249874843      O
        5.59442637247466       14.15142244802452        9.97257241709506      C
        5.12983291275002       -5.40529199790224        3.68621619086262      C
        4.88051641955955       -7.27510659749817        2.40982474430488      O
        7.04007544636021       -5.12528830901461        5.48193029292226      O
        8.15102862518715       -7.45809476933236        6.06724974180166      C
      -10.97632999262428       -0.63154673532789       -3.10516910376749      O
      -12.36350740384814        3.01700622607450       -1.56222326483790      O
      -14.39292635876990        2.96185591304064       -3.10616505824676      C
       -8.73493917194061        6.78934738255572        5.65830921156880      C
       -1.14584494940998        6.56543324531906       -0.58656658791493      C
      -13.87051731923249        1.44631728165888       -4.46493255733040      H
      -15.01700322875349        4.92297196497366       -3.88598130151021      H
      -16.07709951429550        2.42195724682808       -1.88308705303918      H
       10.16484620766658       -7.10707363273599        5.82000695677493      H
        7.65500410363611       -9.11455365501889        4.98887095868391      H
        7.33366893120015       -7.86490735842721        7.97897209227379      H
       -1.28282120165990        8.35857860370667       -1.83237512601392      H
       -1.93918108677647        4.96402975930995       -1.47516608319070      H
        0.94784536408398        6.28088417569703       -0.42056738872269      H
      -10.07635843123775        5.33137696163876        5.17703259210129      H
       -9.32665902072427        8.21898697770764        4.42742421608717      H
       -8.32649123586456        7.21888774454201        7.66355224890645      H
        4.35115228700792       15.72475131701281        9.55732440184706      H
        7.38996126624120       14.33325244023119        8.73548828865552      H
        6.03386732346121       13.76466059657666       12.01981249737887      H
       -7.92583896810319       -4.57196566188626        4.94704600812252      C
       -5.62532771537601       -4.59223838237957        6.08118164025737      C
       -5.06525712192430       -2.30648742708134        7.59033605510128      C
       -6.60397999525668       -0.19875349168239        7.62086133118728      C
       -9.03217646388532       -0.37787558230084        6.66083031925165      C
       -9.69501254341320       -2.38712518568338        5.12782893784237      C
       -2.94984298857745       -2.08270481407428        9.19719214725168      C
       -2.21599286198369        0.28867096137848        9.87036028130430      C
       -3.86584949401191        2.54479208256544        9.47301941642318      C
       -6.20673547245702        2.25267468711235        8.48443921163311      N
       -1.53098605133501       -4.21490976728216       10.45824214528122      C
        0.70736384436605       -3.60864505558537       11.88285044854471      C
        1.21352062427113       -1.12387958542030       12.62471786305402      N
       -0.15173805428815        0.77272004921485       11.62072158006822      C
        0.26574337031655        3.06463658319499       12.52377652218601      C
       -1.04513917199420        5.14477925877006       11.81604000851577      C
       -3.18721480415002        4.96243638993213       10.29709542025090      C
       -2.33334812845871       -6.98672691049991       10.45143966663000      C
       -0.61039143307724       -8.78067764113822       11.07437725811738      C
        1.80181649849156       -7.95613440951467       11.85683656691514      C
        2.32630264480624       -5.53183845451206       12.39035766179865      C
       -4.84364401456190       -7.68223608221987       10.20381001135561      O
       -3.91707111942941       -6.69710315063882        5.80496762671998      O
      -12.24923235615762       -2.18514228853876        3.84452559172196      C
        3.63636305518511       -9.71807703871169       12.67290403741892      C
      -10.20267997274119        1.39486672256704        6.63730842040504      H
       -8.45763770507608       -6.11229493458979        3.80945647325654      H
       -4.25628176183776        6.58299600249354        9.52476562233015      H
        1.69792176931017        3.18499676454486       13.99942213956325      H
        4.31633445522337       -4.99135859941359       12.89610330824703      H
       -0.75879791328166      -10.59346429034665       10.26685928556173      H
      -13.28875202547781       -0.23235483687280        4.04646889151363      O
      -13.04504701378235       -4.18134663667632        2.48902320584507      O
      -14.77451676517256       -3.15415563900884        0.70482963154943      C
        0.15491244169468        7.50244150197045       12.20753909058537      C
       -0.57391736347794        9.61651689977013       11.58017341472337      O
        2.44749320740920        7.27205234900198       13.49138280394496      O
        3.73412296556889        9.65874103386350       13.81408568185229      C
        3.15659591245226      -11.89456636971175       12.75548198659897      O
        6.14868259218774       -8.91095592581133       12.71221673276916      O
        7.76998371660565      -10.92615712157967       13.50877360737179      C
       -6.73821633319469       -6.20648950985759       11.44776602465698      C
       -4.17665109227515       -7.47954797426902        3.32160194666805      C
        9.13208749208755       -9.74170719004951       14.49158912938579      H
        8.87181091317906      -11.58278610748677       11.83093931392885      H
        6.81998480457621      -12.55910866502730       14.45671844491605      H
        5.82950182642716        9.26969580568334       14.00283571584837      H
        2.92011162600960       10.44863642410084       15.55121431847918      H
        3.14893120598716       10.80948938952540       12.19128415603171      H
       -2.32855422608643       -8.13447241748915        2.93224605458790      H
       -4.47358398841986       -5.60991466522328        2.49465592755892      H
       -5.54689239661825       -9.01914933222198        2.91011372191190      H
       -7.61645036960240       -7.03363712597933       13.08372269238618      H
       -8.24292013816753       -6.30903703494117       10.10251857737685      H
       -6.29582122807740       -4.15962916429824       11.74674578275417      H
      -16.28036750180288       -2.01906980766011        1.72294454292484      H
      -15.37947751288243       -4.59629191555547       -0.52430434636476      H
      -13.64190825834516       -2.07376411834791       -0.62904142752163      H
$end
