$coord
        0.17376678531610        9.10334168760358        4.78460521095206      C
       -0.80481508454972        7.12573887262439        3.29614293992721      C
       -0.43718331440561        4.65517497234413        4.32060013385772      C
        1.49332881979506        4.16572824989339        6.15254687570878      C
        2.60342205991917        6.34580368788426        7.17968217001703      C
        1.85624962192394        8.88272645959839        6.78248680761694      C
       -1.68004988243267        2.63802077292033        3.12355068938901      C
       -0.39857002945411        0.36224478609058        3.32291633889911      C
        1.64756533283749       -0.06966171658498        5.04976948258747      C
        2.19911918503000        1.76010789224371        6.78435662788593      N
       -3.83235894883155        2.57177874847859        1.56788324811487      C
       -4.21646547970984        0.43497744780863       -0.18660955434845      C
       -2.69648852853617       -1.72302271656742       -0.09631196827175      N
       -0.85264993060092       -1.64497427506489        1.55605588480188      C
        0.50789892521109       -3.92803438800867        1.75754188023642      C
        2.36435402690833       -4.46569950151352        3.51013131567540      C
        2.91811409010364       -2.49957286250238        5.07639864354449      C
       -6.04465404031322        4.20537037151919        1.99765504568311      C
       -8.18701693345485        3.89904990213862        0.57727677789895      C
       -8.32519963301358        1.98723379439412       -1.21581165414065      C
       -6.29717032978576        0.27753099508043       -1.53663378239452      C
       -6.24141942449815        6.41249162053440        3.55748787184774      O
       -2.00184176412766        7.41337785471467        1.10739515179109      O
        3.42355486676557       11.04009179242692        7.39950595506126      C
      -10.61238403289281        1.91240719146795       -2.84480166668469      C
        4.49527414685179        5.76915416534104        8.20933560308673      H
       -0.13783172237682       10.96351459728402        3.76385726367559      H
        4.52362709463161       -2.73086451600233        6.51150296464022      H
       -0.21692918308055       -5.14393119952616        0.32272360373535      H
       -6.65547439937391       -1.48167722435592       -2.45581869339381      H
       -9.58606534750596        5.52280145407083        0.43010610744133      H
        2.50150184552038       13.22715816439044        7.57146794185591      O
        5.95365582856193       10.42441129225833        7.43265504079781      O
        7.49166153161870       12.44474143820576        7.11714831883476      C
        4.29357986734342       -6.60914325718601        3.29871402262868      C
        3.77727934623294       -8.66880583089885        2.32034349687717      O
        6.69098283476444       -6.04112552097087        4.20575534818592      O
        8.44246076774673       -7.85957712207432        3.72643442548146      C
      -10.97087366789378        0.22686353646027       -4.36956688272544      O
      -12.08951388164778        3.97229809051240       -2.96969339245042      O
      -13.74477529790454        3.85113910658884       -4.99199979916478      C
       -7.92776590317227        5.76506766296133        5.53493861393290      C
       -3.57274036355920        9.57213068498483        0.86359633260870      C
      -15.60175780078738        4.27071220342168       -3.81815002384391      H
      -13.60694153991923        2.03434047283097       -6.04628791755666      H
      -13.21737535201930        5.65811310522864       -5.95792707339117      H
        8.87008020862484       -8.35320032072444        1.69264709435988      H
        7.75058659018387       -9.68833862825050        4.20118497862947      H
       10.09860403091827       -7.39160877481582        5.01658217775596      H
       -4.97482415404444        9.46778550927027       -0.85613808685210      H
       -2.17624401001892       11.08950361192085        0.61336322075980      H
       -4.73057606485599        9.62969662037671        2.58081860077773      H
       -9.67481380232790        6.14750773153989        4.41124334892912      H
       -7.49764262555249        7.38451459825063        6.91052473619014      H
       -7.59802103242528        3.73290931143995        5.88309663700322      H
        6.92535414451356       13.41579123999445        5.40308164277531      H
        9.41753145947917       11.69529685365026        7.26432690228662      H
        6.69549998961133       13.68260733144553        8.79965932103708      H
       -8.37142000878108       -4.24480795579864        6.14596147944740      C
       -6.09844151144752       -4.10106204127455        7.31992357441215      C
       -5.71633954284586       -2.42021332548284        9.44062202124204      C
       -7.67364414387040       -0.48196614930989        9.57946037290039      C
       -9.69507197004141       -0.59263348229585        7.90583805725206      C
      -10.17649934280853       -2.29860653441086        6.24450014138668      C
       -3.54713609766707       -2.09349593465787       10.84149625977785      C
       -3.06209550773122        0.52886944282815       11.55827618101494      C
       -4.71021280680640        2.54821528762165       11.39268011444489      C
       -7.18100194138537        1.85037671932391       10.53234814789390      N
       -1.60360442327362       -3.97211743784322       11.41686926773506      C
        0.93255869654990       -2.99039615900367       12.27771608807905      C
        1.44141841516283       -0.46933877451708       12.28659282064227      N
       -0.53689794780576        1.02623870942255       12.18955276511986      C
        0.35153860516899        3.45053932569213       12.53558150948867      C
       -1.29924055363196        5.57102156294016       12.23490580413311      C
       -3.93052047825916        4.91268533172403       11.78819654663814      C
       -1.89679763520355       -6.57349569650161       11.09708603053786      C
        0.26558803253508       -8.11527661041746       11.25975868800638      C
        2.49556040748318       -7.18803094333048       11.88304233422087      C
        2.83790751975079       -4.74299951118679       12.73280994313883      C
       -4.33321396506991       -7.55170613656951       11.04990286825837      O
       -4.05984124405731       -5.58888637295312        6.70700818578586      O
      -12.20032134939006       -1.46753201358744        4.28534221203603      C
        4.57544616515535       -9.00208058089962       11.88338295277876      C
      -10.74129626637188        1.06868434548895        7.62237572106686      H
       -8.52176425714780       -5.74395959415358        4.70788861074275      H
       -5.29383615902168        6.44433622682631       12.31875707701183      H
        2.31739035012468        3.84587357860137       12.84131454105964      H
        4.69685024300610       -4.05030103017129       13.20448515372202      H
        0.24510312658723      -10.04963371752638       10.88640148331357      H
      -12.53901603399635        0.84044614536674        4.14981000599454      O
      -12.89846527311332       -3.30065423731222        2.48966813985000      O
      -14.04115045335054       -1.89885970115256        0.51459982288880      C
       -0.45182989211839        8.23008562199560       12.80876090401386      C
       -1.52402154077019       10.14253419737243       12.30540402018885      O
        1.86994291497178        8.28042147709338       13.85857260711573      O
        3.19106594443902       10.56543305526344       13.40558705678498      C
        5.36995411011077       -9.99869495140295        9.98081333702142      O
        5.54268549520253       -9.28376734175130       14.29788334884392      O
        7.45452676951323      -11.12744988504943       14.60796995837259      C
       -4.39516362576345       -9.94562109101995       12.12704258052836      C
       -4.26752893099435       -7.83483621794520        5.37913496276246      C
        8.43948429220798      -10.71828883353965       12.88877556350966      H
        6.55827037116505      -12.97853169218006       14.63430141899238      H
        8.42256657674791      -10.63655186510833       16.37245775909098      H
        2.37242987323618       11.78633953321785       14.86446555049261      H
        2.43251971179379       11.22288467095276       11.49263230874942      H
        5.18946448003141       10.30925112240819       13.20325438462535      H
       -2.99026332565672       -9.20569883548963        6.21435203005642      H
       -3.89630188225819       -7.54934492718339        3.42681523945079      H
       -6.07214067901202       -8.75143232303461        5.64975719157062      H
       -3.31618491063718      -10.15724486437746       13.92571715881441      H
       -3.67388907626877      -11.24579900106379       10.81913942142844      H
       -6.23116273893530      -10.37664022401930       12.87092247146193      H
      -15.55770644724391       -0.63816067511879        1.26266446503626      H
      -14.61879987836192       -3.34148915044334       -0.93249759758729      H
      -12.50565782310062       -0.95759555908807       -0.28098360877237      H
$end
