$coord
        1.25160542527740       10.40765167529350        4.52314935625006      C
        0.08451940830824        8.32731606736902        3.35408430265058      C
        0.85903517596937        5.79920558840882        4.13219685643849      C
        3.23231358913273        5.58047600337039        5.48734528919934      C
        4.52378403546052        7.76612747652397        6.09751279871468      C
        3.46227936588009       10.27149065345768        5.92369874076237      C
       -0.46808700442432        3.39707352072090        3.80159508913671      C
        0.85999579513563        1.27004335601951        3.78653985529441      C
        3.22286055570275        1.22982115577951        5.08832826648907      C
        4.35202490305328        3.33925999970268        6.08528706662563      N
       -2.92462941956556        2.78551362251026        2.90368456365123      C
       -3.30330088459293        0.87060415617312        1.09006590504253      C
       -1.85314453753579       -1.16266975258142        0.93684922222846      N
        0.15414912665335       -0.90234300696551        2.39593144453492      C
        1.63094519470839       -3.15692892924800        2.89156102519317      C
        3.64356041492475       -3.19022582030261        4.39322871519114      C
        4.52766664936956       -1.03784586047657        5.38294210942681      C
       -4.97573872624862        4.57025860338058        3.64181827339703      C
       -7.24856572312181        4.29027587431078        2.42983232866758      C
       -7.75876134526092        2.25384617441352        0.72273370118507      C
       -5.81450669817892        0.72507230673528       -0.05357345979811      C
       -4.36883730822592        6.41227421517193        5.40588813411760      O
       -1.60591651524789        8.77413994241599        1.31371344589496      O
        4.47095900920755       12.44545659998289        7.56302126996875      C
      -10.39225659868465        1.88004160483669       -0.64565489471726      C
        6.11124997722131        7.64720953693576        7.39967473732296      H
        0.49650232360724       12.28770469169441        3.81066640572414      H
        6.26788084516516       -0.73722112838262        6.44095964409062      H
        1.30671347095395       -4.81517826935876        1.80638606267596      H
       -5.80107219089077       -0.60395541053390       -1.67941056171533      H
       -8.83014023512549        5.53023381719579        3.17184963674787      H
        3.71108982053113       14.59595468970459        6.89101258214785      O
        6.07581365664519       12.08549246771115        9.53567074674067      O
        7.24224773483229       14.30916882353021       10.44212510127385      C
        4.82696308302287       -5.78649687594597        4.65873503580667      C
        3.93057393107766       -7.72735557235250        3.69063009664963      O
        7.10537339418483       -6.14983281212489        5.94007986501441      O
        7.90212773768216       -8.60115823496011        5.87981092079399      C
      -10.45573207752734        0.72920647499751       -2.56196133039349      O
      -12.32085548417349        3.06552407423827        0.41531958271144      O
      -14.97359512899962        2.23560774304901       -0.18336054800338      C
       -5.56444282194262        8.73921964330861        5.35537114603112      C
       -1.38792454602439        7.20810166220275       -0.94467021753451      C
      -16.32951588385502        2.40273273546462        1.38343510621656      H
      -14.82327978539387        0.39563955376921       -0.69918414899772      H
      -15.81632839340872        3.07591345423436       -1.83063794153305      H
        9.79198844770548       -8.85465548363692        6.43837880930894      H
        7.67266213204654       -9.22865086344454        3.95236714576664      H
        6.77370953441450       -9.47881933819239        7.40552854268358      H
       -1.60571351063266        8.52505213806409       -2.48914543861629      H
       -2.62580908094353        5.48682709402240       -0.82110897150738      H
        0.52130417080609        6.44092652443876       -1.16624460143744      H
       -5.13906614903568       10.03077211079400        6.94574180497583      H
       -7.54542919235750        8.10679700575894        5.45465103748001      H
       -5.56527076799795       10.05733577694162        3.70078904096305      H
        8.70375070654210       13.63115483997532       11.76060329932386      H
        6.13635433701908       15.46073964498447       11.71108276702839      H
        8.02208491997770       15.48989083939463        8.83168777706310      H
       -8.65772582602542       -4.95438040153128        4.39700767085225      C
       -6.32031304598041       -4.69543892614930        5.62741556510548      C
       -5.94122181977475       -2.65423378202808        7.51087171198992      C
       -7.77174214180335       -0.71770496904983        7.32150609275995      C
      -10.07608212101284       -1.14005369264467        6.12180947754708      C
      -10.70469218044387       -3.19571871719360        4.61045476388416      C
       -3.87534086400782       -2.20474303233488        9.32162842087067      C
       -3.28779883978772        0.12426757916180       10.02729130464185      C
       -5.16644274535681        2.05152294276312        9.44456019473564      C
       -7.46414787188152        1.51004712398517        8.61637483826281      N
       -2.15673285491065       -4.20123883557771       10.04170852430278      C
        0.33959861655132       -3.44025979639052       11.01035014426228      C
        0.94822336917746       -1.03228899707532       11.41693819832093      N
       -0.72614879040689        0.74127050527448       11.00825188138955      C
       -0.19199718604635        3.24243177070358       11.41769002024310      C
       -2.02570049678594        5.04517921282567       11.00172879590478      C
       -4.51426883065944        4.51673099379554       10.04418955438351      C
       -3.05729774326972       -6.90045406854336       10.31094274034075      C
       -1.33915753936462       -8.73872063633243       11.24241817512391      C
        1.34367323079051       -7.95691589101445       11.68112008300484      C
        2.01683855477260       -5.37294534306210       11.64672030697966      C
       -5.63603778150853       -7.67188309072526       10.18910654449759      O
       -4.20197201346217       -6.22194625244656        5.12190464347642      O
      -13.13487529936546       -3.49651868142481        3.26146451223043      C
        3.44383545066809       -9.87904681881416       11.91931413387040      C
      -11.41206661966196        0.40539759225731        6.42522377129453      H
       -9.46525243026869       -6.55437553062933        3.62199636010643      H
       -5.92803616186966        5.91199307320732        9.40738424113629      H
        1.70926375333027        3.89555985924384       11.74717285514440      H
        3.75629453953717       -4.70942973822446       12.65620174895854      H
       -2.17787873762712      -10.57942790739879       11.52424603710142      H
      -14.74359856408177       -1.95324950165073        3.19016492039077      O
      -13.15275384400416       -5.80774338167950        2.00380227833054      O
      -15.33460261144559       -6.66118529750274        0.79263460022253      C
       -1.26376781989784        7.85432242557729       11.16519858800172      C
       -2.84811489576510        9.58711475652760       10.66357538920467      O
        0.93358962115099        8.31832692571642       12.38351138022175      O
        1.25802351715202       10.69991453999177       13.58199544617305      C
        2.66987533677859      -12.04693804155328       11.49279761189199      O
        5.75285205609588       -8.96962479923862       12.52946438536217      O
        7.10271541056959      -10.85680128708940       13.56338216795442      C
       -6.74664379393109       -8.60965132322583       12.32136569606805      C
       -4.44180359530310       -7.53564100465745        2.85821283321754      C
        9.10978021512119      -10.52979775612999       13.58370558692304      H
        6.76316068055607      -12.67919240677794       12.61734220804143      H
        6.31754215142321      -10.91243507500040       15.45623370635461      H
        1.34695355139426       10.77102095092190       15.84421742925528      H
       -0.42406483192039       11.68422148561660       13.04924817236096      H
        2.85150001104873       11.86292542046468       13.08824213349073      H
       -2.49966226240264       -8.01080339630564        2.48577659508749      H
       -5.25157766333824       -6.12857292812598        1.48542193864207      H
       -5.60450136407678       -9.13530734216261        2.95783551674220      H
       -5.48196162621001       -9.85395494130726       13.29363254608992      H
       -8.43330827692399       -9.57992003118775       11.65239804664902      H
       -7.21398172919552       -6.96324322727117       13.47372181851774      H
      -15.83488097314515       -5.66528330622477       -1.01533250762840      H
      -16.84669901194880       -6.41183762167173        2.26959482522967      H
      -15.05276599476370       -8.64979465334497        0.40943492884051      H
$end
