$coord
        1.99177599085629       10.82624791120067        4.15869380201931      C
        0.39428939994783        8.87058780267417        3.15527854513853      C
        0.66316486581785        6.32944185416577        4.25297492160448      C
        2.85447805708492        5.77437072494670        5.67462558425929      C
        4.54133332732701        7.89996487159123        6.47300404099190      C
        3.87772857213763       10.40689642961943        5.90432653794862      C
       -1.23540312300643        4.32400159501989        3.85447784008356      C
       -0.13479151806112        2.01560553168713        3.72480175503886      C
        2.17942322074224        1.66999247300387        4.92102532251188      C
        3.52473489178434        3.45429436374533        6.12340868042890      N
       -3.87296230035097        4.53598558128059        3.23445904625919      C
       -4.93903872038874        2.36454954630788        1.91450414785490      C
       -3.58221826476016        0.08461046437631        1.41821848953397      N
       -1.24887870643916        0.00563787232135        2.36778631936750      C
        0.11985059398487       -2.17608144133795        2.18342169187660      C
        2.43375555126924       -2.71370142246148        3.42722237323306      C
        3.34449608274188       -0.84225102692341        4.93646575143166      C
       -5.76523844195814        6.58192340490721        3.70491248562732      C
       -8.17482194040123        6.55761059507244        2.51821832457794      C
       -8.96080879130900        4.64848753683107        1.14556055399430      C
       -7.44215753709851        2.50545144858184        0.95319871688299      C
       -4.98279449759566        8.47336603951635        5.38125117784504      O
       -0.91982168841735        8.84437839905119        0.84477501628543      O
        5.57400852664724       12.48001626949144        6.81806500937609      C
      -11.47567636407609        4.16186329689750        0.25105623788401      C
        6.15630919897147        7.68557879483526        7.51928290910989      H
        1.52958918195107       12.68394057017665        3.75795662966226      H
        5.04980102740072       -1.07410133372302        5.96773723606078      H
       -0.22364564047140       -3.36157390824227        0.55096279631962      H
       -8.27686087409331        0.94537732559081        0.01988255450060      H
       -9.42600380163612        8.09665891399508        2.70918523109684      H
        4.40287320964201       14.07289145996608        7.98418957450774      O
        8.10352865590511       12.22979669181413        6.71100051987298      O
        9.02114231361201       14.55320380337773        7.36515597953836      C
        3.52871332661944       -5.26931057671378        3.92759819028981      C
        2.25187617154887       -7.11406424432059        3.65500338631608      O
        5.92791450214044       -5.36265609100555        5.05323251056608      O
        6.35778572528988       -7.84070451680068        6.10284565305911      C
      -11.70813186048793        2.29713220992451       -0.99786711287407      O
      -13.55146132956838        5.58616042167050        1.09054679763918      O
      -15.56466442845506        5.19228033147009       -0.28006935066557      C
       -5.30272638522082       11.13734446271714        4.26489654408239      C
       -0.05735226983434       10.68972979920636       -0.69634893105993      C
      -15.48731684016094        3.19129934317882       -0.61673094706180      H
      -15.16468479781929        6.09479339051595       -2.22208409397482      H
      -17.11607718910466        6.19968030950844        0.68284303862586      H
        4.75881113761326       -9.29241388100560        6.01890995431882      H
        6.66545069469257       -7.34047280330004        8.11018057681597      H
        8.05936309762824       -8.93125871126140        5.63282560082256      H
       -1.28074347037463       12.46014912504947       -0.28065277098514      H
       -0.27205885336838       10.38062139758291       -2.71429732946391      H
        2.01124392743812       10.96703426778715       -0.47713027135907      H
       -7.00786471829184       11.83139574758198        4.90256945566207      H
       -5.17747039214884       10.90249219594689        2.20093129636403      H
       -3.83843185398264       12.37632680027750        5.39498450305089      H
        8.06399824272324       15.24489991984212        9.04906299743244      H
        8.62148497422222       15.91473186737615        5.88670144219283      H
       11.02502523363507       14.62279648590131        7.40374890460601      H
       -7.53863156520108       -7.03527190704380        4.88521021909786      C
       -5.51198222307472       -6.32399204481287        6.25454264110752      C
       -5.82258690921627       -4.14350794169261        7.91398440678511      C
       -7.76848609304153       -2.36281812242826        7.28014585609408      C
       -9.77249864436758       -3.31614426037650        5.96585594194752      C
       -9.71807868265396       -5.56612974934673        4.85877347446993      C
       -3.83716306015763       -3.40331749599036        9.64534153957027      C
       -3.37427362370233       -0.80463315608625        9.60455244056340      C
       -5.11486690533018        0.96552421968652        8.54258067536482      C
       -7.47033283342345        0.04949384887436        7.67320088243040      N
       -2.07638145264038       -5.08684873307001       10.73754821476500      C
        0.28843693663520       -3.96328570943758       11.11337138928467      C
        0.99954141193619       -1.44395655827614       11.13235413384907      N
       -1.08410337896089        0.16243250155384       10.69111057203665      C
       -0.74528250017723        2.73140107132195       11.00005768516870      C
       -2.70171253668455        4.55035836028154       10.47761547099566      C
       -4.77510562898276        3.52481260677059        9.20794549493485      C
       -2.68273548954216       -7.61144076928593       11.38149944391264      C
       -0.75809273311981       -8.97640041027850       12.55581192153586      C
        1.59697582060447       -7.92102057739379       12.82430881430140      C
        2.16891775444634       -5.66912915767693       11.97583198267791      C
       -5.40634867011025       -8.02319543492315       11.42620637272898      O
       -3.39832021921312       -7.84398644989394        6.46359516948281      O
      -11.75569538227610       -6.69015814290770        3.18669840769124      C
        3.62663982926247       -9.80512579561650       13.63146485387736      C
      -11.40821820348683       -2.16104334430774        5.80548256147054      H
       -7.55062671034944       -8.93148517493704        3.80501614986623      H
       -6.41449088714139        4.46461871617464        8.45914884370494      H
        1.05488813898261        3.37212847333816       11.70573386935543      H
        4.10809334033139       -4.99663974745154       12.37921753155493      H
       -0.85104748551641      -10.97401516497896       13.15275985049910      H
      -13.36514669284201       -5.27760650200957        2.43491195909692      O
      -11.35304781526261       -9.17285273469832        2.37988071197134      O
      -12.97077019883899       -9.92004264542386        0.52929834449653      C
       -2.07885679819979        7.30640167803862       10.91543136409611      C
       -3.23212723177281        8.98405860430600        9.67123833654919      O
        0.04668378943508        7.56066662744529       12.33551957205687      O
        0.69626837454068       10.10437676912846       12.70463130197916      C
        3.49451965695263      -12.17997721799291       13.69933842989830      O
        5.91709061058989       -8.43193935659028       14.05697175142173      O
        8.05817787317813       -9.73407430944810       14.85191227104686      C
       -6.06249787821456      -10.47109837676741       10.50387308650022      C
       -2.84449174534936       -9.67822448921626        4.50462554495091      C
        9.66024168483850       -8.49362814157673       15.58479108132072      H
        8.84694748289460      -10.68187840403754       13.33887685364049      H
        7.42579851546002      -11.01156214917438       16.39681366004162      H
       -0.82888107354266       11.22783722624909       12.04600213321218      H
        2.56993134114750       10.39322343280854       11.88588098108759      H
        0.58016316755218       10.46422012162717       14.79507404291432      H
       -1.08021034690140       -9.30660733824613        3.40503185561493      H
       -4.46725696954756      -10.13620926334372        3.28546371715605      H
       -2.26218059755881      -11.40818606794952        5.50353305355540      H
       -6.05452668148565      -10.45244698265591        8.41386684904562      H
       -7.91924405470676      -10.82924265981882       11.01730633870792      H
       -5.00826824186486      -11.91536143407752       11.45210498018803      H
      -14.90655425554102      -10.30056688891436        1.42062668202680      H
      -12.46197555334737      -11.71391085998047       -0.47995239977588      H
      -13.35583222394414       -8.29811284941017       -0.66800194300244      H
$end
