$coord
       -3.57494516931856       10.77888227816476        4.89934845578851      C
       -3.69347462431995        8.71257219858587        3.19644898079081      C
       -2.63406352324451        6.40875335646091        4.13865678609012      C
       -1.04719492834918        6.39245454928107        6.31995579708332      C
       -0.80333929605206        8.68958895925878        7.71409241749573      C
       -2.09505975833923       10.91075489787712        7.04653467572533      C
       -2.79569359226255        4.01229704091706        2.68396060913718      C
       -0.53177028819655        2.51256320635916        2.71037872578975      C
        1.38836368379965        3.00465926013120        4.56931309129561      C
        0.83579819947406        4.62782745888303        6.46097127635817      N
       -4.81602836953800        3.05922169218557        1.19286350901632      C
       -4.25494329016978        1.11481605837631       -0.64657352765472      C
       -1.97463078929097       -0.00224536403430       -0.80004385002386      N
       -0.09581981325289        0.51156904087996        0.86660686618834      C
        2.09531885774235       -0.78077709930337        0.87731512063547      C
        3.92435669125241       -0.46314111668820        2.68647714701180      C
        3.41158264442009        1.27277481568101        4.74128737246029      C
       -7.31838940824275        4.05763129412894        1.45899049718546      C
       -9.23407502984342        3.17398521322959       -0.08319759263303      C
       -8.62947283338437        1.65906730183083       -2.08242241017357      C
       -6.30773101109630        0.48019331337158       -2.27333432040644      C
       -7.60288214950419        6.01083545016947        3.08259688508470      O
       -4.43072067894837        9.27531012015210        0.66373910541721      O
       -1.94243980311782       13.13123385301045        8.68909949091842      C
      -10.47483093562430        1.06818561579068       -3.99534048497472      C
        0.50982826476952        8.54718390054234        9.35078235646770      H
       -4.05080665581629       12.75376043913977        4.21421618287371      H
        4.63059339068097        1.38929418507664        6.43088769287556      H
        2.59685801152342       -2.04602356200944       -0.71645002960347      H
       -6.14461258113090       -0.75352455355203       -3.94804519769795      H
      -11.09532919983818        3.69717999494350        0.32172754849841      H
       -3.15889957643813       15.01506341909295        8.28341817238984      O
       -0.43773813389416       12.78484025187274       10.68362166011477      O
        0.08458439017202       14.92356121509177       11.74506421976678      C
        5.81479509019236       -2.55890166709496        3.26032446655924      C
        5.00361933798215       -4.70241502963093        3.05717011130549      O
        8.28204182861530       -1.98353177398973        3.99416432958224      O
        9.61853937130927       -3.89759441755778        5.28678360366714      C
      -12.64635944863473        1.34324729356320       -3.48190998207496      O
       -9.54625832905430        0.24914075362207       -6.23589612063003      O
      -11.45854804178433       -0.25918103549701       -7.96730372738983      C
       -9.68133890491320        7.79840042289882        2.84953123675334      C
       -2.78726960285021        8.21185011177872       -1.22166672376603      C
      -11.26334298959086       -1.75081651374136       -9.40672171671118      H
      -12.09678649933144        1.44933845653579       -9.08591081857709      H
      -13.30516036612262       -0.45768443993206       -6.71716857695721      H
        8.19036650647419       -5.00061015592449        6.60808638111329      H
       10.78484165919802       -3.13427380985963        6.73934212756986      H
       10.79251772308998       -4.83151102874767        3.74329934866885      H
       -3.78286080530528        6.89884200904669       -2.50850914760887      H
       -1.29031677520898        7.11541290555152       -0.10707377660572      H
       -1.97997257528649        9.81083492383169       -2.16776604392188      H
      -10.19334598917824        8.75975653268382        4.59878427740932      H
      -11.62691703247251        7.10413844027236        2.24706309477932      H
       -9.08302084239281        9.30601794204974        1.36692971216793      H
        1.27289150347343       16.13020155569060       10.27184424424978      H
        1.40845327660983       14.49560930625985       13.34861030581678      H
       -1.50620400804245       15.97629799556452       12.05390988074745      H
       -6.29339337068290       -3.82919047404798        4.68135115370499      C
       -4.04158377696418       -4.28136679780699        5.94303264772874      C
       -3.40169409974849       -2.69975924627656        8.06593907214806      C
       -4.44011392811788       -0.05510955586621        8.30566198890171      C
       -6.32359250839912        0.33338793411806        6.62890694144266      C
       -7.44935174757136       -1.55850277149344        5.07529082120175      C
       -1.51333562558658       -3.18687499848911       10.03143535139107      C
       -0.41996620814862       -1.09726572805107       11.17913015899121      C
       -1.27898240894270        1.52917662524020       10.58214004508427      C
       -3.57279467151496        1.94600946841133        9.52686018368597      N
       -0.88261368231777       -5.62572044037337       10.80537801971825      C
        1.54710713761515       -5.87427627983010       12.05027427383234      C
        2.86166222681793       -3.75628533398127       12.92422034024217      N
        1.79961345164040       -1.42788014392328       12.70704699223725      C
        3.12520398421060        0.56884843101022       13.81644875380363      C
        2.17779270081950        3.11504581796763       13.51023045636044      C
        0.14428842408048        3.47588847224852       11.89622895008469      C
       -2.37600356855883       -7.73202081969486       10.25010886857860      C
       -1.42868413234496      -10.06086301414076       11.08683302843395      C
        0.87723492405084      -10.38220930073041       12.21314953525960      C
        2.43968243482002       -8.32192534996803       12.58691278953022      C
       -4.86230753638072       -7.69338618480032        9.28768833509113      O
       -2.48343926308650       -6.09794591523358        4.88734361931862      O
      -10.12770566724004       -1.11831308419060        4.03722611848831      C
        1.57553984200255      -12.85830432947584       13.60937708977097      C
       -7.26108135021634        2.10663691742014        6.58873531874998      H
       -7.32092238042525       -5.35678193166174        3.87792545890993      H
       -0.16614380415328        5.49917092340863       11.66284562426729      H
        4.75576342779855        0.06625890148784       15.02842250609248      H
        4.23162485780038       -8.54018500445075       13.44934346518965      H
       -2.52659917760554      -11.69614462729360       11.01158242597746      H
      -11.44178954315463        0.72087621269404        4.36581919865855      O
      -11.08321119377209       -3.29831446776658        2.67145732553434      O
      -13.69490354143960       -3.29250294448649        2.19378946534978      C
        3.68716766923384        5.09200790968835       14.68575808508805      C
        5.90888645571838        5.03390773643833       14.64097016196974      O
        2.40445253498316        7.16770153182899       15.78999969997298      O
        4.20426094727364        9.12431483697890       16.05923413011136      C
        0.82075333094653      -15.03162722456600       12.84094205886066      O
        3.28214072953354      -12.81259191089985       15.52070546808456      O
        3.80407285737949      -15.20624289012765       16.41429963285752      C
       -6.65779827662228       -9.29443601774973       10.35871755248153      C
        0.03058283459797       -5.30326783732740        4.96702877095311      C
        5.78099463393375      -15.26905390930426       17.31048383095921      H
        4.14582348943466      -16.70000527674670       15.04985265387177      H
        2.57305529648407      -15.97506639761230       18.00674414538402      H
        6.19590660857757        8.53814251891766       16.26360935308925      H
        3.77802146620023       10.40249239220447       17.63347447300916      H
        4.15806373497932       10.26043043793627       14.34118101013511      H
        0.11601193085124       -3.07416418558158        5.17475231355115      H
        1.34161207186905       -5.96734923568210        3.49037380469253      H
        0.69439683160369       -6.06378307868509        6.79831119898547      H
       -6.51305574227628       -9.95097774663284       12.21789801849180      H
       -7.31189811206706      -10.91650258247007        9.17914171823251      H
       -8.53312599817577       -8.48114083682172       10.41794902068960      H
      -14.98001596297334       -3.79594242762309        3.74560865520792      H
      -13.92555209123360       -4.40936981773069        0.39542284977613      H
      -14.19342261157880       -1.37792345158372        1.79746944858769      H
$end
