$coord
       -4.20858987524734       11.91697483088281        4.62933141132372      C
       -4.05739733289168       10.00161449244267        2.95698856305804      C
       -2.81991010647333        7.61784526530637        3.80937256437158      C
       -1.30059121346372        7.86088868453533        6.03233717358462      C
       -1.34810178103536       10.02696855464618        7.52701439440221      C
       -3.04831061557500       11.85773701678494        6.94026269915582      C
       -3.13581043076518        5.23106269093201        2.76265479440878      C
       -1.25146969882281        3.36759485134015        3.18233477737591      C
        0.48115824494992        3.79787615427004        5.33089424400368      C
        0.42078016848112        6.02378420588077        6.61101396805129      N
       -5.13872563116265        4.42999495532728        1.03567958044240      C
       -4.58333538448251        2.18782413524732       -0.50558039038049      C
       -2.48389958902772        0.60518758528485       -0.20997233464783      N
       -1.08317891856940        1.01952726699196        1.97359659024408      C
        0.72037478666366       -0.86516193122672        2.74068014293177      C
        2.55608154454300       -0.50152684796056        4.62989782113880      C
        2.51288748387356        1.91529809641102        5.82088949421327      C
       -7.61816094560206        5.40596208011196        1.22020541749336      C
       -9.38382140340721        4.53829645605303       -0.42462090005738      C
       -8.76418115063799        2.71640040074372       -2.21895565755859      C
       -6.28876413465464        1.71965564247523       -2.46836286865386      C
       -8.02786850825055        7.28520190148312        2.81612960537502      O
       -4.14365262033180       10.69535195920083        0.25873957854173      O
       -2.79027252747753       14.19904464392702        8.71513439626667      C
      -10.33080241404285        2.23578814923178       -4.56210440597795      C
       -0.57344927582455       10.11478930590795        9.43810112193598      H
       -4.99424980665342       13.61250004324507        3.97458729500349      H
        4.00147001619271        2.45764961964770        7.33033638645988      H
        0.87284919598548       -2.60817779169541        1.62242942981037      H
       -5.83974744870052        0.35557299017806       -3.84068824514198      H
      -11.32277842643399        5.25420802613833       -0.73611529058457      H
       -3.43513278559387       16.35482408260089        8.22481099892355      O
       -1.98878030993009       13.51157158897225       11.13091549164422      O
       -2.24227043924248       15.46898750736662       12.77186044781932      C
        4.33163681817045       -2.69531297806088        5.50616281433017      C
        3.75002476269760       -4.95759406435391        5.15311045591615      O
        6.53021500991052       -2.00399767637682        6.53780256061055      O
        7.84094818100205       -4.12939164662237        7.55432548966252      C
      -12.47427108882625        2.96537081741208       -4.54152531038639      O
       -9.03516729131138        0.94673348864406       -6.42123856721286      O
      -10.27833406988770        1.29216791362195       -8.68177792428973      C
      -10.43271652503634        7.14636029726838        4.01793940670006      C
       -1.85352894390812       11.92670910547951       -0.41404750468251      C
      -10.15969940788288        3.24841572600686       -9.45814132491506      H
      -12.34334574071948        1.21980350023198       -8.26725366212206      H
       -9.99443437264602       -0.06914085442699      -10.03782483630100      H
        8.66593885562600       -3.39803474332487        9.38524803880037      H
        9.49165930629798       -4.48910649055219        6.60677714976247      H
        6.37425955086928       -5.58293581602095        7.66505627948680      H
       -1.33681789451680       11.57208806717428       -2.34712102030535      H
       -0.55426097485972       10.88422225554324        0.73561129004622      H
       -1.92799093100680       13.89289836532057        0.18772134242814      H
      -10.92250650264597        5.77419296175622        5.73356109652219      H
      -11.97923213833775        6.84707365254321        2.73797158773123      H
      -10.70753547662878        8.88410230265810        5.06127040169637      H
       -2.61206442562892       17.22918600407355       11.81869083958044      H
       -0.48239202920916       15.57243109358248       13.85381200950366      H
       -3.83393072299358       14.96466522201927       14.08260428933036      H
       -5.97874941147739       -5.18171932857062        4.88136811054842      C
       -3.88444543598395       -5.67479611789540        6.60474315480634      C
       -3.24945178991914       -3.46231717041956        8.41536139687198      C
       -3.92943064843598       -0.99950821713185        7.70221617380951      C
       -5.79764232236419       -0.65076938603643        5.98753197032593      C
       -6.99613265673368       -2.71667166488583        4.77323443296262      C
       -1.64708562774094       -3.86547038152038       10.32547467716912      C
       -0.02889882579717       -1.81861326066130       11.05605375320025      C
       -0.71641912010953        0.74580568344270       10.38972601696673      C
       -2.78612120257070        1.09540831335836        8.92308352066284      N
       -0.74962661443728       -6.33657352578247       11.22494752137057      C
        1.53867006466476       -6.35702759622781       12.80831646748807      C
        2.95998331564212       -4.37661783517905       13.17693234870459      N
        2.24048296032921       -2.27189199594075       12.12301075210545      C
        4.05594164621802       -0.22179672790836       12.00462359857283      C
        3.19709457543800        2.31074451786305       11.61044816702244      C
        0.81596416346082        2.80315470827933       11.04890056745412      C
       -2.43173008489233       -8.43630944090372       11.37180664260151      C
       -1.72623401664685      -10.51981386915931       12.91663758210571      C
        0.72251068539056      -10.84556704988819       13.79616036965577      C
        2.29653352689720       -8.68167428771996       13.89629173400325      C
       -4.88214930308902       -8.40866047901974       10.37269714201517      O
       -2.77389599543499       -8.16614212933002        6.48004474428142      O
       -9.25636050398539       -2.20576900879029        3.14931537839333      C
        1.71796918954198      -13.22729369780177       14.56466018157089      C
       -6.26504509549609        1.26422732728401        5.44463610004922      H
       -7.19383068937823       -6.70801999479017        4.56148548789045      H
        0.58224169023564        4.67965349152303       10.17098583267827      H
        5.86507673602205       -0.78320770292357       12.80312846144572      H
        4.09073564467304       -8.68121742524693       14.72140082843968      H
       -3.03480971814132      -12.00784583337963       13.05031171566899      H
       -9.69545302877991       -0.18935382441645        2.21495724660178      O
      -10.74235402964937       -4.23239198855309        2.73046289235834      O
      -12.76107778956674       -3.73277007149055        1.01779567455687      C
        4.89539660233149        4.39087310405945       12.00739750290030      C
        5.93516854460986        4.97760609053652       13.93013908352324      O
        5.33305919126227        5.48267046295461        9.66279008342588      O
        7.29179534577679        7.24879660316123       10.26223257840956      C
        0.36002811109795      -15.08901430940968       14.06358299272795      O
        3.92516358276349      -13.38727475731917       16.00477148901261      O
        4.57706582044372      -15.71989388983228       16.04853168547752      C
       -6.27565621753626      -10.73710657424592       10.12260973138484      C
       -0.06239887789461       -7.95426742274665        5.65828760636866      C
        6.20078113776940      -16.04745004652311       17.43370242302952      H
        5.49254148743994      -15.96066587442147       14.29720125591034      H
        2.99836130902777      -16.94677980524733       16.28419311236486      H
        6.77410141945189        8.67736014949181       11.65807861442640      H
        7.75466020774001        8.33993310803230        8.52890507426841      H
        9.16010565355072        6.14423945610454       10.72008921730119      H
        0.75844232510282       -9.40425719737150        4.57387761847120      H
        0.75899310326402       -8.45565414156999        7.49938346120602      H
        0.33378796108419       -6.06324491380528        4.97008024807601      H
       -4.99731248952691      -12.11426635492177        9.22556214513067      H
       -7.89305347125009      -10.42825820729711        8.82357897271305      H
       -7.15493257303547      -11.24115902933230       11.93822705783282      H
      -14.32043290973088       -3.06481752695088        2.39189239359625      H
      -13.37773896872007       -5.74939510077431        0.54036547818918      H
      -12.20528108789624       -2.35006593881217       -0.47845942976072      H
$end
