   -0.02463635
    0.12579612
    0.01479979
    0.09408775
   -0.02466580
   -0.00322472
    0.03338014
    0.00173090
    0.09750949
   -0.26497436
    0.01130541
    0.10349795
   -0.25752426
    0.10213143
   -0.02749686
   -0.01523453
   -0.02454733
    0.14713089
   -0.03006791
    0.00129609
   -0.01356197
   -0.35828380
   -0.35609722
    0.38722328
    0.38769088
    0.12314940
    0.09820105
    0.12790918
    0.11690545
    0.11726835
    0.11055034
   -0.48517602
   -0.39563744
    0.02790033
    0.39649216
   -0.49719343
   -0.39518431
    0.04770956
   -0.50525277
   -0.39729902
    0.03862400
    0.01385228
    0.03135868
    0.11542050
    0.09642973
    0.07842637
    0.09784879
    0.07864087
    0.10193452
    0.05611266
    0.09576080
    0.08416065
    0.06859187
    0.06387092
    0.08447792
    0.10681698
    0.10423861
    0.08582603
   -0.02158422
    0.12150188
   -0.00019590
    0.09728077
   -0.02466752
   -0.00237367
    0.03022551
   -0.00065398
    0.10016753
   -0.28622309
    0.00734329
    0.09098915
   -0.26352228
    0.09720630
   -0.02563382
   -0.00701329
   -0.02909535
    0.12800638
   -0.02045644
   -0.00815720
   -0.02499960
   -0.34944529
   -0.34595567
    0.37927529
    0.38805399
    0.11867335
    0.11507212
    0.11130952
    0.13390556
    0.12220326
    0.12150738
   -0.49247406
   -0.39024527
    0.03402396
    0.37069348
   -0.49007227
   -0.37549308
    0.02167695
   -0.49277096
   -0.38594222
    0.01878914
    0.02119217
    0.01221242
    0.09638293
    0.10005020
    0.14157340
    0.08635143
    0.10476268
    0.09687938
    0.08752573
    0.07660419
    0.06917219
    0.07905454
    0.08987154
    0.07687023
    0.07913808
    0.10071277
    0.11071645
