$coord
       -9.75644610391365       -3.59565795776970       -0.35359422649181      C
       -7.40729398170900       -3.78784235863519        0.65858877263190      C
       -5.84238616639723       -1.65524271975632        1.71454908471451      C
       -6.99937151830554        0.75540153132325        1.38862359830302      C
       -9.45765098216883        0.88886635733238        0.43065498106102      C
      -10.71907025421567       -1.19845963776208       -0.63288343897835      C
       -3.17760625460953       -1.75730528917732        2.61861375692329      C
       -1.88650858466382        0.66061320264364        2.44269548407516      C
       -3.14564816996872        3.00262719665210        1.96276365969840      C
       -5.73182529334152        2.92806772796256        1.74695875944735      N
       -1.86545341799016       -3.93909121802314        3.41434896333817      C
        0.67501118186210       -3.50636802241165        3.85530966827642      C
        1.99737032172296       -1.29530998853358        3.76226699941754      N
        0.62679300296758        0.71822844885860        3.02305870340891      C
        1.99396699837388        2.94683988312349        3.11132466216940      C
        0.78087212659131        5.27651460846690        3.18777944423166      C
       -1.83820760598578        5.24495667544209        2.59281239870497      C
       -3.10483403706844       -6.30986322905160        4.37062551275163      C
       -1.36642116849095       -8.53534725309338        4.15493907532873      C
        1.14940089227613       -8.09895201085682        4.13707503703032      C
        1.98077654772344       -5.62315813982173        4.21854578301470      C
       -5.51460698554245       -6.16871831367677        5.57570994605543      O
       -6.33953134870938       -6.07710446919217        0.12698497119069      O
      -12.95392524108138       -0.75957578474258       -2.29042268958078      C
        2.89806512741535      -10.45035535672374        4.63654733411675      C
      -10.03487511252160        2.82573850174250        0.14598379080391      H
      -10.44262044916329       -5.15408596027499       -1.39316316070627      H
       -3.03093133212647        6.86895332676410        3.02120078916329      H
        3.96845021272940        2.76075514568175        3.26972627377523      H
        4.00629712999683       -5.56151688708422        4.43246774752887      H
       -1.75241527715083      -10.34823285683343        4.81446483335622      H
      -13.45275805372355        1.50171369630213       -2.75145690790934      O
      -14.41540943269951       -2.75126049186391       -2.66942603624864      O
      -16.14576569679595       -2.19529962448209       -4.56851208729050      C
        1.78462401913301        7.85001645578974        3.39848783602703      C
        0.39825434848934        9.51061429553798        2.92180898012610      O
        4.25749851894574        7.89686920727518        4.20947341933315      O
        4.75990535787186       10.35782144401511        5.24387625480784      C
        2.07867351768492      -12.64403731273575        4.38890459333979      O
        5.51244745266973      -10.14831074468390        5.02639796860312      O
        6.56040849595645      -12.47971834643701        5.75565371758170      C
       -6.71023169544464       -8.45442472665029        6.69265404156531      C
       -4.37981601618664       -5.94429155192809       -1.47826111304665      C
        5.62396013056517      -14.09204302382708        4.95712082946352      H
        6.56849701624142      -12.51231514421543        7.79884363267445      H
        8.56009261747583      -12.45151349158626        5.29223883657485      H
        6.25915685743192       11.31071838523511        4.16234083028509      H
        5.58309312333697       10.12326508673513        7.06918671784353      H
        3.08661904884334       11.51960725718680        5.10486790728561      H
       -4.45558834074904       -7.43014671849719       -2.86978702428398      H
       -2.70389188802048       -6.48547439394917       -0.44009162137280      H
       -3.99198016953235       -4.09209598439576       -2.37000953097632      H
       -5.44471527562142       -9.08695171776031        8.24166675889813      H
       -6.80555792550332      -10.03542542922473        5.29138867929131      H
       -8.56614477668822       -7.67109748407673        7.40896160138160      H
      -15.74463886961107       -0.70166885426868       -6.02790336029419      H
      -17.91801780664744       -1.91067980194090       -3.71862847239968      H
      -16.30165471812732       -3.95395493692198       -5.61748114621516      H
        2.09352695742463        8.54619597875713       10.57663418595222      C
        0.29676742743488        6.73140505312183       10.01238674754208      C
        0.65796132038639        4.25602712801116       10.95573806470780      C
        3.18871058654828        3.71343357412235       11.91030916237398      C
        5.01206542414040        5.54402615684638       12.04107935307223      C
        4.45298461760457        8.03617477179824       11.67085562939501      C
       -1.36489925937437        2.31924812326722       10.84137037822241      C
       -0.32311363695642       -0.16606443456732       10.66592057662054      C
        2.01574786602258       -0.68200826131866       12.02057511031997      C
        3.70072810713994        1.17515243789335       12.42867034885874      N
       -4.03703068308470        2.41644941486323       10.36550569014792      C
       -5.21559538710467        0.45042147657202        8.88933589878664      C
       -4.31750735660605       -1.87048216294551        8.53564292425832      N
       -2.07971715779003       -2.06674542910150        9.83736395167675      C
       -1.32823818038147       -4.53949838853944       10.53762338979829      C
        1.08389490113543       -5.19419179777636       11.30453393895431      C
        2.83517719093401       -3.16466176218700       11.94522103165414      C
       -5.48826591459345        4.68525732295791       10.75714289444841      C
       -7.73619844816293        5.04961779804154        9.40196404202319      C
       -8.45499022117891        3.47740094149893        7.39453754045374      C
       -7.45756313624159        1.11287472662756        7.45389379790003      C
       -4.45572551451666        6.13216727385587       12.73457258114843      O
       -1.97834604072044        7.55034491922826        8.86204199571480      O
        6.47690368511051        9.96363906245218       12.16495342392848      C
      -10.60033631140113        3.94956686449994        5.88512140402859      C
        6.83128059687864        5.00623611669263       12.58966921429422      H
        1.57878891873165       10.44782376426252       10.08816833056245      H
        4.60365419421987       -3.50523457110637       12.91828506828289      H
       -2.57011598702912       -6.07626459531745        9.80193475205099      H
       -8.45710397514734       -0.23683883203774        6.37027971314251      H
       -9.09152317322919        6.44428814812317        9.99319791848678      H
        7.26364444695469       11.35641182662441       10.48869836048548      O
        7.54552319693991        9.82083717391629       14.41860813982186      O
        9.57708323365497       11.45227992640402       14.44808709086055      C
        1.39630196630727       -7.81960144450487       11.87614158242920      C
       -0.32353115750639       -9.30679556912441       11.91698465388114      O
        3.91086817648822       -8.82026122034689       12.18032314341791      O
        4.02546717322601      -11.37837171911772       13.14996958104764      C
      -12.28579853575970        2.37738117222709        5.62700246365641      O
      -10.97052240716118        6.51725404399118        5.01065689101555      O
      -13.49808852200721        7.04832122320146        4.11697996188789      C
       -6.02715766586248        8.24208756270771       13.01889298000042      C
       -2.15578679030341       10.07006770779196        8.25390272149031      C
      -13.43517253779284        9.17752725972664        4.11208240702471      H
      -14.87712279784828        6.05219867695166        5.46910206188514      H
      -13.37861274741898        6.19837170679171        2.26790239003875      H
        2.19232160633536      -11.57148880778606       14.07018405559224      H
        5.66369775509869      -11.40092298690295       14.36962113732013      H
        4.23437534152955      -12.41858619403445       11.29427672407491      H
       -4.14329151412162       10.11966984512105        8.18450041709779      H
       -1.38477499280370       10.29693442566258        6.38078052292462      H
       -1.65894673662422       11.59830007475916        9.62767914251677      H
       -6.91234012777484        8.89902622096000       11.23539956495101      H
       -4.98253131283681        9.70747221912744       13.91716309769352      H
       -7.41515538468304        7.77975608183287       14.26304226931903      H
       11.25648681099912       10.43233709332265       13.78375799367383      H
       10.14097815267968       12.03309514492591       16.35662545363433      H
        9.38549967244497       13.08009944790916       13.31060904248645      H
$end
