$coord
       -7.12933853292070       -0.03514510522304       -3.06936384182735      C
       -5.19364900929923       -1.37030815452579       -2.01626301434942      C
       -3.79383772914528       -0.11506335127021        0.06091295380460      C
       -3.69683007001663        2.60704563909522       -0.02144349546309      C
       -5.54208853335192        3.79057328035806       -1.31964797969149      C
       -7.21220164593262        2.57251179810171       -2.86439873906650      C
       -2.37251832537854       -1.24339301760482        2.01888794849769      C
       -0.29403719364104        0.28904330859693        3.04708440603891      C
       -0.15172322977776        2.94222328564730        2.65563043963515      C
       -1.88764071611667        3.93281214816356        1.11314104838195      N
       -2.20667509678142       -3.87249522541263        2.62913768377494      C
       -0.05163120085808       -4.82433723638638        4.04751045801264      C
        2.02458856159563       -3.35849057857850        4.36010093341677      N
        1.70023191111458       -0.83939998787100        4.17671739944887      C
        3.76647038295313        0.71972921402358        4.96573721739091      C
        3.82674016288300        3.23783858257602        4.61705385890748      C
        1.98395642382732        4.48084428856344        3.23256605709230      C
       -4.35026108361928       -5.50614152172407        2.14761550972631      C
       -4.12734737252733       -8.12570742964886        2.46697283912698      C
       -1.75490811624750       -9.02844642781654        3.22238866194594      C
        0.15902198323901       -7.43047298275199        3.86318377010607      C
       -6.82468367148279       -4.76522315570927        1.99392995527734      O
       -4.64878793114834       -3.89270328664181       -2.83747746160463      O
       -9.08951211702055        4.02708966641091       -4.33871453995617      C
       -1.50623169968641      -11.78674260801116        3.96081285714862      C
       -5.61978671152007        5.75263551506512       -1.78888918316884      H
       -8.38101403152101       -1.06354979974017       -4.30867990509589      H
        1.98420565326809        6.42847448845944        2.82017837768078      H
        5.30013764034810       -0.23323742966190        5.64945608957821      H
        1.98824118440192       -8.29507327798220        3.82333097317009      H
       -5.77753166666800       -9.04476734944737        2.20069628514899      H
      -10.96723726483284        2.85311949831535       -5.13885805725258      O
       -8.55159599536485        6.52712282078524       -4.82073249880397      O
      -10.22568441637016        7.32768588220022       -6.56780171248395      C
        6.02597220523276        4.69140453235149        5.38619005279593      C
        6.11979538870532        6.94465536737749        4.57223676361926      O
        7.92988668776067        3.61298756270412        6.95835137846863      O
        9.46529180754331        5.55807118562604        7.89957361968390      C
       -2.89127258645342      -13.27459466872005        2.77587466702328      O
        0.55177103411110      -12.47669224642841        5.53954096127673      O
        0.35533419903346      -15.06852772221465        6.01834550257475      C
       -7.48981119153954       -2.87906065105404        4.01343271170032      C
       -6.24810152308681       -4.96819364879641       -4.66147132680366      C
        1.98102368079728      -16.18343018769574        5.42401645338345      H
       -1.26561818120904      -15.66118206817754        4.90181227482524      H
       -0.25841626644773      -15.38698536120727        7.88650854266073      H
       11.50396530807046        4.68159680288655        8.13384603852985      H
        8.95805906327768        5.76030937534008        9.76968790688797      H
        9.55122656593354        7.25119003282538        6.71332962478489      H
       -7.89042097945248       -5.67768191457644       -3.66532565228177      H
       -5.15338471246986       -6.48748250775575       -5.56207126584303      H
       -6.95341928703029       -3.54704512191780       -5.92836870693032      H
       -5.94627143924114       -2.74443693498866        5.39449320767258      H
       -8.90732023373792       -3.96426262528292        5.04666553280654      H
       -8.30699695483373       -1.07411161628601        3.44045973145829      H
      -11.03902810101772        9.20868623087902       -6.26397734594442      H
      -11.72972203605502        5.78345178212771       -6.98862959065661      H
       -9.02679493141212        7.50908088211445       -8.32099690963830      H
       -1.17146719917729        9.18265288601278       10.01241436715364      C
       -2.24078023732687        6.72444928806112        9.48752938989424      C
       -0.96252886881246        4.60116969636136       10.43034936746966      C
        1.63909521011264        4.68966203844489       10.87918207543488      C
        2.84782816945816        7.13075311434522       10.82326655254321      C
        1.43068723674846        9.26429383461122       10.62958827352893      C
       -2.13561205674740        2.09529693619559       10.77681554121909      C
       -0.55641147179412        0.06478466868057       10.56584283397147      C
        2.19246522136613        0.41460672048354       10.64936926240082      C
        3.23430646142200        2.65558797663087       10.58505498107538      N
       -4.91143846270808        1.58541615641936       11.17046739155225      C
       -5.70323276836633       -0.94486350318127       10.45713875197574      C
       -4.04464168868626       -2.84541093489537        9.95625149392529      N
       -1.63665502523152       -2.33842647359411       10.62934322028002      C
        0.00147115480926       -4.34884713924027       11.20574780348432      C
        2.66856452737357       -4.06937776850876       11.13186159547228      C
        3.72637946401747       -1.73361833529900       10.65271452558720      C
       -6.48483805111903        3.30609537740293       12.64147284187046      C
       -8.86152072675349        2.51565382220884       13.17041415810802      C
       -9.72490901505878        0.13129958195253       12.13878674185409      C
       -8.18919444588574       -1.66550661998568       11.27513421785850      C
       -5.77290544296019        5.76748692244879       13.00958116196598      O
       -4.42824344480322        6.73676819875351        8.05989681711361      O
        3.07708023682998       11.46377059548779       10.40251795117663      C
      -12.43427790472161       -0.49291076374482       12.71344104697517      C
        4.80260664714774        7.33856887046549       10.82287269365394      H
       -1.98179320853149       10.85930472600787        9.44492449160552      H
        5.74119733168044       -1.57840506606568       10.28668638262105      H
       -0.60260291401538       -6.22322996432698       11.05243265266497      H
       -8.74383649673829       -3.61535905578785       11.13454497072733      H
      -10.47140038792254        3.71410534656385       13.66091641635390      H
        1.84683152564394       13.52098956526739       10.11884771650707      O
        5.61055664984308       11.30735388240478        9.94261422394106      O
        6.59228923424470       13.62019759449094        9.48357134191120      C
        4.41658347669463       -6.23472725769941       11.40177843629479      C
        6.65059793870722       -6.16047735166326       11.20833921413467      O
        3.38915662503673       -8.36187970097773       12.17530510423310      O
        4.94116669060949      -10.45513355385736       11.76723487983848      C
      -13.94229218837324       -1.13472090901893       11.17429399112604      O
      -13.09203131750003        0.47922152149848       15.02263023046306      O
      -15.44640237044470       -0.19213887891436       15.74355886716620      C
       -7.49821542357766        7.85800974464461       13.66630354092423      C
       -4.39951714662477        5.22857845952841        5.93933907213870      C
      -15.12115890986918       -2.32728628585314       16.16913161529663      H
      -16.98959622034495       -0.09433469840711       14.33272631421710      H
      -15.89464336156228        0.57716807053909       17.49538833942809      H
        4.02708270092287      -12.17997148154309       12.67003998169154      H
        6.94583365963191      -10.24877965229987       12.78836025729996      H
        5.14261829079005      -10.26546640699779        9.77514046625332      H
       -6.36339126787893        4.58562800022024        5.52712166611859      H
       -2.95308950898963        3.52596397997674        5.86460807815669      H
       -3.87702170437850        6.38795047453197        4.23535699451325      H
       -8.26734543618708        8.80946495664689       11.84736763994477      H
       -6.59503758625454        8.98150628461052       14.86426932626510      H
       -9.01527360377766        6.85859127552912       14.70549526157449      H
        6.20470641708699       14.84765493874797       11.12572624164598      H
        5.94752992903260       14.66743024722016        7.70769408442749      H
        8.54358209369595       13.27867269729743        9.24599610742757      H
$end
