 -1.0
 -0.83522160542767D+01 -0.11295091647947D+01  0.25151576902978D+01  0.12546520195726D-03  0.12413357456564D-03  0.21287825204449D-03
 -0.60954137701018D+01 -0.11397206761051D+01  0.10886204097261D+01 -0.30707359136399D-03  0.15827737484842D-03 -0.38942414793886D-03
 -0.37844263286483D+01 -0.23393590176564D+01  0.25240360918532D+01  0.66300252766210D-03 -0.19817884087200D-04  0.39019671526219D-03
 -0.41058797298109D+01 -0.26370523563349D+01  0.51074487072686D+01  0.27270482630838D-03  0.21451470605825D-03 -0.34550956627140D-03
 -0.65333872187907D+01 -0.27233000898365D+01  0.63820671297272D+01  0.42299576309012D-03  0.79754765267131D-04 -0.13271920399003D-03
 -0.85785783699831D+01 -0.19005186321915D+01  0.50276436253558D+01  0.59303226758124D-03  0.58051923602005D-03  0.64200770795078D-03
 -0.13446380143269D+01 -0.27205734349975D+01  0.13609094491014D+01  0.12720239033505D-04  0.29592596471523D-03  0.59727330347101D-03
  0.76051712632637D+00 -0.20693849599558D+01  0.28239556039326D+01  0.10155964038862D-03  0.70786191076255D-04  0.58122248895640D-03
  0.38054593436087D+00 -0.22199676596388D+01  0.56011813880299D+01 -0.49764208786246D-03 -0.31375651787197D-03  0.66613189259375D-03
 -0.20014173165898D+01 -0.20518450566766D+01  0.66688936000311D+01  0.50493636710865D-03  0.29298239583838D-04 -0.18016090067572D-03
 -0.87054590684369D+00 -0.32277405912960D+01 -0.13753871571052D+01  0.35575057665532D-03 -0.11077862033289D-03  0.11154240394584D-03
  0.17318173342576D+01 -0.28685570689213D+01 -0.24202280313391D+01  0.20986092866818D-03  0.42180397258373D-03 -0.54181278891762D-03
  0.36272464709504D+01 -0.22114523347830D+01 -0.80896355742420D+00 -0.10947613988849D-03 -0.46152418267170D-04 -0.23195895880671D-03
  0.30296240770491D+01 -0.14769192697344D+01  0.16245404102911D+01 -0.18482877546416D-03  0.26719876880014D-03  0.25375122783831D-03
  0.51943228322285D+01 -0.14151824702583D+01  0.32377566902834D+01 -0.57370393340000D-03 -0.34550821631788D-03 -0.29463733689098D-03
  0.49831990383470D+01 -0.20648826877698D+01  0.59017237308789D+01 -0.13447523733795D-03 -0.16573253985751D-03  0.34346226174295D-03
  0.25009284161686D+01 -0.23581384839586D+01  0.69411985680468D+01  0.11924562510293D-03 -0.14592197326847D-04 -0.80329918487887D-03
 -0.25334858106228D+01 -0.46419783393182D+01 -0.30771597718356D+01 -0.28504837583952D-03  0.12269753497352D-03  0.34315842535837D-03
 -0.17043336370090D+01 -0.49926898547573D+01 -0.55089738125252D+01 -0.54575493926278D-04 -0.12333352882115D-03 -0.13967901754285D-03
  0.52138764893833D+00 -0.43217719763960D+01 -0.65231941153810D+01 -0.34462256871963D-03  0.23472039014303D-03 -0.17455184802247D-03
  0.20856201552991D+01 -0.29096647049935D+01 -0.49177714407007D+01 -0.90896951591174D-04  0.48940589079133D-03  0.16922022685090D-03
 -0.48304851899428D+01 -0.54017480107882D+01 -0.20695759396502D+01  0.78071444041174D-04 -0.44142948656216D-04 -0.70253418998527D-03
 -0.63604579677667D+01 -0.63580004887256D-01 -0.12565109657148D+01 -0.10057610635780D-03  0.91597326463008D-04 -0.24871942892088D-03
 -0.11322317438741D+02 -0.23647086205216D+01  0.59258746477883D+01 -0.75468949314897D-03  0.43321220649371D-05  0.71513007836052D-04
  0.11308031529820D+01 -0.49156365546946D+01 -0.91526202015890D+01  0.40085674959380D-05 -0.31817258743400D-03  0.70968123608023D-04
 -0.61512283972659D+01 -0.31367561379843D+01  0.83206746075389D+01  0.80839927380687D-03 -0.31160679705610D-03  0.24326480482837D-03
 -0.10037341262475D+02 -0.66556538465861D+00  0.16180533084316D+01  0.53768048477107D-03  0.31366017253169D-03 -0.11687891764854D-03
  0.19821773699347D+01 -0.24439399080246D+01  0.90845867540751D+01  0.62901185970201D-03 -0.41662584020246D-03 -0.10856531887439D-03
  0.71194545402232D+01 -0.81653399021929D+00  0.24303660738318D+01  0.21441498413821D-03  0.11055589841003D-03 -0.19423744522840D-03
  0.37237788327623D+01 -0.17826691898336D+01 -0.55698157736139D+01  0.21132709491079D-03  0.16399657867177D-04  0.48258426133872D-03
 -0.27267395140284D+01 -0.61730570539234D+01 -0.69305921801307D+01 -0.58371788568730D-03 -0.28206609611139D-03 -0.10819976253507D-02
 -0.11272959825624D+02 -0.34675956700932D+01  0.79842331663989D+01 -0.21573327751004D-03 -0.33888180192178D-03  0.16568787187632D-03
 -0.13156169442381D+02 -0.25053908350882D+01  0.42880437535360D+01  0.14768981424254D-03  0.27835586161306D-03 -0.10936612987926D-03
 -0.15220593420265D+02 -0.29849156955246D+01  0.59813917283472D+01  0.13031843452304D-03 -0.40163343706620D-03  0.62374865826881D-03
  0.73801084556233D+01 -0.19338431933492D+01  0.76298927144273D+01  0.13350343619528D-05  0.70646985071412D-03 -0.92766923204651D-04
  0.73559346617134D+01 -0.62992609065204D+00  0.96305261859570D+01  0.44864972844458D-03  0.20166338880615D-03  0.44720508269335D-03
  0.97548644643698D+01 -0.25923217503570D+01  0.65628083179170D+01 -0.17472062938996D-03  0.13304914274014D-03  0.15115982653304D-03
  0.11553016974823D+02 -0.21882222718272D+01  0.84065931445375D+01 -0.38011044216445D-03  0.28245728617232D-03 -0.23999127854821D-03
 -0.58773583698879D+00 -0.58751782891815D+01 -0.10457269509292D+02 -0.10699291296214D-03  0.32355683526905D-03 -0.22760514387469D-03
  0.35458166411569D+01 -0.47858641560315D+01 -0.10146737854546D+02  0.67291235480103D-03 -0.96090394154457D-04  0.43130030173815D-03
  0.38439341544276D+01 -0.56834452404759D+01 -0.12656102270124D+02  0.14038645346731D-03 -0.22708427323082D-03  0.10711406222842D-03
 -0.70968398128870D+01 -0.61500322635084D+01 -0.32586562232101D+01  0.12024388281714D-03  0.55451771382048D-03  0.32868189878731D-03
 -0.43081776002805D+01  0.12674259072547D+01 -0.16144911968805D+01  0.82089299773981D-05  0.12656216839885D-03  0.18389786363709D-03
  0.55864492361968D+01 -0.69828532111805D+01 -0.12602463544576D+02 -0.13030247694161D-03 -0.34153098688918D-04 -0.72970452842629D-03
  0.41882969938155D+01 -0.41313424577545D+01 -0.14056870901586D+02 -0.68770973132854D-03  0.74721088342922D-03 -0.71248448126705D-03
  0.20235604578541D+01 -0.70164493465430D+01 -0.12909226067330D+02  0.21849584142314D-03  0.24751448334437D-03 -0.12933050199234D-03
  0.13266312702059D+02 -0.32963023408208D+01  0.80232801025144D+01  0.55241970544119D-03  0.20524259081485D-03  0.28265642095603D-04
  0.10763831400592D+02 -0.35760302188322D+01  0.99552710905073D+01 -0.20442224702564D-03 -0.34913994966179D-03 -0.45253968313512D-03
  0.11874709122681D+02 -0.27358998242000D+00  0.93746208399543D+01  0.47335563072782D-03  0.86624865339134D-03 -0.28809353525175D-03
 -0.47046540965605D+01  0.26677550831122D+01 -0.29487578440136D+01  0.28082430347213D-03 -0.22257682970970D-03  0.18420987575296D-03
 -0.26724474031304D+01 -0.11156946355379D+00 -0.20224596538898D+01 -0.61330260471747D-03 -0.11889568478894D-02  0.91005932962950D-03
 -0.40252384392098D+01  0.20675125349688D+01  0.26325433704598D+00 -0.37179444695675D-03  0.87013186737265D-03  0.80326988609972D-03
 -0.75656622113096D+01 -0.78475099976073D+01 -0.21331819184157D+01  0.37232446551903D-03 -0.14838433473007D-04 -0.10081356822743D-03
 -0.67413144262833D+01 -0.64628485370970D+01 -0.53093885545807D+01  0.11637132302690D-05 -0.20122434565729D-03 -0.17820128679806D-02
 -0.86280753451060D+01 -0.49685106421061D+01 -0.27164641661064D+01 -0.14289536112906D-03 -0.13954169907705D-02 -0.39370309696655D-03
 -0.14935150018682D+02 -0.16182969077461D+01  0.73642948510461D+01 -0.11398657459180D-02 -0.28330923921615D-03  0.45251368575862D-03
 -0.14958960634127D+02 -0.50183701639726D+01  0.66855568673830D+01 -0.49160663671332D-03 -0.45812666737019D-03 -0.60501133428394D-03
 -0.17138440737485D+02 -0.26649405687278D+01  0.54689797025843D+01  0.35757643018946D-03  0.23975573511021D-03  0.80097840587863D-03
 -0.25016368426727D+01  0.57080042334472D+01  0.48727481880677D+01  0.72254298568290D-03 -0.16983511111908D-04 -0.23111183967275D-03
 -0.34069331923676D+01  0.53775673345419D+01  0.74083487797245D+01 -0.22650222064824D-03 -0.67092837299086D-03 -0.13675368275081D-05
 -0.18255585482451D+01  0.45319066933479D+01  0.94009891719503D+01  0.83457217876865D-05 -0.18604395084402D-03  0.60425080014039D-03
  0.44781081423263D+00  0.35374308876657D+01  0.85097484864629D+01  0.35303161545917D-03  0.86867452501680D-04  0.68465942324313D-03
  0.12858713640400D+01  0.36842208761246D+01  0.59735519068774D+01 -0.21317233034685D-04 -0.40375422406553D-03 -0.61543109503857D-04
  0.27937863632896D-01  0.51433062597738D+01  0.42720491318364D+01  0.34232885676546D-03  0.62543653110134D-03  0.27655620795851D-03
 -0.23243617755002D+01  0.45983001721488D+01  0.12180224781335D+02 -0.27306951521203D-03 -0.30975637080310D-03 -0.69657010036993D-04
 -0.83446706757784D+00  0.28092020532127D+01  0.13469586068675D+02 -0.18274125616831D-03  0.21796357285452D-03  0.10677457647596D-03
  0.13675052769280D+01  0.17730678856726D+01  0.12455979684656D+02  0.18535450761699D-03 -0.22780892645235D-03  0.15567050950352D-03
  0.20381592811263D+01  0.24931497311903D+01  0.10120383404275D+02  0.19944821159560D-03  0.12029993947016D-03 -0.14151169611533D-03
 -0.44991048949469D+01  0.55702649573971D+01  0.13678584354395D+02  0.19041688694401D-03 -0.68012069806660D-05  0.31344595106580D-03
 -0.53381473568842D+01  0.39895193581721D+01  0.15901861760317D+02 -0.53458688110077D-05  0.75579395881996D-04  0.28834199258350D-03
 -0.37445090738072D+01  0.22871742950251D+01  0.16905224548110D+02 -0.16057957012244D-03  0.36936695550223D-03 -0.71052248820158D-03
 -0.15523325892311D+01  0.18565912725197D+01  0.15707916013066D+02 -0.21569458540288D-03 -0.33185535709363D-03 -0.45292257752547D-03
 -0.11755289144246D+00  0.75960926338246D-01  0.17279980507101D+02 -0.13510163865926D-03 -0.51880481009431D-04 -0.70634658178024D-03
  0.21357682960576D+01 -0.76962593874889D+00  0.16081320658348D+02  0.18544851393921D-03  0.12508081147688D-04 -0.22046751322893D-03
  0.28280090653098D+01 -0.42153861030048D-01  0.13659920463891D+02  0.19481658764606D-03  0.27682752418293D-03 -0.15789976348307D-03
 -0.61660630626750D+01  0.76239404355615D+01  0.12746010257667D+02 -0.62367748319070D-05 -0.13201037668970D-03 -0.20100765683851D-03
 -0.85966035953594D+01  0.76724192220803D+01  0.13905740391915D+02 -0.10283658130821D-03 -0.67294772054888D-04  0.17331673059981D-03
 -0.92150483168393D+01  0.58797287540586D+01  0.15979266087772D+02  0.14193092155626D-04  0.25542265704356D-03 -0.10644305001272D-03
 -0.76058663805336D+01  0.41391406666591D+01  0.17165012838068D+02  0.44379601759550D-03 -0.56309403055419D-03  0.14403190015756D-03
 -0.50943458729638D+01  0.97853880928663D+01  0.11452308677079D+02  0.19695241840777D-03  0.75566758744984D-03 -0.42918138055031D-03
 -0.58752718722870D+01  0.54507714905841D+01  0.80042354613650D+01 -0.10219898147774D-03  0.36607784312826D-03 -0.53605393799523D-04
  0.14337851234832D+01  0.53365174743874D+01  0.18108134736072D+01 -0.15759722499348D-03 -0.38819186011381D-03 -0.14438637296830D-03
 -0.11618909378617D+02  0.59568506371465D+01  0.17480772780286D+02 -0.40837823956891D-03  0.12265396276162D-03  0.17634394794003D-03
  0.29684410735115D+01  0.24059688032277D+01  0.58552537339757D+01 -0.14830793784878D-03 -0.20524509406819D-03 -0.67952970705519D-03
 -0.34874628221518D+01  0.74773354572177D+01  0.39054003406170D+01 -0.48897975699304D-04 -0.65150421520358D-03 -0.55751079957362D-04
  0.39973037856424D+01 -0.16332627088551D+01  0.12703077111122D+02  0.11335057671285D-02 -0.14256292235567D-02 -0.46697781439035D-03
 -0.28761073355855D+00 -0.33690516906747D+00  0.19310669323854D+02 -0.49230602089350D-03 -0.39587698982796D-03  0.33973804803825D-03
 -0.84091093472992D+01  0.30850892959630D+01  0.18961823804606D+02  0.67728673539002D-03  0.10732636377869D-02  0.14320589356912D-02
 -0.10106271737527D+02  0.87993613523764D+01  0.13042318809028D+02  0.27395668156664D-03  0.22486245909799D-03 -0.16654177612687D-03
  0.34424162525158D+01  0.64527089630954D+01  0.16054615752135D+01 -0.71059731486261D-03 -0.27887732178971D-03 -0.12362841611527D-03
  0.30890133967322D+00  0.40111695076118D+01 -0.21834852697771D+00 -0.28533506434928D-04 -0.21485527799167D-03 -0.16439921463898D-03
  0.18319511851561D+01  0.37131025794415D+01 -0.23534119664977D+01 -0.45128987291562D-03  0.21106160943564D-03 -0.57397875998426D-03
  0.39039555649658D+01 -0.22559873348374D+01  0.17693771799361D+02 -0.12540825620979D-03 -0.68255836774415D-03 -0.50217541768026D-03
  0.56293727891969D+01 -0.10099443585439D+01  0.18814582596125D+02  0.23525338472197D-03 -0.21849100292804D-03 -0.12639436197033D-03
  0.34079744514199D+01 -0.47865812941061D+01  0.18242713873417D+02 -0.41484544656097D-03 -0.10165154776920D-03  0.52037240591429D-03
  0.50227766051354D+01 -0.56256436162432D+01  0.20087332571765D+02  0.85949487017060D-04  0.62114698462602D-04  0.90245983363290D-03
 -0.13375608281584D+02  0.72969424200711D+01  0.16502940826973D+02 -0.17110185731735D-03  0.10323463485925D-03 -0.11548679086194D-03
 -0.12039715314236D+02  0.46875443263924D+01  0.19735286496025D+02  0.50309562015744D-03 -0.62838668050355D-03  0.41206919369926D-03
 -0.14964768635526D+02  0.45141365033887D+01  0.20208257401556D+02 -0.41279421634772D-03  0.34409769308757D-03 -0.48115479729792D-03
 -0.67616708057059D+01  0.11253303995582D+02  0.99048031705418D+01 -0.16918098932449D-04 -0.37519304060250D-03  0.10195466738519D-03
 -0.73558652193830D+01  0.42374905172318D+01  0.59106201591386D+01 -0.90387682036348D-04  0.27818987608278D-03 -0.41246416091440D-03
 -0.15347782646091D+02  0.25970261046477D+01  0.19730829049749D+02  0.30405185399797D-04 -0.37501148677464D-03  0.44894238016992D-04
 -0.16025394189968D+02  0.60817880472378D+01  0.19065061276344D+02 -0.29540621169813D-03  0.46364039557010D-03 -0.58551345457186D-03
 -0.15477173603315D+02  0.47988488148152D+01  0.22185132644429D+02 -0.11866044073923D-02  0.16785502654168D-03 -0.61155925657253D-03
  0.52998997677538D+01 -0.41898515595546D+01  0.21547920028547D+02 -0.25470394902554D-03 -0.23402725972601D-03  0.47528463421055D-03
  0.67941276283928D+01 -0.59113292024766D+01  0.19009470101764D+02 -0.24607559156648D-03 -0.27599336448940D-03  0.15619834370349D-02
  0.41170359959231D+01 -0.72410720148407D+01  0.20837545214455D+02 -0.29248771449516D-03  0.61482810229472D-03  0.45266687346400D-03
 -0.59927417775740D+01  0.32751816502366D+01  0.44893830795079D+01  0.40644025927434D-03 -0.10672071649312D-02 -0.79911827044457D-03
 -0.78843415451120D+01  0.60763837488076D+01  0.52018258632658D+01  0.50937678431299D-03  0.28047733120111D-03 -0.97313627370715D-03
 -0.90151732285809D+01  0.35481706789711D+01  0.72572086277847D+01 -0.11743870334539D-02  0.56232345990909D-03  0.12409934081760D-02
 -0.82392096605208D+01  0.10095635266348D+02  0.90531268244199D+01  0.13346110503696D-03 -0.57699348547274D-03  0.96840470081984D-03
 -0.58800424881894D+01  0.12485693753945D+02  0.82962407609126D+01 -0.50021495842618D-03  0.10759795248304D-02  0.60525674970534D-03
 -0.79262411868262D+01  0.12538585808129D+02  0.11102583210642D+02  0.55562667758540D-03  0.92865652313015D-03 -0.37624003917735D-04
  0.71119015691680D+00  0.42193571175552D+01 -0.39255676128529D+01 -0.93589521239049D-03 -0.76958290670467D-03 -0.12090010625125D-02
  0.27575081481776D+01  0.17061971309166D+01 -0.22499973534600D+01  0.24808740035354D-04 -0.14709482135023D-02  0.93526694161698D-04
  0.33271811706127D+01  0.49468911406711D+01 -0.23335083074274D+01  0.28673209928632D-03 -0.19324203093568D-02 -0.16822910143998D-03
