 -1.0
  0.67282943755249D+01 -0.79122662781253D+01 -0.74864284886717D+00  0.18459373616545D-03 -0.13428152918633D-03  0.43226687076743D-05
  0.61195420132766D+01 -0.53987434929710D+01  0.29024267528449D-01 -0.11486156548640D-03 -0.27339274300919D-04 -0.20712733479843D-03
  0.31881905535262D+01 -0.47536536118084D+01  0.26122360172907D+00 -0.66025080482263D-03  0.49304109605814D-03  0.28585399367444D-03
  0.13735131882673D+01 -0.65353691027263D+01 -0.59325403825763D+00  0.35240152779648D-03 -0.91761350265597D-03  0.22440156797300D-03
  0.22955206835254D+01 -0.87360640421236D+01 -0.12901437805595D+01  0.18340252846014D-03  0.97825152084554D-04 -0.97424828214318D-04
  0.48765221462990D+01 -0.93867897211694D+01 -0.18320068107891D+01 -0.36128891146630D-03 -0.72732451667648D-04  0.55357896503724D-03
  0.22006424590133D+01 -0.24397914087827D+01  0.55745135924690D+00 -0.96136818198083D-03 -0.39466797860618D-03  0.50839066921097D-03
  0.30582970634101D+00 -0.13588207592908D+01 -0.71189810581731D+00 -0.67598427806232D-04 -0.29852601412550D-04  0.17879114508236D-03
 -0.12207506690557D+01 -0.31469899684761D+01 -0.20091831104122D+01 -0.28590823506539D-03 -0.12739142725181D-03  0.35482770240653D-03
 -0.10030947723186D+01 -0.56357278059839D+01 -0.14783936143487D+01 -0.83841703280200D-04  0.37539858222360D-03  0.55202968127807D-03
  0.33828438750590D+01 -0.73905820818636D+00  0.24752650336294D+01  0.23072504196425D-03  0.30962201096610D-04  0.15862965083090D-03
  0.29165532893729D+01  0.20004106499928D+01  0.21924568054219D+01 -0.11120212211095D-03 -0.23307385746154D-03  0.15383973641616D-03
  0.97923476484681D+00  0.28707828334008D+01  0.80013898877214D+00 -0.79143195834514D-03 -0.22746354314662D-03  0.16889472250323D-03
 -0.29650249303078D+00  0.10357087222765D+01 -0.52743414246021D+00  0.48467174823527D-03  0.86261121385968D-03  0.16390261768958D-03
 -0.22743579015481D+01  0.21235285273686D+01 -0.20056875386673D+01  0.71683865508465D-03 -0.19265146405699D-03  0.32094118899984D-03
 -0.33876894308800D+01  0.57681859280167D+00 -0.38500871134903D+01  0.12106977605240D-03  0.29243166976024D-03 -0.13500975109805D-03
 -0.29694294513799D+01 -0.20560901103379D+01 -0.36606362286902D+01  0.41310544692808D-04  0.48483432081146D-03  0.28410925744653D-05
  0.50601872098583D+01 -0.17525328607282D+01  0.43585436861320D+01  0.66145571819353D-03  0.17908693475813D-03 -0.19651322874949D-03
  0.67047268533796D+01  0.81330273801390D-01  0.53911622645755D+01 -0.51564479769934D-03 -0.32409979470926D-03 -0.42069595736365D-03
  0.64271991285689D+01  0.26917760195339D+01  0.49085341475899D+01  0.30994330342240D-03  0.85386208732640D-03  0.34999223182358D-04
  0.46808335228493D+01  0.36941270095671D+01  0.32875406910521D+01  0.20975467680465D-03  0.30146882000175D-03  0.18093227100961D-03
  0.55706978731688D+01 -0.43607926351721D+01  0.47145160741801D+01  0.35075920230549D-03  0.11743098689166D-03 -0.55824335929707D-03
  0.77288046276416D+01 -0.32345940515429D+01  0.40976382398078D+00  0.20021253543812D-03 -0.30097233815580D-03 -0.13190360477351D-03
  0.57302397870144D+01 -0.11777395199059D+02 -0.33839393550818D+01  0.11370487199081D-03 -0.38880410379991D-03 -0.10530259285840D-03
  0.77704934817613D+01  0.44528048111119D+01  0.65553520788380D+01  0.14108913024916D-03 -0.31418680401339D-03 -0.55244184695359D-03
  0.10774459388064D+01 -0.98050978277493D+01 -0.22897099341245D+01  0.15443354640761D-03  0.77677996128555D-03 -0.11349822203728D-02
  0.87910521869788D+01 -0.87367801739542D+01 -0.34198979097971D+00  0.91136359085266D-04  0.88225780273577D-03 -0.57325982650091D-03
 -0.41773715220735D+01 -0.31107997029780D+01 -0.47535573784361D+01  0.43586329409039D-04  0.35344783147252D-03  0.33761883743181D-03
 -0.21731540831162D+01  0.42024692271918D+01 -0.25020004697634D+01  0.90952126689549D-03  0.35865672296681D-03  0.30692735133966D-03
  0.41351402127631D+01  0.55793734467749D+01  0.32925907484755D+01 -0.76936027384708D-03 -0.16591583107473D-02 -0.13532405068410D-02
  0.76360410373497D+01 -0.49004110178401D+00  0.70605401416743D+01  0.46572460179496D-03  0.34320562477256D-03  0.34651535306006D-03
  0.61583379359525D+01 -0.13587615609549D+02 -0.21113955525129D+01  0.22188748085893D-03 -0.37793026068779D-03  0.14217214444338D-04
  0.59149576361550D+01 -0.12021362826398D+02 -0.59631448555135D+01  0.27149761473817D-03  0.96998600404354D-04 -0.47538502049414D-03
  0.68916671935587D+01 -0.14450725198678D+02 -0.66675338413877D+01 -0.63897862809413D-03 -0.18738261408898D-03 -0.51677215249849D-03
 -0.59978000599303D+01  0.10245641816797D+01 -0.53391808688501D+01  0.17936266923721D-03 -0.48027619635798D-03  0.43254739936365D-03
 -0.69290974678045D+01 -0.68867845213420D+00 -0.65200260949914D+01  0.92011424884300D-06  0.23182796460664D-03 -0.11516073886553D-03
 -0.74046173802708D+01  0.32294927059479D+01 -0.46300595289025D+01 -0.10755046057981D-03 -0.16580599339195D-03 -0.83197971493956D-03
 -0.98235817268663D+01  0.22200076097896D+01 -0.40853158207135D+01  0.21958790119159D-03 -0.30225417914832D-03  0.31157166911352D-04
  0.99544085874713D+01  0.40157245136312D+01  0.69513338610079D+01  0.33741340783007D-03 -0.51287279583670D-03 -0.60543830579868D-03
  0.62273249977769D+01  0.61328614215178D+01  0.78896154408575D+01 -0.13405302536256D-03  0.26425367999431D-03  0.64031673493681D-03
  0.75914768266242D+01  0.74404527639735D+01  0.97019845023478D+01 -0.11789672743405D-03  0.32811386539663D-03 -0.83987741957484D-05
  0.36303665574433D+01 -0.58346321384285D+01  0.60018946119885D+01  0.13631047649377D-03 -0.84808161969678D-04 -0.30977180504308D-03
  0.10372832800860D+02 -0.32133144249284D+01  0.27308921887937D+00 -0.65556284280391D-03  0.24679765451017D-03  0.88225655880502D-04
  0.91317710114928D+01  0.87509496415212D+01  0.91040862470332D+01 -0.19579663007930D-03 -0.76905857667633D-03 -0.87668732972300D-03
  0.90833424263426D+01  0.60637440202116D+01  0.10157999738145D+02  0.93316721293903D-04 -0.36290603675487D-03 -0.76097015760582D-04
  0.66478739124250D+01  0.82325000307599D+01  0.11264064453104D+02 -0.33740775616997D-03 -0.44799934531612D-03  0.81035168986241D-03
 -0.98216891362011D+01  0.62872130421972D-01 -0.34744786789488D+01 -0.11318914392995D-02  0.32723670460328D-03  0.40854289293566D-04
 -0.10851133830773D+02  0.30618925472711D+01 -0.59924844707232D+01 -0.93027425051405D-04  0.13024694821328D-03 -0.10594751209498D-02
 -0.10133176917193D+02  0.32792778119581D+01 -0.23790587467366D+01  0.44233531030859D-04  0.37076847614234D-03  0.22887036424200D-03
  0.10770732019509D+02 -0.45325113670120D+01  0.18556669796664D+01 -0.83794227231049D-03  0.59507258387723D-05 -0.19802587329616D-03
  0.10842981040820D+02 -0.13399061117661D+01  0.92430173923943D+00  0.97379013370219D-03  0.75993716554280D-03 -0.11191861682916D-02
  0.11225318769044D+02 -0.39202382200614D+01 -0.15743653136396D+01  0.22444230135555D-03 -0.48361705254505D-03 -0.23429413351156D-03
  0.40242252152220D+01 -0.60429988512606D+01  0.79674907814356D+01 -0.58278463187762D-03  0.15405003941753D-03  0.43585680932325D-03
  0.33577464896204D+01 -0.74691323543344D+01  0.46882465067285D+01  0.96359164326436D-03  0.47535947963389D-03 -0.19050577359615D-03
  0.18152441684832D+01 -0.48056017905304D+01  0.60590324121216D+01 -0.15415035354994D-03  0.17342603449439D-02  0.87054004240875D-03
  0.82320793310847D+01 -0.14171036838820D+02 -0.81669424343915D+01  0.65871900084791D-03  0.11703945319397D-03 -0.13892205741438D-02
  0.53006539645556D+01 -0.15607856079629D+02 -0.70037441778937D+01  0.61391878059705D-03  0.23015240465862D-03  0.89505694114875D-04
  0.80213929725436D+01 -0.15136525793485D+02 -0.51977115005400D+01 -0.61736110449777D-03 -0.73105422131341D-03 -0.98452501455705D-04
 -0.31541522384828D+01 -0.17667627322687D+01  0.12605255986245D+02  0.40704705584474D-04 -0.11115410903022D-05  0.11567748995009D-03
 -0.54513451546544D+01 -0.67855842636763D+00  0.12901700506861D+02  0.21767334601135D-03  0.16534588600602D-03 -0.55138095363809D-03
 -0.52704502966248D+01  0.22080896174374D+01  0.13052457840102D+02  0.16728025863698D-03  0.11926546121284D-02 -0.66999262209210D-04
 -0.30726060561043D+01  0.33383057601923D+01  0.14216607990349D+02  0.27729975167383D-04  0.76465677461410D-04  0.37345558654560D-03
 -0.94830893002863D+00  0.16919328405207D+01  0.14928329816882D+02 -0.24462623854979D-03 -0.11771395992882D-03  0.38648935132333D-03
 -0.88931827333424D+00 -0.59462851070371D+00  0.13570948869937D+02  0.37384688827351D-03  0.27684968132657D-03 -0.11178036049104D-03
 -0.72412012921360D+01  0.38919070955823D+01  0.12042077557614D+02  0.17927493588812D-03  0.69994282666789D-03 -0.64850451630914D-03
 -0.71153714907368D+01  0.63817496781820D+01  0.12816365172812D+02 -0.30542646187924D-03  0.51023087542936D-03  0.19383901883319D-04
 -0.50207268286633D+01  0.74612948376583D+01  0.14478794858249D+02 -0.28293160252767D-03 -0.40720279352320D-03  0.40981058557135D-03
 -0.30452829880845D+01  0.58967091417236D+01  0.14833604713923D+02  0.90973269120226D-04 -0.21903331380145D-03 -0.77130554960608D-04
 -0.95870356666050D+01  0.33182391942155D+01  0.10670627561836D+02  0.49306048245549D-03 -0.39001618403106D-03  0.49046241746799D-03
 -0.11574487669999D+02  0.50096039315236D+01  0.11014739764349D+02  0.62165883097711D-04 -0.42740562143567D-03  0.39651232350042D-03
 -0.11172920354596D+02  0.73285219995068D+01  0.11584634204342D+02  0.24003004192722D-03 -0.31303614383802D-03 -0.13072105596203D-03
 -0.87842440330095D+01  0.83548876010380D+01  0.12417582744095D+02 -0.46349353561010D-03  0.23755692273221D-03 -0.55251224625093D-03
 -0.87867762009422D+01  0.10766601589830D+02  0.13382277772712D+02  0.31151221446435D-03 -0.42904810544273D-03 -0.30915642826211D-04
 -0.66991701361574D+01  0.11655385923915D+02  0.14656081156433D+02  0.16005360179242D-03  0.25619843415962D-04  0.34729051564113D-04
 -0.48143721644180D+01  0.10118844583791D+02  0.14880517168016D+02 -0.16154059394768D-03  0.14323657400502D-03  0.10931081040275D-02
 -0.96729940035413D+01  0.14415900239281D+01  0.85018932215020D+01  0.71462414226153D-04 -0.41164879538909D-03  0.15545698818360D-03
 -0.12142310956653D+02  0.71032314969371D+00  0.79399917258574D+01  0.21061717834997D-03  0.53867328868240D-04  0.28924885997118D-04
 -0.14222713562325D+02  0.17719332643971D+01  0.89742586239033D+01  0.29776714693301D-03 -0.39351251104298D-04 -0.21002642915237D-03
 -0.13965670683612D+02  0.40095227838437D+01  0.10442747717715D+02 -0.58993197767904D-03 -0.18406425471621D-03 -0.22840463668587D-03
 -0.78072279901583D+01  0.44277697797898D+00  0.72174560014594D+01 -0.43075573829494D-03  0.13894774158636D-03 -0.45358164156217D-03
 -0.80972181283328D+01 -0.15478683740924D+01  0.13253456917338D+02 -0.43976465742697D-03 -0.23508509624578D-03  0.36383646845311D-04
  0.16405322203129D+01 -0.20135529759142D+01  0.13675388145030D+02  0.14197425857711D-03 -0.68340572592220D-03  0.48854492423045D-03
 -0.16429739434203D+02  0.32782275862249D-01  0.87955346890521D+01  0.26320637681859D-04  0.47514314545873D-03  0.29772099575197D-03
  0.58473767889062D+00  0.25492592754623D+01  0.15959802820815D+02 -0.44849513345475D-03 -0.88519068171448D-03  0.62697084793153D-03
 -0.31088931032125D+01 -0.38406876685299D+01  0.13008234203810D+02  0.58854684001642D-03  0.84026414651258D-03  0.26537030935987D-03
 -0.26659894515577D+01  0.10538264683978D+02  0.14721800764480D+02 -0.57438346681576D-03  0.19183829279567D-03  0.11442346206738D-03
 -0.10530941025749D+02  0.11880865871492D+02  0.13268698275328D+02  0.43142023395597D-03 -0.30151578664392D-03 -0.10394973659829D-02
 -0.15476489999389D+02  0.48710124675760D+01  0.11460859062584D+02 -0.38102304516661D-03  0.83761262468610D-03 -0.13234058766591D-03
 -0.12242795582071D+02 -0.13843771361610D+01  0.75649161809131D+01 -0.13888325197513D-02 -0.14658923944595D-03 -0.63932412216878D-03
  0.26102253269183D+01 -0.29873334100106D+01  0.11806183602870D+02  0.55952213519258D-04 -0.38410761788129D-03 -0.40536962238456D-04
  0.24519986858928D+01 -0.28337439379200D+01  0.16198704076482D+02  0.92877379076679D-04 -0.64265191856032D-04  0.64664473956885D-03
  0.46229093680520D+01 -0.42490711441166D+01  0.16143787270557D+02  0.66590360238601D-03 -0.20308984517079D-03  0.23814943400497D-03
 -0.67964103146901D+01  0.14028164816671D+02  0.16021260000045D+02  0.65068250546536D-05 -0.10096958210965D-02 -0.20724687827939D-03
 -0.88855672337144D+01  0.14874121542159D+02  0.16505250708407D+02 -0.66474618965387D-04  0.45559433007123D-03 -0.46313242666627D-03
 -0.42316874851077D+01  0.14862846636970D+02  0.16433484400414D+02 -0.48592747351879D-03  0.34908655733119D-03 -0.13480769932993D-03
 -0.42443069352674D+01  0.17381627937719D+02  0.17246336397008D+02  0.60402685171911D-03  0.34281930439400D-03 -0.29067777867946D-03
 -0.18605435574472D+02  0.67386696316565D+00  0.85525668850023D+01  0.34597733356914D-03 -0.16581991813190D-03  0.19748359494780D-03
 -0.15906452059166D+02 -0.23084858268342D+01  0.95287970065959D+01 -0.10061894396333D-03  0.13977033102121D-03 -0.36597674420293D-04
 -0.18237698203162D+02 -0.39022190660744D+01  0.96775823559796D+01  0.61675548144272D-04 -0.15684364685827D-03  0.31489573582328D-03
 -0.87651270852599D+01 -0.24179810897568D+00  0.47906295841035D+01  0.15214991654402D-03  0.35486523344211D-04  0.50083457515707D-03
 -0.78445977486302D+01 -0.42771984773067D+01  0.12891451835230D+02 -0.63262580769071D-03  0.44700265356756D-03 -0.37986845191189D-03
 -0.17683623116054D+02 -0.57475244885364D+01  0.97069859391455D+01 -0.45853602095540D-03 -0.22556283453255D-03  0.15398638183998D-03
 -0.19936668001460D+02 -0.35644298794918D+01  0.84780690422477D+01  0.31810345479908D-04 -0.23843279291043D-03  0.27198436825189D-03
 -0.18872621873101D+02 -0.33512226996913D+01  0.11632974468296D+02  0.27867670554421D-03  0.12342844703786D-02 -0.46914802712155D-03
 -0.58061391016588D+01  0.17675276128190D+02  0.18681741694489D+02  0.96599120729141D-03 -0.57806830474781D-03  0.67810176063798D-03
 -0.43576087296875D+01  0.18607991747356D+02  0.15633136053910D+02 -0.19462648383885D-02  0.23023703370222D-03  0.29789874069214D-03
 -0.25274585066702D+01  0.17665644596945D+02  0.18193539754331D+02 -0.14166847037087D-02  0.39375662760620D-03  0.14404845753412D-03
 -0.96575768874205D+01 -0.49252395925726D+01  0.12804823359464D+02  0.15753861607752D-02 -0.80507514060304D-03 -0.58162716814695D-03
 -0.71210658827117D+01 -0.57196986718011D+01  0.14354542128563D+02  0.43428116724953D-03 -0.54329675083817D-03  0.26026443131489D-03
 -0.71468629497326D+01 -0.45841635645960D+01  0.10979715403668D+02 -0.15050706121381D-03 -0.68046874674408D-03  0.71093469705811D-03
 -0.81401362729350D+01 -0.21444657775217D+01  0.46292369850376D+01  0.85614250819488D-03 -0.63743885265319D-03  0.93330091151002D-04
 -0.78362550679833D+01  0.64774770662443D+00  0.30101458919996D+01  0.63744279354993D-03  0.10103293551275D-03  0.27438851183729D-03
 -0.10860833780321D+02 -0.75547323820737D+00  0.38200998255835D+01  0.46479393884539D-03  0.85118229734285D-03 -0.34210073442990D-03
  0.59968978295066D+01 -0.38957868414699D+01  0.14468504333998D+02 -0.10909674350723D-02 -0.33719343759736D-03  0.72293239495950D-03
  0.41452675562615D+01 -0.62116909072868D+01  0.15661483108528D+02 -0.55267357420767D-03  0.42775913423547D-03  0.13524412638288D-02
  0.59004036285589D+01 -0.38144791693542D+01  0.17661441601104D+02 -0.10804475106219D-02  0.15794110374327D-03 -0.68989769568973D-04
