   -0.02249735
    0.11359730
    0.01077863
    0.09266259
   -0.02505262
   -0.00431790
    0.03205751
   -0.00236730
    0.10076780
   -0.26361941
    0.01320816
    0.08962197
   -0.26493094
    0.09596321
   -0.02369683
    0.00653388
   -0.02117648
    0.13162831
   -0.03362231
   -0.00509329
   -0.02307129
   -0.32992321
   -0.33667005
    0.35806785
    0.36869992
    0.11320066
    0.12843301
    0.14366814
    0.12420759
    0.10879295
    0.11550583
   -0.49076929
   -0.40060319
    0.01902484
    0.39603872
   -0.48169099
   -0.40252598
    0.03227300
   -0.50073033
   -0.38684904
    0.02033025
   -0.00821455
    0.01034044
    0.12526804
    0.09171635
    0.08697113
    0.08896619
    0.08060600
    0.10969719
    0.07570954
    0.08793217
    0.07867513
    0.08001276
    0.08754643
    0.10805613
    0.08480847
    0.11051066
    0.10554358
   -0.03018450
    0.13059355
    0.01026092
    0.09133530
   -0.02157769
   -0.01138549
    0.02968532
    0.00414313
    0.09416137
   -0.26537043
    0.01038910
    0.09250187
   -0.27546665
    0.09425761
   -0.01306188
    0.00251991
   -0.02401846
    0.13436225
   -0.02151931
   -0.01042899
   -0.01827393
   -0.35228401
   -0.35190178
    0.40730292
    0.37509297
    0.13309891
    0.10231836
    0.10578405
    0.13465257
    0.09537944
    0.11537137
   -0.50525860
   -0.38727140
    0.01603092
    0.35727897
   -0.48424667
   -0.37813877
    0.02875769
   -0.47015815
   -0.37663656
    0.01135929
    0.03088638
    0.03655011
    0.08695759
    0.10871439
    0.10108508
    0.09234157
    0.08407481
    0.11015446
    0.07377314
    0.09559762
    0.08257876
    0.07517758
    0.06449569
    0.08261175
    0.11132823
    0.11015761
    0.07406068
