$coord
       -7.88052957493757        6.34929802937169        2.16209742462462      C
       -5.45409128533840        5.45340204834928        2.12326796467579      C
       -4.44836298758060        4.94267110355334        4.50580044002129      C
       -5.33687037825658        6.07753874881217        6.71446950605717      C
       -7.90791684889186        6.73022171058668        6.88455249169462      C
       -9.03557915800966        6.78365285817515        4.45364574386260      C
       -1.99734725848367        3.88846459789861        4.72190380137711      C
       -0.27303869119225        4.63042485402237        6.72484526544142      C
       -1.34097747635417        5.77414685711958        8.90596713804420      C
       -3.97697564963592        5.96027806417622        8.91426567100100      N
       -0.68984530468365        2.73791597725575        2.58945504539541      C
        1.89898802006724        2.90112679657969        2.57362987997575      C
        3.36687528085950        4.02973974454814        4.27823002964102      N
        2.35474098487889        4.50692558790074        6.55441098304334      C
        3.68207800723248        5.53500470899090        8.49242534333725      C
        2.69042653587126        6.59787942952255       10.73373172254260      C
        0.00896073428481        6.52373256312456       11.09244764425786      C
       -1.75416854476149        0.71698798238538        1.16318434559721      C
       -0.44471910269067       -0.74720191836144       -0.56292766191886      C
        2.06786165917159       -0.20911898672536       -0.95745589835660      C
        3.25522101570654        1.53562683257824        0.43669406462852      C
       -4.30889261750781       -0.18370471451713        1.40806464001354      O
       -4.08756124044242        5.09968119817271       -0.06589596927834      O
      -11.82225187860378        7.55000544274933        4.15535785040987      C
        3.56310622563245       -1.25413038594010       -3.28226789417200      C
       -8.91734537525314        7.10992703656417        8.57404984339291      H
       -8.74858909954085        6.07114344461057        0.30870539137886      H
       -0.79739200205956        7.08802007928300       12.87969062499997      H
        5.73931593808340        5.27983809145090        8.49555529331012      H
        5.18033733947459        1.85665705378326       -0.18164246304291      H
       -1.10819036829018       -2.48770738579555       -1.33149658584168      H
      -12.67294906443652        7.73476155676317        2.06844636545237      O
      -12.91504968459215        7.39564057136181        6.63496187088224      O
      -15.60837576441249        7.39641043760631        6.51692647864988      C
        4.56148538055221        6.97055796159523       12.77021614569636      C
        6.66109208045184        5.96045205028813       12.47653982405691      O
        3.94232075038526        8.36272580401893       14.85472566708028      O
        6.06291609918805        8.25948520130538       16.64069856246727      C
        2.96636264832140       -3.28471084539317       -4.04410749479125      O
        5.70097736011822        0.16283652516763       -3.89466802336893      O
        7.33603529615686       -1.10675343316495       -5.59277497048290      C
       -5.49025169066607       -0.15461158800976       -0.92089245072568      C
       -3.79777554162406        7.07965909594861       -1.79986156382119      C
        8.93178291579572       -0.01154138010930       -5.70996714354042      H
        6.37876998982312       -1.43787676046847       -7.46150261955349      H
        8.00749912609418       -2.99115850732070       -4.87858573426470      H
        6.31341857971455       10.34790378064701       17.55428341736126      H
        7.85396324606558        7.43429676714360       15.90223437265768      H
        5.44997045647155        6.86460118850279       18.06048906750403      H
       -1.93740735225954        7.82754609257177       -2.17282828891860      H
       -5.09462582682525        8.69016257663531       -1.28352032955797      H
       -4.30937529725008        6.19038474723489       -3.52488607876382      H
       -5.14812800194625       -1.99867768682151       -1.92343954009267      H
       -4.78854380206881        1.39427036894170       -1.84773556143368      H
       -7.61664367021095        0.18911922239625       -0.78026906007736      H
      -16.40198833480426        5.94689772073789        5.36191052676810      H
      -15.81899308023722        9.38192707106666        5.96745664615123      H
      -16.13140752686143        7.49470497034179        8.58182084488726      H
       -5.12509291649312        0.85941479806789       13.30484869353646      C
       -5.33192095769867       -0.57641493925004       10.93984071131070      C
       -2.80453910724705       -1.25308989798083        9.97970617355626      C
       -0.54044170830285       -0.39503624023850       11.14196299251719      C
       -0.74199492497328        0.84541089429182       13.41893214934781      C
       -3.03625056409276        1.61740437652617       14.59115426562413      C
       -2.42201777014174       -3.07384077047797        7.93299995231126      C
        0.01287967402002       -2.88695434792840        6.71149004630869      C
        2.01485634569714       -1.69288102320491        7.98590958382715      C
        1.71832299031782       -0.20794367743261        9.89762107000579      N
       -3.93931742667654       -5.42224422080984        7.21543575205884      C
       -3.69963199435134       -6.07551719001607        4.54040942305771      C
       -1.64975871888584       -5.28814102327148        3.15398717071159      N
        0.33097401754501       -4.18290053411523        4.26148027693243      C
        2.80653940166173       -4.22511767743818        3.53033589911325      C
        4.81328083767678       -3.05091141139101        4.73946350262235      C
        4.36552370237673       -2.09978162509012        7.04537893737799      C
       -5.96376026770942       -6.49377343075487        8.66120661942119      C
       -7.74453406119474       -8.16212434138782        7.42535535311308      C
       -7.58783922948721       -8.84764185400245        4.86706307152850      C
       -5.71769245459659       -7.47981254616982        3.55139569676278      C
       -5.99745064000207       -5.83141502037934       11.22693060594945      O
       -7.78541060146809       -0.65025952759082        9.86885826574080      O
       -2.90272827782453        3.69008628404685       16.82283002332477      C
       -9.89913101604126      -10.00526780353965        3.61616297043422      C
        0.78021228044765        1.36056638100523       14.46951859558068      H
       -6.76428816210033        1.59982688301344       14.21329302621906      H
        6.00117338376089       -1.45113552820676        8.16458802580627      H
        3.00516862847462       -5.33450750523863        1.93715238844018      H
       -5.60496262974681       -7.40385639057659        1.52778865440877      H
       -9.62106486053150       -8.58943326617567        8.56826622960516      H
       -0.99611729214011        5.02455801022679       17.04156223135453      O
       -5.13739649957056        4.02262344777302       18.38213600519850      O
       -4.93788263356410        5.93929827496696       20.27759767412666      C
        7.53350736261108       -3.82497980492565        4.56869090506460      C
        8.58791734277644       -3.74094511976290        2.57527345101363      O
        8.72417708011314       -4.51591225080075        6.87600034125498      O
       11.43319185528219       -4.60658950674074        6.77661459427227      C
      -12.03893201930250       -9.28556526540110        3.93792889340078      O
       -9.66403705675837      -12.33019367375971        2.57599676710348      O
      -11.87535291734411      -12.89930635630169        1.20976715261856      C
       -8.58726896509542       -5.88885914648620       12.36362663445071      C
       -7.89003791561411       -0.80790680879677        7.16944833214718      C
      -11.68501310519179      -12.66612075961882       -0.76896115798562      H
      -13.36918035113589      -11.80436942808945        1.82082509833132      H
      -11.98370756806142      -14.85087839469763        1.94514340786395      H
       12.13079496353560       -6.18271370732508        5.32989700307784      H
       12.04772672775385       -5.00502328937680        8.72407294880125      H
       11.83954967931655       -2.89201473325239        5.90108120634752      H
       -6.31404686500391        0.28200739791159        6.48940143033534      H
       -9.74685507316572       -0.20066153370034        6.50890730890374      H
       -7.27303704377055       -2.57958013628859        6.59098815771790      H
       -8.87585010083114       -7.74736050655190       12.99008901742435      H
      -10.07199372908186       -5.52764004021251       10.95852030174385      H
       -8.60326261157253       -4.73678507848012       14.08116487244231      H
       -6.05500018078552        7.73649079860898       19.91430491702546      H
       -2.96840399932068        6.62330703206878       20.03958429252927      H
       -5.08815213472999        4.85230934168015       22.10302185348020      H
$end
