$coord
       -9.19246830329941        6.86325680994823        1.89900434339045      C
       -6.68014617763059        5.78696956746224        1.71714035264369      C
       -5.03149204304974        5.48280568912223        3.80260953348020      C
       -6.13598313997768        6.24838808521229        6.18910118970571      C
       -8.42083815210486        7.46469366971191        6.12561908022199      C
       -9.93101142367221        7.76376373082924        4.11428035477062      C
       -2.57521736398975        4.14832570171401        4.03028710654411      C
       -1.11768947292777        4.64112862399339        6.23901082591525      C
       -2.31246235868923        5.52772767859094        8.45009014223899      C
       -4.78117623694884        6.35046945664600        8.48290770379047      N
       -1.43526019296814        2.02091336424705        2.69574572922605      C
        1.19777437426180        1.50177862186574        2.97508384323054      C
        2.48551824541053        2.36972289868655        4.79751573869205      N
        1.43310973008416        3.88176872610912        6.43986540880131      C
        2.86418674442979        4.87979140184693        8.62819989222392      C
        1.65424143678239        6.19930224076575       10.63448976936284      C
       -0.95213458993961        6.10240650650705       10.63710324432047      C
       -2.93617793508801        0.43880850595741        1.15861775790343      C
       -1.57461953573231       -1.24379533692606       -0.53025923011592      C
        0.84985686047205       -1.56101170645560       -0.46055024301056      C
        2.22875598807204       -0.48581938474225        1.46912152434092      C
       -5.59128549717396        0.42279133137945        1.24889787132274      O
       -5.91713455529337        4.75040175971974       -0.50110983533674      O
      -12.54236777309781        8.46228645347902        4.60913460514860      C
        2.00196113868971       -3.20353891656777       -2.40503026734350      C
       -8.90172735242258        8.81965186897157        7.61931961933665      H
      -10.62749670561412        7.04924029224585        0.44707721706007      H
       -2.02611181818011        6.82551305992178       12.22341790581168      H
        4.83034398662884        4.70381540188131        8.60736975694766      H
        4.17848827768784       -0.78857095938948        1.77140087849959      H
       -2.60809841963221       -2.26466480979494       -1.94185815574528      H
      -14.16473920858440        8.69092989707429        3.00498357863388      O
      -13.11481631239458        8.66333143292235        7.06745909409327      O
      -15.40303172041152        9.91310481942619        7.22804567931540      C
        2.95593908756801        7.24055359647232       12.83707827727245      C
        5.27157951723478        7.20276498000938       13.32909663830139      O
        1.46038547518425        8.46635002771992       14.62512633872669      O
        2.82259314174519        8.89562125936846       16.74853320296974      C
        0.82584925364591       -4.43954800258038       -3.82378141742978      O
        4.75470180320443       -3.13587880425759       -2.58087386989495      O
        5.74255677897119       -4.86283401661123       -4.46795053328399      C
       -6.38367768899450       -0.17377321733704        3.56306349587001      C
       -7.01260979007763        5.51307946269802       -2.78552877789079      C
        6.87226885648892       -6.48902128394910       -3.72178140078445      H
        6.69868052819518       -3.66660828165563       -5.96990260157621      H
        4.16128155040189       -5.54751683803605       -5.47921199438489      H
        3.79655240157992       10.64521919637414       16.49925764879985      H
        3.93442958232244        7.31438945442667       17.02484302887503      H
        1.73338738074835        9.30523129628713       18.34004413850878      H
       -5.61507611046933        4.94261141662085       -4.20529405125905      H
       -7.14891446532694        7.64110486814025       -2.79861989393794      H
       -8.99754762646252        5.32734669440554       -3.23988522637465      H
       -8.21825995692134       -0.89582970127188        2.85951242309820      H
       -6.16855839230311        1.33988322910535        5.08837081810145      H
       -5.14403501542393       -1.83136957765955        4.09589500571577      H
      -15.17274862989560       11.94576887405732        8.16979687169844      H
      -16.83700568821500        9.25287678374601        8.64072157770447      H
      -16.31209498207220       10.19355416210936        5.41463273846208      H
       -4.02894214064311        1.41251321823086       12.97120911940983      C
       -3.85947272654890       -0.34841111542911       11.01941844226274      C
       -1.37546936514718       -1.23994715667240       10.52549131612444      C
        0.83539414699593       -0.90603901861168       12.10567180632732      C
        0.46459095005203        0.71394248992262       14.14719207170743      C
       -2.03156034625419        1.60399592480427       14.69556871398654      C
       -1.21192825615925       -2.97185753493246        8.45693270802693      C
        1.36413506334595       -3.46365649915172        7.75665598953086      C
        3.58434862231427       -3.12347427702051        9.27546719579275      C
        3.13368111915883       -1.94544328451722       11.45807213615073      N
       -3.18799160120951       -4.33111176792562        7.22189950570543      C
       -2.38732695417247       -4.87938610346933        4.74197058933139      C
       -0.02215786679235       -4.92838590508817        3.58576388529948      N
        1.78690612790579       -4.42379798534218        5.36602650128093      C
        4.21793484156101       -4.92869505158044        4.58165403145052      C
        6.39335050766991       -4.49313096259180        5.99038223873537      C
        5.91144126018220       -3.87590346205487        8.47066427132800      C
       -5.48150245582359       -5.63639901351192        8.09430802228316      C
       -7.29561118953075       -6.64139843739831        6.33840623054111      C
       -6.70342837715079       -6.74098616228738        3.80959212557026      C
       -4.15310155951122       -6.06999190860309        3.18105778615794      C
       -5.96885233585998       -5.62023603601430       10.61590481956258      O
       -5.76153077586472       -0.58350947315042        8.98608910515108      O
       -2.34297014772584        3.28914507872581       16.99199689216196      C
       -8.23434480497261       -7.71860573990211        1.65020050453179      C
        2.01755761496240        1.06922508605651       15.40741973679267      H
       -5.84597099250938        1.83693367212682       13.84493740258803      H
        7.65849452422200       -2.97632736716159        9.40226777152784      H
        4.43494592136458       -5.58819593363985        2.67440357226103      H
       -3.59406168294615       -6.29116410826132        1.14320207334885      H
       -9.05731002639015       -6.62392345594260        7.00768459634581      H
       -0.84923818899074        2.88905689853176       18.68518511997082      O
       -4.21410435041758        5.09629057162363       17.17095249483334      O
       -3.94166445639741        6.60862588112415       19.36846452926150      C
        8.81193178963113       -4.69924749340482        4.62303664512522      C
        8.62820287954664       -5.79116518608423        2.65081368739042      O
       10.91802788592458       -3.66597957592130        5.35206537940621      O
       12.64829830129846       -4.22681963339973        3.50535578381016      C
      -10.47543272436463       -7.87438627426460        1.83894301143936      O
       -6.79685926074065       -8.76768032170022       -0.26353438342962      O
       -8.50568952235306       -9.76952239555589       -1.92060016977860      C
       -6.92611143377523       -8.38284074353672       11.50413314372373      C
       -7.99474905590915        0.97995079122672        9.46086423920526      C
       -9.32733824995555       -8.36996332285173       -3.22041928418177      H
      -10.20445701337604      -10.69155887726246       -0.93957131607443      H
       -7.46808310645163      -11.37692098334688       -2.82548136143468      H
       13.26414898246041       -6.29310425544658        3.16690639289771      H
       14.39019819768615       -3.16828926278214        3.87759821676024      H
       11.71169158664550       -4.08196136469622        1.74201809075026      H
       -9.05205495015348        1.01234940233176        7.52864190677448      H
       -7.22327020062769        2.81567631127707        9.81321545901224      H
       -9.23360632599839        0.47322042796448       11.20596580843181      H
       -6.49951785401854      -10.10220837774092       10.45646279666702      H
       -9.04234677674519       -8.44466146350475       11.38026109593575      H
       -6.35106258558821       -8.72336451195992       13.46905952542167      H
       -5.40338038312629        5.99869306325667       20.67237932968857      H
       -4.80051486762652        8.29071281018675       18.63128400485725      H
       -1.97347446399370        6.81996820367298       19.91013143492716      H
$end
