$coord
       -8.54256518598351        8.93164830751838        2.37807989866312      C
       -6.30242468172342        7.54696679765081        2.23252332823098      C
       -4.97929112712182        6.83106961549515        4.41392085696446      C
       -5.43468922613943        7.99811268610406        6.74349189636992      C
       -7.58092333796155        9.73977768309152        6.80343284133647      C
       -8.89524976771803       10.33227597944503        4.67823111534347      C
       -2.94467074192604        5.17483490290199        4.00392802739733      C
       -1.01646499161137        5.29294385972388        5.81607610571413      C
       -1.44619834876493        6.83410685831576        7.91805859302246      C
       -3.58855150459954        7.95374285534279        8.63861689165907      N
       -2.83404346407894        3.12408496697596        2.28789670291315      C
       -0.45893915432079        2.01624058556936        1.76149874979135      C
        1.57590063903592        2.68442055839251        3.23851501259226      N
        1.49340804473889        4.35978312292663        5.16243288764072      C
        3.67386140481172        4.83779517926855        6.70905817184808      C
        3.17101784146407        6.08787721787593        9.04722174082475      C
        0.77883012899382        7.15706550859097        9.76357776453759      C
       -5.10343591017234        1.81333398828642        1.53588331199204      C
       -4.57055100660157       -0.21365155826645       -0.02986274768799      C
       -2.33600233619376       -0.55925034712428       -1.46613663922065      C
       -0.28223544682800        0.25557335439185       -0.12711151438881      C
       -7.26885753889642        2.54082156690909        2.68545706286053      O
       -5.43425504449797        6.75646656652098       -0.19665406053456      O
      -10.65540802922672       12.64717807887634        4.45317152210032      C
       -2.14569825421782       -2.25589770151756       -3.59168463848266      C
       -8.13062140759009       10.74373080184624        8.36517317745754      H
       -9.97625343460530        9.03939497141374        0.87880761941273      H
        0.89528225205612        8.00436440429163       11.67113740568297      H
        5.68350653281448        4.65728876982367        6.06273081337618      H
        1.44771792923594       -0.29362398847705       -0.84756080661701      H
       -6.19813544809949       -1.22621653699976       -0.36717438608319      H
      -11.22274097816741       13.47366790813831        2.22279982300617      O
      -11.82361839003878       13.53526489717427        6.52699045302796      O
      -13.02175828939510       15.69789561558100        5.83268758283786      C
        5.23072568643666        6.47195774597455       11.08240392658186      C
        6.52433300298695        4.63000258205597       11.45920759355647      O
        5.26619090773681        8.82085296326978       12.21732455402360      O
        6.98445092726580        8.67378755743899       14.22102004691408      C
       -3.41190753022320       -4.20748767522204       -4.19686123436413      O
       -0.92860195721493       -1.01735542745033       -5.54540026705667      O
       -0.19378587479854       -2.44468108621471       -7.50850633833569      C
       -9.48769204121508        0.94756495984429        2.26652100122212      C
       -6.29549291665312        7.99922490842755       -2.56971676034277      C
        0.86539951554647       -1.00836202004591       -8.89299102084507      H
       -1.90438082011074       -3.41549270976982       -8.22473910990983      H
        0.95039765774751       -4.08931572082847       -6.77286201517414      H
        6.25787117801293        9.79213031478619       15.72772867165407      H
        8.68492612689953        9.32835040362543       13.40189871821271      H
        7.30779655804177        6.87645585454288       14.79143919151381      H
       -4.48054749441187        8.00557351262003       -3.67529624530205      H
       -6.85934548552328        9.95700609097777       -2.33941785277620      H
       -7.78893449713332        6.90594931788570       -3.53151974980173      H
      -10.56212820505901        2.04929972365778        0.95606956198833      H
      -10.71748229416523        0.85789985622577        3.81324989114166      H
       -8.99597237262554       -0.91932417861242        1.52961914461009      H
      -11.86268307199209       17.42356133968453        5.63256654433931      H
      -14.80520837380841       16.46688056904678        7.01566082878352      H
      -13.74044947800159       15.64801371793340        4.04978028327178      H
       -5.58797934891497       -0.69481621062355       12.03347068060436      C
       -4.50151075444179       -2.47274409050958       10.43876459688183      C
       -1.86156968115665       -2.57730734184231       10.33301070172090      C
       -0.46149221715212       -0.36243485394415       11.15719082716758      C
       -1.70246637789595        1.29143040630720       12.80272838164620      C
       -4.14204174703190        0.87244243709984       13.64194202398670      C
       -0.56346763925286       -4.50102036849491        9.00002658274176      C
        1.86607216340200       -4.00540005200241        8.36394388117050      C
        2.98389187761336       -1.70904178009619        9.17828345842817      C
        2.02878214752634        0.01462970867299       10.68409015527061      N
       -1.54469723626421       -6.90327597333738        8.22366494703143      C
        0.14266978638483       -8.64818154015338        6.69400793457024      C
        2.43699781053890       -7.92002119753368        5.81784288584890      N
        3.22676565338370       -5.76670395414775        6.66697487453702      C
        5.19975140820386       -4.60660440284219        5.29858957750087      C
        6.17501593954396       -2.29439524550005        5.94944993643497      C
        5.24014061754864       -1.07212833773545        7.99793203577591      C
       -3.80454843571191       -7.99006501814583        9.27365721210135      C
       -4.54372873925615      -10.31035454732738        8.36293327701113      C
       -3.08093409953673      -11.89414327895935        6.98455661752222      C
       -0.91468359104960      -11.09074504096743        5.75631052551670      C
       -5.18362105583664       -7.09753939231591       11.49283112033575      O
       -5.77752825778936       -3.74310442330132        8.40378558263810      O
       -5.43511299231822        2.27441410051155       15.54162453486295      C
       -4.04029804945912      -14.40756282132338        6.51066654868788      C
       -0.69251437221920        3.00318295031411       13.25786366203082      H
       -7.52385362488413       -1.06885713525433       12.84633612768721      H
        6.51826110018487        0.36715338201133        8.55898609390022      H
        6.28977096771647       -6.06177063080587        4.24547190053016      H
       -0.41827344623810      -12.22221593561246        4.05893007315108      H
       -6.39144237889606      -11.23810513429116        8.81667567643061      H
       -4.73822295528023        4.40431208381479       16.19870130862183      O
       -7.26968591868210        1.08462011410510       16.93217609031136      O
       -7.94899383240363        2.13140507193872       19.36018477810070      C
        8.50113007976873       -1.14777845879254        4.75512357500809      C
       10.10288489628741       -2.70597043301403        4.12998267338216      O
        8.79017350272790        1.45997967939402        4.33966602130095      O
       11.25487138907400        1.89312691397338        3.68547165087909      C
       -5.84227663585653      -15.25913777341118        7.72815002461333      O
       -3.01245514643351      -15.60563626064213        4.37702987220777      O
       -4.05656770736371      -18.02575942443174        4.13093495190302      C
       -7.06794352110933       -8.64482596595626       12.58009699620749      C
       -8.39557626872842       -3.31433298473414        7.86524305443434      C
       -6.05137283376606      -17.56847670119209        4.22675769075215      H
       -3.18704006397775      -19.41333172313361        5.43855883972556      H
       -3.67215381602311      -18.52622667942593        2.21308591627422      H
       11.29977913293256        3.75551873849828        3.27064388346270      H
       11.83873973943034        0.68258402021505        1.99170353477796      H
       12.58091042748062        1.49363879518638        5.20315856471953      H
       -9.31641459471022       -1.42744419888960        7.51637488562064      H
       -9.47409175051530       -3.90826834893136        9.62176233918394      H
       -8.76300875094197       -4.57882860810102        6.25709878050839      H
       -8.26578858156297       -9.57925290146337       11.35851346257263      H
       -8.34231126446185       -7.19098573328312       13.66701214879222      H
       -5.88137811827366       -9.91357938887901       13.64414294662852      H
       -8.98768662140889        3.95724516825298       18.84562741914852      H
       -6.31339455935220        2.65084938963705       20.60361892253990      H
       -9.09963761673939        0.81317752752575       20.44690557479613      H
$end
