$coord
       -8.18354592062783        7.89838587426209        5.40966049046550      C
       -6.28523477522015        7.14031419926154        3.80942230291856      C
       -3.74840693167048        6.73102432866883        4.99750386953847      C
       -3.25954243648887        7.37563684664013        7.56112994998228      C
       -5.46290436133786        8.23677129366861        8.94926405603066      C
       -7.56435878265057        8.80400124178504        7.75289808546475      C
       -1.49537025833294        5.48189719249687        3.84425093222147      C
        0.92895281326993        6.05364728757501        4.75515205327211      C
        1.26605214805062        7.16344454939321        7.07380230139662      C
       -0.87830963875449        7.53601288321880        8.56096551391521      N
       -1.69272299376474        4.05389227160977        1.54823699214280      C
        0.90442455706716        3.07611948476405        0.58278829286906      C
        3.16183601252712        4.01447682578184        1.25394082186946      N
        3.22018064066644        5.20450094050312        3.38315078672489      C
        5.52690061699106        6.32486664662403        4.19372370784648      C
        6.01018386775222        7.57934474114261        6.47522310588693      C
        3.84882239261607        8.07741285569448        7.89844956882137      C
       -3.68736221588936        1.93149160620018        1.42327397696212      C
       -3.24973662370038       -0.20779864113522       -0.10383851917141      C
       -1.05660699957863       -0.22166777589468       -1.65008830151525      C
        0.91680108830324        1.23016763219807       -1.25294261189644      C
       -5.78938375228463        1.99113568154074        3.18905211607402      O
       -6.74026645517813        7.01946017763115        1.24285089236560      O
       -9.72726829962221        9.91349430205985        9.12983500714828      C
       -0.84696363015750       -2.13476570291220       -3.72577674446104      C
       -5.26168344544349        8.96943525049003       10.79924991460426      H
      -10.06219018744209        8.38790873996945        4.62639356058142      H
        4.16890555051641        8.97380263582117        9.55817607124803      H
        7.33136326540321        6.32849590785027        3.13882062495176      H
        2.66202078445751        1.06094086796112       -2.21097731073258      H
       -4.66770082306414       -1.43989578714635       -0.74861400395705      H
      -11.98028769134186        9.49905306328958        8.44663512263507      O
       -9.13396677238428       11.36141916831763       11.35100107922763      O
      -10.99964609279028       12.91664320587968       12.62049450570141      C
        8.47114341684445        8.54927747247637        7.42464596571913      C
       10.30669444939826        8.96513018133187        6.01364275046631      O
        8.54778437828703        8.81845457593368       10.06033963686116      O
       10.88808779353156        9.40270311469748       10.75702308210413      C
       -1.97042607350157       -4.13406565900572       -3.61358540569501      O
        0.75502520864217       -1.39760704429791       -5.71210500257929      O
        1.02544554959908       -3.30632724474248       -7.50097392145663      C
       -7.81165503545423        1.03991901876826        1.83384200964634      C
       -4.86393196770585        7.92755102163934       -0.31634546987631      C
        0.17748846744284       -2.90452254949380       -9.19655094408183      H
        0.14062642492883       -4.81977723253255       -6.71108509869059      H
        3.12344188058207       -3.63576240678985       -7.97393583900781      H
       12.19731150780109        7.81925771178767       10.79138403137697      H
       10.73513473104725        9.95440644229566       12.66141147905046      H
       11.43097514054488       10.96753668785266        9.43545795561491      H
       -3.80535707897133        6.59897794635660       -1.47475691644578      H
       -3.74784080297753        9.06861611659319        1.00815052284574      H
       -5.72404543489883        9.25067381495508       -1.67895664991825      H
       -9.46649368427008        1.60990952011406        2.83938631274164      H
       -7.84130306468354       -0.88275098386135        1.58312183640882      H
       -8.25143958569612        2.00183645492645        0.06921846429240      H
      -12.83842885531180       13.14504641318417       11.60649020142160      H
      -10.04765634525977       14.60854926754407       12.94476110602685      H
      -11.81000623162575       11.47487089452863       14.00727793383713      H
       -8.92189146768704       -1.33251972197627       10.60019736182508      C
       -7.27212414916766       -3.17250223604845        9.68994495659249      C
       -4.58590566336617       -2.83136850116871        9.81948675698770      C
       -3.80686654348019       -0.43626920093292       10.62597220515915      C
       -5.45162824121152        1.34816829803733       11.72547647502039      C
       -7.99901589813559        0.88177830886017       11.74503025104984      C
       -2.72458325619539       -4.38768377811197        8.73210340395849      C
       -0.33771079830079       -3.32086734571408        8.16099823401677      C
        0.20443099455196       -1.05614011635606        9.31543152544892      C
       -1.27103536870361        0.10055338342755       10.92772994501861      N
       -2.91668967891950       -7.01037785825168        8.07541401660104      C
       -1.22492210712369       -8.16604526904733        6.39643406740436      C
        0.94696220760538       -7.04811948338040        5.76484710321711      N
        1.27495231165506       -4.53367956908398        6.48230476036827      C
        3.74144776010095       -3.33072898600257        5.99799367715024      C
        4.47349889305906       -1.42670127147755        7.48840394971353      C
        2.74304327777322       -0.27394650821151        9.14611401300866      C
       -4.73889688577519       -8.64895668770427        9.18766210227186      C
       -5.18534537249906      -11.11618184271049        8.39012937152466      C
       -3.39004926686699      -12.17840030709051        6.89340933502706      C
       -1.33886294019616      -10.79589846470511        6.39915112491677      C
       -6.13455985223793       -7.72592650264146       11.43704134606767      O
       -8.12595067282721       -5.39944876317539        8.39783174842783      O
       -9.89331007344978        2.85780188091055       12.49080072957842      C
       -3.87847510910331      -14.72208212912400        5.87015324128116      C
       -4.56566257113499        3.10112309992256       12.22500870386573      H
      -10.98890445211302       -1.27892814528208       10.56355141726704      H
        3.45479164682233        1.31391933947412       10.16542189183918      H
        5.08241736722709       -4.48671855804522        5.03810631586802      H
        0.10988519350700      -11.72695215896886        5.41192838164418      H
       -6.65775316668521      -12.36683768405181        9.25958797913569      H
       -8.96275896354282        5.00759662027275       12.75186379343696      O
      -12.45763929579543        2.28189630228347       12.79991149342862      O
      -13.66304386794328        4.52294568636464       13.21296637255148      C
        7.20806750847582       -0.52330805277225        7.36717233760421      C
        8.45475401738886       -2.27756288026241        6.58072585864180      O
        7.72123656137321        1.76817488890933        8.08178850646722      O
       10.06991619454020        2.29046398017420        7.00455594857989      C
       -5.46697224607728      -15.08430719746758        4.20230685346606      O
       -2.40210667253016      -16.71503181830099        6.68597144591718      O
       -2.58406400488954      -18.92358305703582        5.43509864075895      C
       -5.93473953826505       -9.33001144862727       13.58017981354590      C
       -8.57153928313823       -5.01420110728333        5.80545724295624      C
       -4.27572593490116      -19.93747097714001        6.04108854348634      H
       -0.77228356576620      -19.90749479017933        5.62549596568492      H
       -2.79091814245609      -18.35798288300589        3.47398263412872      H
       10.74963275380574        4.02125386868025        7.90997672794699      H
        9.84512375175398        2.74392332622973        4.88239496167014      H
       11.37976532749045        0.90996689158500        7.57821396632777      H
       -7.09197133320261       -4.64878704635927        4.49198721308191      H
       -9.73493271964621       -3.33077231057675        5.75587570634292      H
       -9.75036901242667       -6.36058385266607        4.91326263817433      H
       -7.85204223177774       -9.85481360186447       14.36820551117234      H
       -4.77575747293692       -8.51176683385908       15.15585670473739      H
       -4.97412927667968      -11.17445595307600       13.04085610901206      H
      -15.05883181559323        3.93215374909367       14.63502734679937      H
      -14.88476052515486        5.28653039810273       11.62619706519394      H
      -12.21875302020878        5.85910388018295       13.78042804681731      H
$end
