$coord
       -8.46238745607395       10.20253779777395        5.66417035040732      C
       -6.60247802683251        8.83384712887316        4.71613671213610      C
       -4.23833922425689        8.72912386776097        6.07454186621657      C
       -4.03392297268944        9.99599758526153        8.37506695963845      C
       -6.26596424498005       10.90005729990425        9.74095058622492      C
       -8.42195029312789       11.16889004808031        8.17949990022135      C
       -1.95210397342008        7.42700088809313        5.33468183130166      C
        0.21352066506869        7.73830588688811        6.91010437666272      C
       -0.07387246082647        8.87139512022932        9.42080748930162      C
       -2.22368555591387        9.74072239605474       10.23195420743901      N
       -1.97741223360256        5.16175038051634        3.79421668520285      C
        0.62275689534798        4.41594753519106        2.81882850325583      C
        2.77862705064293        5.40954751740553        3.96277306404551      N
        2.58452004887544        6.83507214444608        5.99010867310970      C
        4.60901035875851        6.75334798849757        7.65556968321474      C
        4.32151437795993        7.61473077049219       10.07250033534841      C
        2.13968240754697        8.91934638834083       10.94301445631421      C
       -3.97433211413879        3.20338694541234        3.28282975383891      C
       -3.56976302713828        1.37811339292802        1.42491720498968      C
       -1.08226318408034        0.77989953706510        0.55730438104506      C
        0.94134171059506        2.36608483969855        1.06327331853318      C
       -6.34837140616252        3.59335114202169        4.43958081186490      O
       -7.13527728793964        8.34731733907956        2.00560593015075      O
      -10.69926867583097       12.71081582648606        9.04179137353014      C
       -0.70210474184011       -1.53840280934771       -0.92932597580103      C
       -5.99161683356698       11.90792533728360       11.53094142564184      H
      -10.18127966538423       10.33799834210474        4.72919571563054      H
        2.52744899520237       10.24742638486664       12.46253925549778      H
        6.36454235633695        5.82973237115831        7.01431083458651      H
        2.89198854965365        1.67884313466097        0.40719694317841      H
       -4.87930636998307        0.04760582214782        0.79992610135335      H
      -12.77083625591019       12.38653574164022        8.17145217375598      O
      -10.37869413900406       13.99070775666234       11.15312615700824      O
      -12.53186509881519       15.42930214159811       11.77316508919029      C
        6.24787130581534        7.48925058144070       12.22682723808957      C
        7.67694960859478        5.66348677827882       12.33656219089366      O
        6.15778795868441        9.66227289111796       13.78529977072171      O
        8.44864332436282       10.26223525834021       15.14230452605483      C
       -2.64075801538009       -2.60336306454814       -1.78896908736493      O
        1.81944407736585       -2.13874608114217       -1.41292684809628      O
        1.68706533851369       -4.29948516669427       -3.00405811546110      C
       -8.66314220003598        2.98487646642741        2.80915175925374      C
       -4.90291418062054        7.85443416460978        0.47721605970232      C
        0.68605736036634       -5.78788691834500       -1.88194444225958      H
        3.72839488648961       -4.67550415903057       -3.26020110733116      H
        0.53144179520810       -3.71985297940573       -4.57855698375198      H
        9.43329114501894        8.44975199666458       15.12208570727460      H
        7.77619818327449       10.87696594622737       17.07299031476984      H
        9.05740931958895       11.94524795345363       13.96605513342597      H
       -3.54272378841918        8.41003262156603        1.92735909450913      H
       -4.57069846130848        9.38963622244139       -1.00463247488532      H
       -4.98058880936623        6.22984994164224       -0.83208673291477      H
       -8.52847033583723        3.85454232408429        0.97964589658604      H
      -10.36147626952945        3.65150504995067        3.82430117347252      H
       -8.45272049404965        0.97135363721906        2.43594955032964      H
      -13.67544959117400       15.14407694334377        9.88980078948284      H
      -12.15054654976624       17.31884001232152       11.32480928247971      H
      -13.55497909816197       14.53334716382559       13.11227931505365      H
       -8.03127150220131       -2.43383567010103        8.09898454475588      C
       -6.52785480679228       -4.37489484319995        7.10724671605314      C
       -3.79464469655107       -4.16429383588290        7.29080754798605      C
       -2.72232856057554       -1.55249830833459        7.57025731477384      C
       -4.26935065294705        0.29106919725977        8.82629329210006      C
       -6.90056132852351       -0.06291447989157        8.77572882311595      C
       -1.71226841215632       -5.86189491457571        6.91785667048206      C
        0.63549617028180       -5.12256722093303        5.61689027960368      C
        1.26001407024005       -2.52957054276925        5.44257701085870      C
       -0.20725031614561       -0.66337970346139        6.85135762750783      N
       -1.84118829573488       -8.31273280335529        7.58101541127687      C
        0.01725552669023       -9.91949771701952        6.52113103952921      C
        1.67904710576574       -9.18154789227841        4.67358683297199      N
        2.33071163085772       -6.87899389366258        4.74451155807542      C
        4.34837642723809       -6.17293279799034        3.03917005093686      C
        4.85995926170052       -3.60321388035215        2.93617290881463      C
        3.54093330847485       -1.96851468583106        4.28165552967121      C
       -3.39110814839887       -9.18183688396534        9.54964043324044      C
       -3.35856764093354      -11.84757549101250       10.20552498475068      C
       -1.87528792847225      -13.51225578961601        8.78018409542244      C
       -0.25745673632478      -12.47083702222928        7.01835118283243      C
       -5.30222032082635       -7.70920194599765       10.81097631872729      O
       -7.67097378183042       -6.43870211984522        6.06931053755008      O
       -8.59919409673740        1.94992957563999        9.34928124851537      C
       -2.40755369409375      -16.18497778858249        8.83410257918454      C
       -3.65170315063675        2.24555087190631        9.23437410200340      H
      -10.02431327415242       -2.35796935453575        7.64116892639423      H
        3.90877108073216       -0.12710653370762        4.02849124520174      H
        5.38474278902522       -7.37951995054739        1.78484046901658      H
        0.90483163641038      -13.62445906873096        5.94644784806816      H
       -4.68509342348274      -12.69207254441042       11.45459619274335      H
       -7.74405560713277        3.59118984613032       10.83206703914398      O
      -10.83414468339101        1.97388951426700        8.11905302407791      O
      -12.14732519123763        4.20439288801663        8.77034666157061      C
        6.72319244793851       -2.66102095537351        1.01478980569078      C
        7.64148084685359       -4.13155864569917       -0.50548489587244      O
        7.42470234035101       -0.19495610868190        1.50803584720311      O
        8.78173331732319        0.36266006846641       -0.58681675838447      C
       -0.68333075662022      -17.73155470803464        8.87833511714265      O
       -4.82956014973997      -17.10058416014493        8.82126813731469      O
       -4.94114741482043      -19.63908205505105        9.31846667859704      C
       -4.17780161165428       -6.43215335128881       12.89228954147698      C
       -6.46237236554892       -7.24896507795034        3.77331067615964      C
       -3.78284634812511      -20.83477074270365        8.01359325932817      H
       -7.01943834226912      -19.65242744511728        9.09843363183363      H
       -4.22091002237668      -20.02808570601341       11.22146385259644      H
        7.68058826659832        1.73269052772802       -1.58174491453132      H
        8.87604939464967       -1.23939772357084       -1.87609887404633      H
       10.65251547689381        1.22664998031931       -0.13830824783442      H
       -5.33112550339796       -5.79771881023796        2.65720914341770      H
       -7.90550094234115       -8.00532013627699        2.51779073766564      H
       -5.39783128107969       -9.00279718450409        4.18716197786823      H
       -3.39507825260237       -8.21602779561958       14.03980959768145      H
       -5.88413496536432       -5.50782930247424       13.94587985607326      H
       -2.74965683932162       -5.19286553480922       12.26024799109163      H
      -10.80772179674240        5.33665755313984       10.01475986609105      H
      -14.00679382691248        3.88230971348209        9.74360057930282      H
      -12.41627763653524        5.42317084573256        7.16550324659066      H
$end
