   -0.02713094
    0.12489902
    0.01213632
    0.09296769
   -0.02933028
   -0.00752847
    0.02804154
    0.00218877
    0.09821920
   -0.26936762
    0.00956001
    0.09283731
   -0.26799284
    0.10541680
   -0.02459088
   -0.01017495
   -0.01865678
    0.10684395
   -0.02474290
   -0.00080919
   -0.01592781
   -0.36454098
   -0.34699148
    0.38320320
    0.39799302
    0.11905144
    0.09736003
    0.12078527
    0.12495341
    0.12846569
    0.09709053
   -0.48386095
   -0.38168936
    0.01576167
    0.37977004
   -0.49861735
   -0.38054549
    0.00766304
   -0.49224734
   -0.39305468
    0.01127596
    0.02592244
    0.00742779
    0.08021730
    0.10220033
    0.11793444
    0.13222590
    0.09035441
    0.12091390
    0.08829403
    0.07212809
    0.10647069
    0.07398902
    0.07043728
    0.08091236
    0.08464371
    0.12398606
    0.10325864
   -0.03090641
    0.13627564
    0.01758241
    0.09362538
   -0.02501488
   -0.00753206
    0.03962566
    0.00047159
    0.09895296
   -0.26159508
    0.01344924
    0.09761400
   -0.27426239
    0.09813243
   -0.02538760
   -0.00526027
   -0.01675679
    0.12836443
   -0.03277467
   -0.00790030
   -0.02348803
   -0.34582446
   -0.34433653
    0.38933872
    0.38431526
    0.12056915
    0.09993880
    0.13023747
    0.12427376
    0.11276193
    0.11621942
   -0.49256030
   -0.38823852
    0.03360483
    0.38970896
   -0.50031634
   -0.40152059
    0.02876852
   -0.48932651
   -0.39538849
    0.04018386
    0.01075766
    0.01467647
    0.07829086
    0.10348209
    0.08855794
    0.07367959
    0.12964442
    0.09589475
    0.09368383
    0.08145911
    0.07645031
    0.08559436
    0.06489680
    0.08065776
    0.08261191
    0.10493403
    0.10910395
