$coord
        1.03177359944883        1.39604488740242       -2.41126198334346      C
       -0.22203651600859        2.60926059087244       -0.52127360252986      C
        0.86653868263860        2.61650548174641        1.94301017223142      C
        2.91640563097761        1.07661621189599        2.59896649700308      C
        4.33064105077447        0.22255039281958        0.52921716267730      C
        3.48661385240407        0.32232053576209       -1.93282978944801      C
       -0.21280749174132        4.07788938479809        4.07334139477925      C
        0.05363286380435        2.91738286550503        6.51652454917292      C
        1.78196052687526        0.83013057807684        6.80513766084199      C
        3.64836565679637        0.38619340943937        4.96918140107137      N
       -1.80056860712963        6.02487977870446        3.88103072210375      C
       -3.36662501275426        6.82776239831862        6.00247772086157      C
       -3.21120841030985        5.66647148333021        8.44808149696478      N
       -1.40128007323952        3.84337359182562        8.47593500882246      C
       -0.98617853339051        2.68744161151637       10.86153229518755      C
        0.56275211258093        0.56777306041762       11.26727265891023      C
        2.12684915212393       -0.23157104982680        9.24861261027847      C
       -1.50788528654542        7.93945099908733        1.75944918182568      C
       -3.29714686536959        9.78308968997784        1.42946937433575      C
       -5.16776532451465       10.06612438437812        3.17853717349268      C
       -5.00973256300869        8.91807143390257        5.58036808182224      C
        0.69807984605958        7.61286108064006        0.22784934299651      O
       -2.69431978673378        3.58852279286903       -1.02681744212165      O
        5.45294381707795       -0.36391825024599       -3.82603399513557      C
       -7.13621553305886       12.02602746714479        2.62446413854977      C
        6.22736507982948       -0.60961003884823        0.90251776091930      H
        0.40922214539549        1.28914750387027       -4.39272248488012      H
        3.24924120219627       -1.87059366399805        9.62153295381665      H
       -1.68351182060371        3.75620639434375       12.46124319747333      H
       -6.23328612223411        9.55721573997720        7.03127749184643      H
       -2.65688233109154       11.31786948850161        0.28314840542975      H
        5.06366033407082        0.04725784676276       -6.00765914851231      O
        7.73862112995508       -1.30947343656149       -3.08509686561392      O
        9.21568389442178       -1.67644101914883       -5.17918026211923      C
        1.22473552296160       -0.37368929946358       13.86424866575389      C
        2.83194030891977       -1.98136062086657       13.94879639448809      O
        0.22581638298036        1.04632973969309       15.73517226369109      O
        1.36654005171106        0.34881987382376       17.97768516258196      C
       -8.13222265679333       12.88953585310401        4.58237006517460      O
       -7.56710402626329       12.58595436483331        0.13426491025189      O
       -9.15721919401396       14.68181962480364        0.17390267705442      C
        0.52480061650756        8.88873507690240       -2.11328746965808      C
       -4.43887127092007        1.81440714620285       -1.52443588669978      C
      -11.02654230403164       14.12724740870094       -0.30145517933332      H
       -8.43321033864139       16.23455417718551       -0.92115289877530      H
       -8.99099320643488       15.30784079971017        2.26013631124697      H
        0.58949070687653       -1.35214492111997       18.72025040611967      H
        1.07590610518796        1.82602583014635       19.44594073417722      H
        3.20308688056522       -0.25463777369931       17.56374797071125      H
       -5.75966452769607        2.66453633798395       -2.87293353222526      H
       -5.54917705700863        1.67429412603320        0.08757906419532      H
       -3.61029498172458        0.16315754943614       -2.40939839296720      H
        1.94614064839534        7.99632333259666       -3.36991672684580      H
        0.79838495732969       10.95537051489461       -1.80831186558166      H
       -1.23365437811754        8.36581903161517       -2.92468985864517      H
        9.69322539083648       -3.81061914489689       -5.18919176789817      H
       10.88272999328676       -0.53632428387495       -4.75782131567960      H
        8.11446755180406       -1.22000818315786       -6.88463223992596      H
        0.25769266543015       -6.70332044805354        5.25450277432006      C
       -0.93706303257793       -5.74863695975564        7.42346492692184      C
       -3.17065818106981       -4.26782989768171        7.20266772093351      C
       -4.02176656530868       -3.67300353387837        4.67841282294828      C
       -2.71281653838581       -4.82009211983924        2.62612243499867      C
       -0.60064220580733       -6.22582371348107        2.79563851834957      C
       -4.39123406106184       -3.07199653667108        9.22426022522959      C
       -5.87155276069094       -0.97813151739625        8.62380236472767      C
       -6.23188550123655       -0.21223441490747        6.05349368200120      C
       -5.72412167274577       -1.85179897460060        4.18193251130556      N
       -4.37860652648193       -3.94338923745667       11.82474991224999      C
       -4.88413646310638       -2.20841508043231       13.70831149761426      C
       -5.69359471147392        0.14478155842189       13.14731458098926      N
       -6.39844642513778        0.59526308566443       10.71619668526705      C
       -7.77167599994239        2.81011156003636       10.12577999325190      C
       -8.44979949435357        3.44990713486970        7.69518455215186      C
       -7.78509887912942        1.93194183921477        5.66626730139313      C
       -4.10438427041561       -6.61246683898531       12.42036465538985      C
       -3.43648979446089       -7.24024610744042       14.89855306424322      C
       -3.48850026644642       -5.41973436602882       16.71079831346873      C
       -4.55381767510867       -2.99997028375828       16.26789047639262      C
       -4.29818616615042       -8.70957765413185       10.76261758351893      O
        0.19651018787774       -6.22712894168624        9.75090747488753      O
        0.86064026360035       -6.93551753290159        0.47939252449747      C
       -2.64128919658493       -6.13832192651275       19.27619995966238      C
       -3.28241583463856       -4.55355788280184        0.76462415692374      H
        2.11030206536774       -7.55308507529114        5.68332248864926      H
       -8.51207689981285        2.32419425526574        3.78997040281593      H
       -8.11056432945757        3.98406348736678       11.74630880162666      H
       -4.50889227727802       -1.80396722897120       17.87442361417208      H
       -2.34624094430013       -8.98453369846482       15.22973725840543      H
        2.75264227193296       -8.24337235327428        0.52397269448540      O
        0.10707403853949       -5.67909583241775       -1.65737107187215      O
        1.44603441310448       -6.39075202775991       -3.86130416710596      C
       -9.91340858455690        5.81819368535623        7.33734342712607      C
      -10.11229644074921        7.00237244358755        9.29626265212547      O
      -10.78107132927948        6.35045814593466        5.02258679361793      O
      -12.32611835819669        8.52518380982226        5.28226208190660      C
       -1.32123186662951       -8.09927114104619       19.39792643707526      O
       -3.83802158843930       -4.94609701283844       21.27902850780969      O
       -3.09620028234717       -5.86870254555430       23.72052046453864      C
       -6.32442494139470       -8.92952167558365        9.29671177830614      C
        1.52134690050915       -8.57661008165988       10.22253083435384      C
       -1.05452775375138       -6.29585822228645       23.67820138311493      H
       -4.05772852315977       -7.77467489394873       23.94078803188607      H
       -3.42723711058484       -4.32303465799322       25.22023269449689      H
      -13.88425093408943        8.26577453115391        4.09834333307882      H
      -11.15556268813747       10.03440909928012        4.50219829963040      H
      -12.81044247598767        8.63047480298774        7.25986613990749      H
        0.93970550484230       -9.02263081487584       12.21675989177346      H
        3.55604107643089       -8.16433906055001       10.03580672065925      H
        0.73921181392240      -10.15490370396243        8.97546736220405      H
       -5.59641227284817       -9.49137882492465        7.51887968815617      H
       -7.22531682235932       -7.10920830415764        9.09859495698695      H
       -7.46490620019799      -10.47767192033979        9.92566542444949      H
        0.74815388227062       -8.21474495085143       -4.23934007587085      H
        3.40800209806459       -6.21390017922380       -3.34850918567552      H
        0.72963154387226       -5.20673170055111       -5.28697495479002      H
$end
