$coord
        0.88196845685446        1.59188314948628       -2.08358024911530      C
       -0.20143761462330        3.18612699668498       -0.16359712876513      C
        1.06895839383880        3.25515837826821        2.35443329240315      C
        2.50593439079947        0.97198575934534        3.05355029696523      C
        3.36909804743897       -0.60805036975370        1.06498145271686      C
        2.45311368179195       -0.26643601855801       -1.48405527124201      C
       -0.26869916103170        4.49260351591629        4.33787643899315      C
       -0.15928806140408        3.35278233108933        6.67958356039530      C
        1.67163415059183        1.48209070520074        7.18522808622917      C
        3.14510053027652        0.35432171849316        5.41798434055704      N
       -1.76006273063328        6.92256602465282        4.33548514651232      C
       -3.76779913523677        7.34386594395334        6.09706151120470      C
       -3.64511293909553        6.05767732188872        8.29768587770036      N
       -1.81791635574969        4.23615599319439        8.60226010647191      C
       -1.60785256405634        3.35940516072298       11.16644561741797      C
        0.11173149841460        1.58236907566708       11.74479875234683      C
        1.77836299917350        0.67299782001976        9.78449439561055      C
       -1.46371646489109        8.78651073849461        2.39715455306461      C
       -3.21248100969574       10.77391651041821        2.23380317890111      C
       -5.32940847765648       10.96064962895373        3.86697982012355      C
       -5.49007309962283        9.32526142069480        5.87924881786998      C
        0.56660710343306        8.40663749933724        0.92374010869212      O
       -2.56257775467998        4.43039966758933       -0.79928817055407      O
        3.66874667851547       -2.00932156851388       -3.33606603113204      C
       -7.13875386816263       13.17419140206081        3.47532207315508      C
        4.63830093768649       -2.14060643358430        1.53980914771384      H
       -0.39087975825648        1.48024461375381       -3.68674470386351      H
        2.92793499011500       -0.93270629380093        9.98112743469024      H
       -2.92954396972029        3.74848237539648       12.62157642909912      H
       -7.22808803465468        9.24262592430382        6.91139239182069      H
       -2.98823465358689       12.02380026248179        0.72008539247896      H
        3.15106600521619       -1.69993888566719       -5.58317730243759      O
        5.23184085520887       -3.83232366406714       -2.33632389407252      O
        6.65318528682786       -4.93793728491735       -4.19559753167393      C
        0.37707728893798        0.45046358506883       14.31414861359472      C
        2.11764683483824       -1.11481161902458       14.70831468714296      O
       -0.97140169877397        1.38601304845512       16.20977395932328      O
        0.20861716296653        0.77489296924267       18.48696587965670      C
       -9.02924179708444       13.24573726742165        4.76350742220646      O
       -6.21758842677608       15.08743860024020        1.85959055130337      O
       -7.48677278701224       17.26954702198782        2.25971769930352      C
        1.35031442722837       10.63012798551873       -0.46080534250554      C
       -4.63423620339199        2.96521988767501       -0.28644880488324      C
       -8.99719405938313       17.44134200979624        0.81940883759598      H
       -6.20747782940351       18.68231395417407        2.18653645901316      H
       -8.35409761120864       17.37110097050841        4.20146826191524      H
        0.94433042954373       -1.00497508213945       18.45608879441918      H
       -1.44985681823579        0.95877596885285       19.78680410662879      H
        1.54845434992020        2.22258556587032       18.85486426174234      H
       -4.92953088780609        1.60920644683324       -1.74497246036010      H
       -6.52626070402211        4.07495011313385       -0.17984611635746      H
       -4.38387190508158        2.04689035729204        1.48362576778930      H
        3.37309495009872       10.33568658138780       -0.96739928478808      H
        1.12194202280291       12.26754614992728        0.74650548743777      H
        0.17637254508814       10.61529873029192       -2.20454566002254      H
        7.63848763279123       -6.74363624459335       -3.66551137411791      H
        8.11132986477755       -3.42803787315450       -4.52235006653956      H
        5.18483067287689       -5.36807585734458       -5.47742506494496      H
        0.99985711935654       -6.82907338141772        4.92900198646148      C
       -0.17196533691121       -5.60885112225528        6.98001025813774      C
       -2.56213567687266       -4.47538360733558        6.33464887776098      C
       -2.98264397468674       -3.63966167615036        3.81855392800525      C
       -1.64273221816657       -4.80970567544684        1.87024811868507      C
        0.03967520072342       -6.73858822244907        2.45830777445915      C
       -4.10628819930733       -3.65587859298117        8.29022865847331      C
       -5.52877668546354       -1.47788317146282        7.71285081098369      C
       -5.89031845279523       -0.68572524703543        5.23923659720623      C
       -4.96695961151619       -1.94336080735052        3.23403859171152      N
       -4.22341303014795       -4.41725129638527       10.95399135486429      C
       -5.13461124252324       -2.60659737356417       12.78515490687462      C
       -6.43329734922056       -0.44712359107656       12.20749190161024      N
       -6.90065256546564       -0.07682417247528        9.71155109704972      C
       -8.40609028545572        1.93047435024459        8.99872619184208      C
       -8.88646011426894        2.58106221547991        6.48616439094900      C
       -7.59978855492332        1.14810792911745        4.65405616860241      C
       -3.57345560364465       -6.84653510838240       11.83669370972931      C
       -3.16555869922765       -7.36970427990294       14.44493949229364      C
       -3.66336676279491       -5.57008797759595       16.35041439301028      C
       -4.77597667225857       -3.24428008970410       15.47498912505652      C
       -3.49169542476508       -8.73320412639679        9.79240952917276      O
        0.78016781898624       -5.12965594825519        9.38613179983331      O
        1.27988904375271       -8.06901254537396        0.26242627937323      C
       -3.30740398009596       -5.96637745092380       19.08899108705252      C
       -2.16528140998342       -4.53103352180594       -0.09883748171131      H
        2.47854824812368       -8.22092773616614        5.20433620846100      H
       -8.04966881300200        1.57538888902444        2.74846402980221      H
       -9.41947690692376        3.06521591049959       10.24258510388999      H
       -5.56198845688287       -1.99297185777703       16.88587574705373      H
       -3.15907018061495       -9.40528173070676       15.15362066607157      H
        2.77114735148660       -9.71341744084650        0.61161017323544      O
        0.36154970222062       -7.12858196042078       -1.96553324304875      O
        1.14895358104535       -8.68120009883386       -3.95641074426588      C
      -10.05063561005691        5.02100753918850        5.78287748876697      C
      -10.93000079143457        6.46697807943430        7.39246417598548      O
      -10.01958324094428        5.46938152771648        3.29341224136680      O
      -11.35672762313328        7.78240112651726        2.76648944072355      C
       -3.98175066039481       -7.83321070069950       20.00066021868090      O
       -1.86591073619374       -4.23022519612207       20.55864587764812      O
       -1.71317042633499       -4.64575306460480       23.34088692868885      C
       -2.12506005008222      -10.85354896463388       10.45737108719397      C
        3.01522598126321       -6.44224733792869       10.02828407913850      C
       -0.18071770200705       -6.01557932481529       24.02702068443705      H
       -3.55888490583891       -5.58273324390873       23.79831778660301      H
       -1.61934656882916       -2.87326614708026       24.18566424528564      H
      -10.85200711108200        9.31819580600583        3.95439649695320      H
      -13.23652695292084        7.30901244336800        3.10274757749968      H
      -10.85297152307009        8.21199742605077        0.76604512103007      H
        3.24406613430152       -6.67206294467997       12.05274310561267      H
        4.65120637611702       -5.51486105868764        9.13788136802769      H
        2.95213897489172       -8.23365488675754        9.22822317211591      H
       -0.14334597765795      -10.19801031063518       10.31666855189329      H
       -2.56842376314260      -12.26053685258244        9.00307779582178      H
       -2.34325689921932      -11.86740705626812       12.24078218800467      H
        3.22047504059113       -9.10647501636953       -3.79714585303444      H
        0.73619564894417       -7.67497712976648       -5.87174959049172      H
        0.07583730610005      -10.27828996777811       -3.43537094891728      H
$end
