$coord
       -5.08298602664700        4.24316611048527        5.41337416741339      C
       -3.57926416293269        2.88206272064898        3.69970837500700      C
       -4.17781541921799        0.28932991159342        3.10703266304823      C
       -6.34817179584449       -0.87514013433625        4.57987519403713      C
       -8.00178253239644        0.92558975523355        5.97321102657443      C
       -7.29477235730042        3.34730262223133        6.50447006807589      C
       -2.66791550169963       -1.37122109311975        1.41227978011733      C
       -2.97602562403527       -3.95691004831721        1.73052721481519      C
       -5.01331243269839       -4.90532503537129        3.09506789442396      C
       -6.74641746556718       -3.29791837472751        4.18421451600015      N
       -0.54296417903638       -0.55703347520255       -0.23161252748540      C
        1.48679705463685       -2.29010158113145       -0.84102828659506      C
        1.48551506024374       -4.61198100842238        0.16614286643281      N
       -0.83936182830627       -5.44308593889709        1.12330991771712      C
       -1.30575315056022       -8.12037421513637        1.17808570894949      C
       -3.37726832325387       -9.15920272767367        2.28847926584417      C
       -5.30360441375839       -7.44398801791735        2.95872965966967      C
       -0.43564781297262        1.83891838149116       -1.54673189288260      C
        1.46550233704724        2.53948986524768       -3.09460387818014      C
        3.49064622310505        0.95615283645839       -3.77528893917207      C
        3.50574436564929       -1.37672378102946       -2.46652433486451      C
       -2.90800877290899        3.04491127445142       -1.45493157789118      O
       -1.43484234779014        4.02849774592909        2.75183806351185      O
       -9.00532424895917        5.38713256890786        7.50533826702044      C
        5.34497877885237        1.53395860887969       -5.61820436029221      C
       -9.88520306694814        0.46076927099406        6.89050348902907      H
       -4.45968245709157        6.23907484813048        5.58771326864171      H
       -7.18062467629591       -8.20188573904150        3.31988238095139      H
        0.03916709671944       -9.29115982925057        0.13838538010846      H
        4.43150690997605       -2.76925676457253       -3.40147731735090      H
        1.40422552485782        4.65621352998327       -3.17510257567693      H
      -11.33491587056348        5.48321116707075        7.63051769705003      O
       -7.50041144872555        7.06167904197429        8.55866626516547      O
       -8.93298538232832        8.68726038605683        9.95695553824785      C
       -3.41589866647747      -11.93098173055176        2.62718164497538      C
       -2.24816107599629      -12.71104500805529        4.63590278546669      O
       -4.44366840693017      -13.52647990038938        1.08058311821352      O
       -4.23316908769738      -16.14891572482662        1.95854466845453      C
        6.37840428991944        3.72083223407100       -5.12722303601718      O
        6.09972861641557       -0.44165876254361       -7.29362414999601      O
        8.39647074406266        0.18649775171211       -8.38482852040199      C
       -3.86540573155131        3.66081195453662       -3.87641630745602      C
       -2.05785580016537        6.48411678765572        1.93203926936928      C
        8.10267241536301        1.01941394772290      -10.33754317643603      H
        9.38264651258408       -1.47394555985961       -8.39497342607970      H
        9.50851480331709        1.40889977368777       -7.07403044126434      H
       -5.57939676398536      -17.52488340910925        0.97265734095693      H
       -4.73102944120869      -15.83762699934530        3.97871788587873      H
       -2.29237084674735      -17.00209942982328        1.97536833991803      H
       -0.71029226198785        7.13858616596057        0.42148820771608      H
       -1.78633128746187        8.02485999908271        3.12016554415454      H
       -3.85084986015464        6.69043261934826        1.26007249294045      H
       -3.12027011183824        2.16756374373642       -5.30287948005755      H
       -2.59410463484054        5.18374646435679       -4.36057454266918      H
       -5.85677257285436        4.04613749397936       -3.98464540263449      H
       -9.71441142004445        7.64431004634803       11.63734160091275      H
      -10.22011777551322        9.33567665493887        8.42061656135393      H
       -8.02710533401947       10.30769784754800       10.90534364326880      H
       -3.79532818912406       -4.23092356670425       13.20389859632945      C
       -3.21926335309461       -1.59907675461542       13.33622664879956      C
       -2.17244502231255       -0.43408231769563       11.06295682771106      C
       -1.58167282770873       -2.04619636829625        8.95673055542328      C
       -1.89681398245206       -4.73856190205008        8.84955632678167      C
       -3.25180101433838       -5.68938385972540       10.83411755950040      C
       -2.07414935625952        2.24797276658845       10.78304949933981      C
       -0.09883050371854        2.95083596235965        9.13376905185896      C
        0.29872720574047        1.47928338305853        7.02072767258226      C
       -0.53658601376455       -0.97017445769012        6.77626603475773      N
       -2.67811879530099        4.26976593687574       12.76898364014545      C
       -1.18894664588602        6.59896282767687       12.96028946617520      C
        0.67936921529894        7.19037550950759       11.24234767595425      N
        1.00605659442574        5.43923988213745        9.32455295931607      C
        2.95839772155316        6.21104321469124        7.57152997586803      C
        3.58873038569128        4.40629446389408        5.71056254821915      C
        1.96865977715084        2.32073360442384        5.25600333789579      C
       -5.28440102394473        4.12729333251126       13.63563167842537      C
       -6.20148556423527        5.54234750207628       15.67032728727332      C
       -4.40768043348413        7.34443867019328       16.42780053864329      C
       -2.20062716006454        8.10064174881709       14.92792803448927      C
       -6.72302370765904        2.51781861798207       12.03884978832447      O
       -3.84448662800517       -0.34238400779033       15.58741526335698      O
       -4.42444093826844       -8.26357833094658       10.70253307822026      C
       -4.80077545323022        8.57006716384782       18.85740787711348      C
       -1.53709004976713       -5.64730505383564        7.16550691464010      H
       -5.25211777095639       -4.93339092784039       14.31657435288835      H
        2.24274011163794        1.42992583346853        3.49375375472579      H
        4.25364243368919        7.63664920339886        8.18235471151903      H
       -1.04495707556114        9.48588731578351       15.72024166904689      H
       -8.01359079264013        5.74120514940407       16.09412890563749      H
       -3.31200807611908       -9.77228950648392        9.28380844730259      O
       -6.84969482805522       -9.27772235701324       11.69276373386998      O
       -7.71425882606334      -11.57143670111844       10.67229464354476      C
        5.78764483711055        4.60918116054082        3.91440248726135      C
        7.46790432094544        6.12755375262018        4.47913592385858      O
        5.50881959676900        3.47942365275221        1.66661165077086      O
        7.16368351598609        4.48277069696202       -0.07293718221157      C
       -6.34843084088062        7.65188346937123       20.13845328367609      O
       -3.52928146658850       10.70167717316834       19.00236465305310      O
       -4.25560330985421       12.49039204397183       21.02046948576258      C
       -8.72530433036143        1.38937577822379       13.33637227792807      C
       -3.36078265247932       -1.51576533417855       18.01485893863195      C
       -2.54285235609185       12.99934425750155       22.03889231393636      H
       -6.02555015987841       12.17289078111770       22.06444658304368      H
       -4.95978634171086       13.93083044761646       19.93313993895121      H
        6.78509888592182        6.49046515308919       -0.69541226822156      H
        6.73443108340217        3.36301943019545       -1.81898449641833      H
        8.99771524519051        4.69618474178369        0.91875877349306      H
       -4.52181996869625       -0.47384823832787       19.44495225016410      H
       -1.32903010130551       -1.32977727668445       18.65472177957119      H
       -4.09935612918074       -3.56755072813104       17.99786329652335      H
       -8.79996874442199       -0.53012544883499       12.72500547289581      H
      -10.42505173374397        2.42050930802100       13.05844014834896      H
       -8.38286626042949        1.19544474880555       15.37003360916958      H
       -6.34557534504160      -13.12836472426193       10.98318391749487      H
       -7.64558519010456      -10.86493413488145        8.79026227502436      H
       -9.68414784962933      -11.77712848302581       11.59430604437012      H
$end
