$coord
       -7.51539853311223        6.02222807595742        5.84583681095007      C
       -5.63226836129014        4.61073179918624        4.65284118157922      C
       -5.97532421428920        2.04470251113629        3.85246378226638      C
       -8.28113627757461        0.71183096813619        4.64718681428267      C
      -10.24426599808495        2.11105894597419        5.77018822084696      C
       -9.94458699647132        4.69961658863255        6.31999408910771      C
       -4.13527599562279        0.72926125251269        2.42317508401957      C
       -4.82134488709489       -1.98123829282316        2.30912132570420      C
       -6.72160227394559       -3.23147551250540        3.60962972762724      C
       -8.50981137261417       -1.83895559044834        4.81054278771121      N
       -2.31903220792088        1.64276652239424        0.67184530053040      C
       -0.65651648178348       -0.18720862045655       -0.43679201537840      C
       -1.07298254053870       -2.74978006039995       -0.30971846162406      N
       -3.06662861839202       -3.51207233876124        1.02892437159849      C
       -3.23068392355810       -6.13778303778067        1.21050380501587      C
       -5.14368405316299       -7.20451784343233        2.75020753065197      C
       -6.96108813373148       -5.64344725272516        3.99896691266245      C
       -2.10343608135730        4.26510836971613       -0.47664066082933      C
        0.02401406690963        4.82657985045996       -1.87090627154427      C
        1.54399547990466        2.97174541692577       -2.73905375681673      C
        1.46380173185690        0.52687723058358       -1.85228046727362      C
       -4.46422245593417        5.82501004116698       -0.91160457635490      O
       -3.31032491381693        5.83456298189323        4.25044777424120      O
      -12.00495454811550        6.03498808334575        7.80332298004386      C
        3.22758601732573        3.75380223747383       -4.84054310575559      C
      -12.15898271539023        1.32116195434132        5.80277629808223      H
       -7.16905292703524        8.17112174659375        6.05592049564633      H
       -8.34268559404357       -6.68639340063839        5.03904793332157      H
       -1.81779834808180       -7.40525759041159        0.30678656835508      H
        2.72404923894983       -0.88210122450495       -2.39493738649518      H
        0.24188851118779        6.81159212716971       -2.47158283548261      H
      -13.87150720558253        4.88356937955644        8.60135869235084      O
      -11.53463349213845        8.57034726636120        8.24310609765823      O
      -13.41136458087440        9.23667369572166        9.99048679914408      C
       -5.13479750996085      -10.19758466585838        2.50770116143323      C
       -4.92687777844530      -10.91916700266226        0.44713186142136      O
       -5.65539923022995      -11.67709733579971        4.74383834306658      O
       -5.19854936635058      -14.25247951618665        3.99174217953801      C
        3.76072779816301        5.94554194823029       -5.10945713416014      O
        3.68277465645647        1.80919369689489       -6.46380476466494      O
        5.57459506331021        2.39035237553342       -8.29255300199511      C
       -4.25478024301754        7.35061151415304       -2.91709589017700      C
       -3.44879517752270        8.38717436439859        3.85296476556838      C
        5.79645810269697        4.35322012607588       -8.80606023122739      H
        4.79386706620903        1.29720042822456       -9.78642580883278      H
        7.27728083577727        1.52522492976742       -7.50591926609235      H
       -3.90477895768261      -14.83149529061293        5.46022124417663      H
       -4.37177601570473      -14.12928591585708        2.12889229236396      H
       -6.86814000029422      -15.40874886826726        3.82709384164423      H
       -1.86959771485602        9.48018977975319        3.33603120904415      H
       -3.81457857959566        9.16416860398724        5.60825482407167      H
       -4.58085774065767        8.96501243501877        2.15704396942555      H
       -4.04674615505730        9.32565258833137       -1.92778943647607      H
       -5.91244576622863        7.44345496664848       -4.08643314976414      H
       -2.63624786191682        6.72581734126211       -4.00684056747287      H
      -12.57492014791634        8.72734168526914       11.74925960583742      H
      -15.24634350863966        7.99929710275708        9.97705078882259      H
      -13.72524690393847       11.34012162795809        9.86974215762243      H
       -3.07270763447286       -5.28437809096690       13.91766296446885      C
       -2.15643228164839       -2.83848579503173       13.58333765458403      C
       -0.20560783022987       -2.29512759448220       11.89175739313259      C
        1.50203128099603       -4.46856537680446       11.19097467527764      C
        0.75671834561721       -6.98903661733000       11.78797189804832      C
       -1.57347799434208       -7.43301522973169       13.11559492019197      C
        0.42168837184227        0.26423479413672       11.04115014826021      C
        2.74536450041896        0.59767326930949        9.86710089450552      C
        4.21049179354897       -1.75976870223881        9.35891568777920      C
        3.52420167091420       -4.13703351942392        9.74119436522759      N
       -1.21712827404026        2.51138494974687       10.86434047165966      C
        0.04775326511279        4.86541681238053       10.68321613278918      C
        2.47549344653922        5.30848703763030        9.82807881585917      N
        3.66038322484203        3.20151180477240        9.09649706430733      C
        6.03736764843511        3.34076613411840        7.71434695739289      C
        7.43667465720429        1.10460051360941        7.49904662683925      C
        6.42718408858694       -1.29898878880899        7.98892815935250      C
       -3.80893175086273        2.25468220126819       11.08154914155667      C
       -5.11067371695762        4.44340012911388       11.95922832569470      C
       -3.89939985430248        6.64537527925725       11.89133567167515      C
       -1.27873306386846        6.98385064220684       11.22678737418480      C
       -4.77379470835773        0.00879291300164       10.20536954544342      O
       -3.44008805738997       -0.55779382611160       14.50208959120994      O
       -2.85757828491476       -9.84687320767089       12.50116912977235      C
       -5.47435743775803        8.67539114857652       12.51627525783356      C
        1.97199505887303       -8.54049219136266       10.95412967635166      H
       -4.30956468548088       -5.46087959776010       15.66497954336649      H
        7.58324725067823       -2.89061685241514        7.64872449026509      H
        7.09416832250605        5.11368640360583        7.71089259853554      H
       -0.36226520952012        8.68215469380239       11.28009836653462      H
       -7.06947900577328        4.35068404677007       12.30535476330400      H
       -4.95900614388861       -9.63303167176197       11.69487199732735      O
       -1.66600480602293      -12.14008822401651       12.73671499594105      O
       -3.19011743153457      -14.17706269664434       11.50444383687924      C
        9.74534706922354        0.92617117814242        6.04131544842646      C
       10.97280184329533        2.65512245632912        5.34322080780371      O
       10.67124052111916       -1.63116621018702        5.74578225739686      O
       13.16691513989248       -1.81415050759431        5.07063179860203      C
       -7.25843113655607        8.30819052515354       13.93884934312681      O
       -4.97346873853214       11.11891275923922       11.56989636513813      O
       -6.24119693542879       12.98255502328799       12.57882739168787      C
       -7.24162369960545       -0.56006493744685       11.19739690408125      C
       -1.86353508016843        1.07750510961557       15.99006394953153      C
       -5.53431988481449       13.49087935035792       14.44454527463562      H
       -8.26410356244156       12.48119222871090       12.70849856720177      H
       -5.81193505145995       14.64512951956908       11.34806428422715      H
       13.95094566388828       -0.55294718917305        3.46354623175825      H
       13.66421524456613       -3.60444716362490        4.30529468556399      H
       14.32859061396465       -1.69066934308898        6.80323537240194      H
        0.15206302910262        0.87210985254184       15.62301368376534      H
       -1.89055535735705        0.54899475441928       17.94636934479622      H
       -2.03832821967081        2.95885943237744       15.48189373661707      H
       -8.54766452635766        0.76211508177821       10.23124144029253      H
       -7.61405197380948       -0.60356449356349       13.24072640268798      H
       -7.50942717240215       -2.74278140242911       10.68629690682876      H
       -4.27516729161477      -13.08000946075609       10.30550809090746      H
       -4.40399475801170      -15.18637415052660       12.68812975883337      H
       -1.90199590052912      -15.50479901912032       10.37019715102553      H
$end
