$coord
      -11.55707291217769        6.27093743287443        2.96035937332362      C
       -8.95265198149568        5.89934733541534        3.34695795487808      C
       -8.31950749068744        3.41237354389998        2.47354090668874      C
       -9.98544615244831        1.28385022090495        2.63729963698726      C
      -12.59857234548724        1.82815624501185        2.59639742857241      C
      -13.40187363355555        4.37165367225441        2.71589242314574      C
       -5.55897954118115        3.05282908936467        2.50469378158339      C
       -4.89702777717372        0.60310979802200        3.16079653964360      C
       -6.76895337215148       -1.39320846333196        3.22815622155141      C
       -9.31121986433253       -1.20287194783769        2.76084669049885      N
       -3.36221389113887        4.49271384350551        1.65063807109096      C
       -0.77932941448887        4.15175389777414        2.60032519043294      C
       -0.33715983258958        1.79715311676860        3.32067005643566      N
       -2.17890991278643        0.02582849000735        3.62827287543289      C
       -1.31420200598894       -2.41210696843855        4.56868185592612      C
       -3.14458978566132       -4.39831030359056        4.71261998117160      C
       -5.72899017749075       -3.95940692633414        3.90879020959330      C
       -3.80450714724853        6.25321371227232       -0.50564032147970      C
       -1.91458621991504        7.96796986581242       -0.90578349256426      C
        0.50071402131475        7.86665754468391        0.10683763258195      C
        0.99032533634237        5.76306712480609        1.88170096218198      C
       -6.04195335298011        6.96041790051803       -2.10587477895537      O
       -6.89358994895398        7.40255296468230        4.37751827712640      O
      -16.04757085846209        4.94851893916000        2.81827725134582      C
        2.71949120960658        9.02385919108896       -0.95901035211101      C
      -13.81509222895800        0.39956012211872        2.32264874410444      H
      -12.57576603737084        7.85657229747422        3.57192325699305      H
       -7.04046872278111       -5.59869227771457        3.94458689237186      H
        0.65600423843340       -2.67251266420185        4.99302944068667      H
        2.82485351073164        5.52842688818319        3.01730317570869      H
       -2.28627160207112        9.71002892153800       -1.93985358183846      H
      -17.57983192445146        3.75311418415189        4.08974987574516      O
      -17.15798169519702        6.88852410905039        1.36405278315182      O
      -19.85890255185323        7.15351641008632        1.16629694074135      C
       -2.52855767688667       -6.73893296587117        6.42294614908497      C
       -0.39308299898951       -7.28349114650901        6.87148127911758      O
       -4.71603583504326       -8.04055295129034        7.22217259087571      O
       -4.40509854297184      -10.16804720295374        8.67451000556713      C
        2.49377410761344        9.57006655963098       -3.14106938444700      O
        4.84385044429949        8.73101180545325        0.65988821498672      O
        6.39360142459754        6.64027573060346        0.01490782286076      C
       -5.22226572503767        7.88194654831569       -4.46284942442618      C
       -7.91242690126587       10.03355664292569        4.93949802140636      C
        8.04685855916216        6.55439349506929        1.43280339240316      H
        6.94473867967006        7.04187593716266       -1.88017454568466      H
        5.25494897744209        4.88677525378633       -0.23055373299893      H
       -4.22683751566463       -9.64171422224316       10.64338873023683      H
       -2.57299369278072      -10.73062669435776        7.98811739323295      H
       -5.72308787595996      -11.61401817679212        8.43328938533340      H
       -6.44340243304636       10.94589627490005        6.08764843192922      H
       -9.63264463768040        9.72536807227342        6.08220803929615      H
       -8.62572305920867       11.05735415430972        3.22252511111079      H
       -4.16896226086476        9.64282578438286       -4.65664563321993      H
       -6.92543799049246        8.00925752466508       -5.62024311447001      H
       -4.03431726432049        6.43396367821948       -5.26409002179128      H
      -20.28047920507493        7.85191607923652       -0.64323654186697      H
      -20.10416542165363        8.81366350813358        2.52281212201572      H
      -20.51831560954713        5.06839110819901        1.26738695729934      H
       -0.62874777671447       -5.65820021908637       15.93267299379409      C
       -0.21864385921360       -3.70243612896723       14.25285769000728      C
        1.12721630444185       -4.38439523465205       11.99986437676077      C
        1.93085400087604       -6.93553185973621       11.31548210117166      C
        1.00403796237146       -8.85259149782105       12.90067744478663      C
       -0.05102846819465       -8.12287005496896       15.27451467126344      C
        1.73082036522521       -2.49023228093286       10.26243786337174      C
        3.93063999053133       -3.02368846927040        8.79626666830189      C
        4.86359637673912       -5.49878922062685        8.67306296280915      C
        4.06408371872495       -7.27901961794281       10.02422746908368      N
        0.59781921520897       -0.06194330803265       10.13549318246376      C
        1.98603695508863        1.91036443345296        9.09663244303807      C
        4.06798534045719        1.35335749109034        7.57389978925727      N
        4.93053206871687       -1.01873549267352        7.38723698807214      C
        6.50065581819996       -1.72635862454130        5.43956939886293      C
        6.91484704874308       -4.08475155326210        4.85058562815563      C
        6.40307379351335       -6.11553406679812        6.48161849809290      C
       -2.09688790574950        0.43101598305985       10.55627830122174      C
       -2.88382935995284        3.03351410770895       10.65010391750682      C
       -1.15931174502176        4.93704806292516       10.16481758481116      C
        1.23672214379733        4.38251624702785        9.31599204397110      C
       -3.84643376664999       -1.58733702027133       10.42616969284169      O
       -0.50660594450276       -1.32762321766756       15.04543865518134      O
       -0.91548443373601      -10.42590210745110       16.59606778261357      C
       -2.27019484366199        7.79980830380929       10.12539985742940      C
        1.74221586384575      -10.67214410203561       12.61064362262933      H
       -2.17152812582537       -5.50459512943142       17.32216127737954      H
        7.31756790962471       -7.91494881528862        6.28751564418809      H
        7.94213051674204       -0.31373452768054        4.85989333098792      H
        2.33693161416709        5.90538890617386        8.48732993259243      H
       -4.84402924734992        3.65439355217816       11.06351808333057      H
       -2.45763835483715      -10.26741343201995       18.34875011976645      O
        0.21778681397678      -12.69728299952205       15.78601937897905      O
       -0.01872851745933      -14.41822201568661       17.68559120272044      C
        8.51529657865536       -4.47075286475777        2.59269851408520      C
        9.59326758827377       -6.55806443641330        2.61502815476309      O
        8.79397909177873       -2.59498331587799        0.75675263158594      O
       10.59127465867703       -3.45742241738052       -1.05979846018046      C
       -4.04979522623342        8.04962792933431       11.51612059369733      O
       -1.47017658811221        9.93983255691775        8.88576097825445      O
       -3.11435717505294       12.02853735123804        9.76464550282184      C
       -6.40308005914065       -1.13706752217601       10.68837887813476      C
       -2.82233595726450       -0.58769585317025       16.33469295995050      C
       -5.03019267370920       12.43627676744210        8.98838611953625      H
       -1.75444170236266       13.54493157631381        9.64820930749863      H
       -3.36055429225107       11.50798158171587       11.64488965419580      H
       12.18794640314039       -3.97695836440359        0.23197084551185      H
       11.34548064949573       -1.77900510922117       -2.03969526404879      H
       10.19420388919018       -4.94185226365916       -2.32044402745952      H
       -4.13378149441696       -1.47507673161340       15.15428764988632      H
       -3.12634564801575        1.46923248117907       16.78646485715624      H
       -2.67171985845102       -1.50006674986112       18.23325883206521      H
       -6.88162543756085        0.29111886440622       12.10226371320963      H
       -7.53197417291063       -2.82220800404870       11.09379396914102      H
       -6.95452552846016       -0.20926795067664        8.89123644489657      H
       -1.59579874881948      -15.64582733372739       17.19575506191375      H
       -0.34969943662139      -13.28278535894962       19.44473240237591      H
        1.70492932803247      -15.50590305188923       17.83847424199903      H
$end
