 -1.0
 -0.78910845495873D+01  0.29438657121006D+00 -0.64778389639598D+01  0.67384283861038D-04  0.75553286622569D-04 -0.15717204500490D-03
 -0.62365660088099D+01  0.66032588781758D+00 -0.44831634575236D+01  0.67664326670688D-04  0.25291622440623D-03 -0.97307814885957D-04
 -0.50203630132847D+01 -0.16054747945671D+01 -0.36933896085948D+01 -0.61416370304577D-04  0.12977162290618D-03 -0.36589727327713D-03
 -0.65954917595590D+01 -0.39088488967012D+01 -0.33019029097337D+01  0.32138384524155D-03 -0.44719466695594D-03 -0.11635388012622D-03
 -0.85744680924635D+01 -0.41828167031506D+01 -0.49558645426000D+01 -0.13288811878433D-03  0.45257450430090D-03 -0.57574924613498D-03
 -0.90534747701417D+01 -0.21634905177066D+01 -0.67249431207517D+01  0.27815629303900D-03 -0.30962630455236D-03 -0.26982734225397D-03
 -0.24488422948102D+01 -0.17513866716495D+01 -0.25850701003671D+01  0.92087554691956D-03  0.64943188728026D-04 -0.62716489121945D-03
 -0.23183143810947D+01 -0.34169162133787D+01 -0.75083187946381D+00  0.13246102696623D-03  0.54058451908475D-03 -0.22998239339288D-03
 -0.38353681580679D+01 -0.55945584143678D+01 -0.60839735394467D+00  0.45473394168598D-03 -0.25776908494641D-03  0.43539974291108D-03
 -0.59740522807650D+01 -0.58144097770013D+01 -0.19139862071697D+01  0.15783543090797D-03 -0.16012245776475D-04  0.51107684824329D-03
 -0.33885172067704D+00 -0.98835840031900D-01 -0.29507455493550D+01 -0.51414992388092D-03 -0.50351070200172D-03  0.47065442318302D-03
  0.15694479111193D+01  0.19571477195862D+00 -0.11901489836268D+01 -0.78630689106282D-03  0.13733061079374D-03 -0.66608353035490D-03
  0.14279952131372D+01 -0.12252721417979D+01  0.10858774161873D+01 -0.71986436097414D-03  0.89172192919513D-05  0.31845360317225D-03
 -0.68910106888786D-01 -0.35445036951450D+01  0.87214686553926D+00  0.14147791205193D-03 -0.35620278334027D-03  0.63662480674223D-03
  0.25175633754832D+00 -0.55322312325865D+01  0.24022045590601D+01  0.59270512361174D-03 -0.19247773208589D-03  0.40511963241356D-03
 -0.15402274669858D+01 -0.74311918332136D+01  0.27049457013247D+01  0.86530054481727D-05  0.46667194385415D-04 -0.29842616633928D-03
 -0.35437443253956D+01 -0.74931614252983D+01  0.11537953913552D+01 -0.94303354007507D-03  0.31463082599991D-03 -0.68601213237508D-04
  0.21236263830718D+00  0.15285941238225D+01 -0.52077082390660D+01 -0.23480047708090D-03 -0.77335056500519D-03 -0.33445550962921D-03
  0.23155693702563D+01  0.32071182722101D+01 -0.56023418107868D+01 -0.26371806215497D-03  0.86861663819441D-03  0.25507815328174D-04
  0.42336362173751D+01  0.33788164194268D+01 -0.35615510634264D+01 -0.66726819355052D-04  0.49265703240549D-03  0.55923733468618D-03
  0.36165396327644D+01  0.20581053303231D+01 -0.14440019981733D+01 -0.33495325981358D-03  0.25950481477781D-04 -0.91534457574669D-04
 -0.14424025395048D+01  0.11548248076997D+01 -0.74186659945156D+01  0.80578759652250D-04  0.37310856099735D-04 -0.57054101962986D-03
 -0.51123384204486D+01  0.29116272839552D+01 -0.37968229253640D+01  0.52625800443833D-04  0.75209217098279D-04 -0.10034471442315D-02
 -0.11157968798269D+02 -0.28194670870701D+01 -0.86660670128298D+01 -0.51740435111879D-03 -0.88400198320215D-04  0.40155024939767D-04
  0.64026148048263D+01  0.50381432747323D+01 -0.36584268810293D+01 -0.20861627055844D-03  0.36877779192577D-03 -0.13654139042591D-03
 -0.10242525018688D+02 -0.52617002993790D+01 -0.48330756394276D+01 -0.62132225841047D-03  0.13415847913159D-03  0.13597137950468D-03
 -0.79782430082897D+01  0.16450375345751D+01 -0.80903350811340D+01 -0.13684627905605D-02 -0.38499191908335D-03  0.27108497050372D-03
 -0.53747082611835D+01 -0.86278140396499D+01  0.12030541467281D+01 -0.30578441801507D-03 -0.98128792325830D-03 -0.29177477361371D-03
  0.20174638489899D+01 -0.51531032491414D+01  0.34247435418608D+01 -0.49960655950220D-03  0.13541634370803D-03 -0.84485977236647D-03
  0.50515720663873D+01  0.22313389991696D+01 -0.67196898528390D-01  0.93072756136423D-03  0.12155339171032D-02 -0.52643068884029D-03
  0.21631472827681D+01  0.48621874625131D+01 -0.68471002064697D+01  0.10209650213374D-03 -0.66467668890674D-04  0.13976909052133D-02
 -0.10954111674436D+02 -0.19847341028465D+01 -0.10860401313213D+02  0.16104692355160D-04 -0.38058345700983D-03  0.92966942299556D-03
 -0.12671994049599D+02 -0.47201710186023D+01 -0.77823672867920D+01  0.58137294044445D-03 -0.33829250853427D-03  0.19618739021607D-03
 -0.14978248487401D+02 -0.46046838732350D+01 -0.89883696542872D+01  0.50285002797259D-03 -0.46048672152722D-05  0.12221143595847D-03
 -0.95101921690429D+00 -0.95758132646028D+01  0.43850862483860D+01  0.58274618395353D-03 -0.76956433736378D-03  0.38005252067847D-03
 -0.21596202575702D+01 -0.11623111474558D+02  0.42977498259176D+01  0.87969930637061D-04 -0.13133884130381D-03  0.38671157271296D-03
  0.12029420040341D+01 -0.89471898592831D+01  0.61522907447739D+01  0.28167980768508D-03 -0.62072657595672D-04 -0.13641145507389D-05
  0.12708248995472D+01 -0.10392137953916D+02  0.81941991525215D+01 -0.31832370823700D-03  0.29181093504277D-03 -0.17164471018009D-03
  0.76285246518073D+01  0.45110368114143D+01 -0.17127610850636D+01 -0.44976782074644D-03 -0.18952675284298D-03  0.30992874697555D-03
  0.65485196919745D+01  0.64252694590629D+01 -0.59395719674662D+01 -0.14017501597022D-03  0.27358855514679D-03 -0.27919464555573D-04
  0.76494608147872D+01  0.88839705431629D+01 -0.56252888192199D+01  0.29836155557238D-03  0.25073773274745D-03  0.36100504053787D-03
 -0.28870509947288D+00  0.22727924764635D+01 -0.94147820429938D+01 -0.22127507498164D-03 -0.17908213129735D-03  0.13639041909217D-03
 -0.62401413812121D+01  0.53110232061050D+01 -0.45660693053756D+01 -0.47611394877973D-03  0.40554513202836D-03  0.42425453281780D-03
  0.63600279586341D+01  0.10586475560445D+02 -0.57539480763130D+01  0.34892830069950D-03  0.53918977127745D-03  0.61388605857756D-03
  0.89364053962809D+01  0.91276343504388D+01 -0.72110983155594D+01 -0.50556234267344D-03  0.27640671895484D-03 -0.10475280176079D-02
  0.87264802275733D+01  0.92941539006754D+01 -0.40307509508206D+01 -0.43750431451814D-04 -0.52542361408098D-03  0.67497881896249D-03
 -0.51002423715707D+00 -0.11568204312247D+02  0.81314137146102D+01 -0.55321568887104D-04 -0.19854974094693D-03 -0.42287359446695D-03
  0.14380447426169D+01 -0.92060634958725D+01  0.10342054949827D+02 -0.12400463623849D-03  0.14541834643539D-02 -0.15776483793470D-03
  0.30688264972443D+01 -0.11171016472222D+02  0.78840266769350D+01 -0.61907552785268D-03  0.23536242048101D-03  0.88237556937131D-03
 -0.70114478591207D+01  0.59523632415938D+01 -0.26317348069680D+01  0.63743082724680D-03  0.38004879923521D-03  0.35585027236546D-03
 -0.78084003677868D+01  0.47251919084659D+01 -0.58524122637691D+01 -0.54175568748420D-03  0.54437542328791D-04 -0.51036496077955D-03
 -0.48353971043604D+01  0.60657047892190D+01 -0.59674784630563D+01  0.73525376292726D-05  0.51008653257284D-03  0.19121346234197D-04
 -0.15528231352363D+01  0.25001220083779D+01 -0.11042260434331D+02 -0.82099391132711D-03  0.11042775013056D-02  0.58784946793909D-03
  0.15849795813988D+01  0.16108229698288D+01 -0.10373053452073D+02 -0.96335437706667D-03 -0.54344568974460D-03 -0.51776951746500D-04
  0.34352352217304D+00  0.42774966077283D+01 -0.91847432277120D+01  0.16242244144737D-02 -0.18964640736198D-03 -0.63434707889672D-03
 -0.15170705725848D+02 -0.58644100176358D+01 -0.10626236316325D+02 -0.67611884517914D-04 -0.19746303656534D-03  0.41892027007183D-03
 -0.15528707888597D+02 -0.26305795719468D+01 -0.92491686464989D+01  0.13421305773603D-02  0.57591299232944D-04 -0.83416377255867D-03
 -0.16109442419622D+02 -0.55964056278945D+01 -0.75152648413270D+01 -0.42722462213082D-03 -0.98102386421931D-04 -0.99860426847299D-03
  0.94299927189843D+00  0.93861917516390D+01  0.16900031068866D+02 -0.14969848752761D-03 -0.51719865542232D-03 -0.31257890669301D-04
  0.57958060476758D+00  0.71110209852082D+01  0.17673377132644D+02  0.37333832987907D-03  0.19988848206684D-03  0.11911345306412D-03
 -0.12024257947584D+01  0.56020125834914D+01  0.16067081687023D+02 -0.58226901057147D-03 -0.34108588371593D-04 -0.37902718888639D-04
 -0.28837357316236D+01  0.69745567019211D+01  0.14496433641483D+02  0.80979380162119D-03  0.79322551315966D-03 -0.45826443869516D-05
 -0.23995715004004D+01  0.93909125558802D+01  0.13988873369149D+02 -0.63618495251937D-03  0.15685400464611D-03 -0.39559216736306D-03
 -0.32515286126634D+00  0.10660518795071D+02  0.14939312602975D+02 -0.20589339755145D-03 -0.31436206493820D-04  0.61682407946952D-04
 -0.19779135445881D+01  0.29090773566920D+01  0.16545553310406D+02 -0.37449947621061D-04 -0.21047760096780D-03 -0.71095469338186D-04
 -0.44897444435862D+01  0.22580875236048D+01  0.15711090885278D+02  0.26990940446025D-03  0.27198080698522D-03  0.38585607934123D-03
 -0.61549690177885D+01  0.37831291981407D+01  0.14529786789633D+02 -0.49104176645872D-03 -0.14673161730293D-03  0.23303490041106D-03
 -0.53040555354976D+01  0.58899633383113D+01  0.13503178102679D+02  0.68669005090765D-04 -0.39121911450836D-03  0.36384442791255D-03
 -0.56481847916790D+00  0.37805130544969D+00  0.16893824897605D+02 -0.29339173359194D-03  0.83414169360128D-05  0.46075923038879D-03
 -0.19442580402071D+01 -0.20106243557613D+01  0.17217933371526D+02  0.19923227665829D-03 -0.20674529546717D-06  0.28657690201859D-03
 -0.44048221421762D+01 -0.25181238167853D+01  0.17036086219104D+02 -0.25683558960085D-03  0.12299639440242D-03  0.12213622488142D-03
 -0.54849272697673D+01 -0.37447246669836D+00  0.15967511316328D+02 -0.31664584858422D-03 -0.12607847025098D-03  0.22220418372617D-04
 -0.78665550239646D+01 -0.10658174961372D+01  0.15128167401803D+02 -0.20407332833801D-03 -0.37818577630180D-04  0.18447407685235D-03
 -0.95287737365569D+01  0.64366663696523D+00  0.13889967577370D+02  0.87345987933854D-04  0.33141205664409D-03 -0.14048657912502D-03
 -0.85107054545750D+01  0.31387959589846D+01  0.13761483689989D+02  0.47812795778172D-03  0.43265152714869D-03 -0.23973246916628D-03
  0.22859254220979D+01 -0.21209397400122D+00  0.16760066631284D+02  0.28497280852004D-03 -0.16035972542415D-03 -0.74301226058796D-04
  0.31415888301599D+01 -0.25961082583056D+01  0.16498443612131D+02  0.19734701362909D-04  0.26778764658919D-06 -0.66090686496312D-04
  0.17687520303363D+01 -0.45390537166111D+01  0.17558591227066D+02  0.18580252695533D-03 -0.23939880337161D-03  0.27735414338056D-03
 -0.82468342954562D+00 -0.42450184496885D+01  0.17847545231237D+02  0.55034611823180D-03  0.12844623635065D-03 -0.29958189913309D-03
  0.35587759576119D+01  0.19372068926228D+01  0.17159474046614D+02 -0.34886925641585D-04 -0.11808145665524D-03  0.46038930504923D-03
  0.17152274767882D+01  0.60159633726753D+01  0.19634845320366D+02  0.15886977556286D-03 -0.50987495996182D-04 -0.39871151990244D-03
  0.28675397238916D+00  0.13248407156724D+02  0.14287299106461D+02  0.19918315068670D-03 -0.53457354343641D-03 -0.65296812393561D-03
  0.29963892683400D+01 -0.71611755797079D+01  0.17581115723289D+02 -0.32216249786143D-03 -0.43367660138376D-04 -0.33196826733446D-03
 -0.35085592640927D+01  0.10382209187295D+02  0.12665312695864D+02  0.49457788988609D-03  0.86934971225258D-04 -0.29779998986190D-03
  0.23779131705561D+01  0.10526727021180D+02  0.17887602982366D+02  0.58268601474093D-03 -0.10801555813375D-02  0.12756468592378D-03
 -0.96791979436405D+01  0.44445695380058D+01  0.12637933632507D+02 -0.95231463915107D-04 -0.40298445466887D-03 -0.16020064457503D-03
 -0.82443672593381D+01 -0.31036317512470D+01  0.14960414257504D+02  0.37056679228806D-03  0.29129354818985D-04  0.36127573057378D-03
 -0.17535827818213D+01 -0.61981614712732D+01  0.18411099750606D+02  0.24375126014148D-03 -0.11121391467606D-03  0.85615904907213D-03
  0.48058545864200D+01 -0.33385315864589D+01  0.15622713550837D+02  0.50326505188534D-03  0.33555063492182D-03 -0.51395363045265D-03
  0.25190960081775D+01  0.13929634357944D+02  0.14422191316954D+02  0.10661240155048D-03 -0.35475650401939D-03 -0.56036463568663D-03
 -0.17351173866328D+01  0.14696578334825D+02  0.13592627617096D+02 -0.94776412034840D-04 -0.34256254222801D-03  0.85167974816098D-03
 -0.77117242290780D+00  0.16735969573651D+02  0.11930794684435D+02  0.66935569640596D-03 -0.55127463655403D-03 -0.32761948416282D-03
 -0.11682884208898D+02 -0.35790001867504D+00  0.12488423456125D+02 -0.23230384065078D-04  0.18881342219486D-03  0.32880622289244D-03
 -0.13669707213767D+02  0.87768289037143D+00  0.12470740463366D+02 -0.34994202643473D-03 -0.13052371452175D-03 -0.56885856521907D-03
 -0.11773772811722D+02 -0.26284025546003D+01  0.11108158842928D+02  0.87115449729429D-03  0.64307472110386D-03 -0.34389415505231D-03
 -0.14228295416944D+02 -0.28036793512367D+01  0.10069726597598D+02 -0.77509795643809D-03  0.62041508019690D-04 -0.11003115585959D-03
  0.40560688190432D+01 -0.76960915986483D+01  0.19558584222374D+02 -0.67626877290310D-03  0.14874691222574D-04  0.46880666121131D-04
  0.30722339031432D+01 -0.85135682566232D+01  0.15586749906993D+02  0.70184715905633D-04 -0.13159963404975D-03  0.12475470840058D-03
  0.50169780706321D+01 -0.10269610004879D+02  0.16054507766835D+02  0.16219354991835D-04  0.24353094772219D-03 -0.25783225032087D-04
  0.55408320023865D+01  0.16413859224907D+01  0.18684302023266D+02 -0.19099937112081D-03 -0.30536889520090D-03  0.48020024203382D-03
  0.80739716699460D-01  0.49949332344264D+01  0.21672019612664D+02  0.65042864504320D-03 -0.33665112444715D-03  0.65180583971010D-03
  0.65457169254209D+01 -0.10566466993258D+02  0.14674708505962D+02  0.28060460033646D-03  0.22925273033273D-03 -0.11181440024695D-03
  0.42497908489522D+01 -0.12302356757768D+02  0.16059452846336D+02  0.14548352243933D-04 -0.15589414024508D-03 -0.27153660677796D-03
  0.56477598493035D+01 -0.10378183210842D+02  0.18362654237831D+02 -0.66206740568684D-03 -0.19500189307171D-03  0.22693733129678D-04
 -0.15424973999883D+02 -0.29535378477773D+01  0.11498623701562D+02 -0.36875865673223D-03  0.37637808927888D-03  0.61757287729138D-03
 -0.14213260318472D+02 -0.45352914617421D+01  0.88169437780853D+01  0.22502845934229D-03 -0.89640053291489D-03 -0.18353678353482D-02
 -0.14585457730729D+02 -0.10263873195913D+01  0.91185907115412D+01  0.65143365843459D-03  0.20048976888599D-03 -0.11173594830618D-02
  0.12409436855397D+01  0.39146372893689D+01  0.22833840860324D+02  0.15486472435133D-03 -0.21241397351285D-03 -0.87858734717617D-03
 -0.16515258875928D+01  0.38070373357459D+01  0.21008672940521D+02  0.11822968666095D-03  0.32761789114045D-03 -0.35157156659138D-03
 -0.49156928254322D-01  0.67214621481238D+01  0.22671223552296D+02  0.17832108733810D-02  0.41549565079213D-03 -0.25922550220522D-03
  0.68461129604091D+01  0.33939542064124D+01  0.18924689207677D+02  0.73215116982590D-03 -0.10915404974645D-03 -0.52595196555998D-03
  0.66669039756467D+01  0.12490941810114D+00  0.17922401634799D+02 -0.12070158129176D-02  0.12685554974831D-02  0.55802738514461D-03
  0.51508438137190D+01  0.82756956930726D+00  0.20502439475431D+02  0.46178484455533D-03 -0.38484471978776D-03  0.35228836327658D-03
  0.13310702903843D+01  0.16372111854165D+02  0.11643164989572D+02 -0.85311256930626D-03  0.15916931916344D-03  0.76029394827444D-04
 -0.15532149513063D+01  0.18585077497134D+02  0.12131774509367D+02 -0.33896076658324D-03  0.13004474659741D-02 -0.83316452255912D-03
 -0.18871681104037D+01  0.15734445334727D+02  0.10207875849139D+02 -0.30468365271339D-03  0.47661389666406D-03 -0.20279156438449D-03
