$coord
       -0.90993799825310       -1.65536423157808       -2.60389275238456      C
       -1.71503637881839        0.02268698400901       -0.70565477171173      C
        0.04664379878014        0.71349677941715        1.25858426711133      C
        2.21828952533267       -0.78265169208967        1.57159297430672      C
        2.99796497566185       -2.44473224892056       -0.42172643153237      C
        1.52864669684965       -2.67174796881032       -2.59141085976998      C
       -0.43349477091678        2.75805699931835        3.04133251259561      C
        0.70159300036963        2.18076136153967        5.52673677147829      C
        2.58187327775451        0.47706350271549        5.72974822654984      C
        3.49536284968124       -0.88952246681542        3.72890543598599      N
       -1.95950430078195        5.00990415061558        2.95269093399115      C
       -2.70849879472394        6.24699821468154        5.13506286590158      C
       -2.39295821662450        5.20524817341288        7.42176400352078      N
       -0.37614058255747        3.60947278752179        7.56929058226115      C
        0.62044750326393        3.09480098842396        9.96765927313592      C
        2.69905073103218        1.41069494847225       10.25250769141961      C
        3.45850677458008       -0.01094679852465        8.12370730478443      C
       -2.49981173128558        6.29217296653621        0.57297970572090      C
       -4.23510979040197        8.29961151820675        0.62297804021072      C
       -4.84666627255012        9.53342688315766        2.92600803465427      C
       -4.13848166013797        8.39819212457323        5.17529386623097      C
       -0.97277478134060        5.53511626637263       -1.39151796919651      O
       -4.09098603193183        1.04818423008374       -0.61361234635991      O
        2.35127200332797       -4.32259197277162       -4.72569343902549      C
       -7.06459467674977       11.22750189547151        3.05256352591364      C
        4.82143804899519       -3.32016618907925       -0.09129301102568      H
       -1.95666180486476       -2.03831723592594       -4.21994788110907      H
        4.84000311320833       -1.46449270350033        8.25883572923512      H
        0.22917831219716        4.22288271677547       11.66491800809591      H
       -5.03854712223230        8.94966714330139        6.87820534595112      H
       -5.07607072347523        9.02542064053277       -1.16351068366078      H
        0.71036484365285       -4.84137186535158       -6.37518475307236      O
        4.78632275150425       -5.17278336046735       -4.87736729623974      O
        4.94083095429313       -6.82944653175528       -6.67278962661979      C
        4.22953888603204        1.12888321285906       12.58942345974479      C
        6.04475380254597       -0.27805225431659       12.93034010136807      O
        3.30800753516539        2.59425358289173       14.60035232111974      O
        4.47506237039354        1.89106406301228       16.91772142875031      C
       -7.56543086189007       12.26901485141019        5.01622115111504      O
       -8.35317816698553       11.54672191415530        0.96362117341852      O
      -10.12613205820106       13.43584124103117        1.28541732875548      C
       -1.56269100093002        6.35775760369487       -3.72165473052187      C
       -5.81866983175545       -0.07469251698153       -2.38538795800530      C
      -11.50834955183300       13.75674854328892       -0.34491048194836      H
       -9.03680024231989       15.19454722948916        1.44701468689564      H
      -11.30567154429115       13.05804474722746        2.86523909306203      H
        2.95421261334649        1.27679270814296       18.12360348389176      H
        5.73920984920663        3.31622139368350       17.89865643315447      H
        5.79349681677329        0.23306299879349       16.57544710636229      H
       -7.64736998888481       -0.31494398458518       -1.40951718181142      H
       -5.21572282019875       -1.86330718956432       -3.26429453253143      H
       -6.15569432551291        1.26411397468773       -3.82169294621672      H
        0.25443744696989        6.51133639327189       -4.80593883175434      H
       -2.43578245614851        8.18487097820034       -3.83541300625719      H
       -3.01333639343214        5.31759936560175       -4.77476151521203      H
        4.19504940507755       -6.22892647697294       -8.52597890079547      H
        4.12384305788978       -8.58892070231236       -6.18116104019645      H
        7.04953360602732       -6.99473520264142       -7.13019807175159      H
       -1.49025621454551       -6.04261839080848        4.82394302481644      C
       -1.68193431867234       -4.75645631921211        7.18377990714727      C
       -3.65474618368057       -3.13903891261848        7.52456110181781      C
       -5.23705739011449       -2.42390601076908        5.35831057692615      C
       -4.82061139196118       -3.51316467452056        3.09849253855892      C
       -3.15861176560676       -5.48508325809287        2.87923517791643      C
       -4.28850105858600       -1.98726845355202       10.00477858758905      C
       -5.73355857468399        0.25017807736433        9.89458706810320      C
       -7.05089379732805        0.87713339507175        7.67220404592882      C
       -6.90030317568165       -0.47998260911265        5.50744799926512      N
       -3.24161195843456       -2.76130650738498       12.40425396683518      C
       -2.78773884678041       -0.78977935882856       14.22763110201402      C
       -3.69701513529790        1.59367634476015       13.85091889758786      N
       -5.29865498203255        1.98274426400934       11.91724588155247      C
       -6.66149310373090        4.22293306268398       11.85805719507497      C
       -8.12770755162988        4.72659179342200        9.71716395604165      C
       -8.35537605334431        3.15364332679146        7.63298794134059      C
       -2.65769870631110       -5.23572025324837       13.29321754402572      C
       -0.75527021530885       -5.58248915966400       15.02734773007859      C
       -0.23657732713921       -3.58421905963593       16.78120191728233      C
       -1.27406613383169       -1.27575869916976       16.31094637670524      C
       -3.92940388484539       -7.13254752821002       11.75949024753434      O
        0.34629434425973       -5.04910351941511        8.88298820824430      O
       -2.90532264693098       -6.54989682299970        0.33819975019108      C
        1.32134513602307       -4.25722486552666       19.01158661159064      C
       -5.83640155936866       -2.72617601862436        1.51308153869903      H
        0.25501496137640       -7.24291171175154        4.39954013633243      H
       -9.57003572785583        3.46118214648858        6.10428640773416      H
       -6.41768322299098        5.47765559157823       13.34921575341414      H
       -0.91574100068167        0.52746829731225       17.28798042337295      H
       -0.31662890581975       -7.35000574195851       15.84100212216030      H
       -0.78118360830208       -6.82433188772984       -0.42278738613056      O
       -5.09459437268542       -6.81809912502217       -1.04384706564984      O
       -4.35026949084268       -7.36551558902073       -3.59917043286370      C
       -9.35070677150282        7.10988902718743        9.50322566631378      C
      -11.36386393549556        7.38365459871958        8.41595018516296      O
       -8.25048132596702        9.24895526200606       10.71982955532184      O
       -9.79324667861951       11.44467733408425       10.35042599844243      C
        1.85379558310990       -6.46420958635044       19.41522468491467      O
        1.70136890955058       -2.32158767960956       20.61424815246379      O
        2.82625568089262       -3.19800122886012       22.82360146940522      C
       -6.61063501076271       -6.75606706115559       11.44992933881416      C
        2.28141741736906       -6.86664403549519        8.21487379339984      C
        3.17535382669699       -5.21491208660248       22.49172276051261      H
        1.39368387613201       -3.08809883396505       24.30276932043876      H
        4.52920723965013       -2.09563529239428       23.18218257910910      H
      -11.74006285230373       10.79476951926508       10.19067049893762      H
       -9.23544590249173       12.55079786183495        8.66659736359915      H
       -9.63424717024004       12.68015520595462       11.93755980629868      H
        1.47432345212871       -8.73536551378393        7.61859484385572      H
        3.38243989134519       -7.27214018436520        9.89094508910535      H
        3.61067432134735       -5.93640934354502        6.86484301969397      H
       -6.96623062612238       -7.43661754530287        9.42211967288068      H
       -7.02602507810936       -4.73252910097826       11.50042530946610      H
       -7.78091280006762       -7.96850024586473       12.64856909325349      H
       -4.18313203229826       -9.40540936397610       -3.91672934528161      H
       -2.36129344376562       -6.61210006370332       -4.09194073618333      H
       -5.72553857408850       -6.45260562279761       -4.84155833059660      H
$end
