$coord
       -2.67985845415485       -0.15194182378930       -3.08125983334498      C
       -2.90680894347724        1.49710642846312       -1.01065207016793      C
       -1.02223792641192        1.52157797120681        0.83438206909940      C
        0.88595207979776       -0.39202604649628        0.87072016430916      C
        0.97361153055007       -1.99286598139661       -1.15939766852208      C
       -0.54591769488724       -1.61558047528608       -3.23473361861960      C
       -0.81584358324149        3.47565381202039        2.77469661049894      C
        0.68333290401474        2.85605443452361        4.89023382473793      C
        2.35896868291143        0.61873727392438        4.83976687247613      C
        2.61596516775916       -0.60453340529834        2.67200897001974      N
       -1.91346246147012        5.91374796416303        2.62557051385167      C
       -2.12000486726821        7.28678511272928        5.04144862408283      C
       -0.92161973911673        6.65637498957247        7.23077124597137      N
        0.52263813652189        4.55050656972727        7.07941798875720      C
        2.00943191144029        3.80999937612402        9.16398692786041      C
        3.29486776238412        1.50492802697747        9.10737222659441      C
        3.55557438752250       -0.04206195142218        7.08432527656191      C
       -2.40849386400516        7.36000980319123        0.44661240610225      C
       -3.93548672712069        9.40459175715617        0.46765198825858      C
       -4.67217998335306       10.32308657026643        2.78687146199896      C
       -3.72131306782229        9.32287808384120        4.95715192443274      C
       -1.01873768281148        6.74467261644784       -1.75763948824876      O
       -5.10617481805982        2.98130046618042       -0.63440241645787      O
       -0.47760560873296       -3.36786538738009       -5.57049509857196      C
       -6.73154879050602       12.15932931325056        3.12907081298166      C
        2.32162885862751       -3.39656873499039       -1.29771507138304      H
       -3.94835734400012        0.13943937021639       -4.54995611018875      H
        4.40175775114307       -1.84194063470482        7.14432392527302      H
        1.74951738554673        4.78844773851057       10.93198975010571      H
       -4.15170714541401       10.22473690128453        6.73167122881219      H
       -4.62663855589384       10.42195907443253       -1.29949284734097      H
        0.01739805810743       -5.59643735166219       -5.50128280712360      O
       -0.69871085003819       -2.02837876317504       -7.83186979614823      O
       -0.61816587629046       -3.44846181665129      -10.05383375178813      C
        4.34316524186591        0.51075567772165       11.53606657949719      C
        5.94332484078995       -1.15936185432049       11.37288628789505      O
        3.51246081933614        1.77244366445650       13.66306236591407      O
        4.88574208071625        1.04396626543903       15.87107429748550      C
       -7.38478384353064       12.53334565230596        5.39831832153710      O
       -8.23871999678596       13.00718798423804        1.12184239353128      O
      -10.36440046718503       14.27495244769166        1.92431776804985      C
       -2.02162036711058        7.49400008854545       -4.16180853126034      C
       -7.40172506893581        2.24001265023346       -1.72034124766692      C
      -11.96263413410252       13.92474909682997        0.65764584152485      H
       -9.91876942052133       16.35309906730981        2.26171997311378      H
      -10.96721503299643       13.52495883881103        3.75595986452599      H
        5.27135523842848        2.64210829449998       17.12482264699917      H
        6.81024319724745        0.27803446669465       15.56338674038872      H
        3.82820369555396       -0.32550282342138       16.85726940639375      H
       -8.66766100131369        2.20037966856935       -0.04636679551562      H
       -7.44318694419209        0.45868271569609       -2.69427973746195      H
       -7.85049450788666        3.53877611931474       -3.17226327061030      H
       -1.36263748406076        5.90527455639582       -5.27536234715986      H
       -1.35569831360896        9.35399653954457       -4.72668018396638      H
       -4.02090494709145        7.46460938497522       -4.04985987958381      H
       -0.52799225078244       -1.99781357072359      -11.54463996567723      H
       -2.19439941074958       -4.59458177584955      -10.35315724775440      H
        1.11362423803539       -4.64975989340791      -10.12693450624398      H
       -0.03459582648270       -6.99302797265336        5.80860424134128      C
       -0.30859635747946       -5.47065824472957        7.89894235377040      C
       -2.71869037475578       -4.02589573623786        8.01923246139936      C
       -4.06792324124397       -3.76609497620615        5.76641668834236      C
       -3.83020663214524       -5.48081814220861        3.77206711904745      C
       -1.81012874497022       -7.30879351090689        3.92544953397166      C
       -3.27082049666827       -2.36481920559756       10.17221182134976      C
       -4.96359121956077       -0.47104231522373        9.79347001096377      C
       -6.05768232637294       -0.17050989168588        7.27984853992061      C
       -5.65942318510055       -1.78409927353636        5.34533735564082      N
       -2.64220733276053       -2.94143329408698       12.71287666832784      C
       -3.12702753149610       -1.19078494332836       14.65233334006226      C
       -4.64336538838036        0.84051429051407       14.15461366218707      N
       -5.28000504678686        1.35938122818998       11.78473431858677      C
       -6.76154445822505        3.46306699018216       11.49772377794130      C
       -7.61181222131347        3.84585486585982        8.90646998019026      C
       -7.15741646820977        2.14472407744972        6.96068354701548      C
       -1.91036910314349       -5.54012999626391       13.45108745579387      C
       -1.03562068444946       -5.74917524383162       15.93215074595342      C
       -1.29443002755734       -3.90196025231747       17.84154149841160      C
       -2.35030287522521       -1.64764334588528       17.16181168983493      C
       -2.28385792608844       -7.63716780988918       11.86536365666443      O
        1.41936838935291       -5.28502679256699        9.74834225610960      O
       -1.08380734969992       -8.64520019207390        1.63861828006469      C
       -0.07286078507848       -3.81259359739819       20.44506761712193      C
       -4.58433647638125       -5.28172694141952        1.93055583830816      H
        1.83406236292549       -8.03154122422367        5.52685960045388      H
       -7.79820588595795        2.78124622883954        5.19707774581970      H
       -7.13081266936825        4.92031006510645       12.98452066392108      H
       -2.48216130295988       -0.23378243309655       18.67263103089649      H
       -0.68136195507694       -7.62657447482087       16.51301514549282      H
        0.93884799355714       -9.67090904749321        1.74895035746763      O
       -2.61626806432451       -8.39337790349516       -0.38530699072740      O
       -1.51428985938597       -9.81441014664454       -2.47144301930672      C
       -8.53522986040696        6.44072767264046        8.41653539244421      C
       -9.05999844003650        6.88631681190495        6.19707393151606      O
       -8.68189378705454        8.10813290208264       10.48113371325523      O
       -9.43727536793645       10.40097647458430        9.53753212525096      C
        1.48130127110030       -5.31430030920857       21.23159782703556      O
       -0.93210889141922       -1.84201460960698       21.85371735572146      O
        0.31268115186820       -2.19134398557595       24.34277180577612      C
       -2.79202539031981       -9.92671540686879       13.25253524406593      C
        3.28765055451614       -7.06445779826225       10.17702429749879      C
        2.39714629262954       -2.22381265556391       24.27692471699395      H
       -0.54953352201220       -3.80728967579265       25.36050985878393      H
       -0.18487906586256       -0.49521858622766       25.32286445804508      H
      -10.85792964013709       11.35459986822400       10.84908126709904      H
      -10.06081914349498       10.38298096570283        7.63649485463411      H
       -7.75065624715312       11.69644556607816        9.67358342374814      H
        3.00158090142304       -8.21813235500341       11.87504060623145      H
        4.96043617608668       -5.82821641460161       10.48356772511859      H
        3.41414757017555       -8.53255143924005        8.71160689449855      H
       -2.18259240055881      -10.20250536387672       15.28276455813867      H
       -1.72250654574562      -11.47858002906077       12.22573234087034      H
       -4.80371058739173      -10.34957099324531       13.18267162805961      H
        0.23404453155291       -8.89708180282224       -2.92957412966578      H
       -2.79632720375227       -9.81931605345330       -4.06932055781449      H
       -1.09175645175450      -11.73177155173271       -2.03191577266258      H
$end
