 -1.0
  0.75599455191804D+01 -0.27169204133960D+01  0.66893348223040D+00  0.41484390841641D-04  0.10992582978098D-03  0.49128069248455D-03
  0.81983784042900D+01 -0.52272856275361D+01  0.41779933181346D-01  0.39437599138540D-03  0.33433123199819D-03  0.12186231022142D-03
  0.10613098156058D+02 -0.57887591021785D+01 -0.51584668038609D+00 -0.32244041930780D-03 -0.49300766629730D-03 -0.17095632818886D-03
  0.12365316164867D+02 -0.38694323348852D+01 -0.11680196172462D+01  0.53492996968377D-03  0.36814618061718D-03 -0.13939713505947D-03
  0.11704396097144D+02 -0.13732651154741D+01 -0.22098886455300D+00  0.15358583716945D-03  0.33889608429937D-03  0.31530865398742D-04
  0.94327794334485D+01 -0.87555139194620D+00  0.67226486314223D+00 -0.14215313095157D-03 -0.25157270491831D-03 -0.16653432886103D-03
  0.11287391893979D+02 -0.82906900839946D+01 -0.35283661378497D+00  0.20720485319232D-03 -0.21207467583218D-03 -0.38929670238313D-04
  0.13181496376937D+02 -0.86432439646972D+01 -0.21778942841416D+01 -0.15859256915709D-03 -0.50527093711348D-03 -0.50816693572405D-03
  0.14431084477535D+02 -0.69511430837880D+01 -0.37152173536392D+01  0.25925374449824D-03  0.13768490221663D-03 -0.52702458157911D-03
  0.14397037886212D+02 -0.45443486262192D+01 -0.27278651330537D+01 -0.20035020788890D-03 -0.33455956607408D-03 -0.74252753778085D-03
  0.10532004416817D+02 -0.10202746066257D+02  0.12633237269227D+01 -0.73952663954878D-04 -0.33393997729977D-03 -0.43880275054846D-04
  0.10817345064716D+02 -0.12711036032398D+02  0.55289383186151D-01  0.41857097677204D-04  0.18264344659038D-03 -0.10031805072598D-03
  0.12223411628420D+02 -0.13204946805446D+02 -0.19307431989933D+01 -0.36912554254801D-03  0.13993241852253D-03  0.47358590932655D-03
  0.13731175104886D+02 -0.11236821247847D+02 -0.26492362119783D+01 -0.29927054426930D-03 -0.91786131751804D-05  0.18945631562760D-03
  0.15223437958000D+02 -0.11845104578702D+02 -0.48859963069395D+01  0.58717437527862D-04 -0.47587824298216D-03 -0.21552886841654D-03
  0.16134947956716D+02 -0.10165781812214D+02 -0.65844824074549D+01  0.50338996828193D-03 -0.12639653046114D-03  0.12072594763041D-02
  0.15650164284091D+02 -0.77288449602810D+01 -0.57581839003719D+01 -0.70249772117637D-03 -0.14078677105337D-03  0.57736628147489D-03
  0.92095900665501D+01 -0.99316230376676D+01  0.34654843144529D+01  0.59109692540443D-03 -0.37018396437858D-03 -0.15080098885292D-03
  0.85388787163286D+01 -0.12162379507068D+02  0.47715147195073D+01  0.30418994722184D-03  0.11483767259177D-03 -0.22047271557131D-04
  0.86302366876673D+01 -0.14739858750887D+02  0.36147939889638D+01  0.34129903069739D-03  0.36632133707459D-04  0.72423888493119D-04
  0.97480873452415D+01 -0.14859504284976D+02  0.11193168769720D+01 -0.88143133146293D-04  0.52716771226908D-04 -0.19410115959019D-03
  0.91746959879146D+01 -0.79079746396225D+01  0.47752047454466D+01 -0.49915892107989D-04  0.26242178203467D-03  0.60883155710044D-04
  0.57225334823137D+01 -0.66575737467093D+01 -0.17491680360526D+00 -0.51966592221475D-03 -0.29523585838397D-04 -0.46483330948456D-04
  0.93212821573468D+01  0.75051350377160D+00  0.30732742828156D+01  0.18838537452688D-03 -0.52339869063745D-03  0.86716813326770D-03
  0.77455142636839D+01 -0.16933029627032D+02  0.51315623739643D+01 -0.55784889461270D-04  0.37302587869279D-03  0.30070026525729D-04
  0.13296536822641D+02 -0.33044883672022D+00 -0.36173419829641D+00  0.57361173915134D-04  0.44215979654310D-04  0.17160032867015D-02
  0.57529626784700D+01 -0.24833942335665D+01  0.13158636958714D+01  0.81311397242979D-03 -0.89846129497612D-05  0.28034663163180D-03
  0.16295230011539D+02 -0.63589239748078D+01 -0.70023364125729D+01  0.71318269208514D-03  0.76398418436849D-03  0.13686859892354D-02
  0.15475283404014D+02 -0.13772142872958D+02 -0.53440451262148D+01  0.49031426436363D-03 -0.13791508818537D-02  0.13798960354121D-03
  0.96422655733384D+01 -0.16159935168046D+02 -0.38368910444938D+00  0.28867733964414D-03 -0.29610731899357D-03 -0.11969623265885D-02
  0.83042487109512D+01 -0.12086389660243D+02  0.68154942072655D+01  0.15891219221032D-03  0.57687851446405D-03  0.43243397340880D-03
  0.70459285325923D+01  0.94327306832449D+00  0.38559505408920D+01 -0.51910654313489D-03 -0.14376523260272D-03 -0.83652265826609D-03
  0.11434168508915D+02  0.20284043607875D+01  0.38223883501714D+01 -0.32749137262643D-03 -0.26703669446330D-03  0.21644147173533D-03
  0.10935733476361D+02  0.38972929526897D+01  0.57530753027337D+01  0.42062492677587D-03  0.87527304721333D-03 -0.74904748290867D-04
  0.17652929255273D+02 -0.10984105751520D+02 -0.88956066907368D+01  0.61756120136633D-03  0.52971758764676D-03  0.26108208955309D-03
  0.16804930772235D+02 -0.12110679190688D+02 -0.10743242942150D+02  0.42449488867316D-03  0.49978399196972D-03 -0.54907548395076D-03
  0.20095475014137D+02 -0.99775273259158D+01 -0.88084979922336D+01 -0.20640353103809D-03  0.35566875648531D-03 -0.22534822089444D-03
  0.21819069745066D+02 -0.11508536259064D+02 -0.10332916725951D+02 -0.46330294773706D-03 -0.68283582125719D-04 -0.14824847674327D-03
  0.75628687149738D+01 -0.18815018710983D+02  0.39583464203873D+01  0.15430111516515D-03  0.27045812147672D-03 -0.12646479212973D-03
  0.68514345924862D+01 -0.16615846524245D+02  0.76052108403823D+01 -0.13575315752365D-03 -0.58546098001178D-03  0.38452391608415D-03
  0.82185101519493D+01 -0.18226747892479D+02  0.92929928700860D+01  0.98124813167470D-05 -0.16652506499421D-03 -0.54284677074441D-04
  0.71852550035110D+01 -0.69301576729745D+01  0.61004418191863D+01  0.25641985086841D-03 -0.16768812791399D-03  0.13546380158787D-04
  0.55207610148173D+01 -0.94031841625423D+01 -0.35122098805169D+00 -0.11443519524516D-03 -0.36698215475575D-03 -0.71161703207332D-03
  0.74289580091154D+01 -0.18026296573361D+02  0.11215043883569D+02  0.11656863577723D-02 -0.71125766984339D-04 -0.50357150789684D-03
  0.10206759305875D+02 -0.18382651375827D+02  0.93430591770510D+01 -0.35221107318927D-03 -0.52781849660763D-04 -0.88891395520257D-03
  0.78262190712333D+01 -0.19877404155678D+02  0.82293832844087D+01  0.65869498457628D-03 -0.68481380683046D-03  0.68304326858990D-03
  0.21387254903154D+02 -0.11169737823962D+02 -0.12320620621054D+02  0.65752075533412D-04 -0.11886984998536D-02  0.10763275237622D-03
  0.21575652776855D+02 -0.13405222721544D+02 -0.10270227988633D+02  0.28221993813416D-04 -0.16403969983285D-03 -0.42508188953786D-04
  0.23536895751859D+02 -0.11114206121152D+02 -0.92914136868346D+01 -0.31103274575938D-04 -0.25074969682551D-03 -0.23628928586744D-03
  0.67937506770834D+01 -0.10438499063970D+02 -0.15570450424798D+01  0.27755153229745D-03 -0.44443424488062D-03  0.66938447055210D-03
  0.36344097024495D+01 -0.94710677375194D+01 -0.96271647097884D+00  0.47685565200124D-03  0.15872706411539D-03 -0.10934325852809D-02
  0.52260945548951D+01 -0.10764126062279D+02  0.14653486926520D+01  0.76364521316892D-03 -0.40594503809663D-03  0.23504616107564D-03
  0.77268013168246D+01 -0.69912679407456D+01  0.79676733176056D+01 -0.42650390470583D-03  0.95750152467086D-04  0.24249831430009D-03
  0.54720217247726D+01 -0.78058703079576D+01  0.54208554146006D+01  0.50877188997049D-03  0.46335182082213D-03  0.55533930805884D-04
  0.67338246648390D+01 -0.47635298356698D+01  0.58204814244903D+01 -0.65039002995576D-03  0.62271678516093D-04  0.15095127259445D-03
  0.90091215720358D+01  0.39964592537956D+01  0.61670137891413D+01  0.23602049988584D-03 -0.17208781627606D-03 -0.88591675351571D-03
  0.11707548314091D+02  0.54496907960011D+01  0.46978989414001D+01 -0.37151728827833D-03  0.56447488397450D-03  0.13634403870509D-04
  0.12339324729994D+02  0.35900217908745D+01  0.72334175230434D+01  0.43548772357683D-03 -0.46522068301320D-03  0.61626506971463D-03
 -0.16257352297640D+02  0.15595304467721D+02  0.94422391572496D+01  0.13904140531253D-04 -0.28588877284767D-03 -0.22712456658890D-03
 -0.16836995844778D+02  0.13219790405302D+02  0.10370283300453D+02  0.41118334721585D-03 -0.15546444696852D-04 -0.10619046698058D-03
 -0.14785192283121D+02  0.11609260394236D+02  0.11244925724765D+02 -0.19399118165154D-04  0.38526487871631D-03 -0.45486082890567D-03
 -0.12503475468076D+02  0.11966599186496D+02  0.10382145256184D+02 -0.52257677260288D-04  0.15229462326645D-03 -0.22169003696700D-03
 -0.11972150757788D+02  0.14479949299571D+02  0.97475316456259D+01 -0.28431229584047D-03 -0.45753777040214D-04 -0.94480099608356D-04
 -0.13764027372055D+02  0.16336331435721D+02  0.95361371136773D+01 -0.89749066228883D-03  0.22865831945110D-03  0.19348336678259D-03
 -0.15190928619513D+02  0.91792203782366D+01  0.12510911574923D+02  0.20471922771147D-03 -0.40301599716937D-03 -0.19475881982568D-03
 -0.13426182873892D+02  0.72867356291132D+01  0.12012867458059D+02  0.55052598575374D-03 -0.15824609745326D-03  0.17208772241135D-03
 -0.10873089156876D+02  0.81636405945146D+01  0.11077602959465D+02  0.36868687361794D-03 -0.14459663939161D-03  0.99651766732947D-04
 -0.10441788692028D+02  0.10512219507937D+02  0.10619362322344D+02  0.23062995519588D-03  0.34217500238529D-03  0.15771287199482D-03
 -0.17328851336602D+02  0.86183160837052D+01  0.14303292266540D+02  0.22028227979511D-03 -0.53545222260530D-03  0.30149401677595D-04
 -0.17755865462041D+02  0.60588018537713D+01  0.14681360705105D+02  0.19172644899079D-03  0.33476600613060D-03 -0.24739935420092D-03
 -0.15998732140395D+02  0.41660194986235D+01  0.13847649967855D+02  0.19114748364254D-04 -0.84889220361920D-04  0.17894214130795D-03
 -0.13947408515906D+02  0.47808845504640D+01  0.12719060550002D+02  0.25343560007250D-03 -0.30505889466587D-03  0.40869241191008D-03
 -0.12207889464404D+02  0.29993944272155D+01  0.12565896899746D+02 -0.42910573131775D-03  0.47060620195056D-04  0.97788175043015D-04
 -0.97328714724148D+01  0.36772147318190D+01  0.11727619633503D+02 -0.76048315954853D-03 -0.10027125672978D-03 -0.76745699570970D-04
 -0.90960028590595D+01  0.61924059567480D+01  0.11037342823691D+02 -0.53293896925226D-03  0.27182934073240D-03 -0.12961628701562D-03
 -0.18935129150258D+02  0.10419619170915D+02  0.15229570247259D+02  0.70054911760317D-03  0.17030552883743D-03 -0.25089600873179D-04
 -0.21165588133011D+02  0.94666213306380D+01  0.16078538209953D+02  0.62425640831056D-03 -0.22977960359092D-03 -0.39121340121154D-03
 -0.22033786637725D+02  0.71053158236735D+01  0.16035929701184D+02 -0.24858116806284D-03 -0.77745702954865D-03  0.86007058989940D-03
 -0.20070711893870D+02  0.52920304420457D+01  0.15890631208466D+02  0.45267771648612D-04 -0.42561744553750D-03  0.49806058604215D-04
 -0.18227786422365D+02  0.12931208984526D+02  0.15342114617387D+02  0.35707623818698D-03  0.15358171220869D-03 -0.63172208099414D-04
 -0.19484408438787D+02  0.12487938047366D+02  0.10555316990400D+02 -0.17761318958513D-03  0.24627104598350D-03  0.39595978394019D-03
 -0.13345759567159D+02  0.19088099029175D+02  0.93027868650227D+01 -0.10044555726674D-03 -0.62192276833024D-03  0.14792077617546D-03
 -0.24704638683486D+02  0.66162254387899D+01  0.16711964099846D+02 -0.34201970830470D-03  0.43776295578737D-03  0.18249657931430D-03
 -0.10193699759214D+02  0.14953566303455D+02  0.95837616624338D+01 -0.11219732682068D-02  0.10614190841688D-02  0.19520544170857D-03
 -0.17906308585816D+02  0.16701913056606D+02  0.85883928783623D+01 -0.40758027004853D-03  0.79053026176430D-03 -0.19911273537753D-03
 -0.71846182143659D+01  0.62944835743927D+01  0.10422502525110D+02 -0.91345065828340D-04 -0.74021012370896D-03  0.21581941713325D-02
 -0.12435221685631D+02  0.12409354918817D+01  0.12595284030389D+02 -0.28935061892188D-03  0.22736515014913D-03  0.21610262195930D-03
 -0.20218744654243D+02  0.31126000820801D+01  0.16497759753837D+02 -0.13228247837505D-02 -0.24936775052492D-03  0.15834017396455D-03
 -0.22459793702326D+02  0.10872575935396D+02  0.16490012063924D+02  0.39237252245200D-03 -0.23339330514401D-03 -0.98713627721025D-03
 -0.14946719144898D+02  0.20708248147397D+02  0.88655509692079D+01 -0.11280844140316D-03  0.18695839320437D-03 -0.16875921140097D-03
 -0.10798561701521D+02  0.19331629699309D+02  0.91524452639878D+01  0.35020432045141D-04 -0.48912043999952D-03 -0.22615106814260D-03
 -0.98802546565834D+01  0.21806943814174D+02  0.82490424005679D+01 -0.11314012880932D-03  0.46997111638094D-03  0.16131253383757D-03
 -0.76002476087963D+01  0.18162362355422D+01  0.11547845690708D+02  0.34960967344688D-03 -0.12691084973428D-03 -0.10190456642839D-02
 -0.55121140273818D+01  0.24120285836409D+01  0.10549901331544D+02  0.73075514498348D-05  0.16660414158533D-03 -0.47141670670899D-03
 -0.79403191784056D+01 -0.46958602219959D+00  0.12891463338670D+02  0.54984852425815D-03 -0.67405925721936D-04  0.32423563164790D-03
 -0.68689244794199D+01 -0.26007640953908D+01  0.12066177646305D+02 -0.82764677661165D-03 -0.81558491863459D-04  0.77132486587351D-04
 -0.26118269568052D+02  0.85319688987855D+01  0.16426957799192D+02  0.19992164226900D-03  0.59203917748502D-03  0.16280800717851D-03
 -0.25412931496296D+02  0.42042925381377D+01  0.17344474737291D+02 -0.76725839874311D-03 -0.27144411242569D-03  0.14655856356931D-03
 -0.27860475136930D+02  0.36875804170390D+01  0.17819211668809D+02 -0.99882476727609D-03  0.53352260460574D-03  0.34076895004260D-04
 -0.16962335097273D+02  0.13500698637971D+02  0.17497495504017D+02  0.52806835538056D-03  0.57838220490019D-03 -0.51137556616364D-05
 -0.20937283716692D+02  0.12883583622213D+02  0.84375832940328D+01 -0.26472361899089D-03 -0.43197329918911D-03  0.24087332498225D-03
 -0.28951492530017D+02  0.32530413736149D+01  0.16074569480233D+02  0.37837654472527D-03  0.16841449764284D-03 -0.60595088650125D-03
 -0.28766287149906D+02  0.56522797603221D+01  0.18347968328838D+02  0.69578843085249D-03  0.26584953158462D-03 -0.21636005773207D-03
 -0.27740111908160D+02  0.21195668149625D+01  0.19122955459955D+02 -0.42666657690103D-04  0.87772544335649D-03 -0.79782856153805D-04
 -0.85144524367987D+01 -0.36470973788925D+01  0.11246768615287D+02 -0.92996384251853D-03 -0.79942080437260D-03 -0.13546330568774D-03
 -0.65471742235772D+01 -0.36788551696036D+01  0.13809444193593D+02  0.81669252498745D-03  0.63931503203604D-03  0.63364767117911D-03
 -0.53411702914125D+01 -0.23178987502628D+01  0.10586429152201D+02  0.11483908951950D-03  0.91983138231513D-03 -0.34648802657856D-03
 -0.21728585454502D+02  0.14806293858882D+02  0.88332196971692D+01 -0.84847803175741D-03 -0.17640923023843D-03  0.43237827329548D-03
 -0.22571156475085D+02  0.11727896743649D+02  0.85382352219914D+01 -0.14473293902316D-02 -0.33396999426458D-03 -0.10257363225701D-02
 -0.19701057517182D+02  0.11726982410064D+02  0.70983063010470D+01  0.62850901849892D-03  0.32381581925778D-03 -0.12637000280562D-02
 -0.16773057915399D+02  0.15678704187173D+02  0.17762117029370D+02  0.97823706975271D-03  0.24141146768740D-03 -0.30965531870666D-03
 -0.14859989892311D+02  0.13343818544494D+02  0.17281766419491D+02  0.57242659657679D-04  0.13313933204592D-02  0.33217576776766D-03
 -0.17303862804936D+02  0.12515150973890D+02  0.19180477168584D+02 -0.47690980816834D-03 -0.32403851880970D-03  0.70327465476404D-03
 -0.10424014090463D+02  0.22412157768601D+02  0.61482512532761D+01 -0.26492791874180D-04  0.64464925650265D-03  0.11446997971985D-02
 -0.77475179159560D+01  0.21308340056094D+02  0.80485756709415D+01  0.40123354923416D-03 -0.63402717026741D-03  0.74409369394853D-03
 -0.10390539140800D+02  0.23276557034667D+02  0.95506625157623D+01 -0.57960666354997D-03  0.62883667025543D-03 -0.35894515048864D-04
