 -1.0
 -0.72896428801994D+01 -0.22379780885889D+01 -0.20194198015492D+01  0.16560635530764D-03 -0.16137873591451D-04 -0.35715588545559D-03
 -0.50797847888352D+01 -0.29387237244220D+01 -0.88076577305030D+00 -0.16636415683071D-03  0.24398812118492D-03  0.29637374854471D-03
 -0.40448142530715D+01 -0.13882297000198D+01  0.11202358635347D+01 -0.65959970395119D-04 -0.33650466555916D-04 -0.21965484391214D-03
 -0.46798364609389D+01  0.12049058601646D+01  0.10162252235686D+01 -0.79950431668008D-05  0.17691661655505D-03 -0.47946985695691D-03
 -0.67653739481580D+01  0.18943335271137D+01 -0.49715774111650D+00 -0.17994757318480D-03 -0.15330051308495D-03  0.31252425366865D-04
 -0.83092703164104D+01  0.37048529993708D+00 -0.19127467746297D+01 -0.64539013021419D-03 -0.54677705663464D-03  0.28032195196422D-03
 -0.20163194117344D+01 -0.18824871003294D+01  0.29788430423475D+01  0.77933723498304D-05 -0.15951911484851D-03  0.42933897480823D-03
 -0.31265661416628D+00 -0.81985465618570D-02  0.37660769198763D+01 -0.71244714994951D-04 -0.31935692270977D-03  0.43888694419433D-03
 -0.95732582253556D+00  0.24753519662497D+01  0.32170011162396D+01 -0.25434029696227D-03 -0.11721678609280D-03 -0.25685657568201D-03
 -0.30376683623031D+01  0.30542249955435D+01  0.19423093307699D+01  0.88161232745745D-05  0.59726448924124D-03  0.12617166510801D-03
 -0.15582039843797D+01 -0.43305453445359D+01  0.38596139406261D+01  0.77777310095867D-04  0.65511205947771D-04 -0.26416855610324D-03
  0.86099595373912D+00 -0.50271419284337D+01  0.48083835670468D+01  0.90634580323881D-05 -0.55494368457924D-03  0.20339288679460D-03
  0.26544537322367D+01 -0.32569843462031D+01  0.52282230969689D+01 -0.22691988344582D-03 -0.84775661445989D-04 -0.17409577963165D-03
  0.20765127507697D+01 -0.73139732427927D+00  0.50101049396491D+01  0.79812482415989D-04 -0.20727045209960D-03 -0.46456419312017D-03
  0.39773822536790D+01  0.12756901985640D+01  0.55450430644018D+01 -0.20196528414913D-03  0.89300571630714D-04  0.12754596583546D-03
  0.31643464779502D+01  0.36336660647430D+01  0.52535033599004D+01  0.34309813395101D-03  0.11727122823332D-03  0.30398283469102D-03
  0.79932579874537D+00  0.42379215745686D+01  0.41030171722980D+01  0.63107761276449D-04 -0.13413335176861D-04 -0.16830515155986D-03
 -0.37328825147417D+01 -0.60865993986816D+01  0.41808988720724D+01 -0.54745514790267D-04  0.14459296427249D-03 -0.22211355170708D-03
 -0.31494462657334D+01 -0.86395815980667D+01  0.48865057777480D+01  0.66255402242528D-04  0.12003319362940D-03  0.82427795261230D-03
 -0.65830729501303D+00 -0.93239620451414D+01  0.52650426782971D+01  0.92973161227614D-04  0.31101209074112D-04 -0.79384294041838D-04
  0.13170905845104D+01 -0.75877911721413D+01  0.53160706480884D+01 -0.43121096584647D-03 -0.10181142497297D-04  0.11737675197471D-03
 -0.60408237568140D+01 -0.50542418087085D+01  0.40061675501497D+01 -0.37294763708231D-03  0.25230314543974D-03  0.37612953686138D-04
 -0.40214130906873D+01 -0.53636831630116D+01 -0.14633448084107D+01  0.13774642909430D-04 -0.28477643331679D-03  0.41796037087741D-03
 -0.10784788903344D+02  0.11053134808718D+01 -0.28026532141007D+01 -0.16259879197388D-03  0.31206410116431D-03 -0.25122370274805D-03
 -0.40508799768356D+00 -0.12177747361733D+02  0.59248416065488D+01 -0.32957722383438D-03 -0.30140115754670D-03 -0.24517118959184D-03
 -0.75983200673052D+01  0.38017341152794D+01 -0.16420543913285D-01  0.15704981695604D-02 -0.22234756541956D-03  0.70494795205596D-03
 -0.84940874617635D+01 -0.37004638482599D+01 -0.27908574020805D+01  0.97928444853085D-03  0.71105004893555D-04  0.64962501769322D-03
  0.70999590151584D+00  0.61050545623146D+01  0.36089639928218D+01  0.51286988114684D-03 -0.51279348788832D-03  0.71785880368384D-03
  0.57606680838380D+01  0.11472809337843D+01  0.65635886016459D+01  0.16961458702007D-03  0.99607934446602D-03  0.65837835812706D-03
  0.28529316504035D+01 -0.80323113514936D+01  0.63645613437916D+01 -0.36532002770939D-03  0.13327281908544D-02 -0.15806775980370D-03
 -0.48230847881520D+01 -0.98712848156097D+01  0.51905796721307D+01  0.43492441153285D-03  0.56019003247255D-03 -0.84615352480467D-04
 -0.11628903701799D+02  0.32474760849813D+01 -0.28155483435112D+01  0.10621602624606D-03  0.16068513401399D-03 -0.12012105449602D-03
 -0.12056849936910D+02 -0.73631891088721D+00 -0.41166147663493D+01  0.37096792121479D-03  0.25912301368094D-03  0.11321101887838D-03
 -0.14273834955909D+02  0.73462016840382D-01 -0.52587505245761D+01  0.22938650839335D-03  0.26804213913691D-03 -0.47098763382035D-03
  0.46835157549317D+01  0.56074154464802D+01  0.62044469092419D+01 -0.31413192108272D-03 -0.37179647895750D-03  0.24414016875505D-03
  0.60940353650715D+01  0.54615742142169D+01  0.79413587763207D+01  0.17560272200482D-03 -0.30666649082913D-03 -0.19968724116129D-03
  0.45517313283893D+01  0.80865727312720D+01  0.51077538830861D+01 -0.10968722831826D-03  0.18879075535829D-03 -0.88602634627437D-04
  0.61909299429524D+01  0.10120425336404D+02  0.64645538160414D+01  0.21916021920418D-03 -0.74355048272337D-04  0.49678844166191D-03
 -0.21109976226191D+01 -0.13621040788875D+02  0.54644262146109D+01  0.26757862499546D-03 -0.26617266097047D-03 -0.20535523911212D-03
  0.20989677640701D+01 -0.12531665404972D+02  0.67488671225679D+01  0.28704351493132D-03  0.56853071242875D-05 -0.23889470847900D-04
  0.29943414229889D+01 -0.14899937537744D+02  0.61271944081163D+01  0.69225369565157D-04 -0.56968697060086D-03  0.25496454897586D-03
 -0.81308502365518D+01 -0.67458703641516D+01  0.38021323745340D+01 -0.33102171712651D-03  0.34266966212669D-03  0.56498030448370D-03
 -0.40549593539032D+01 -0.61904830134111D+01 -0.37797845773385D+01 -0.28466103253538D-03 -0.40218398603835D-03 -0.13388237900764D-03
  0.38533429256414D+01 -0.15770559418226D+02  0.78253742981626D+01 -0.63642394284260D-03  0.39047285075345D-03 -0.90899554427685D-04
  0.41499267191637D+01 -0.14714290667667D+02  0.44600907255970D+01  0.15032445383156D-03  0.29031346279144D-03 -0.39489806865253D-03
  0.15097580733782D+01 -0.16163054292128D+02  0.56123569381550D+01  0.10583252611880D-02 -0.41330904479036D-03 -0.41347905538754D-03
  0.69941104175653D+01  0.93568187567719D+01  0.82018761818979D+01 -0.99111508111599D-04 -0.54241009116471D-03 -0.79148257905425D-04
  0.47360278454107D+01  0.11827677352318D+02  0.65569322532307D+01  0.56687042222167D-05  0.74587439310983D-03  0.13004746449779D-03
  0.76436576842972D+01  0.11006869104799D+02  0.51116160872463D+01  0.54701426643947D-03 -0.68358463127493D-04 -0.15403251833285D-03
 -0.58547494667833D+01 -0.72814854986551D+01 -0.39589455767975D+01  0.12428618134145D-03  0.34012634502460D-03  0.10474548928676D-03
 -0.22824912864104D+01 -0.74694887197093D+01 -0.41557043249745D+01  0.45568331058735D-03 -0.30002559170373D-03  0.87899257911861D-03
 -0.41674274207544D+01 -0.49246760795373D+01 -0.54717245469221D+01  0.11517931027936D-03 -0.48564786949238D-03 -0.40971964208039D-03
 -0.75836565567580D+01 -0.83830699117653D+01  0.27559222785015D+01 -0.57166248013925D-03 -0.11497743173604D-03  0.66886555920317D-04
 -0.96332673862539D+01 -0.55149053453706D+01  0.30026071151505D+01 -0.35033113010668D-03 -0.61629066587603D-04 -0.24035033543761D-03
 -0.88023991855092D+01 -0.71055091936393D+01  0.56022213643145D+01  0.31434120907623D-03 -0.35073052776055D-03 -0.37606517819394D-04
 -0.15405875923332D+02  0.11259709079305D+01 -0.38774649558484D+01 -0.13557326202884D-02 -0.19850178038380D-03 -0.64437396726040D-03
 -0.15329143560188D+02 -0.15619921607041D+01 -0.59939943368754D+01 -0.25307434866032D-03  0.19915118959441D-05 -0.74952445278297D-03
 -0.13977641709855D+02  0.11941369026240D+01 -0.70542582432352D+01  0.37687274490832D-03 -0.37573239364147D-03 -0.62884107458748D-03
 -0.62777180360715D+00  0.98934732907534D+01  0.10258180468948D+02  0.17035837202999D-03  0.52296503959418D-04  0.10949481108795D-03
 -0.16518280026199D+01  0.73661600105643D+01  0.99145333633375D+01  0.42618247499924D-03  0.12717292718571D-03  0.16024747101942D-03
 -0.68700148521428D+00  0.52658156836628D+01  0.11364598467125D+02  0.23583157185833D-04 -0.57875169189249D-03 -0.26710046277302D-04
  0.15904953814207D+01  0.56604348950906D+01  0.12592470662098D+02 -0.57229189689947D-04 -0.48193752468185D-03  0.34048680905860D-04
  0.27472901037221D+01  0.79726631604603D+01  0.12674187979675D+02  0.41306789336696D-03  0.16929415006194D-03 -0.18260071244199D-03
  0.17465056418134D+01  0.10009811570957D+02  0.11326341511782D+02 -0.36050968643439D-03  0.57818182408752D-03  0.24037301943629D-03
 -0.18011515386273D+01  0.29221555870867D+01  0.11440774103662D+02 -0.35052131144073D-03 -0.13417046912866D-03  0.20104922504857D-03
 -0.18821879296964D+00  0.81187831371862D+00  0.11883769773789D+02 -0.85049033277572D-04  0.28498860205729D-03 -0.56654147787368D-06
  0.24158238454901D+01  0.12119121715932D+01  0.12927025431836D+02  0.74213345301707D-03 -0.51484726180803D-03 -0.82828801779745D-04
  0.29573611457866D+01  0.36668737604982D+01  0.13512565743498D+02  0.60879708039447D-05  0.10795572042766D-03 -0.34262793216506D-03
 -0.43540996334125D+01  0.23371911342071D+01  0.10232193182430D+02  0.12174939906861D-04  0.28647059178265D-03 -0.31900077159667D-03
 -0.43799889009214D+01 -0.24081406878322D-01  0.89860593018496D+01  0.35260688094833D-03  0.16971795286304D-03  0.23749774445376D-03
 -0.26885095177165D+01 -0.19876058636791D+01  0.92400152703201D+01  0.21651796090819D-03 -0.39491993364376D-03 -0.51434749589958D-03
 -0.71623064481980D+00 -0.15035000211396D+01  0.10750786610314D+02 -0.16265916279621D-03  0.20701997660198D-03  0.18700253740513D-03
  0.92077996791845D+00 -0.35400243186449D+01  0.11427908144996D+02  0.35037878701274D-03  0.22923252102378D-03 -0.15232194964212D-03
  0.32254796700147D+01 -0.32168692051456D+01  0.12667681824252D+02 -0.46674734878077D-04 -0.23616746083380D-03 -0.62712015925707D-03
  0.41747724741664D+01 -0.84951070363748D+00  0.13250258614570D+02 -0.33050998140557D-03  0.19553770900392D-03  0.72905714097556D-04
 -0.63232682728476D+01  0.39158176622701D+01  0.99821882106874D+01 -0.43490549845711D-03 -0.66037098494552D-04 -0.39946686240619D-03
 -0.84846569574314D+01  0.32181194457115D+01  0.84586709442001D+01 -0.21670396549313D-03  0.36856369316571D-03  0.51948636575926D-03
 -0.87250479428846D+01  0.91515753656426D+00  0.73109055848665D+01  0.17836783364059D-03 -0.60577739384199D-05 -0.23684483333918D-03
 -0.65984034298305D+01 -0.58290312733620D+00  0.75462484604550D+01  0.49452772474922D-03 -0.19714452012806D-03 -0.26995103797402D-03
 -0.64387083718532D+01  0.63412969298174D+01  0.11390028793707D+02 -0.16882616531938D-03  0.21525855453377D-03  0.26392240708373D-03
 -0.28956533283447D+01  0.67067408577016D+01  0.77942063228320D+01  0.30372514509731D-03 -0.35299179724031D-03  0.34361735116074D-03
  0.32791920435390D+01  0.12494928405038D+02  0.10968437858366D+02 -0.36199070741901D-03  0.14748718247980D-03 -0.21775102614588D-03
 -0.10690408761621D+02  0.23670978762654D+00  0.55076718674128D+01  0.54622365852622D-03  0.52783480829569D-04  0.10425477973215D-03
  0.46473907462644D+01  0.80592366728712D+01  0.13552606019853D+02  0.35563796217371D-03  0.11509745037779D-03 -0.27450217044831D-03
 -0.13365096639712D+01  0.11474381813131D+02  0.92032775554651D+01 -0.19866076105824D-04  0.20321894324044D-03 -0.14363885211326D-03
  0.57493208269519D+01 -0.49305375996986D+00  0.14594606286777D+02  0.12013749898265D-02  0.19375814806675D-03  0.21628681002177D-03
  0.45852614730268D+00 -0.54766454997318D+01  0.10834567228343D+02 -0.63168880872787D-03  0.35788061772857D-03 -0.14740831272869D-03
 -0.68614986546067D+01 -0.24121691489943D+01  0.65111652008470D+01 -0.10439993306103D-02 -0.10503318910124D-02 -0.17648126735575D-03
 -0.10234385875251D+02  0.43274816845141D+01  0.80279886021411D+01  0.61657212931180D-03  0.82437776628704D-03  0.88805795396913D-03
  0.57019272455889D+01  0.12262383473811D+02  0.11197880963012D+02  0.22871063048921D-03  0.48349817092809D-04  0.16928627905564D-03
  0.16416673342163D+01  0.14346731091549D+02  0.10159424316203D+02 -0.47904588338567D-03  0.27873905536721D-03  0.43381928334473D-04
  0.30844945192738D+01  0.16605952101993D+02  0.10074937221223D+02 -0.11303222364546D-03 -0.60886193201274D-05 -0.32193599960024D-03
  0.46037218403521D+01 -0.54891624953997D+01  0.13153062165932D+02 -0.34010797094574D-03  0.26262261491970D-03 -0.13896847062609D-03
  0.59961803523425D+01 -0.58045166169191D+01  0.14925988118446D+02 -0.31228238605451D-04 -0.13792959113648D-04 -0.90886545512324D-04
  0.39373266016523D+01 -0.75824172209436D+01  0.11596979231408D+02  0.36170858157594D-03  0.97215946042533D-04 -0.85942794043522D-04
  0.50622977437283D+01 -0.97921515252915D+01  0.12520441228715D+02  0.21082403122064D-03 -0.17985162256654D-03  0.98348863815353D-04
 -0.10268537482749D+02 -0.17396492796850D+01  0.43900191115146D+01 -0.15177125128406D-04  0.61896554504122D-04 -0.55227100918311D-03
 -0.12729123033501D+02  0.17904570600298D+01  0.53340092352675D+01 -0.66702200220715D-03 -0.22387803973707D-03 -0.59574607942075D-04
 -0.14590656961818D+02  0.71246036154073D+00  0.37983632278514D+01 -0.18397882702745D-03 -0.23938775140413D-04 -0.37271534677346D-04
 -0.81584203248181D+01  0.65754825789441D+01  0.13355871021424D+02  0.10538015359391D-03  0.77192437687378D-04  0.14306476624368D-03
 -0.42375383535916D+01  0.84214482318392D+01  0.62307269336253D+01 -0.31649789086631D-03  0.42414593092955D-03  0.10361733802717D-04
 -0.15104365220063D+02 -0.11208973465411D+01  0.48185496997699D+01  0.65400691285069D-04 -0.61296167126823D-03  0.47510333683247D-03
 -0.13741269163551D+02  0.20269099821786D+00  0.21990645590665D+01 -0.47426489212553D-03 -0.15871864728110D-03  0.74154108481071D-03
 -0.16171127958891D+02  0.18342893170757D+01  0.34284920521608D+01 -0.64766018082952D-04 -0.71419368998537D-03  0.20574596454488D-03
  0.39100172916975D+01 -0.11249808833992D+02  0.11873973050099D+02 -0.46242828400976D-03  0.77013954193423D-03 -0.38984465956339D-03
  0.49337943173016D+01 -0.98501550248492D+01  0.14579188363702D+02 -0.79848969888708D-04  0.34624254088337D-03  0.57481285732679D-03
  0.70923700677410D+01 -0.97424049297104D+01  0.12066099934871D+02 -0.33071980741989D-03 -0.35418064883506D-03  0.50578765779564D-03
 -0.42626700624818D+01  0.73016084291077D+01  0.44068972085031D+01  0.51529666947163D-03 -0.71995453653645D-03  0.58050973369973D-03
 -0.31034145137464D+01  0.10001945452170D+02  0.62327659854821D+01  0.37871942981331D-04 -0.14510534689201D-03 -0.18912988365093D-03
 -0.60631798036225D+01  0.88920159083553D+01  0.69102059594139D+01 -0.51503148099766D-03 -0.15525934063619D-03 -0.45914720579395D-03
 -0.83801341328770D+01  0.84447311569841D+01  0.14234931820179D+02  0.87379393967721D-04 -0.52943606496686D-03  0.31279526638075D-03
 -0.76102376276300D+01  0.54311122090826D+01  0.14820409336586D+02 -0.15461217922680D-03 -0.11891446309111D-03 -0.67679712801343D-03
 -0.10050947083955D+02  0.57172197624482D+01  0.12897379253410D+02 -0.38747506976000D-03  0.74115274138647D-03  0.44478413816332D-03
  0.19995660553474D+01  0.17891996606658D+02  0.11321729189354D+02  0.82605420301814D-03  0.54193090638185D-03  0.42276538667856D-03
  0.24852110913757D+01  0.17234753264006D+02  0.82504375987695D+01 -0.58250294494678D-04  0.15579614887095D-03  0.75064671783648D-05
  0.51301932259447D+01  0.16269751061258D+02  0.10603063764976D+02  0.47399133541273D-03  0.15619051275873D-03  0.25660731595276D-03
