$coord
       -6.25731501564402        1.50894189166119       -1.74757411641846      C
       -4.61812805794576       -0.23187644212760       -0.52271964957481      C
       -2.67088391526236        0.74794845201114        1.06458241275940      C
       -1.68688592093776        3.13319409211432        0.51736140834156      C
       -3.26290837633324        4.75136415642917       -0.93443870131903      C
       -5.58308525776012        4.04314754536628       -1.91796789146291      C
       -1.40025433225362       -0.82035907677639        2.83128258056875      C
        1.07473612476822        0.07147164951897        3.51957877682501      C
        1.96120343891425        2.44534940897876        2.85135995512199      C
        0.59033111009001        3.91300726545423        1.23198307593905      N
       -2.45089353504962       -2.64554179880376        4.56509053617694      C
       -0.72269774428284       -4.12075185857159        5.91923856632558      C
        1.72548065563807       -3.59741280929891        6.24224095835253      N
        2.60238852518838       -1.41487768163290        5.32545705219048      C
        4.76493179422619       -0.33523427299206        6.41333927224059      C
        5.59073700945248        1.94039362947949        5.57669324236732      C
        4.23844687275502        3.37312917294497        3.84564974247348      C
       -5.19411891816838       -3.29753311547870        4.50512898202712      C
       -5.84712094691468       -5.51071427229446        5.67997125155880      C
       -4.09666209195799       -7.13917324611316        6.86446552528251      C
       -1.61966417951183       -6.43442889010651        6.96453336923099      C
       -7.02967598881138       -1.79494876983066        3.16957448146790      O
       -4.83207889547065       -2.78246509003510       -1.08171013596326      O
       -7.26217674673039        5.92159748373823       -3.04130547497425      C
       -5.07900898849628       -9.52170711501613        8.13498107091816      C
       -2.63932096594670        6.63769143109027       -1.45142894074340      H
       -8.08165251684291        1.04134942783092       -2.51535046052021      H
        5.03289967552060        5.17619913074234        3.26095735849299      H
        5.77831753234099       -1.31089443853122        7.87139220962585      H
       -0.46696958514659       -7.78631594357518        7.99252528233790      H
       -7.77580709927186       -5.75823602704904        5.73049421567187      H
       -7.97133502127869        7.62379226475800       -1.65754270362602      O
       -8.40003285315248        5.49236609042215       -5.32625925578357      O
      -10.28420175828437        7.24332072121121       -5.71620481365905      C
        8.00462762115711        2.83466895100853        6.78724730784510      C
        9.56064630660206        1.24872894450623        7.40232585809660      O
        8.44710099457045        5.41189498691925        7.04122633698638      O
       10.95015973236613        5.83140145170598        7.85803157360879      C
       -7.22304829907907       -9.96542679867876        7.87327944040283      O
       -3.49643178513874      -10.95601704533558        9.57441225383786      O
       -4.82106240730665      -12.96829166565934       10.63784175855270      C
       -9.58463717093019       -2.69095442389745        3.00146205450439      C
       -2.51503461195932       -4.22585228475280       -1.87582717671278      C
       -4.80955229336819      -14.67234168714287        9.43230381062456      H
       -6.75000249177318      -12.17749929904531       10.85073510142473      H
       -3.95205224121684      -13.26670461949513       12.54820220051828      H
       10.82261207521629        6.55353290087430        9.64017271954505      H
       11.98199919008459        7.15202194104193        6.61536330230729      H
       11.67724254871047        3.83634245584594        7.92442209232584      H
       -1.73595400330271       -4.86888179934933       -0.02572617030398      H
       -0.94051228754130       -3.03586810614877       -2.53401778813143      H
       -2.88433471028775       -5.56656071127227       -3.31385108851439      H
       -9.67140753628271       -4.56956249536746        2.22081017034078      H
      -10.73231795078189       -1.31562051414568        1.97101583209818      H
      -10.53709080505473       -2.69065552721732        4.87413835840893      H
      -11.58497008756251        7.10603894549337       -4.21924548327101      H
      -11.08542843463004        6.53728698548022       -7.60934053142587      H
       -9.70335734326952        9.21791380083666       -5.63732801052619      H
       -2.61146812867411        7.06032964583673        5.50349849559656      C
       -3.49261956713481        4.91295585634222        6.60942191458631      C
       -2.00209928303120        3.88774549945176        8.71017726168607      C
        0.37594125941713        5.09048361141586        9.18977860083559      C
        0.95290187998970        7.45743203841548        8.10255575665996      C
       -0.49192930432003        8.44704384168595        6.14298315657970      C
       -2.27691198862924        1.40698223095521        9.72928368255751      C
       -0.11881860467772        0.05185539474006       10.60005153744427      C
        2.25271897416197        1.34967150501659       10.93930079858189      C
        2.25687460707189        3.89934326646046       10.63433218070235      N
       -4.56106986085528        0.14982693983333        9.92577532593755      C
       -4.64592161122856       -2.50695037947298       10.58696150324405      C
       -2.44655683839099       -3.74767831357279       11.14781220598762      N
       -0.27355024874908       -2.49666004798792       11.31614647307791      C
        1.83698898842677       -3.75976979744580       12.34289176999993      C
        4.19486522359229       -2.58843284383051       12.63667356526482      C
        4.35698901070961       -0.18415972711554       11.83794175969374      C
       -7.04902777899555        1.34865186980742        9.93637351397378      C
       -9.25898675787606       -0.11687244460331        9.84934027534261      C
       -9.12015778183600       -2.63104637202470       10.33493681342114      C
       -6.93801973805571       -3.75894766984326       10.71976308837020      C
       -7.09721868584218        3.92505585574813       10.43257264770954      O
       -5.55943129600920        3.61436461844165        5.70052443891329      O
        0.40201112550001       10.39512010386394        4.43641751150527      C
      -11.46421826222412       -4.11213160005492       10.97253643187729      C
        2.67881337460224        8.27952060690064        8.82452978096503      H
       -3.45594267626985        7.78534095993895        3.91158441923045      H
        6.17728864060161        0.61710258704140       11.93780451988536      H
        1.64682428856399       -5.82926701960145       12.43119336689644      H
       -6.94884064331945       -5.78254857636373       11.01747434613686      H
      -10.91089460411078        0.82382883672762        8.90093377130254      H
        2.54092296208441       11.00984390316170        4.62872269500107      O
       -1.41197970508614       11.48881267613829        3.02069288265578      O
       -0.40578269673142       13.68191826788900        1.99845730031957      C
        6.67504332264169       -3.79773743502014       13.27545394186061      C
        6.88036210025733       -5.94201332438866       14.17429504273800      O
        8.62783296356806       -2.32317323639472       12.64391155350898      O
       10.82018169928442       -3.41459147147160       13.64847420472600      C
      -13.31881284879852       -3.69870303770942        9.71686052850523      O
      -11.36697455835530       -5.55094939545757       13.12916168746707      O
      -13.63045719886262       -6.85369496398812       13.51373040248032      C
       -9.36283291259467        5.02592844989671       11.09021065721711      C
       -6.95956110908326        4.89683196893014        3.88299499272635      C
      -14.04292576510345       -7.98612990161877       11.72806754244210      H
      -15.24155686462990       -5.51357545707408       13.79086459832662      H
      -13.36631054157259       -8.18416396445832       14.95195569171527      H
       12.42177811689279       -2.44442000777279       12.81879216848382      H
       10.85957123796159       -5.37215415304174       13.00300644104342      H
       10.76059550072087       -3.26510630851933       15.67452802378041      H
       -7.75697065336356        6.50610530993582        4.92242943016994      H
       -8.48949586428803        3.54172268107653        3.44748602179651      H
       -6.02636572965287        5.38864177828018        2.01788582831080      H
      -10.49580963382915        5.22883698484936        9.33431589916877      H
       -9.04533227768949        6.84252143716444       11.82936807813963      H
      -10.27038899776143        3.72735240794502       12.57170109943622      H
        1.68497214531280       13.96202531959712        2.15005678253685      H
       -1.18854116556428       15.19709557844569        3.11498040601946      H
       -1.12027776641072       14.09167183238558        0.07028048555097      H
$end
