 -1.0
 -0.42378079128582D+01  0.83205786893099D-01 -0.22173271911370D+00  0.60122982900565D-04 -0.11165941140196D-03 -0.18722815928768D-03
 -0.25385619882818D+01 -0.17964035499044D+01 -0.10114117803322D-01  0.27757847018002D-03 -0.36384231438026D-03  0.17686892610445D-03
 -0.32674424264379D-01 -0.10094341116750D+01  0.11748800685880D+01  0.16450053399212D-03 -0.29298825846850D-03  0.48212599576631D-03
  0.77603617531018D+00  0.15098792991191D+01  0.73645589544309D+00 -0.11869291148751D-03  0.16590124350502D-03 -0.38298015667795D-03
 -0.10094558469008D+01  0.33423834405038D+01  0.22764231782975D+00  0.18225650982393D-03  0.97982252220234D-04  0.22578467573679D-03
 -0.35482567988048D+01  0.26928993931353D+01 -0.14016440900090D+00 -0.34667933096746D-03 -0.70741043933185D-03 -0.30237462511156D-04
  0.18398332618974D+01 -0.25118097661398D+01  0.24947499303689D+01  0.22393689170005D-03  0.59771670032432D-03  0.33830022879282D-03
  0.44108691427871D+01 -0.15751541611282D+01  0.26548989861542D+01 -0.12254384902521D-03  0.96464496895753D-03 -0.12399010809596D-03
  0.50312859646789D+01  0.84942937956955D+00  0.18886959958622D+01 -0.25599988670099D-03 -0.32419502295296D-03 -0.35176753112121D-03
  0.32011691162925D+01  0.23170396685522D+01  0.96629638526935D+00 -0.13723963165751D-04 -0.24801085512956D-03  0.15780839861857D-03
  0.11230486337212D+01 -0.48881384544209D+01  0.39688873695407D+01 -0.10490674609269D-03 -0.16901140944582D-03 -0.41998703452118D-04
  0.34247439543890D+01 -0.63265190338467D+01  0.46304840536081D+01  0.12441515272244D-03  0.29634556819661D-03  0.67668599781954D-04
  0.57002105964281D+01 -0.55535248998348D+01  0.43306698419266D+01 -0.44030607383496D-03 -0.49054819658584D-03 -0.33963235545243D-03
  0.62505627505827D+01 -0.30078214337150D+01  0.38172508123671D+01  0.40438659917347D-03  0.32914660550204D-03  0.15454498677668D-03
  0.86613348131037D+01 -0.19483981472459D+01  0.38626202588189D+01  0.43157886857023D-03 -0.61633578288522D-03 -0.31372897511397D-04
  0.92545399283526D+01  0.52998122093767D+00  0.35264745754503D+01 -0.12141172687549D-03  0.41071367191848D-03 -0.36384994046865D-03
  0.73670900235392D+01  0.19926601413017D+01  0.26043167144506D+01  0.31340371553575D-04 -0.60865382674461D-03  0.43343185036943D-04
 -0.12051439681119D+01 -0.59673168437194D+01  0.47504585046575D+01 -0.46334230181116D-03  0.45257567019582D-03 -0.81742332832828D-04
 -0.11539434005255D+01 -0.83663847603150D+01  0.57873125212320D+01 -0.49751216807714D-03 -0.25842525204437D-03 -0.12502904137522D-03
  0.95171049133489D+00 -0.99001424791292D+01  0.58889335128157D+01 -0.67426368250971D-04  0.95539839215367D-04  0.55045259587892D-03
  0.33635494507156D+01 -0.89169453249585D+01  0.56486344032666D+01  0.50023819422315D-03 -0.32461725481173D-03  0.50811871566034D-03
 -0.34061717158929D+01 -0.47608877076767D+01  0.42241080518321D+01 -0.24815440193992D-03  0.11231833413117D-03 -0.28642002971070D-03
 -0.27140214730664D+01 -0.44487937125053D+01 -0.67885028383356D+00 -0.94844448617378D-04 -0.13309903809628D-04 -0.53682129190280D-04
 -0.53590440867799D+01  0.47387466579559D+01 -0.70933770376786D+00  0.45768939338708D-03  0.22151227830007D-03  0.36363088034887D-03
  0.77102340043921D+00 -0.12728547392188D+02  0.61881115637237D+01 -0.12421859593033D-03  0.81624047111913D-04 -0.15442102908300D-03
 -0.67136466089257D+00  0.50967747593994D+01 -0.57597640722280D+00 -0.19796483126356D-03 -0.11111465380175D-03  0.21209225804474D-03
 -0.61448138144000D+01 -0.59824458857705D+00 -0.52611682767924D+00 -0.17962526280404D-03  0.11065970950149D-02  0.59014885386193D-03
  0.74968157982110D+01  0.39607530665135D+01  0.19802771174293D+01 -0.49935100286979D-04  0.61243992995554D-03  0.64391156152320D-03
  0.98902183879916D+01 -0.33182020643580D+01  0.44542393339730D+01 -0.40482004787458D-03  0.24328962126599D-03  0.13533004958092D-04
  0.50046945159550D+01 -0.10015637932986D+02  0.60117336491444D+01  0.11734860678936D-02 -0.99661005120853D-03  0.89270694899682D-04
 -0.28830671398845D+01 -0.89711514539904D+01  0.66012770086411D+01  0.49157367991667D-03  0.21815769929816D-03 -0.14214877725633D-03
 -0.46888463626805D+01  0.62640436203603D+01 -0.23298496375394D+01  0.15485768963042D-03  0.12244524261727D-03 -0.61708342092318D-04
 -0.76962291963733D+01  0.46979219889281D+01  0.54720504617725D+00 -0.30153872840669D-03 -0.25655124404657D-03 -0.47765469135758D-04
 -0.91094308052354D+01  0.69219506538906D+01 -0.36415166253543D-01 -0.25494300369487D-03 -0.61689321881175D-04  0.21211270126695D-03
  0.12025029263386D+02  0.13310757524166D+01  0.36177583223112D+01  0.28918027061108D-03  0.14124144879833D-03 -0.15643083993776D-03
  0.13639109639803D+02 -0.33316432380978D+00  0.36690211327771D+01  0.42109921585064D-03 -0.82886384302132D-04  0.37467529686993D-03
  0.12796314519854D+02  0.38322845189137D+01  0.39283352247862D+01  0.22557891984161D-03  0.27299333368270D-03 -0.12709622832003D-03
  0.15447284513173D+02  0.42777810600313D+01  0.37233971312847D+01  0.26057812826145D-03  0.31530562677984D-03 -0.41780037863131D-03
  0.26789436284694D+01 -0.13911346576345D+02  0.67240097058059D+01 -0.19748808337536D-03 -0.10657839914746D-03 -0.25442119563176D-03
 -0.15263188131505D+01 -0.13899820796605D+02  0.63679909424456D+01  0.71184841113677D-04 -0.73272920045178D-04  0.12808747407708D-03
 -0.10783930544594D+01 -0.16510163221874D+02  0.65524719968241D+01  0.14523523357232D-03  0.41135787166725D-03  0.54089964971020D-03
 -0.57589417674989D+01 -0.59105782040597D+01  0.51220800473606D+01  0.46559669782463D-03 -0.38727981614977D-03  0.22918100313021D-03
 -0.95158941468125D+00 -0.51397587542648D+01 -0.25248163506423D+01 -0.38415326783296D-03 -0.21876656271369D-03  0.11447075677731D-03
 -0.17626610641627D+01 -0.17087655589862D+02  0.84849649432783D+01 -0.18474811700797D-03 -0.83138923770313D-04  0.26290406761272D-03
  0.88812470589633D+00 -0.16947065472450D+02  0.63071136361202D+01  0.67986795904038D-04  0.71095874329801D-03 -0.46665723883925D-03
 -0.20874256616001D+01 -0.17426708776624D+02  0.50198267132331D+01 -0.33606582836044D-03  0.66651292102617D-03 -0.13445503395955D-03
  0.16348200657325D+02  0.27544912472784D+01  0.28422020736657D+01  0.26370308531816D-03  0.51866352056278D-03  0.99848326979520D-03
  0.16255591316418D+02  0.43674823384352D+01  0.56752562451783D+01 -0.16230320893516D-03 -0.20187944458213D-05  0.12420090617141D-03
  0.15664098091447D+02  0.59417930659423D+01  0.27931537185608D+01 -0.32464038350869D-04 -0.80606624799989D-05  0.33372166917934D-03
  0.15290268679866D+00 -0.34005155968700D+01 -0.27802432640333D+01 -0.66611448094194D-03 -0.24862312403897D-03  0.31287547766388D-03
 -0.15514280812536D+01 -0.58569937853637D+01 -0.43547168708555D+01  0.74790038158970D-03  0.67572301059907D-04 -0.91399603751480D-04
  0.42123929849438D+00 -0.64802384654287D+01 -0.18507075149417D+01  0.25202950414360D-04  0.91671772032747D-04 -0.12950371652782D-03
 -0.56986184841726D+01 -0.60576570842090D+01  0.71761690852485D+01 -0.42550285805911D-03  0.27418431952068D-03 -0.36582532047093D-03
 -0.61487876154941D+01 -0.76781976640669D+01  0.39290407171783D+01  0.22757144046536D-03 -0.48815046478807D-03 -0.68453238372145D-03
 -0.75835392445465D+01 -0.47575441439644D+01  0.47511269889119D+01  0.17160530996349D-03  0.50241678307220D-04 -0.19126038830075D-03
 -0.10908423622164D+02  0.68198108277670D+01 -0.10673695484402D+01  0.59459457870972D-03 -0.10618260489045D-03  0.70453073746049D-03
 -0.80195329986211D+01  0.81892652180691D+01 -0.13114195924878D+01  0.93249465028137D-03 -0.47154912328146D-03  0.11755475700671D-02
 -0.97345633055473D+01  0.78431749654303D+01  0.16589702269305D+01 -0.25238470232324D-03 -0.37207006397961D-03  0.39850198897498D-03
 -0.70785758331083D+01  0.92952501862061D+01  0.60352664871000D+01 -0.29622865533660D-03  0.41148297809543D-03  0.78015800916387D-04
 -0.75133208191561D+01  0.66976245791022D+01  0.67292073994020D+01  0.77842215290755D-04 -0.33464168454272D-03 -0.10156773768130D-03
 -0.54375729528528D+01  0.52517999661150D+01  0.77319765662450D+01 -0.24168797909689D-03 -0.43576862920453D-04  0.33395515400961D-04
 -0.29359013713787D+01  0.58237777701617D+01  0.67720685246982D+01  0.14401301191503D-03 -0.64874391804890D-04  0.23804528517623D-03
 -0.26810337256420D+01  0.83569628074524D+01  0.58796053258911D+01 -0.36255584943812D-04  0.14394684194192D-03 -0.81604706451457D-03
 -0.46472037605370D+01  0.10131099977923D+02  0.58788272020154D+01 -0.34763065686976D-03 -0.17166563277837D-03  0.32072528609997D-04
 -0.56971366133991D+01  0.31781627325218D+01  0.94251194720422D+01 -0.13697887277895D-03  0.29173888939688D-03  0.13286956133272D-03
 -0.36142806756122D+01  0.15175869216700D+01  0.94905663557158D+01  0.18968140210466D-04  0.16473640554835D-03  0.14019921604355D-04
 -0.13536441182793D+01  0.18790739569127D+01  0.80549987892207D+01  0.50874498592399D-04  0.34463422662472D-04 -0.26017989552797D-03
 -0.11099980378530D+01  0.39319828358598D+01  0.67383496600326D+01  0.56689996525140D-04 -0.33110710266061D-03 -0.82050636116951D-04
 -0.75143129031769D+01  0.26897576503194D+01  0.11477629728099D+02 -0.25211822873618D-03  0.12438668191223D-03 -0.21353663246455D-03
 -0.77581665169823D+01  0.21713265888174D+00  0.12431021398971D+02 -0.44539463409384D-03  0.36489612978199D-04  0.29281155711573D-03
 -0.57605994277868D+01 -0.13129234262610D+01  0.12475196300604D+02 -0.12424224608970D-03 -0.30320822987558D-04 -0.17128689209143D-03
 -0.38243591947515D+01 -0.70091006889218D+00  0.10992734952841D+02  0.26444691510661D-03 -0.48255826651339D-03 -0.43691844765558D-03
 -0.19324237253009D+01 -0.25086417176326D+01  0.10982902422489D+02  0.74688743405766D-04  0.17042241226119D-03 -0.27469641849684D-03
  0.12473934013388D+00 -0.22062005525079D+01  0.96216347754470D+01  0.26812838160458D-03  0.20652696129114D-03  0.52292810709401D-03
  0.37458518506414D+00 -0.15400287659263D+00  0.79778779264204D+01 -0.40066634098609D-03 -0.19138984465418D-03 -0.62815056770031D-03
 -0.95066109389945D+01  0.46009762511505D+01  0.12178063247364D+02 -0.71423241676714D-04 -0.43086511977544D-03  0.93060309648379D-04
 -0.11557073351071D+02  0.36653033013023D+01  0.13377632986581D+02 -0.65987477353837D-04 -0.69084892814213D-04  0.82317101855487D-04
 -0.11786597419493D+02  0.11663651891620D+01  0.14191283512241D+02 -0.51262762015704D-04  0.70547994660059D-03 -0.29058105276618D-03
 -0.99359785632036D+01 -0.47098256684847D+00  0.13698838828018D+02 -0.32476106528423D-04  0.41584033656358D-04  0.18251249851408D-03
 -0.88518481502904D+01  0.71338730537305D+01  0.11830517664989D+02 -0.12442543696884D-03 -0.62467835755298D-03  0.48036089346760D-04
 -0.99187299592982D+01  0.56048134099998D+01  0.63711266125284D+01 -0.13783963752528D-03 -0.13169688998216D-03 -0.13722024176091D-03
 -0.43498249896951D+01  0.12908335506348D+02  0.60637525552686D+01  0.26291126143064D-03  0.28224384415907D-04 -0.17436126594913D-03
 -0.14300961535306D+02  0.14763040697536D+00  0.14847273841549D+02  0.23844378456406D-03 -0.48582959507711D-04 -0.25349883390298D-03
 -0.92542633983172D+00  0.91600155022319D+01  0.57423700636360D+01  0.82133647116170D-03  0.47138972574721D-03  0.24823674272561D-03
 -0.86869682952914D+01  0.10675126379002D+02  0.59305038438673D+01 -0.14038428031927D-03  0.48679721453001D-03 -0.49896353370172D-04
  0.21013656782347D+01  0.70630511444264D-01  0.71944779254512D+01 -0.66815539734296D-03 -0.93591213373214D-03  0.11832027672446D-02
 -0.20574577634869D+01 -0.43013285733077D+01  0.12188481343776D+02 -0.89923805298599D-05 -0.92365285007672D-03 -0.75913203431561D-03
 -0.10343948449236D+02 -0.23974569831283D+01  0.13973648565334D+02 -0.26499365910587D-03 -0.73827878501057D-03 -0.86894598389939D-03
 -0.13036731926039D+02  0.48358494274879D+01  0.13911455552122D+02  0.30500369352676D-03  0.36851170244322D-03 -0.77000942734840D-03
 -0.60535807296109D+01  0.14349993211940D+02  0.53441928791401D+01  0.17654829694245D-03  0.39469707745087D-04 -0.66068295203589D-04
 -0.19399557208465D+01  0.13823181980354D+02  0.67128277949636D+01 -0.11048055145095D-04  0.15853969501333D-03 -0.45534373909050D-04
 -0.16593725468879D+01  0.16452731146795D+02  0.60501414765476D+01 -0.31432786713847D-04  0.12304637245436D-03 -0.90803286081994D-05
  0.21650863348139D+01 -0.40790778901424D+01  0.99723410260961D+01 -0.37256712239743D-03  0.36062733541380D-03 -0.18785968455038D-03
  0.14347511444383D+01 -0.62335005544432D+01  0.98056309724899D+01 -0.19315133794452D-03 -0.34088918566556D-03 -0.15393486148901D-03
  0.46493484052341D+01 -0.31350341166703D+01  0.10694921161638D+02  0.21684211171003D-03  0.30790472867137D-03  0.71976760663133D-04
  0.63265925002973D+01 -0.52349009285324D+01  0.10747478594134D+02  0.18089608741273D-03  0.10420078060786D-03 -0.65432684722629D-03
 -0.15920885549687D+02  0.11300534826901D+01  0.13447288369218D+02  0.74698853767044D-03 -0.30147499428210D-03  0.17292073822483D-03
 -0.14833974198272D+02 -0.16084182758123D+01  0.16760203009530D+02 -0.14952881214136D-03  0.21197583780154D-03 -0.13144786754011D-03
 -0.17351706337776D+02 -0.15641607401422D+01  0.17226179700687D+02  0.16316150924471D-03  0.13297319775821D-03  0.24170237037038D-04
 -0.10631807570800D+02  0.90929633750600D+01  0.12583965201128D+02 -0.46262930087928D-03  0.33653862176689D-03  0.31329989658866D-03
 -0.97103167690276D+01  0.32224425837175D+01  0.54111789408256D+01 -0.41910133545479D-03  0.87544918519425D-04 -0.11927794348090D-03
 -0.18494001580987D+02 -0.11322728008873D+01  0.15540657372408D+02 -0.39507826495715D-03  0.61427711952152D-03  0.59251661428512D-03
 -0.17929308496991D+02  0.11952349516441D+00  0.18057758005506D+02  0.81428100926697D-03  0.14856572424391D-03 -0.10195807895722D-02
 -0.18127677317344D+02 -0.33490255346982D+01  0.17974106658306D+02 -0.84841157388060D-03  0.25169901521081D-03  0.44612325019847D-03
  0.75301813582697D+01 -0.49341483625042D+01  0.12326443287728D+02 -0.15267057358569D-03  0.38829452382477D-04  0.62594111224464D-03
  0.78085800000229D+01 -0.51879532449835D+01  0.92303603708853D+01  0.60942605048083D-03 -0.72084271457012D-03 -0.62678956120647D-04
  0.54477517350953D+01 -0.70697410252043D+01  0.11063229535697D+02  0.51482752351088D-04 -0.42613331002081D-03 -0.45838786615041D-04
 -0.99172133431713D+01  0.14464130542859D+01  0.66833192739175D+01  0.30910021688950D-03 -0.82216819982759D-03 -0.22382432344043D-03
 -0.79967069505035D+01  0.29699330756748D+01  0.42033000086093D+01 -0.52890789367371D-03  0.60609273486516D-03  0.50023792327402D-03
 -0.11132034290074D+02  0.29581481201220D+01  0.39206862601283D+01 -0.11785366705040D-02 -0.37131610978633D-03  0.72513141781210D-04
 -0.99704118964167D+01  0.10823440933467D+02  0.11943606247798D+02  0.49045930094041D-03  0.48004496403046D-03  0.18556056383347D-02
 -0.10237351671938D+02  0.96355722948328D+01  0.14521605560174D+02 -0.46359422615152D-03  0.63083674006674D-03 -0.76008251611563D-03
 -0.12633849527937D+02  0.88809454173823D+01  0.11976831873909D+02  0.12619871786741D-03 -0.18702628629903D-03  0.53572840339901D-03
 -0.26839585840635D+01  0.17308976585329D+02  0.76725339097290D+01 -0.30089907843113D-03 -0.65157417312181D-04  0.11055735082250D-02
 -0.26734858142630D+01  0.17211828750884D+02  0.44297946607777D+01  0.62223707475589D-03 -0.27282066982579D-04  0.52122813621880D-04
  0.38800965669695D+00  0.16935739472063D+02  0.61313116020944D+01  0.89311436825064D-03  0.70584931225003D-03 -0.41695714500001D-04
