 -1.0
 -0.31675372359644D+01  0.15155616792441D+01 -0.65804249024997D+00  0.15297772030663D-04  0.21619876155677D-03  0.23445317918482D-03
 -0.31827801348183D+01 -0.95382231715932D+00  0.49698402044372D+00  0.51421700091666D-04  0.82319992603159D-04 -0.27751035868433D-03
 -0.13309547051624D+01 -0.12494725358603D+01  0.25527267814714D+01 -0.19861793842102D-03 -0.28339206433196D-03  0.19127966975320D-03
  0.44959454699299D+00  0.78770015950869D+00  0.27329676924152D+01 -0.19698886157056D-03  0.82554979223617D-04  0.27078753594348D-03
  0.17473323783470D+00  0.30915512684420D+01  0.15644012094912D+01  0.41332921345953D-03 -0.78833660500657D-04 -0.17153434936716D-03
 -0.17738133692018D+01  0.35411131269312D+01 -0.10999021462309D-01 -0.18177871533385D-03 -0.11301761785942D-03 -0.12511233415757D-03
 -0.12603826500040D+01 -0.33031157675575D+01  0.43816147098817D+01 -0.11522797302329D-03 -0.17553301823046D-03 -0.18814723250518D-04
  0.11133152141892D+01 -0.36868626181737D+01  0.53533911798746D+01 -0.11041497687651D-03  0.99292181186717D-04 -0.27835522402962D-04
  0.30422558886587D+01 -0.18064942590995D+01  0.52222100406485D+01 -0.53402737212973D-04 -0.83771183640325D-05 -0.79115987100502D-04
  0.25884865584618D+01  0.42891927460099D+00  0.40414682472631D+01 -0.16216473825939D-03 -0.17933772038225D-03 -0.56430706003554D-04
 -0.29581467526256D+01 -0.53107184252519D+01  0.49770586708585D+01  0.31505111654862D-04 -0.58832429314421D-04  0.14117014102067D-03
 -0.18381241452046D+01 -0.77003001809781D+01  0.55451792844309D+01  0.11698594050049D-03 -0.25903986958402D-03  0.15512291778664D-03
  0.65263918656184D+00 -0.80899245405493D+01  0.61002507496928D+01 -0.14381828146920D-03  0.84784249201797D-04 -0.26682298850145D-03
  0.18617212794659D+01 -0.60323671447552D+01  0.65020040433166D+01 -0.24931367990304D-03 -0.25604230198319D-03 -0.24914629285411D-03
  0.42695764284012D+01 -0.61265724151620D+01  0.77388769685305D+01 -0.30932583816856D-03 -0.14923424693999D-03 -0.47693637204690D-04
  0.60470466001514D+01 -0.41982210801115D+01  0.75833309115941D+01  0.57393181609300D-04  0.59899483078065D-03  0.14979868125421D-03
  0.54943004574694D+01 -0.20652963537533D+01  0.62329757640346D+01  0.22614410583556D-03  0.29271047184311D-03  0.10422511799234D-04
 -0.57436237418810D+01 -0.51263103670033D+01  0.49949906821577D+01  0.40732162296077D-03 -0.24662700904163D-03  0.92211050026929D-04
 -0.70596857365196D+01 -0.74175908686842D+01  0.52321625738612D+01 -0.33125832649426D-03 -0.86052794495372D-05 -0.42042740618062D-03
 -0.59439858440262D+01 -0.97513580498217D+01  0.53324965791042D+01 -0.13953378619672D-03 -0.83189013385795D-04 -0.36032034569139D-03
 -0.33020642988072D+01 -0.97471579102545D+01  0.56281151650798D+01 -0.15884103741512D-03  0.13321237093545D-03  0.54484748658576D-04
 -0.69323926954602D+01 -0.29181424602893D+01  0.48405778172559D+01 -0.29377624106265D-03 -0.13816802430237D-03  0.42806921297647D-05
 -0.48882185097513D+01 -0.28200513634580D+01 -0.20077588580916D+00  0.25281006781581D-03  0.77509002291721D-04 -0.10545685347895D-04
 -0.20872047035882D+01  0.58595230438073D+01 -0.14553008003833D+01  0.62495264210521D-04 -0.11844202512740D-03  0.32047550827777D-03
 -0.76046694613739D+01 -0.12069443704325D+02  0.55858234962788D+01  0.44223531459214D-04 -0.12058254506655D-03  0.31941675175321D-03
  0.14730405152484D+01  0.45334530828352D+01  0.25165045453339D+01  0.13570964502039D-03  0.13555360598050D-03  0.28651667478877D-04
 -0.46084846219477D+01  0.18611899635057D+01 -0.20537903482842D+01  0.38773253273801D-03 -0.11679108961517D-03 -0.36791863188545D-04
  0.66291936456571D+01 -0.24626906140923D+00  0.65004884613665D+01  0.71036379955876D-03 -0.23859122114841D-03  0.11860441569038D-03
  0.44390903920550D+01 -0.79774487786029D+01  0.84373246083693D+01 -0.98896123630627D-03  0.28594069689874D-03  0.52204522613539D-03
 -0.23284374263421D+01 -0.11272547574337D+02  0.66288462507777D+01  0.79117668202059D-04 -0.80481283728097D-04  0.40215121200155D-03
 -0.90849594894207D+01 -0.75504985415086D+01  0.53497491559296D+01 -0.83308728997229D-03 -0.44238948142176D-03 -0.14661914927020D-03
 -0.25619163783474D+01  0.58371459669517D+01 -0.36373327756475D+01 -0.30248765056669D-04  0.16444252611281D-03  0.23381958047435D-03
 -0.14475906055455D+01  0.79560339865927D+01 -0.23614920091070D+00 -0.45949008800725D-04 -0.10939139117367D-03 -0.19982948769561D-03
 -0.17175117127541D+01  0.10225976570295D+02 -0.15141431802404D+01  0.31000574423748D-03  0.13420010471531D-03  0.18207341044035D-04
  0.85694767565547D+01 -0.46056844537231D+01  0.86261118265810D+01 -0.26276392385852D-04  0.39055345699119D-03  0.97164650602599D-04
  0.94606755654872D+01 -0.66789073685386D+01  0.88859595870879D+01 -0.14804897036258D-03  0.41070917979162D-03 -0.19769958685251D-03
  0.96536893693819D+01 -0.24144820362075D+01  0.94490277534904D+01 -0.24221494090947D-03 -0.28962116478764D-03 -0.23733861006916D-04
  0.12134890692614D+02 -0.28438150143339D+01  0.10470266605482D+02  0.25621489686537D-03  0.17939315555908D-03  0.54318112592276D-03
 -0.98192423118753D+01 -0.11800786569435D+02  0.49269691458726D+01  0.16519305850192D-03 -0.21728867712973D-03 -0.40730645901458D-03
 -0.64734554075801D+01 -0.14276199446271D+02  0.61715533025448D+01 -0.28977628469010D-04  0.11432463556418D-03  0.23613315407597D-03
 -0.83567045092428D+01 -0.16167583081109D+02  0.63970483074482D+01 -0.21323291806663D-03 -0.35071380460328D-03 -0.29560711475564D-03
 -0.93610720216476D+01 -0.29047350821467D+01  0.38019144363142D+01 -0.20620326551670D-03  0.66598507427483D-04 -0.82027305141908D-04
 -0.66848423458028D+01 -0.23282921262130D+01 -0.21546725020918D+01 -0.26348218964262D-03 -0.42906156876117D-03 -0.21100867557582D-03
 -0.75713632844304D+01 -0.18198121674098D+02  0.60760263510719D+01  0.60813781714494D-03 -0.11772173061756D-02  0.10612471595952D-03
 -0.97036653983519D+01 -0.15731872137568D+02  0.50084909206784D+01 -0.71781217609699D-04 -0.12906183399667D-04  0.38380657028449D-03
 -0.93692767819343D+01 -0.15803549800918D+02  0.82943385616833D+01  0.78360600969798D-03  0.56069249667575D-03 -0.99772768589481D-04
  0.13098262715572D+02 -0.38416724954348D+01  0.89324376908241D+01 -0.53578259911800D-03 -0.29942681675630D-03 -0.15183103911201D-03
  0.12123024161497D+02 -0.38083929175914D+01  0.12222572536888D+02  0.77214152539016D-03  0.17199192052852D-03 -0.80617318588074D-03
  0.13156306701750D+02 -0.11076766502583D+01  0.10741916888999D+02 -0.23811822083977D-03 -0.78010631367499D-03 -0.41907841241807D-03
 -0.82139158708808D+01 -0.36686750548230D+01 -0.19484766563484D+01 -0.84960841960414D-03 -0.30270064231584D-03  0.10579447413663D-02
 -0.56548609392223D+01 -0.26493118648172D+01 -0.38646960946483D+01 -0.20231614770208D-04  0.34674645384832D-03  0.26740395224100D-04
 -0.73750693431842D+01 -0.27555448896216D+00 -0.24955949526434D+01  0.52154673394258D-03  0.76822527380575D-03  0.47553778259864D-04
 -0.95555342918465D+01 -0.10262736211463D+01  0.29364200442223D+01  0.47990363141749D-03  0.22667856430010D-03 -0.37066433421378D-03
 -0.10727275251721D+02 -0.30645520320663D+01  0.52910231182397D+01 -0.84265629573119D-03 -0.26817235390389D-03 -0.55643715440187D-03
 -0.97251852749511D+01 -0.41849992878290D+01  0.22046708560654D+01 -0.42399517970745D-04  0.73806271724691D-03 -0.43980791445123D-03
 -0.90467748889952D+00  0.11896945128394D+02 -0.62218334156521D+00  0.46773740194759D-03  0.39096427042567D-03  0.13834476595705D-03
 -0.38841107446042D+01  0.10556470742598D+02 -0.16674351534923D+01 -0.50046888068446D-03 -0.53474940481716D-03 -0.14312819160579D-03
 -0.10700681764741D+01  0.10048445286839D+02 -0.34520115693067D+01  0.11676885408928D-03  0.44677003754946D-03 -0.10591310735116D-03
 -0.69870254325686D+01  0.80429514977907D+01  0.45479139099860D+01  0.31800432077249D-03  0.10480500281868D-03  0.13331685530669D-03
 -0.63947776786562D+01  0.58335428083362D+01  0.58710670395407D+01  0.99546786089811D-05 -0.33641058351022D-03  0.40059871952566D-03
 -0.37407928212860D+01  0.58917130249050D+01  0.68724736502407D+01  0.24448927404066D-03  0.15854986549605D-03  0.81943581614645D-05
 -0.21288600173669D+01  0.80806999833476D+01  0.65332648831666D+01  0.17522878135900D-03  0.30216410713437D-03  0.68524997194985D-05
 -0.31691928870914D+01  0.10254527413042D+02  0.53792347181589D+01  0.10830737203115D-03  0.11929115173036D-03  0.28309463012159D-03
 -0.55939386989260D+01  0.10194889497418D+02  0.45015725047854D+01  0.34784271789367D-04  0.11623095995013D-03 -0.11937293714210D-03
 -0.27001566967775D+01  0.38474931626167D+01  0.84194803536199D+01  0.23139403966509D-03 -0.21468637733504D-03  0.15326687747034D-03
 -0.11028089192417D+00  0.39591304647345D+01  0.85813749386421D+01  0.29266431604016D-04  0.36604948215958D-03 -0.62512383099606D-04
  0.12407795089183D+01  0.61802085167289D+01  0.79935376258797D+01  0.49199152609463D-04  0.32482431657051D-03  0.16869377323251D-03
  0.24942658426877D+00  0.83437658535851D+01  0.71960146063968D+01  0.12514894278130D-03  0.64726926662732D-04  0.11723821756469D-03
 -0.40402353812546D+01  0.19454502440259D+01  0.97827583215571D+01  0.22998171753919D-03 -0.12640112435916D-03 -0.88442269216878D-04
 -0.25308060893525D+01 -0.21836293759345D+00  0.10463355036720D+02  0.88942806898717D-04 -0.87027915714615D-05 -0.52452301980123D-03
 -0.56892964739212D-01 -0.40368505108438D+00  0.10185394387856D+02 -0.42781012892493D-03 -0.95734910663377D-04  0.80811842059908D-04
  0.11948038230493D+01  0.17901183158286D+01  0.96043808569260D+01  0.20253746525648D-03 -0.14717652650060D-03  0.25642797278004D-03
  0.37924710155783D+01  0.19461042058316D+01  0.10101588766356D+02  0.24595801284092D-05  0.29492544850070D-03 -0.31789016660729D-03
  0.50444128895278D+01  0.42216193337653D+01  0.97329748567966D+01 -0.43370716650209D-03  0.17378785055402D-03  0.23419380105267D-03
  0.37510234456446D+01  0.63977383386468D+01  0.88463647609749D+01 -0.22048373345025D-03  0.13695051958328D-03 -0.23588280196815D-03
 -0.64961467723399D+01  0.23298019690550D+01  0.10653848656171D+02  0.36828267309839D-03 -0.84150530760459D-04 -0.35468037663790D-03
 -0.76379223368668D+01  0.52355928622544D-01  0.11631572700146D+02 -0.15821692280090D-03  0.19142648957283D-03  0.18816545255136D-03
 -0.64172583205018D+01 -0.23419360368105D+01  0.11705505284009D+02  0.26332513927921D-03  0.57331591932020D-04  0.17730597587564D-03
 -0.38724454967487D+01 -0.23919735159965D+01  0.11170133309226D+02  0.26573998346886D-04  0.53023403280259D-04 -0.28541378842790D-03
 -0.74377656150159D+01  0.48316530730313D+01  0.10732949493270D+02  0.33943774058201D-04  0.14157876764656D-03  0.21927226269900D-03
 -0.77136021355703D+01  0.34859193885987D+01  0.58349532918568D+01 -0.87793059973834D-04 -0.39858801442065D-03  0.15394207362459D-03
 -0.63034817862670D+01  0.12562375502484D+02  0.32107052821730D+01  0.12833486742940D-03  0.52118778388676D-04  0.10685083062174D-04
 -0.77292722216242D+01 -0.45360812463170D+01  0.12910116214133D+02 -0.59404055206616D-04  0.48444517943053D-03 -0.21460914716956D-03
 -0.20515538890444D+01  0.11851330376522D+02  0.53669672215288D+01 -0.11891482926793D-03  0.85563684299578D-04  0.98661648423488D-03
 -0.89388119374257D+01  0.81092294179413D+01  0.35608713510122D+01 -0.80619940978747D-04 -0.89497656337900D-03 -0.48517582659030D-03
  0.48017940305074D+01  0.81485861010655D+01  0.86648805856236D+01  0.15771298246410D-03 -0.12307900729180D-03  0.12823264062711D-03
  0.44198435325253D+01  0.16386034852562D+00  0.11099787212933D+02  0.53087683302545D-04  0.31522578926217D-03  0.64775674508521D-03
 -0.30154361325910D+01 -0.41111603709497D+01  0.11114263569087D+02 -0.53967537862159D-03 -0.86817110396754D-03  0.76190921976282D-03
 -0.93057575314157D+01  0.20326833446061D+00  0.12712733738649D+02 -0.55167112497485D-03 -0.39577491585419D-03  0.91693559951666D-03
 -0.49692468526120D+01  0.14424552591354D+02  0.25792454779679D+01  0.21287280770136D-03 -0.23455978633698D-03 -0.36839925429641D-03
 -0.85911529157511D+01  0.12392603748005D+02  0.22097148169475D+01 -0.42469453755450D-04 -0.70279617538746D-04 -0.55937124062488D-05
 -0.93169470612122D+01  0.14982196675987D+02  0.16120774035743D+01  0.11458356170466D-03 -0.49206143593248D-03  0.33195304110782D-03
  0.78791169507185D+01  0.45465991390819D+01  0.10571930493747D+02  0.19319220278962D-03  0.19944627433219D-03  0.21523828611764D-03
  0.86323769655936D+01  0.27981835457630D+01  0.11789440334938D+02  0.32615581672475D-03 -0.20619712577483D-04 -0.13461076207933D-03
  0.91399468351290D+01  0.65350601721932D+01  0.97289223848144D+01  0.13243713230603D-03  0.92117867475539D-04 -0.16495271019989D-03
  0.11548806758203D+02  0.65805889157187D+01  0.10814798340400D+02 -0.15454493562072D-03 -0.21277114283304D-05  0.13566951409215D-03
 -0.95831670090107D+01 -0.41644842711910D+01  0.14320145532924D+02 -0.12534647875514D-03 -0.12495482541725D-04  0.16240992353421D-03
 -0.62979711218538D+01 -0.66875688600153D+01  0.12734164676164D+02  0.21722420361948D-04  0.85392147281150D-04 -0.23791470074238D-03
 -0.78398511775487D+01 -0.85563954345041D+01  0.13754891280434D+02  0.14430691774077D-03 -0.85953923642736D-06  0.77772309984365D-04
 -0.94962271826013D+01  0.51832445020728D+01  0.12373559910976D+02 -0.36864163310241D-03  0.37986757746635D-04 -0.72276003988024D-04
 -0.10266488155386D+02  0.37869023346799D+01  0.56016054013958D+01  0.47929016894579D-03  0.10450036275686D-03  0.40686165772972D-03
 -0.94343112781181D+01 -0.89344605409542D+01  0.12320056384891D+02  0.23642472716200D-03  0.71548656083558D-03  0.34486571094592D-03
 -0.87390099638751D+01 -0.80479978248147D+01  0.15413234791104D+02 -0.45897178629419D-03  0.67828800810296D-04 -0.56031881674870D-03
 -0.64555213824169D+01 -0.10093568196713D+02  0.13862897154540D+02 -0.47299969149722D-03  0.14126332791497D-03  0.59810010086443D-03
  0.12041987973915D+02  0.85566015779470D+01  0.10236506481511D+02  0.11308140446298D-03  0.20082215967996D-03  0.37209814480670D-03
  0.12895728706465D+02  0.53652244739835D+01  0.96375838441637D+01 -0.19397567909363D-03  0.81850780716617D-04 -0.69322206308415D-03
  0.11482438434321D+02  0.61218195981187D+01  0.12748171743168D+02 -0.10454733642429D-03 -0.44474934697244D-04 -0.15944815012412D-02
 -0.10487917670692D+02  0.42094843153691D+01  0.35857831597319D+01  0.19344455567085D-04 -0.20270876758010D-03 -0.34695768113102D-04
 -0.10984063155285D+02  0.52371341118983D+01  0.66935936620368D+01  0.60957822071480D-03 -0.21064446154123D-03 -0.50978949983389D-03
 -0.11382989275577D+02  0.21225295297940D+01  0.60352640214221D+01 -0.75018399366008D-03  0.86650281740257D-04 -0.73308797712208D-04
 -0.11263706768256D+02  0.48381185609514D+01  0.11342361856113D+02  0.11504237188766D-03  0.14389257702220D-03 -0.62079576918455D-03
 -0.92264555348972D+01  0.69033495348006D+01  0.13288394020786D+02 -0.14234672944632D-03 -0.47704632633919D-03  0.17839117314148D-04
 -0.94841796565674D+01  0.39480652200294D+01  0.13906205370688D+02 -0.10671331555112D-03  0.35001754630556D-04 -0.11928893310076D-03
 -0.97885226298188D+01  0.16132662547182D+02  0.32580783129484D+01  0.37796762381188D-03 -0.55516211512208D-03 -0.31023101869799D-03
 -0.10847782923638D+02  0.14905325758519D+02  0.22265595601318D+00  0.25838532362389D-03 -0.41942166989982D-03 -0.18569976008302D-03
 -0.79689360513043D+01  0.16161565217228D+02  0.68040738821871D+00 -0.69072036563265D-03  0.35002561002423D-03  0.82092870060542D-03
