 -1.0
 -0.43828204518702D+01  0.22559158310803D+01 -0.31160070923059D+01  0.63554352897004D-03 -0.14110525450969D-03  0.54432601880818D-03
 -0.47960923506239D+01  0.17636191365321D+00 -0.15409800839200D+01  0.83467445673830D-04  0.28983580364369D-03  0.75821218378788D-04
 -0.34420952739610D+01 -0.83664073670498D-01  0.90969523878130D+00  0.40264973907098D-03 -0.28974073305205D-05  0.19978171727694D-03
 -0.13299669308013D+01  0.17185452881053D+01  0.11030346536575D+01  0.51520909526011D-04  0.12698309241492D-03  0.26533634512096D-03
 -0.91591451017702D+00  0.37583185014803D+01 -0.46060479153342D+00  0.39759351155399D-04  0.15291345071809D-03 -0.59230271538206D-04
 -0.24335252841739D+01  0.39640881588977D+01 -0.26094432475501D+01  0.15727948256949D-03  0.17887619584512D-03 -0.38320736836066D-05
 -0.38802994544110D+01 -0.19601218111776D+01  0.29396443570752D+01 -0.14797167840270D-03  0.29813592164363D-05  0.29160695018667D-03
 -0.19331124236646D+01 -0.20816150949247D+01  0.47280264679927D+01 -0.22805648354225D-03  0.20167915899317D-03  0.52297734865735D-04
  0.43741725271742D+00 -0.48866302055272D+00  0.45540880537280D+01  0.44279431479625D-04 -0.37448970765126D-03  0.23583977916843D-03
  0.40996139770203D+00  0.15863962721273D+01  0.30522615762389D+01  0.25141031792572D-03 -0.20945269687402D-03  0.59109441451949D-04
 -0.60914928054432D+01 -0.33474815678593D+01  0.36239375959455D+01  0.19692760345256D-03  0.77399489679438D-05 -0.31280464028486D-03
 -0.58185244614458D+01 -0.57798136052834D+01  0.51376316467290D+01 -0.22904716278487D-03 -0.18876053418429D-03  0.15481472450906D-03
 -0.37991170874040D+01 -0.59476230732333D+01  0.66418515866326D+01 -0.15527924137571D-03 -0.14027400802365D-04 -0.54998520175442D-03
 -0.18479349581448D+01 -0.41071817719290D+01  0.65982803018468D+01 -0.32171657095250D-03 -0.24887594490841D-03 -0.33954256078958D-03
 -0.38493300790823D-01 -0.40817683913205D+01  0.84404279945749D+01  0.87017868261553D-04  0.21526717211781D-03  0.24897566767993D-03
  0.19579201872457D+01 -0.23726574524017D+01  0.80520797937481D+01 -0.32893618470549D-03  0.55443435068183D-03  0.87826497342097D-04
  0.24136937869508D+01 -0.74349990344600D+00  0.62146204381158D+01 -0.46643020350958D-04  0.25248838294297D-03 -0.58410598896433D-04
 -0.84597093849113D+01 -0.26416744119429D+01  0.28962892669049D+01 -0.20342600291357D-03  0.39071765260569D-05  0.75708229396963D-04
 -0.10242434257337D+02 -0.44801964370134D+01  0.29078075888045D+01  0.44311883144699D-04  0.81517427635351D-04 -0.10922553414765D-03
 -0.97143214749269D+01 -0.70632382565996D+01  0.36175425507853D+01  0.28862749957922D-03  0.75419230573524D-05 -0.14408321475258D-03
 -0.76237629263750D+01 -0.76755683866379D+01  0.48143391049577D+01 -0.89371922799643D-04 -0.22391471844857D-03  0.64519870174907D-04
 -0.88548491057114D+01 -0.16911279646981D+00  0.21326398757107D+01  0.25361144092003D-03  0.23572948571782D-04 -0.11137318672127D-03
 -0.64074915579475D+01 -0.17584288107109D+01 -0.20742345382776D+01  0.32550541739839D-05  0.12840375206944D-03 -0.39194533430028D-03
 -0.20579275454905D+01  0.61006075089947D+01 -0.42897822136214D+01  0.46296828543498D-03  0.40713541832742D-03  0.64222929861746D-03
 -0.11924265781683D+02 -0.87832827597475D+01  0.39516385681177D+01 -0.75665376738941D-04 -0.10315928929808D-03 -0.33656732887341D-03
  0.50108288213891D+00  0.50884706885498D+01 -0.16372737203648D+00  0.12922190991149D-03  0.41879876588241D-04 -0.33764996093268D-03
 -0.59063067584893D+01  0.27975262139739D+01 -0.43919371647477D+01  0.24034627868144D-04  0.12887105661430D-02  0.40291864933602D-03
  0.37129541082979D+01  0.63921841226471D+00  0.65791610274275D+01 -0.67139662132004D-03  0.83118555015184D-03  0.23156566465201D-03
  0.92238831151783D-01 -0.53180389651029D+01  0.10152188054087D+02 -0.85760023335029D-03 -0.71235353491434D-03  0.23185574289767D-03
 -0.74953401717567D+01 -0.95672557134834D+01  0.52692993325470D+01 -0.47721204217384D-03 -0.84570056420194D-04 -0.36115133828622D-03
 -0.12103883257402D+02 -0.38035410576879D+01  0.27400424056648D+01 -0.74712548741136D-03 -0.16025184694419D-03  0.97507574482081D-03
 -0.23466057935810D+01  0.61107812164820D+01 -0.66811628770211D+01 -0.16564859541638D-03 -0.92209269972367D-04 -0.53747267934943D-04
 -0.67162620536248D+00  0.79430084004324D+01 -0.31057369341302D+01 -0.27670836665626D-03 -0.21476545478319D-04 -0.89011952449552D-04
  0.30316994335919D+00  0.94904493346221D+01 -0.51945559764820D+01  0.42995026956910D-03  0.10189031464956D-03 -0.82265474842706D-03
  0.41928172762199D+01 -0.30363833322606D+01  0.96364348538942D+01 -0.27594255641353D-03 -0.78173461296181D-03  0.12133708704014D-03
  0.40349292618611D+01 -0.41571240045608D+01  0.11684311622260D+02 -0.20682537386143D-03 -0.12475349331384D-04 -0.12385609498736D-03
  0.63462772420710D+01 -0.20523352707929D+01  0.86067756604826D+01 -0.24783223498928D-03  0.64269133658443D-04 -0.14272371682643D-03
  0.83310278470768D+01 -0.22990603917230D+01  0.10212649001900D+02 -0.69721751375961D-04 -0.40205057959171D-03  0.14563742828187D-03
 -0.14018417807628D+02 -0.79765382110546D+01  0.41184044216811D+01  0.28854200080732D-03  0.15716133851003D-03  0.35990432043794D-04
 -0.11358608744063D+02 -0.11419242825976D+02  0.40289667175072D+01 -0.11169031398632D-03 -0.27344469236432D-03  0.45084270763496D-03
 -0.13655787133404D+02 -0.12749357113781D+02  0.40519709779947D+01  0.39167483143089D-04 -0.22936741479372D-03 -0.16576833443632D-03
 -0.11274998047798D+02  0.13954779494922D+00  0.82367358443919D+00 -0.44761669375381D-04  0.47787419220108D-03  0.19552453364836D-03
 -0.57232720970599D+01 -0.27371829590997D+01 -0.44812919147406D+01  0.38289175241184D-03 -0.36525936998096D-03  0.17546764312528D-03
 -0.14953163020495D+02 -0.11815167941176D+02  0.53078501342422D+01  0.39693971240059D-04  0.50627842536614D-03 -0.57281637354884D-03
 -0.13282403882173D+02 -0.14735147794267D+02  0.44892504302922D+01  0.58619311578389D-03 -0.22309901473605D-03 -0.20932517615800D-03
 -0.14827974616617D+02 -0.12238528851181D+02  0.22777726151737D+01  0.49109214875326D-03 -0.76660171108089D-03 -0.72398841545107D-03
  0.94582870470912D+01 -0.40823571097131D+01  0.99180432909089D+01 -0.18206473927048D-03 -0.66905530936734D-03 -0.33285836833417D-03
  0.75749124500265D+01 -0.22508369394715D+01  0.12146155885970D+02 -0.71368793074353D-03  0.67941672431736D-04 -0.59484108475193D-03
  0.95422327315610D+01 -0.70635635807445D+00  0.99730723807111D+01 -0.13880791671034D-03 -0.59569499306356D-04 -0.19284956684263D-03
 -0.52539126721856D+01 -0.11607006660227D+01 -0.56735870444679D+01 -0.19657183112907D-04 -0.84845832625570D-03  0.30133339373601D-03
 -0.73302466506400D+01 -0.38359207601713D+01 -0.53451570757737D+01 -0.12032732460925D-03 -0.49926075807440D-04  0.33620274797932D-03
 -0.41910998564875D+01 -0.39343433940243D+01 -0.42308952249269D+01 -0.28514965580457D-03 -0.27375282463226D-03  0.36892795686759D-03
 -0.11096688684539D+02  0.19041311006716D+01 -0.34044430333652D+00 -0.23091395446801D-03 -0.58521534411824D-03  0.39319531552331D-03
 -0.12866598688437D+02  0.81928525839614D+00  0.20097004202036D+01 -0.75307748614470D-04 -0.82835009035360D-03  0.23745507313595D-03
 -0.11708057937537D+02 -0.12159200604652D+01 -0.63726654655753D+00  0.28488009256297D-03  0.23246973934850D-03  0.32079167288859D-04
 -0.11982395366223D+01  0.95124071357118D+01 -0.66494370213785D+01 -0.12933627662686D-02 -0.69531793119895D-04  0.65389127481476D-03
  0.21666224065420D+01  0.85025753891287D+01 -0.52599998373945D+01 -0.30567065765011D-03  0.97688222665357D-04 -0.51384407783667D-03
  0.34747105699818D+00  0.11577459147994D+02 -0.46569704304806D+01 -0.71920879393404D-04  0.11088037870710D-02 -0.24051920687250D-03
 -0.44584659160759D+01  0.43710398988594D+01  0.52991904308406D+01  0.26286771388453D-03 -0.25870278276229D-03 -0.32867015052595D-03
 -0.34214391471625D+01  0.33241832500865D+01  0.73224557714507D+01  0.22150351075383D-03  0.16448265111030D-03 -0.19626585517049D-04
 -0.11108073341524D+01  0.43164339532745D+01  0.81992666427326D+01 -0.24617781869323D-03 -0.28914615834252D-03 -0.11428873448245D-03
  0.42993258482690D-01  0.65242221176935D+01  0.68800365312623D+01  0.35232378908077D-03 -0.93002332665637D-04  0.16302013966474D-03
 -0.11400497697457D+01  0.74325251269003D+01  0.48070818582000D+01  0.27154158323260D-03  0.19476328131735D-03  0.77018533048429D-04
 -0.34216495917274D+01  0.65083340655871D+01  0.40547591808491D+01  0.11972170996251D-03 -0.71139570087658D-04 -0.25959474756233D-03
 -0.11648080044077D+00  0.33055374528123D+01  0.10635654961218D+02  0.24972550131903D-05  0.19950571959669D-04  0.19549150907020D-04
  0.25942586042888D+01  0.36560554558734D+01  0.10815986967081D+02  0.69899682939614D-03  0.37146657893106D-03  0.12989353218378D-03
  0.37608928198183D+01  0.56726053795827D+01  0.92417989841700D+01  0.30829122808098D-03  0.81875252745124D-04 -0.18324079371078D-03
  0.24861467304101D+01  0.71436186826881D+01  0.73981165790451D+01 -0.43533883238060D-03  0.30044132916343D-03 -0.20499005373391D-04
 -0.12707698853611D+01  0.14468983748433D+01  0.12290335313238D+02  0.35687778943647D-03  0.20697891436551D-03 -0.11505494043387D-03
  0.43683223684517D+00 -0.53296829567331D-01  0.13826014668964D+02 -0.28301460563638D-03  0.19445412999706D-03 -0.11580223262654D-04
  0.30227996485321D+01  0.32113765190606D+00  0.13901318659610D+02  0.23898186820108D-03  0.29908203686586D-05  0.40026759100282D-03
  0.39589478657023D+01  0.22206427121847D+01  0.12415116550147D+02 -0.21146862638427D-03 -0.62345727486253D-04 -0.37497205738565D-04
  0.64117596408247D+01  0.27847744455620D+01  0.12710855444966D+02  0.10172131662753D-03 -0.58433786058620D-04  0.45457699072231D-03
  0.75241024007940D+01  0.46707074443336D+01  0.11364914537929D+02  0.92216457352079D-04  0.36992646691275D-03 -0.18756414076314D-03
  0.63715900211378D+01  0.59677965127096D+01  0.95939060245306D+01 -0.28429030543248D-04 -0.46395189249608D-03  0.10104383891784D-03
 -0.40341699256160D+01  0.14198964545623D+01  0.13053019325100D+02  0.35839065804283D-03 -0.18491480001673D-03 -0.97761751725266D-04
 -0.48203574732619D+01 -0.10033536502717D+01  0.13495734086385D+02  0.29341410060725D-03  0.42233952704441D-03 -0.29738530664601D-04
 -0.31426609332656D+01 -0.28267236498774D+01  0.14710261068391D+02  0.39144549932140D-03 -0.47004062380435D-03 -0.28145398563523D-03
 -0.60412199692525D+00 -0.21158336763065D+01  0.14966904044443D+02  0.57603248060351D-03 -0.39850164314676D-04 -0.44494826868423D-03
 -0.57092957229290D+01  0.34774264265217D+01  0.13004782159361D+02  0.85670334309697D-04 -0.79815591397868D-04  0.15563305697988D-03
 -0.45807894235123D+01  0.13973943580978D+01  0.87918992263318D+01 -0.18375049107186D-03 -0.21559025418874D-03  0.17304662820029D-03
 -0.51407291271241D+01  0.79513349515023D+01  0.22884735866933D+01 -0.47204189704526D-03 -0.62066957913294D-03  0.31204619698656D-03
 -0.42593909192974D+01 -0.53204490028380D+01  0.15084967280644D+02  0.48692792969011D-04  0.44689266093725D-03 -0.18249573083754D-03
  0.12636954039903D-01  0.87852641464316D+01  0.35217845629953D+01  0.39954980158307D-03 -0.20380557969361D-03  0.39164928205117D-05
 -0.63442461744040D+01  0.37656801343466D+01  0.52096992927768D+01  0.36103105292863D-04 -0.32942473087933D-04  0.10154620022641D-03
  0.75757999516311D+01  0.68934073100695D+01  0.82213065207266D+01  0.18322741540132D-03 -0.53303603136472D-03 -0.12512030994530D-03
  0.77781759313513D+01  0.17764264421339D+01  0.14032862132375D+02  0.41697107736721D-05 -0.25980006017211D-03 -0.74050364494241D-03
  0.48624417546420D+00 -0.35051984084304D+01  0.15927787394564D+02 -0.43683428190523D-03  0.91827465206639D-03 -0.11910985395714D-03
 -0.68332143925936D+01 -0.14392443472873D+01  0.13374529037547D+02 -0.20841566978110D-03  0.12299215299066D-03  0.16120561609355D-03
 -0.42873139909410D+01  0.98624986840784D+01  0.14360461857511D+01 -0.31768970243547D-04 -0.65809956541447D-04  0.41965018133970D-03
 -0.74548377185286D+01  0.69475427417784D+01  0.16765879061320D+01 -0.22471938505822D-03  0.84696126084178D-04 -0.32198399417458D-04
 -0.87344953103503D+01  0.82041164827457D+01 -0.39483361192926D+00  0.14103167504586D-05 -0.40648812078850D-03 -0.14920013561323D-03
  0.10294229659818D+02  0.50219481007484D+01  0.11720280606113D+02 -0.86139776943400D-03 -0.33984411612587D-03 -0.42525906422935D-03
  0.11541495300510D+02  0.30446312880841D+01  0.11499857626515D+02  0.67595598292766D-04  0.58811684055344D-04  0.43773790017517D-04
  0.11183580380282D+02  0.73568018303258D+01  0.12661874824113D+02 -0.19286243027789D-03 -0.38809170004453D-05 -0.15845685155248D-03
  0.13713904030982D+02  0.71306695235735D+01  0.12985446025560D+02 -0.39886622087486D-03  0.53551242061884D-05 -0.40747652059169D-04
 -0.64228747895269D+01 -0.56030461597546D+01  0.14709976121726D+02 -0.15783033160520D-03  0.15039968560310D-03  0.28097457094413D-03
 -0.25546257986892D+01 -0.72537944300796D+01  0.15889591695217D+02 -0.71010046572801D-04  0.37216796750780D-03  0.16635738291345D-03
 -0.37537906625086D+01 -0.96306607025714D+01  0.15319211763192D+02 -0.42302919071704D-03  0.42457746332418D-03  0.36082319337789D-04
 -0.77347438143846D+01  0.31318179768199D+01  0.14401488105110D+02 -0.16527612456083D-03  0.44880684666367D-03 -0.42730598776487D-03
 -0.68022118914042D+01  0.15651934822047D+00  0.77436360454701D+01 -0.12786229935446D-03 -0.10223135852670D-03 -0.21441404634261D-04
 -0.57098922248567D+01 -0.94935351327221D+01  0.15025451153969D+02  0.85627523666196D-03  0.91768702591629D-03 -0.48767472162524D-03
 -0.34400731613870D+01 -0.10910835257267D+02  0.16876281736966D+02  0.59227175985210D-03 -0.43658676407963D-03  0.14933562090797D-03
 -0.29618781215999D+01 -0.10547300616753D+02  0.13554177279861D+02 -0.64322760323399D-03 -0.81460117425009D-03 -0.48932585020647D-03
  0.14051990636492D+02  0.85063719924545D+01  0.14418540530951D+02 -0.34357890044374D-04 -0.45361319997466D-03 -0.26587169775515D-03
  0.14685809744946D+02  0.72623988937911D+01  0.11184618766728D+02  0.28835611647795D-03  0.73812810425833D-03  0.63413859859564D-03
  0.13769761158209D+02  0.51709597702889D+01  0.13524293393529D+02 -0.31065521447558D-03  0.20956094957292D-03  0.95576655994353D-04
 -0.72212730091390D+01 -0.15075449385907D+01  0.92175469367169D+01 -0.51749529412270D-03  0.49852111557507D-03 -0.92526983542594D-03
 -0.63543176865622D+01 -0.31613514531829D+00  0.57744966243101D+01  0.10548929953351D-02 -0.15769361902116D-03  0.31969002060047D-03
 -0.85562207435300D+01  0.13400409258778D+01  0.72765826693969D+01 -0.32347566150444D-03 -0.46655698820663D-03  0.45199589120009D-03
 -0.70134845829689D+01  0.20632472080147D+01  0.15971710140861D+02 -0.86978911434552D-03 -0.41790173139450D-03  0.89266662980777D-04
 -0.90633556630896D+01  0.17102628380565D+01  0.13688768378360D+02  0.93617098572481D-03 -0.92228805049636D-04  0.60422308052732D-03
 -0.83509415740296D+01  0.50689127534795D+01  0.15125263330056D+02  0.11676504956753D-02 -0.37788706295262D-04  0.19056266128060D-03
 -0.96664206002801D+01  0.98699115107649D+01  0.60269244469457D+00  0.47277068767828D-03  0.37755576446139D-03  0.72693820286253D-04
 -0.99924879817372D+01  0.72505870821022D+01 -0.17114573770801D+01 -0.20210998787296D-03  0.71801373166329D-03  0.29808264083099D-04
 -0.72803773233667D+01  0.85810016312462D+01 -0.17998562019878D+01 -0.35454479996452D-03 -0.49483490665333D-03  0.58176572913747D-03
