   -0.03158507
    0.12293806
    0.01515821
    0.09675873
   -0.02144970
    0.00016946
    0.03573395
    0.00132222
    0.08906689
   -0.26165562
    0.01894166
    0.09219072
   -0.26702966
    0.10199026
   -0.02525417
   -0.00133700
   -0.02217399
    0.14634193
   -0.02940205
    0.00185068
   -0.02176148
   -0.35108368
   -0.33017312
    0.36699294
    0.37081855
    0.11831142
    0.11096453
    0.11986791
    0.12551866
    0.12870803
    0.11414675
   -0.48943830
   -0.39948409
    0.03837798
    0.37592878
   -0.50095031
   -0.37759333
    0.00300371
   -0.49495309
   -0.39072675
    0.04124544
    0.01248153
    0.01449521
    0.06582042
    0.08908216
    0.11752773
    0.10791347
    0.11017642
    0.10005501
    0.06812146
    0.07338078
    0.12067979
    0.08395555
    0.06880978
    0.07336260
    0.07526437
    0.10909985
    0.08947780
   -0.02668228
    0.13644623
    0.01532423
    0.10095874
   -0.02382067
   -0.00877547
    0.03039266
   -0.00100442
    0.09595983
   -0.27930595
    0.00849650
    0.09904376
   -0.27735836
    0.10106870
   -0.02241594
   -0.00037650
   -0.02100813
    0.13659066
   -0.03354978
   -0.00548613
   -0.02418476
   -0.35565513
   -0.35249808
    0.36745845
    0.36698934
    0.11689757
    0.10530917
    0.13819780
    0.11340709
    0.13355900
    0.10601530
   -0.48198108
   -0.38128793
    0.03302374
    0.37247351
   -0.48987127
   -0.37330781
    0.03768144
   -0.48904152
   -0.38369729
    0.02686329
    0.01503519
    0.01183569
    0.08060231
    0.12330068
    0.07210316
    0.08710753
    0.09957673
    0.07523503
    0.10107373
    0.10669128
    0.07834720
    0.08129081
    0.07890108
    0.07504152
    0.12247285
    0.10119876
    0.07933792
