$coord
       -1.23026462903601        3.53351573833831       -0.98671644208045      C
       -2.05339429353913        4.76122462405620        1.22633487524896      C
       -1.31075328988866        3.72774251775586        3.64171763739593      C
        0.14917924696870        1.47063228682617        3.61906078113795      C
        0.62362066306809        0.20380318795419        1.25171260873203      C
        0.18487030664172        1.29922664332283       -0.96332147383691      C
       -1.30112184647680        4.92667693837880        6.01609583259763      C
       -0.76678512420529        3.55636471673182        8.09452243580299      C
        0.40230253662647        1.07087876502926        7.85333318353574      C
        0.85190434686901        0.11002172997273        5.60921831343085      N
       -2.01454565666777        7.49576577049900        6.64231846117868      C
       -2.82050767432256        7.96258343867650        9.27966855849081      C
       -2.23802036004249        6.50235946348129       11.17529084313392      N
       -1.10885461779244        4.35917666435223       10.66103196974860      C
        0.03450829749274        3.05777002222261       12.79854688233358      C
        1.14978430559628        0.62063847472004       12.28797414636879      C
        1.16198587398821       -0.32212894750084        9.84682414491640      C
       -1.75782619060712        9.72497309541950        4.88682205410970      C
       -3.36643544865958       11.81889583653535        5.46982203821138      C
       -4.33752534893017       12.26446938628863        7.95810622333798      C
       -3.86310597623246       10.44696706705625        9.85907370782241      C
       -0.38040064089926        9.67332513603087        2.81572313006459      O
       -3.84298624796290        6.73588276358644        1.16445507164529      O
        0.45876367624225       -0.15754920160533       -3.34347353454113      C
       -5.67607224268125       14.59676967349444        8.63640300539025      C
        1.25000621210466       -1.71096341619336        1.25419238464903      H
       -1.57168987076798        4.72596545954436       -2.59934321361013      H
        2.43365088511475       -1.83016637791846        9.32820679374839      H
       -0.39340884511919        3.76209797482313       14.70973007484029      H
       -4.25944922597415       10.88020123224990       11.83551276448574      H
       -3.60349687423572       13.52381980927807        4.28447410124035      H
        0.92539827514752       -2.45917125715503       -3.25056799793521      O
        0.36749126379093        1.12606395007514       -5.70672126990621      O
        0.79040748143235       -0.52090172945955       -7.57657177960238      C
        2.06141623952561       -1.14938208166325       14.25448334993285      C
        2.22371123913004       -3.43580166501726       13.80566723403869      O
        2.32625310557699       -0.24540311529451       16.68210514716711      O
        2.15614824808069       -2.39984638072683       18.22035184642579      C
       -6.81684621395644       14.72247647508397       10.70487841655799      O
       -5.61824846756947       16.35889991057226        6.69192410932215      O
       -7.00938137397126       18.38410417179395        7.37713828013627      C
       -0.67815825976386       11.61500533802834        1.03044272740927      C
       -6.10244080904682        6.48094102434493       -0.26595362028230      C
       -5.89172145159529       19.62522658233714        8.44454457296261      H
       -8.56108899823068       17.59407562809817        8.65608447401525      H
       -7.60454094421070       19.09176360431949        5.52423991487166      H
        3.71338768203682       -2.44542564994011       19.56166550402930      H
        2.28064726251366       -4.13847488001105       17.06890955839645      H
        0.17988495363005       -2.17409121550054       19.15557064722716      H
       -7.48984939117251        6.12179422714856        1.32563236823012      H
       -6.16247164655221        4.78126700535889       -1.38391086152683      H
       -6.49340134472355        8.38097739497147       -0.84348966815599      H
        0.92287486229617       13.00150137407350        1.30898425471987      H
       -2.38682452423775       12.73381256640429        1.01199579782145      H
       -0.34539192539426       10.72686926877782       -0.72899793110430      H
        2.46931212254124       -1.69321645410961       -6.86795399996105      H
        1.18826920767336        0.40811710531995       -9.30806778738157      H
       -0.77044093259789       -1.94039576767336       -7.87105478487104      H
        2.41640336211437       -7.71831445662212        4.07921361632143      C
        0.74005581163377       -6.77450418544947        5.88712687539903      C
       -1.64965112863224       -5.66627674508815        4.95422866185283      C
       -2.04563027464175       -5.23599160380890        2.24583442880043      C
       -0.14232750990968       -6.22568806601491        0.64748839335621      C
        2.08751348202558       -7.46993706974695        1.58511976867573      C
       -3.22956391245638       -4.41304730463060        6.57181197319473      C
       -4.88428374565102       -2.62530262959405        5.52041945964067      C
       -5.36767984262507       -2.27642174885687        2.87746552039780      C
       -3.88584464111768       -3.68887763033985        1.33628129399261      N
       -3.54381480933563       -4.71491502582705        9.32739538202985      C
       -4.38067753376650       -2.59687161340112       10.57857097917341      C
       -5.52625949381212       -0.47381876416610        9.63910509046748      N
       -5.97443051319847       -0.77267280169368        7.19575754955027      C
       -7.60496885765304        0.95138980380476        6.01416990559448      C
       -8.30659496933496        1.01204378903487        3.48253642727979      C
       -7.02502407801211       -0.50730853888976        1.91481184214445      C
       -3.30018728918162       -7.11672478095118       10.71632748410604      C
       -3.13844647673703       -7.01430813521381       13.35104501891208      C
       -3.59603888613503       -4.80715146847860       14.53857571081981      C
       -4.34730017270781       -2.73262697058175       13.20008282764315      C
       -2.90073034978744       -9.43373560420677        9.38220283957479      O
        1.41926789979962       -6.87168020194035        8.45010820366685      O
        4.12154404744728       -8.35459433554894       -0.15412495089757      C
       -3.54611731857354       -4.67333679161256       17.50485567847698      C
       -0.00574870214887       -5.51213294924955       -1.17894620704081      H
        4.18088580525214       -8.68419313281404        4.70479777445763      H
       -7.42188288540345       -0.39680567053493       -0.11325548080734      H
       -8.28002516444161        2.53688645526613        7.10602952139167      H
       -5.40310957084670       -1.11544811163347       14.03012299845131      H
       -2.58723931838441       -8.77261303879003       14.45567657179168      H
        6.27149943421032       -8.65118567001004        0.60314505955706      O
        3.31642660855855       -8.63573911586384       -2.54601569182654      O
        5.32602030514580       -9.26017480950881       -3.98191253231420      C
      -10.59447123303293        2.54516300464618        2.65913660788963      C
      -11.05433141549663        2.22008361585121        0.43880407081846      O
      -12.03691469678778        4.24797673617669        4.17254803776577      O
      -14.24245814676020        5.15205531134899        3.14814683582279      C
       -4.18257153995937       -2.76531836315299       18.58049437956964      O
       -2.70429816776511       -6.82269573950527       18.77659244967406      O
       -2.97687257146316       -6.36242517816859       21.44547539240873      C
       -1.55067265789712      -11.34146985454451       10.62332127457340      C
        3.93117239201971       -6.52185443274609        9.04910358149859      C
       -1.24877869401554       -5.76265385003989       22.27850149830343      H
       -3.34492250486841       -8.18590641883786       22.29708764122559      H
       -4.27422398863433       -4.90239898539141       21.92041012288309      H
      -13.62583415968442        5.58405461469487        1.19726529145772      H
      -15.04671321643040        6.62840143719789        4.23239587154430      H
      -15.53829415435980        3.40121757735644        2.81713717543485      H
        4.72219804980593       -5.43870541571742        7.46555179690806      H
        4.90488600780428       -8.27182792690797        9.15914931698408      H
        4.37571368773173       -5.24891250489380       10.65427417454246      H
       -1.51872689871464      -12.70526082605737        9.14031466392398      H
       -2.49693032823125      -12.00165314721824       12.28997718222969      H
        0.24410320985644      -10.54381603914959       11.26948339897742      H
        6.50266274927854      -10.97680478159301       -3.49347279006304      H
        6.74421412670833       -7.56192337509222       -3.85760136883632      H
        4.61423086469324       -9.29536000895845       -5.84733326073485      H
$end
