$coord
        1.96443448795744        2.12771579410741       -0.49203883323584      C
        0.11673888398202        3.13279794331561        1.30981340508985      C
        0.64158336692100        2.70418460834598        3.78910702721451      C
        2.56719788659657        0.98876140958133        4.66569972195144      C
        4.23721047054861        0.10383662499796        2.89337733508169      C
        3.82171954168290        0.48781128485553        0.31945234111870      C
       -0.67498184818268        4.08865493650592        5.71547942370286      C
       -0.46904678219693        3.09256469197117        8.16067218437280      C
        1.31150020835387        1.18950978111276        8.68932411189834      C
        3.01203371872979        0.21283913119036        7.03534493404819      N
       -2.21490814671508        6.30866748034730        5.42366682726497      C
       -3.86174914052903        6.82791551544818        7.40109096596818      C
       -3.89876754403519        5.71405920052656        9.69542336280155      N
       -2.15063448659079        3.89517122593668       10.08112847490223      C
       -1.47917962105203        3.29776564838631       12.60732874099909      C
        0.49541460257212        1.76800802429268       13.14077424415792      C
        1.72403165453785        0.48423690155428       11.23682273193783      C
       -1.95730857924394        8.24146069868445        3.51804971197622      C
       -3.71921944598490       10.24169700803309        3.39612593274520      C
       -5.55600018579160       10.41967733944906        5.10062465990809      C
       -5.61001334832065        8.76477191671763        7.07220415127034      C
        0.20372760070809        8.16975934120272        1.87226932312809      O
       -1.99649672570553        4.13200058325069       -0.14278978442172      O
        5.64084832962302       -0.93022638779501       -1.45390269661721      C
       -7.69006149804821       12.25075313561008        4.57073632243232      C
        6.04004901574182       -0.96456017427183        3.58014922819260      H
        1.97816822016453        2.17403006579320       -2.46071114827001      H
        3.47160539442814       -0.65365538216056       11.42689382857495      H
       -2.42803698307779        3.87990910604279       14.26857304718185      H
       -7.15245163996186        8.68892530431663        8.41045614216360      H
       -3.51253037530739       11.56590432961847        1.90675339888835      H
        7.61935127647437       -1.74493134193329       -0.67650679827149      O
        5.18770464545392       -1.29074754150825       -4.01257544567543      O
        6.83010366335842       -3.11557609464455       -5.20589039282405      C
        0.63136367900957        0.68407168338616       15.71138334196324      C
        1.91335079111567       -1.16163778430733       16.03802883020707      O
       -0.21356243361730        2.08341988453072       17.73214589848011      O
        0.37533514044357        1.11838692234650       20.22968860713700      C
       -8.12789270367123       13.99844112386830        5.89106913137728      O
       -9.30114487189525       11.49675337566369        2.57439618119946      O
      -11.54350273828227       12.81546535933980        2.57282042085407      C
        2.54298444478584        8.19447611926235        3.17489856272655      C
       -4.46474177459997        3.49573334652407        0.77547519227720      C
      -12.47168115747689       12.68275862629314        4.33277279810296      H
      -12.67428939737971       11.65684904566002        1.25623327355392      H
      -11.11485272975305       14.77410722385160        2.00139898652342      H
        2.45510759065381        1.06624675094459       20.74257171746985      H
       -0.11017876193323       -1.03817101101290       20.32466086494358      H
       -0.67582726735601        1.80052826813606       21.96287974791248      H
       -6.06254078186823        4.16735176822881       -0.48068798715983      H
       -4.75333278669321        4.33817967019932        2.56844453409974      H
       -4.59120303008527        1.34801431579772        1.19528698473266      H
        3.77412605856965        6.86582180868408        2.06129895269009      H
        2.15936300458075        7.86297268642982        5.11688548927065      H
        3.16301767273850       10.08007699634877        3.09329748542092      H
        8.55837364000885       -2.04068166059561       -5.57907299768675      H
        6.12237024730856       -3.51413748539508       -7.03577075805807      H
        7.08992255497824       -4.72193638703120       -3.66805622850105      H
       -0.28336776025501       -5.90269934001862        1.44870518004747      C
       -1.08265425727434       -5.60859871362577        3.98418701374310      C
       -3.09211952662711       -3.85905627766250        4.68274175749047      C
       -4.52769862634161       -2.92914024224647        2.45277886507746      C
       -3.94147065296328       -3.66588119519969        0.03184616456837      C
       -1.59151362026058       -4.77822495225847       -0.57378611599962      C
       -4.26903238045578       -3.36322060116163        7.21277252903005      C
       -6.04977545486037       -1.39807876871848        7.15282686615006      C
       -7.21286242853577       -0.40891150234112        4.86226422815669      C
       -6.71792082203141       -1.47088335000584        2.58411069784912      N
       -3.54451069520668       -4.41288294678093        9.57289316366810      C
       -3.87524126046432       -2.84436576452912       11.79119873418253      C
       -5.46403516294901       -0.85095502881064       11.61568555471707      N
       -6.47450871871130       -0.20257046743683        9.44742126020863      C
       -8.16490801770790        1.91803749308296        9.60427866866597      C
       -9.35917033814599        2.87086397245413        7.45553134416437      C
       -8.85968973497365        1.65236186411479        5.25791306155505      C
       -2.44171766841522       -6.79409994475204        9.85999249031461      C
       -1.12320611139466       -7.43828933881380       12.16859930975501      C
       -1.25037948570410       -5.78576658359121       14.17343929519559      C
       -2.94113351395366       -3.72314343613796       14.15071071800947      C
       -3.16355468716669       -8.89765417114227        8.41878590865600      O
        0.34346624935027       -6.49591542664502        5.90344875995910      O
       -1.03257782302408       -5.58351664124132       -3.24457431774010      C
       -0.06933400270208       -6.36898065430586       16.70456172300597      C
       -5.22006016149755       -2.86013568448673       -1.48092324923172      H
        1.43327146570151       -6.82047734227578        0.92269391242032      H
       -9.91367996409862        2.14031823543590        3.55864341394869      H
       -8.33340452629554        2.62788499239854       11.46798938481525      H
       -2.90893334679225       -2.30652441747277       15.65326217382742      H
       -0.48049435198802       -9.31901176614946       12.32305815977044      H
       -0.23578393007138       -7.70581734641553       -3.51297260331789      O
       -1.66116227347918       -3.64375214427433       -5.04207467257981      O
       -0.30435322275378       -4.22734839281122       -6.96645677491150      C
      -10.56487547227284        5.31876949818172        7.36373022920189      C
      -11.48231511393876        5.99765289748672        5.40789497739825      O
      -10.51926864390836        6.51688230273105        9.58516597751015      O
      -11.69369298150123        8.80527251883481        9.39629422439586      C
       -0.86725219502197       -5.45528958646705       18.71487413036176      O
        1.50166803331905       -8.42150223526861       16.32801987215581      O
        2.21825372042324       -9.14914937916267       18.83169240591476      C
       -4.00259510483500      -11.20341790979488        9.50547542616303      C
        2.67256226123953       -7.51954499936251        5.40393538143443      C
        0.47566667195178       -9.40024043852763       19.92815288743807      H
        3.22012400547767       -7.51788280697148       19.54807688844410      H
        3.28844244798994      -10.86281504032561       18.60402925007941      H
      -11.24621500970745        9.50713110536636        7.39833733314899      H
      -10.97231813259867        9.92914773278248       10.92602796056185      H
      -13.80887579885062        8.70847658036732        9.52487023555848      H
        3.86127030046685       -6.19620597217185        4.39766479319152      H
        2.37416000647136       -9.37950087041897        4.41570594490346      H
        3.68054521885138       -7.76519216955857        7.23539977829598      H
       -3.69491025759107      -12.73592490223119        8.20828256709087      H
       -6.02880453429848      -10.84356391713174        9.73207766980357      H
       -3.01826295092082      -11.51294157802803       11.30009842424376      H
       -0.33108359334250       -6.21380160029102       -7.47768524892245      H
        1.64773822335737       -3.39525631347791       -6.83002919283062      H
       -1.57288194134508       -3.21974714618172       -8.48487185211301      H
$end
