$coord
       -3.75067985207241        5.00632998272950        0.31121547280011      C
       -3.91742600602908        5.85330961182777        2.83876479193634      C
       -2.28286006849955        4.93162277993713        4.69587310911991      C
       -0.68216699506430        2.88997421071877        3.85288807815316      C
       -0.57994091112986        2.19072915212535        1.26080052970120      C
       -1.95994982479648        3.17459678360091       -0.51528346115430      C
       -1.82215981600371        5.85552541399184        7.22474569099720      C
       -0.59278710786479        4.15025350026697        8.86959718120222      C
        0.76234916385887        1.97607016457285        8.01795630927824      C
        0.87207333686548        1.66655978696703        5.50140884921981      N
       -2.52918341643744        8.34395886644318        8.11539169044791      C
       -2.65095681506324        8.55107506244525       10.86882355992067      C
       -2.02684595222141        6.66988186444450       12.54388939099582      N
       -0.60245334282256        4.78851382842847       11.47088443241341      C
        0.77976501727263        3.16008788832018       12.93304264267949      C
        1.85185008954916        0.96348871255490       12.27107852397875      C
        1.79778687475911        0.36741045860932        9.74487984110307      C
       -2.87386787243082       10.66696605722577        6.55971224023802      C
       -3.99037276347025       12.70668059149232        7.61860664128621      C
       -4.47447772670008       12.69429150063494       10.20088403955131      C
       -3.97213622654592       10.62546165368521       11.75067853118810      C
       -1.92995222502096       10.57705240041630        4.13364905558295      O
       -5.69355362702658        7.51985685177593        3.73213770657202      O
       -1.88228327902472        2.73199693567277       -3.18786549876117      C
       -5.33131857963991       15.05812764636173       11.33307625965322      C
        0.71730176946454        0.74647568592349        0.76538958310120      H
       -4.97093035939957        6.05397183532034       -1.03114373689567      H
        2.50464939185089       -1.47540095750799        9.16532640217626      H
        0.74656426721431        3.51602593741420       14.84417093880285      H
       -4.14904200873246       10.70385566678684       13.77025376496803      H
       -4.26365154592891       14.34993424715554        6.38988430892768      H
        0.04167888876910        1.79267053133303       -4.09413560812356      O
       -3.82997261758498        2.98606361901121       -4.59122016222742      O
       -3.30422955435204        2.71994281140819       -7.27961002907201      C
        3.29780805104451       -0.54276618646709       14.04305213688412      C
        4.38484936750424       -2.43441788915559       13.56378467384301      O
        3.27343683629340        0.42512718575095       16.43257778267532      O
        4.49140315136585       -1.28700350649540       18.04399829823939      C
       -6.87248883260642       15.14244069557260       13.08736640560385      O
       -4.39171595180805       17.15866011790196       10.25222525057666      O
       -5.29472873720422       19.03432967562423       11.70818616131118      C
       -1.87922227090458       12.78055650572256        2.56271509448084      C
       -7.78855553392515        7.34883671260020        2.16165322059796      C
       -4.75339522990391       20.67863481956453       10.63863782207176      H
       -4.87104369976272       18.84111913359719       13.69006114263019      H
       -7.34632289207149       19.00431731224996       11.84175021769473      H
        3.24531082549511       -2.47609450754347       19.11760753898117      H
        5.32077450911525       -0.08195267052909       19.53580078304493      H
        5.92265054513432       -2.26365242575246       17.02854270097622      H
       -7.44704259287595        7.62305626933226        0.10836758972347      H
       -9.15600180059987        8.80930929364209        2.68422658646861      H
       -8.69023687915162        5.39859622024944        2.14478963686445      H
       -1.60161840530318       11.80387875020482        0.80300819789522      H
       -0.46643377457845       14.20944550327845        3.06437375119870      H
       -3.65509423340657       13.65279887910299        2.60563428755525      H
       -3.60826361404257        4.33864699324887       -8.38340496678679      H
       -4.67454251606604        1.19980460168163       -7.56522711036929      H
       -1.37240958985539        2.01644371319302       -7.50761704522047      H
        2.84681294473063       -9.51777813192749        4.50228786733816      C
        1.60990119854310       -7.30700746389998        5.38427424342558      C
       -0.64111000985149       -6.60610827686606        4.10878835528708      C
       -1.23928901724285       -7.44600276250581        1.68147111736993      C
       -0.01205727761470       -9.71814659490844        0.91629203540073      C
        1.89125371259251      -10.69560782387490        2.40143426368688      C
       -2.48365867200704       -4.86666521898771        5.10482500046643      C
       -4.00553487995346       -3.49182372605177        3.39505500478216      C
       -4.06553706574559       -4.29349694077686        0.76367196078302      C
       -2.79841669575937       -6.30016959326975        0.10783516462958      N
       -2.95167797586001       -4.49513472533702        7.71698098506349      C
       -4.24300965981197       -2.20192043311706        8.44988181710454      C
       -5.56911287091791       -0.83371792295802        6.86649456575144      N
       -5.62328933942618       -1.68925341191582        4.40631256828429      C
       -7.14812390081855       -0.47650756553898        2.54554546827553      C
       -7.40518796869081       -1.21313696473354        0.11591067746980      C
       -5.88490559528346       -3.28542537654258       -0.87506667719992      C
       -2.25676450252171       -6.29081190272309        9.57577984792121      C
       -2.38819585592810       -5.64267005012713       12.09493105221246      C
       -3.35518429300924       -3.40132059973204       13.02518766690113      C
       -4.30722534378689       -1.65314657316987       11.24954766500767      C
       -1.46590687414310       -8.76144069787505        8.90711076204282      O
        2.40126481877942       -5.82485912246045        7.45894626267957      O
        3.58659018166066      -12.87452503899713        1.91592526247609      C
       -3.56297794524026       -2.94230873249627       15.84657544097217      C
       -0.54637005644687      -10.59733717106981       -0.70526013939978      H
        4.81070450099576       -9.99578794794484        5.14999158077908      H
       -5.81490424882651       -3.43567408995197       -2.87481468863157      H
       -8.29463594315563        1.17409782749743        3.31273609050751      H
       -5.47633337870676       -0.21776448296523       12.06665854599965      H
       -1.34753804521618       -6.89533191336875       13.29538421862480      H
        4.52755207211972      -14.22186540157596        3.57958583204011      O
        3.69030251000858      -13.44885329788696       -0.57942413846143      O
        5.24417587822090      -15.34625301456413       -0.94556346310934      C
       -9.36055434750060       -0.00009952607520       -1.35102288026441      C
       -9.90756175502044       -0.77023945935431       -3.49073929499630      O
      -10.65287543770708        1.89896804731096       -0.06161201225326      O
      -13.17275592085698        2.14049821647460       -0.75059848058783      C
       -5.42744498401674       -1.77213542626118       16.58082125599886      O
       -2.01810571848908       -3.99094315714325       17.52221198753281      O
       -2.25136656756117       -2.67905789967135       19.87316207910798      C
       -1.73105995222418      -10.75065742447410       10.72499559359465      C
        4.60804354787937       -6.58630736604941        8.88865798910618      C
       -0.72787268721074       -1.49104039504449       20.27073123360020      H
       -2.91355652393965       -4.01559494869643       21.38381790005800      H
       -3.79714371980697       -1.43143437061053       19.70817363165741      H
      -14.23631368329340        3.04256805937949        0.53224503141661      H
      -13.91827945622010        0.03080482598287       -1.05397725173380      H
      -13.31066753689502        2.99212009004161       -2.59279494370552      H
        6.50018685474287       -5.81886723637647        8.08730183084239      H
        4.91872324437956       -8.49222911533186        9.77527357819246      H
        4.54618516598896       -5.51656578954014       10.69404377436691      H
       -1.81398816451684      -12.39053588136200        9.43471827755636      H
       -3.35554370561134      -10.74000682855941       11.90629976090550      H
       -0.06821580860873      -11.03533845109652       11.89745165030645      H
        6.59744024626245      -14.88171213056579       -2.53338272924714      H
        4.29679553597728      -17.10328050503923       -1.36386026899137      H
        6.48583740661759      -15.62090832174380        0.77968170370909      H
$end
