$coord
       -0.17407845454485        3.72116528622559       -2.23802489352386      C
       -1.23631254876238        4.50150396355287        0.02108745732631      C
        0.28399241208279        4.05883962357774        2.28054327093536      C
        2.49716989250378        2.62165396031718        2.38869920065662      C
        3.18849197526928        1.72986208921910        0.04102362318266      C
        2.00453085993265        2.27467712620189       -2.20942252774548      C
       -0.51760377473702        5.00593012698461        4.64856771553554      C
       -0.10824039078066        3.53963955122960        6.89201716120061      C
        2.05248905671411        1.76399491173811        6.79721390977005      C
        3.45314767421599        1.55648582291317        4.59729140330818      N
       -1.97879517579469        7.20526226585467        5.10592805402335      C
       -3.27638713162744        7.48370003786946        7.54969102147091      C
       -2.81395229129743        5.98473905518646        9.61831701910827      N
       -1.41342676464258        3.84720863213574        9.17837904858544      C
       -0.75304403038880        2.29041375932421       11.38772323642747      C
        0.91303007023957        0.31158560660897       11.04787507580998      C
        2.41429254787257        0.26044166228606        8.97401713403005      C
       -2.33769089437736        9.41388957592359        3.46230093639431      C
       -3.84397933629058       11.50460890963495        4.08261833044019      C
       -5.24619677908169       11.41879025378797        6.31798517267429      C
       -4.86210422042416        9.43740488663497        7.91346600458873      C
       -0.95506404072105        9.52434562158695        1.22810041392312      O
       -3.65527384538846        5.69853810755465        0.19179306100824      O
        2.83455348871124        0.94940173972920       -4.60462577028899      C
       -7.45318852252120       13.20574645761057        6.81804607661181      C
        4.58290395890940        0.34492622398930        0.02193193693223      H
       -1.23323243796954        3.94992559544247       -3.84690904776586      H
        3.42236889604015       -1.50888433021796        8.62938299381659      H
       -1.28991855190310        2.86629458556557       13.29609178471641      H
       -6.04439018480357        9.18873935824269        9.57340050088283      H
       -4.27531629971846       12.71647421118193        2.52240465440622      H
        3.85069507241979       -1.14122935732334       -4.71630299347968      O
        2.28340042104787        2.07949022999289       -6.80648827149648      O
        2.86011826935785        0.18369992475598       -8.55503760026649      C
        1.49297088942741       -1.16415217590265       13.29204194239110      C
        3.06235019959519       -2.82105868578848       13.09697750032806      O
        0.05452422842442       -0.72245963312855       15.31609480829892      O
        0.35869461277787       -2.34936135452630       17.40364789349149      C
       -9.33385377760764       12.56390946479929        8.00933558882528      O
       -7.07968651232511       15.41828493799369        5.79223068337504      O
       -8.61853951766749       17.27806739229576        6.60246781634093      C
       -2.48619320068714       10.48072093536059       -0.73572839120145      C
       -5.26965995978836        5.57142205543329       -1.87898144889238      C
       -8.57201364672975       16.89872085480717        8.67414894857751      H
      -10.38518861660774       17.07417700459168        5.49432187678135      H
       -7.83169796140003       19.18289491629012        6.10040121871388      H
        1.67551333066887       -3.67401592320512       16.65411548882959      H
       -1.42170493659034       -3.21132594663155       17.83662558326282      H
        1.10720227794904       -1.51139805817278       19.02831341360636      H
       -6.65389321807790        7.09096147725041       -1.45325064176952      H
       -6.28922210097905        3.82213665391749       -2.25716051976892      H
       -4.33227669518745        5.63681406980988       -3.72456174316206      H
       -2.05184039949681       12.38570929909192       -0.90167291096945      H
       -4.59403401677814       10.19970512003383       -0.43631623632641      H
       -1.80977865246334        9.65152886654558       -2.55255582883926      H
        4.83455411481905       -0.48034307623341       -8.21466911149451      H
        2.43097866009342        0.66778965437400      -10.53814304266980      H
        1.71031869397022       -1.32897661493211       -7.95247085267072      H
        2.23466677374698       -6.81113193785496        4.47501998850678      C
        1.10696245843272       -5.64921276633531        6.47302640029512      C
       -1.28872355094684       -4.23610405594566        6.04696421376416      C
       -1.75717685010751       -3.43047600129349        3.60411058397127      C
       -0.61743123153047       -4.77449599204589        1.60814151578410      C
        1.24860801628853       -6.40874952644893        2.14396068839276      C
       -3.11453087882631       -3.62254111801571        8.07399987750696      C
       -4.73016091852749       -1.73701579269129        7.53004663802362      C
       -5.15298184957174       -1.03817125937672        4.91194098137793      C
       -3.74532231360656       -2.09670920162860        3.04366431158582      N
       -3.30712287656008       -4.69234657946972       10.57899143272483      C
       -4.75903684034041       -3.42360778919482       12.31656402730549      C
       -6.12565922521126       -1.27748714079688       11.88288728346768      N
       -6.10282425262567       -0.53060807532383        9.50659461272106      C
       -7.76518946717487        1.52063967126498        8.99820976407651      C
       -7.97923809485153        2.29837148534300        6.55201347600893      C
       -6.57760013923954        1.09623657797982        4.61903446302848      C
       -2.42350660122530       -7.30511909601343       11.42100642579552      C
       -2.84694292302935       -8.05252077645982       13.83882985326679      C
       -3.96596868197601       -6.48065797320874       15.61204180468563      C
       -4.75739731906743       -4.20972840058804       14.88646341675616      C
       -1.35925566351020       -9.00252488505588        9.43269521083515      O
        2.07135033022479       -5.54859515530876        8.92476240850205      O
        2.26058266608734       -7.78942367910482        0.02922913205209      C
       -4.01998415871090       -7.20487198081083       18.23041785455376      C
       -1.29619200180058       -4.61193862751128       -0.26782360469000      H
        3.91630139637593       -7.89270138379193        4.56128723656743      H
       -6.30077230404087        2.08946448860880        2.91995079761308      H
       -8.45620297008690        2.77109225143572       10.58684542414736      H
       -5.46452777955730       -3.06075783033390       16.56390728246982      H
       -2.05568658981118       -9.70751936368411       14.74081985125644      H
        4.27039850810481       -8.86471604471514        0.46957914084255      O
        0.90736520007783       -8.13452817279323       -2.06875252902566      O
        2.26253263900690       -9.86093968050705       -3.66412358931969      C
       -9.58525532226663        4.50609979256294        5.95540233365004      C
       -9.56579081164223        5.65756703271554        4.01447421035839      O
      -11.09399280936263        5.19333588319137        7.96141527437129      O
      -12.41258789943386        7.41663627304394        7.19920151965376      C
       -3.63032437700131       -5.43287995153558       19.75524880902774      O
       -4.09299056995562       -9.60857775464121       19.16567851736254      O
       -3.84104192601758       -9.87143429949705       21.64617362216415      C
       -1.92607885033296      -11.50830846009882        9.77745144722754      C
        4.43250840844957       -6.57913402216383        9.48019806786143      C
       -1.88493022269966       -9.74561188757160       22.32992663911950      H
       -4.51007176233664      -11.88020058381660       22.31754689338554      H
       -5.05671557314874       -8.51631943761977       22.65569764089807      H
      -11.15796748615941        8.88815732043971        6.80640671963111      H
      -13.65331646681718        7.57809043407101        8.87899057837291      H
      -13.40930328734156        7.29715513165559        5.23486187201880      H
        6.04975877509735       -6.55047299264173        8.19183306205406      H
        4.28618233301171       -8.61714179036683        9.66430394644805      H
        5.04027986143194       -6.15972078778379       11.52170382007030      H
       -1.12225191244643      -12.66321188733193        8.27303025111718      H
       -4.03001126436468      -11.44863434500597        9.57182777395388      H
       -1.29114357109250      -12.10781534194965       11.67976758335998      H
        2.90640410608771      -11.34080808851031       -2.49192940658717      H
        3.80288825938487       -8.54963741173274       -4.11063529645309      H
        0.95938776209132      -10.52223256675189       -5.26662686242677      H
$end
