 -1.0
 -0.44512901082601D+01  0.20729579339461D+01 -0.44109384168168D+01 -0.45198762153291D-03  0.60327569510583D-04 -0.17928969046196D-03
 -0.26200259937748D+01  0.49105452484146D+00 -0.34513303147682D+01  0.21408253426103D-04  0.47180692652076D-03 -0.11164564094408D-03
 -0.60451988613200D+00  0.17654373158691D+01 -0.19354251169387D+01  0.13088979138432D-03 -0.40317708033767D-05  0.35686063985012D-03
  0.91093877823170D-01  0.43566574368308D+01 -0.24658063566206D+01  0.13119114109544D-03  0.90174084278646D-04  0.15777930509906D-03
 -0.15176700897540D+01  0.55204684007248D+01 -0.42231679179551D+01 -0.59718251325840D-03 -0.17927942909679D-03 -0.17469441635290D-03
 -0.39289799806139D+01  0.46065613655900D+01 -0.47705330724925D+01 -0.83758436907292D-04  0.10918724113290D-03 -0.39000454713258D-03
  0.99389481539263D+00  0.59628182373509D+00 -0.10691833049180D+00  0.33951470225410D-03  0.17097230952257D-03  0.29586574427494D-03
  0.31546184241174D+01  0.16312765841839D+01  0.97623040073429D+00  0.50712343581213D-04  0.22653382453528D-03 -0.14612122310817D-03
  0.34639005991142D+01  0.41435876471678D+01  0.41734511096941D+00  0.50251452108722D-03 -0.19861026372948D-03  0.40504910504155D-03
  0.20433850018548D+01  0.54613801442012D+01 -0.14702370194379D+01 -0.39870107790623D-03 -0.17746139257626D-03  0.29288355735659D-03
 -0.10904874019125D+00 -0.15433112893115D+01  0.15476907634507D+01 -0.14122091633612D-04 -0.21390302281905D-03 -0.22180258361987D-04
  0.16187786750276D+01 -0.28289831505319D+01  0.30306483816304D+01 -0.25743515553466D-04  0.43885229519175D-04  0.21957765351326D-03
  0.37972478882728D+01 -0.19118579314151D+01  0.38181412400176D+01  0.30583044056359D-03  0.31120930466917D-03 -0.18257716109583D-04
  0.43312669340412D+01  0.50498642363275D+00  0.32397064400306D+01 -0.12115041766431D-03 -0.34850589910401D-03 -0.26904809985278D-03
  0.61669361109610D+01  0.17894608285886D+01  0.46195127433736D+01  0.42128114448069D-04 -0.45589882545609D-03  0.14290453519985D-03
  0.63196302279959D+01  0.44955167944236D+01  0.43530184133589D+01 -0.25230012113688D-03  0.35628676108250D-03 -0.33169270292188D-03
  0.50943622038790D+01  0.55667397052310D+01  0.22792450559673D+01 -0.33481344046810D-04  0.42122164448418D-03  0.31273522470543D-03
 -0.28066492109429D+01 -0.20139272327722D+01  0.23594220501830D+01 -0.42678775047060D-03  0.39679535240905D-03  0.46421500796530D-03
 -0.36194764767187D+01 -0.41789979319119D+01  0.36837433576095D+01 -0.67763030700683D-04 -0.14483767139500D-03  0.20645845644850D-03
 -0.18143964333047D+01 -0.57964930419645D+01  0.43382139336897D+01 -0.10545039980247D-03 -0.70998704567921D-06  0.17217000071396D-03
  0.79203572091190D+00 -0.51357861196401D+01  0.41905219588682D+01  0.45552278665467D-03  0.19025250792029D-03 -0.30130925072940D-03
 -0.47063629469810D+01 -0.29924281905513D+00  0.14401449647130D+01  0.27334854234875D-03 -0.42520953106256D-03  0.19873220362704D-03
 -0.26762064367646D+01 -0.22211730690539D+01 -0.36102951893567D+01 -0.41736933357472D-03 -0.12704139561700D-03 -0.23484664319808D-03
 -0.55485770138788D+01  0.63578386957485D+01 -0.60873554835775D+01  0.18585556371308D-03 -0.63496746655017D-03  0.19867666158333D-03
 -0.29970451555902D+01 -0.84193418209460D+01  0.45656818831014D+01 -0.17914135587956D-03  0.66842797677072D-04 -0.44337347922173D-03
 -0.56960538766751D+00  0.71112049591900D+01 -0.51061594569111D+01 -0.66600499533018D-03 -0.30469747962196D-04 -0.10166030588222D-03
 -0.61948623859512D+01  0.13709872929937D+01 -0.50742847369365D+01 -0.26537994616226D-03 -0.29387580426920D-03  0.33526359655852D-03
  0.56771417077653D+01  0.75310153769194D+01  0.20503051477444D+01  0.15506472211689D-03 -0.58064287553824D-03 -0.30369390785386D-03
  0.74792851531119D+01  0.70628794374095D+00  0.58671349279670D+01  0.62912053045950D-03 -0.39265077617812D-03 -0.75724432395777D-04
  0.20652149016045D+01 -0.65787591445323D+01  0.47710448194251D+01 -0.32874115693191D-03  0.52847920932405D-03  0.62291972423909D-04
 -0.56311211917561D+01 -0.42894391926278D+01  0.38310402591520D+01  0.34849753213251D-03  0.99484192060344D-03 -0.14377060647267D-03
 -0.73129362982423D+01  0.56840926382174D+01 -0.73733919027704D+01  0.83840473872110D-04 -0.35474307712821D-03  0.36080807575473D-03
 -0.49064789706531D+01  0.87914669512036D+01 -0.61918057584740D+01 -0.42590137519664D-03  0.13673425941778D-04 -0.18386556770879D-03
 -0.60334174644611D+01  0.10491460938911D+02 -0.80338507134736D+01 -0.49888600727364D-03  0.38560836184424D-03  0.24841637405684D-03
  0.80086881346033D+01  0.58299860761656D+01  0.61929188381320D+01  0.14955463007750D-03 -0.37241020826558D-03  0.75184317476461D-03
  0.98511698679640D+01  0.47818943614258D+01  0.70728027569947D+01  0.40716284592503D-03 -0.40011300110795D-03 -0.22729154897186D-03
  0.71593563763511D+01  0.82102293667981D+01  0.69492143302506D+01  0.12103165676284D-03 -0.23915225693663D-03  0.38544361588256D-03
  0.89590434842840D+01  0.98530873478644D+01  0.76547837970466D+01  0.20863778643738D-03 -0.21480341723839D-03 -0.87219031775603D-04
 -0.15533019199659D+01 -0.10221933499626D+02  0.46208539888027D+01 -0.23851962260420D-03  0.28284433116965D-03  0.54486127522398D-03
 -0.55890061119017D+01 -0.83477805414289D+01  0.49305508160851D+01  0.20215495752924D-03  0.12767447903463D-03 -0.32675023533651D-03
 -0.61801410885729D+01 -0.10343667115852D+02  0.67952653986855D+01 -0.25522236435912D-03  0.34258296614520D-03  0.65934130273155D-04
 -0.68616963799465D+01 -0.14405495079873D+01  0.50108059624536D+00  0.12306017078067D-03 -0.26391646828610D-04  0.82873149045255D-04
 -0.64157578013554D+00 -0.37678607781631D+01 -0.50198799943162D+01 -0.17424537973917D-03 -0.16663305553973D-03 -0.34830126453879D-03
 -0.62200045047116D+01 -0.12269018665516D+02  0.58021758464176D+01  0.36761143750823D-03  0.99304587846501D-03 -0.65088589609743D-03
 -0.81513030531524D+01 -0.99637784854417D+01  0.75349215560704D+01 -0.76098717018595D-03  0.88018791640222D-03 -0.68042913407157D-03
 -0.49328636331831D+01 -0.10741459312579D+02  0.84905441552272D+01 -0.15494397404769D-03 -0.41922492376070D-03  0.10185223229178D-03
  0.76505580344226D+01  0.11508011869635D+02  0.78693642017446D+01  0.61695193612258D-03  0.18185569444459D-02  0.61536157179116D-03
  0.10620052339796D+02  0.10435296101192D+02  0.65508429006261D+01 -0.78018648993822D-03  0.59414515776335D-03 -0.78558321034571D-03
  0.94939242224361D+01  0.94803161906222D+01  0.97331342752865D+01 -0.68164254109408D-03 -0.78073097800357D-03 -0.29659862791034D-03
  0.36285585592984D+00 -0.42857092699634D+01 -0.32409365904973D+01  0.85977482167690D-03  0.68205465427500D-03 -0.24437933146357D-03
  0.90387025490158D-01 -0.26296329078018D+01 -0.65418267546461D+01 -0.17995956514233D-03 -0.47799463763136D-03 -0.49546392460430D-03
 -0.17569949195956D+01 -0.54771145734672D+01 -0.56635355479862D+01 -0.65273352273574D-03  0.12481287752602D-02 -0.15100879905166D-03
 -0.85909381000681D+01 -0.16228535329642D+01  0.17675123504365D+01  0.12345379229300D-02  0.23638484525260D-03  0.42051182112238D-03
 -0.60763038332863D+01 -0.33763415776366D+01 -0.31814621331090D+00  0.34244486003806D-03  0.15644827209652D-03 -0.48298852001311D-03
 -0.75934536683144D+01 -0.21173050861633D+00 -0.12243884009930D+01 -0.35853564536044D-03  0.25730390063083D-03  0.15541018613489D-03
 -0.77554669013060D+01  0.11165969397289D+02 -0.70096412282962D+01  0.19556920501234D-03 -0.91860898707174D-03 -0.59506747115983D-03
 -0.66757449811125D+01  0.93154370717463D+01 -0.94304925691261D+01  0.62536691356852D-03  0.46536943987558D-03  0.14869386777624D-03
 -0.46234621479886D+01  0.11981285505287D+02 -0.85195135845327D+01  0.21708677663095D-03  0.30412538190808D-03 -0.22147768982732D-03
 -0.66453901274703D+01  0.24966397166744D+01  0.62387944666929D+01 -0.95362547983003D-04  0.25153882836976D-04 -0.42739157421127D-04
 -0.65436889624687D+01  0.12161683339812D+01  0.86036945655763D+01 -0.25897886351829D-03  0.10625304993932D-03 -0.25931688708777D-03
 -0.38956197223218D+01  0.59731531615833D+00  0.94701079658972D+01  0.18553115026363D-03 -0.41346410683814D-04 -0.26022765147826D-04
 -0.18750548204413D+01  0.10329062410793D+01  0.76956254616246D+01 -0.29976507851453D-03 -0.35904030280356D-03 -0.35370749705508D-04
 -0.19985660664821D+01  0.28380993055058D+01  0.57036757505530D+01  0.11354871531855D-03 -0.53477653863069D-04 -0.26043433946221D-03
 -0.43955235418347D+01  0.36161320828368D+01  0.51887000497060D+01  0.12350359470435D-03  0.68103119042120D-04 -0.12971050313705D-03
 -0.34278569017364D+01 -0.55189619898474D+00  0.11841880315033D+02  0.32429111295745D-03 -0.28383649237964D-03 -0.94047838115642D-05
 -0.12771825243824D+01 -0.20372858063385D+01  0.12082355634426D+02  0.18442936107449D-03 -0.31750505462005D-03  0.57633613643734D-04
  0.59320041971722D+00 -0.16242053959040D+01  0.10079296337978D+02  0.55011156965873D-04 -0.33038115231474D-03 -0.66977058279151D-05
  0.46143346922165D+00 -0.42149854684024D+00  0.78436484733370D+01 -0.25495553953529D-03 -0.29720418357900D-03  0.10256251906866D-02
 -0.51065045641164D+01 -0.60624697680785D+00  0.14008268679855D+02 -0.43497736878873D-03 -0.55607443588080D-03 -0.77900400504780D-04
 -0.46290883801494D+01 -0.23695426021861D+01  0.15885419915617D+02 -0.35558176025934D-04  0.26061022054782D-03 -0.49886078658814D-03
 -0.26679007641790D+01 -0.41092562761660D+01  0.15841614860086D+02 -0.61420445476304D-06  0.28481332663203D-03  0.72619267760915D-03
 -0.89842456994045D+00 -0.37499693159742D+01  0.14049387679401D+02  0.36776114964594D-03  0.56166112999700D-03 -0.51483656406005D-03
  0.13998673869758D+01 -0.48810875189840D+01  0.14436101407400D+02  0.57326466877794D-05  0.53650245886736D-03  0.19089657370524D-03
  0.33169993529806D+01 -0.46314388151531D+01  0.12570618275258D+02  0.30730724613885D-03  0.12648776547442D-03  0.31460702685392D-03
  0.28940695823938D+01 -0.30759303187858D+01  0.10451390228519D+02  0.47725277913230D-03  0.67403764028537D-03 -0.87125020142692D-04
 -0.68241085316958D+01  0.14000435012719D+01  0.14447459734916D+02  0.33169535720695D-03 -0.21806564907331D-03 -0.39919609422984D-03
 -0.86997050496196D+01  0.61088228476936D+00  0.16369667824915D+02  0.17758786373763D-03 -0.22148767813943D-05 -0.80568987992547D-04
 -0.84793951981110D+01 -0.11925842147987D+01  0.18230522705315D+02 -0.46248684211708D-03  0.19411357996617D-03 -0.23383978681697D-03
 -0.62793420863844D+01 -0.27412629954132D+01  0.18049325487280D+02  0.37305559679456D-03 -0.15526309368384D-04 -0.92069332183294D-04
 -0.73627685337477D+01  0.37902946156109D+01  0.13187540520772D+02 -0.35304319816710D-03 -0.82867997593200D-04 -0.12495036325891D-03
 -0.85864640523948D+01  0.36737541095990D+00  0.10018029600233D+02 -0.19361435323339D-04 -0.32234209858866D-03  0.39576036376921D-03
 -0.47930622165004D+01  0.57318025218183D+01  0.32202944235218D+01 -0.10221156108703D-03 -0.57155740445834D-03 -0.33188472226466D-03
 -0.10299921106293D+02 -0.16171505243499D+01  0.20342441083656D+02 -0.29241824959681D-03  0.13576245880538D-03 -0.22617305474900D-03
 -0.11896465500177D+00  0.35495098261191D+01  0.51175754125565D+01  0.30597524903763D-03  0.20918007871950D-03 -0.32626006783702D-03
 -0.84740253265050D+01  0.28418267268468D+01  0.54612775095955D+01  0.91144468867232D-03  0.14972260059027D-04 -0.61100605453445D-03
  0.45823695395583D+01 -0.24190041835036D+01  0.98196007930081D+01  0.25072473755815D-03  0.54736843704102D-03  0.23606897693907D-03
  0.16890837433742D+01 -0.60961084680559D+01  0.16001214421040D+02 -0.66993168393710D-03 -0.69903944631465D-03  0.14042956069406D-02
 -0.56012730455375D+01 -0.32611204439001D+01  0.19941299004784D+02  0.16663694502952D-03  0.91682005709943D-03  0.18738030054587D-03
 -0.98543506231749D+01  0.20786350487596D+01  0.17045718841974D+02  0.46866748776912D-03  0.32202918660336D-03  0.17217464265075D-03
 -0.64103976757441D+01  0.50540542046773D+01  0.16998710085850D+01 -0.14712967953813D-04 -0.11497957192835D-04 -0.23183847114869D-03
 -0.37936214596894D+01  0.80492413654430D+01  0.34451578780371D+01 -0.51582231230463D-04 -0.60722872120509D-03  0.27976009798872D-03
 -0.49681024430163D+01  0.94311388937514D+01  0.15161542174713D+01  0.86811891834337D-04 -0.17162875205842D-03  0.22618614490114D-03
  0.55775853139985D+01 -0.64055552481119D+01  0.12776180000935D+02  0.10233836211296D-04  0.73521197144354D-04 -0.42831493150613D-03
  0.60106650130805D+01 -0.79222257318469D+01  0.14503110937973D+02  0.62016576700416D-04  0.71754373696222D-04 -0.10146601900740D-03
  0.73596834449601D+01 -0.60429238875753D+01  0.11090844999580D+02  0.65414645356855D-04  0.27763180366432D-03 -0.93726070368894D-04
  0.94332665750850D+01 -0.76115500025339D+01  0.11542621744563D+02 -0.30695467120523D-03 -0.13472014645022D-03  0.18384847786180D-03
 -0.10290080270895D+02 -0.34628538371135D+01  0.21894514319714D+02 -0.11465352854777D-03 -0.40536268652588D-03 -0.31309068314700D-05
 -0.11995670659676D+02  0.37675996032490D+00  0.20666128790147D+02  0.10856904917829D-03 -0.30255762800600D-04 -0.77180513927051D-04
 -0.12996096564594D+02  0.18666710458572D-01  0.23064214184496D+02 -0.18944824346619D-03 -0.34425653298442D-03  0.25406772627927D-03
 -0.97962372160140D+01  0.52320132003101D+01  0.12941582708192D+02  0.28405658356363D-03  0.18626432812353D-03 -0.52666950904658D-03
 -0.11180372867364D+02  0.10404536855061D+01  0.92588694051573D+01  0.24972344531334D-03 -0.22014553425506D-03 -0.94547702227692D-03
 -0.13410665096092D+02  0.16872501596719D+01  0.23914007862645D+02  0.63949210795509D-03 -0.20772492214619D-03  0.31940058969312D-03
 -0.11544400502422D+02 -0.80396338788783D+00  0.24392808087307D+02 -0.52009499565444D-03  0.14248460654161D-03  0.51791585403271D-03
 -0.14639406035339D+02 -0.10221679652269D+01  0.23176669442838D+02  0.41345330346484D-03 -0.38498429419305D-03  0.16383434027201D-03
  0.85294902782866D+01 -0.93478175990907D+01  0.10513520515628D+02 -0.12913425449680D-02  0.57099870024461D-03  0.66717984711936D-03
  0.93382125164248D+01 -0.77989612007206D+01  0.13554691549445D+02  0.20657052286027D-03 -0.34845433226303D-03 -0.80719076960421D-03
  0.11063699450902D+02 -0.66453231523863D+01  0.11044933702400D+02 -0.55922488493108D-03 -0.18233137989496D-04 -0.39576550574421D-03
 -0.11400735542909D+02  0.19934894144069D+01  0.75622686184332D+01  0.14231143699700D-03  0.86019623211394D-03  0.81487060449972D-03
 -0.12144779005535D+02  0.18777797630435D+01  0.11059806830201D+02 -0.43173362533369D-04 -0.48816254411537D-03  0.58339206035065D-03
 -0.12374041107429D+02 -0.48627378345097D+00  0.91630475006030D+01  0.42482241675178D-03  0.30923879548699D-03 -0.88467407246608D-03
 -0.97162961321611D+01  0.67228767523926D+01  0.11291966142848D+02 -0.19576573362441D-03  0.13446825827711D-02  0.41455753039693D-03
 -0.94628464486318D+01  0.68515967559742D+01  0.14457736692490D+02 -0.22585605249903D-03  0.81290815358299D-03 -0.63351634213636D-03
 -0.11722099210857D+02  0.44717864144905D+01  0.13570395071060D+02 -0.70363993060486D-04 -0.28205410604247D-04  0.47108805938123D-03
 -0.69807894637627D+01  0.97979100234806D+01  0.17077783833328D+01  0.69830478588766D-03  0.11490653191290D-04  0.21496743398572D-03
 -0.45841046286175D+01  0.82846686598158D+01 -0.41692192980523D+00  0.30454506091114D-03  0.96998493321183D-04  0.30258695145744D-04
 -0.42261771787661D+01  0.11165753716077D+02  0.10338716599683D+01 -0.35365222964501D-03  0.15445899858013D-03 -0.35281528018591D-03
