 -1.0
 -0.62884313242949D+01  0.11568295671618D+00 -0.38595679970161D+01  0.42361391247642D-03  0.79345763550288D-04  0.21286507835684D-03
 -0.50137609169488D+01 -0.73773517032756D+00 -0.16545740615342D+01  0.41124004284974D-03  0.18057832514962D-03 -0.59003075109214D-04
 -0.37870542047720D+01  0.12041582107809D+01 -0.22517921453798D+00 -0.57527297658519D-03  0.18044052618685D-03  0.21397030326323D-03
 -0.36759502582221D+01  0.37185444108819D+01 -0.10155463361911D+01 -0.23821826903154D-03 -0.10652171603349D-03  0.49849776349279D-03
 -0.46782117676137D+01  0.42741210005799D+01 -0.34919953272428D+01 -0.50388219666880D-05  0.11999876491287D-03 -0.21774136938528D-03
 -0.61286788940406D+01  0.25229881421792D+01 -0.46911294916072D+01 -0.31538765059855D-03  0.10809418012439D-03  0.44002269446465D-03
 -0.21062488467964D+01  0.66478973948663D+00  0.18624849665654D+01 -0.23672082834979D-03 -0.18541440050074D-03 -0.18461590484093D-04
  0.45117150270005D-01  0.22185633899834D+01  0.21030415921029D+01  0.29079209687994D-03  0.27140919979735D-04  0.70638861472661D-04
 -0.79686810944164D-02  0.47731009278604D+01  0.12725314648582D+01  0.14929461762372D-03 -0.22870496128792D-03 -0.41028172804677D-03
 -0.20973563552681D+01  0.55455817201270D+01  0.78836695684963D-02  0.39086528208066D-04 -0.37947315752256D-03 -0.24045478149879D-04
 -0.23237845243900D+01 -0.16208216187033D+01  0.33911803508963D+01 -0.29852973211257D-03  0.13207488116795D-03 -0.63918688954578D-04
 -0.25967827797392D-01 -0.24516502825675D+01  0.44473937929821D+01  0.21663059338662D-03 -0.38684165074380D-03  0.27339328011511D-03
  0.20822819729275D+01 -0.10785774215612D+01  0.46044078497545D+01  0.14834663788641D-03  0.38121846086723D-03  0.13975278924558D-03
  0.19698292261727D+01  0.13482248006908D+01  0.37244695444008D+01  0.22235475901279D-03 -0.29531608224289D-04  0.46171782176872D-03
  0.40328852844119D+01  0.30364262944505D+01  0.38366987063070D+01  0.17057053278587D-03 -0.95985968400892D-04 -0.44392461256696D-03
  0.42174058830802D+01  0.54354850147872D+01  0.28766098423277D+01  0.14355349426038D-03  0.51251451849244D-03  0.15181223994960D-03
  0.21160409582282D+01  0.63892291356615D+01  0.16686782970968D+01  0.51735353132634D-03  0.17114185162915D-03 -0.16156533330143D-03
 -0.45985229258034D+01 -0.29936643851089D+01  0.38193525315216D+01  0.19772050100339D-03  0.40077423334751D-03 -0.15583926282066D-03
 -0.43229557261176D+01 -0.54889481437512D+01  0.48992481105397D+01 -0.16298006550125D-03 -0.45930727563269D-04 -0.15143724476259D-03
 -0.19977941180471D+01 -0.63699708563528D+01  0.56705693946572D+01 -0.52402989480493D-03  0.95900285532910D-04 -0.68105536963210D-04
  0.17019606897528D+00 -0.48613965810258D+01  0.53890387315499D+01  0.13247485240273D-04  0.51280204785397D-04 -0.22515056304127D-03
 -0.70610262847284D+01 -0.19695793482700D+01  0.35759205467261D+01 -0.32610552997541D-04 -0.33993616157806D-03 -0.23674654170899D-04
 -0.44586282358339D+01 -0.33446874790885D+01 -0.11489795767933D+01 -0.12149375170081D-03 -0.16179498286209D-03 -0.74918847303547D-04
 -0.73031674122545D+01  0.31211775847845D+01 -0.73068587043807D+01  0.33318009654480D-03  0.11491128057285D-03 -0.52560323429175D-04
 -0.17232146651753D+01 -0.89397329703302D+01  0.69125556678236D+01  0.35176011418076D-03  0.21536431135977D-04  0.44708919085602D-04
 -0.42511636295666D+01  0.61560031334062D+01 -0.42862267475511D+01  0.30268775832392D-03 -0.47857595097714D-03 -0.25047818439241D-04
 -0.69440033383796D+01 -0.12737931705059D+01 -0.51162907559324D+01  0.53480577771836D-03 -0.37354287199563D-03  0.29020707913216D-03
  0.20803671741388D+01  0.81780485277559D+01  0.55332470556444D+00  0.15560049080560D-02  0.64613037642340D-03 -0.46674463412310D-03
  0.57106379936303D+01  0.23978632685429D+01  0.48359587801439D+01 -0.13237932446513D-04  0.81767130789838D-03  0.47590107575571D-03
  0.18906283204967D+01 -0.57134825960646D+01  0.62036429601685D+01 -0.67159007320907D-03  0.55891324750713D-04 -0.11209517212742D-03
 -0.60450853824928D+01 -0.64602050469743D+01  0.53516992558899D+01 -0.49841485346242D-03 -0.11023021383192D-02 -0.30126030974055D-03
 -0.84414948974814D+01  0.51371448498386D+01 -0.77390289178946D+01 -0.39920838708463D-03  0.51079486536539D-04  0.48770500065514D-04
 -0.69290453372323D+01  0.12893040455687D+01 -0.90815419994224D+01 -0.20238713039968D-03 -0.45556411097056D-03  0.24637563642384D-05
 -0.83949287348431D+01  0.19470106491644D+01 -0.11294529842597D+02 -0.11956069436292D-04 -0.70678825685709D-04  0.38419092676504D-03
  0.62358030217329D+01  0.72682295803025D+01  0.32910824531752D+01  0.18278423595051D-03 -0.42415828594377D-03 -0.49141544149939D-03
  0.58625783689743D+01  0.95189654473128D+01  0.32291878826475D+01  0.30381481340102D-03  0.12201485073170D-04  0.47410176176834D-04
  0.86178276323438D+01  0.61658811796978D+01  0.36796768527153D+01 -0.15263166897861D-03 -0.27842471632761D-03  0.14923452621532D-03
  0.10555105793921D+02  0.77729913919063D+01  0.28102596879760D+01 -0.21958191270717D-03 -0.32422529187741D-04  0.24109316517230D-03
 -0.34349871096470D+01 -0.10486904528329D+02  0.68977778850588D+01 -0.23329303503874D-04 -0.30116125789720D-04  0.12133310822451D-03
  0.49154463412034D+00 -0.92759138617183D+01  0.81410559539389D+01  0.55974372851005D-04  0.23410651518027D-03 -0.21433399260900D-03
  0.34414091515020D+00 -0.11622376862110D+02  0.94140022328570D+01 -0.32590036404132D-05 -0.31495180101352D-03 -0.56933389128111D-03
 -0.89341975226112D+01 -0.26890482501633D+01  0.53720960816715D+01 -0.47163521933155D-03 -0.45466606837973D-03 -0.10604218559804D-03
 -0.66350001110181D+01 -0.47421067709019D+01 -0.12682563927933D+01  0.74658175652123D-04 -0.41530259406539D-04  0.99358220791456D-04
  0.21608808775353D+01 -0.11847672610878D+02  0.10417540471612D+02 -0.66467208052953D-05  0.16808091022616D-03 -0.11231166559923D-04
  0.11994235892863D+00 -0.13333787971976D+02  0.82222439373265D+01 -0.75823357651341D-04 -0.10325413316654D-02 -0.46914027859715D-03
 -0.13230787219519D+01 -0.11613301289891D+02  0.10747578988220D+02  0.25001447338627D-03 -0.23473353577337D-03 -0.11053131838708D-02
  0.12398427282026D+02  0.70236602543047D+01  0.34766471281532D+01  0.77512992855996D-03  0.13666509363941D-02 -0.86155069191004D-03
  0.10013735240378D+02  0.93661348400647D+01  0.36896878456434D+01 -0.81000597008222D-03 -0.10398418813204D-02 -0.93289015086724D-03
  0.10810756192032D+02  0.79354461092318D+01  0.65432526216468D+00  0.55594882853277D-03  0.72536349542489D-04 -0.81211824224122D-03
 -0.82151836852019D+01 -0.36687746353501D+01 -0.55752263787239D+00  0.37439150639140D-03  0.73175218274339D-05 -0.10063633426053D-02
 -0.62199929792385D+01 -0.64323334020574D+01 -0.20899014323317D+00  0.20195017821060D-03  0.45931150499179D-03 -0.75868133163186D-03
 -0.73107778052002D+01 -0.52048449968788D+01 -0.31277177883115D+01 -0.22393808453560D-03 -0.71185326425657D-03  0.70527838955273D-03
 -0.82740906901601D+01 -0.20850984551177D+01  0.74213612118052D+01 -0.61306953427729D-05 -0.97129808073488D-04  0.17414324401608D-03
 -0.92422803843155D+01 -0.48371865691648D+01  0.51965223170945D+01 -0.11247335321313D-03 -0.66028961110923D-03  0.50939435415879D-04
 -0.10636354647091D+02 -0.15460607990890D+01  0.51619561896993D+01  0.43472603412503D-03 -0.66336168204267D-03 -0.13216158470088D-03
 -0.73490432614254D+01  0.10701596551979D+01 -0.12826241513919D+02 -0.38360668823019D-03 -0.44165779788495D-03 -0.57627895908992D-04
 -0.84234149144324D+01  0.39365497222360D+01 -0.11584506254976D+02 -0.14385919446641D-03 -0.12785300447241D-03 -0.41519083609721D-03
 -0.10190678519922D+02  0.10073351054102D+01 -0.11319229163373D+02 -0.15524106948050D-03  0.24045287818683D-03 -0.10001027000710D-03
 -0.27901210681954D+01  0.67600405682681D+01  0.80676186302647D+01 -0.25999669303122D-03 -0.27997339602112D-04  0.29012810313997D-03
 -0.34908572555642D+01  0.42228928411704D+01  0.85149141515211D+01  0.20206594009910D-03 -0.30990804058791D-03  0.27424140491826D-03
 -0.17435816718395D+01  0.26893612774976D+01  0.10085143628042D+02  0.11189969183179D-03  0.28020503793167D-03  0.56444414243098D-04
  0.94613030298177D+00  0.34091161089633D+01  0.10038985192371D+02  0.17272001069435D-03  0.84866678793696D-06 -0.44730966575722D-03
  0.15502784555044D+01  0.58438369543906D+01  0.91209621123026D+01  0.39814234655209D-03  0.28120124573878D-03 -0.37714908630167D-04
 -0.28912544938532D+00  0.74256995513488D+01  0.82424929776651D+01  0.11260482154111D-03 -0.11142811850416D-03  0.55522062185049D-03
 -0.24691485489748D+01  0.40727126579423D+00  0.11250764904721D+02 -0.59221265516167D-03  0.15097215146778D-03 -0.10317195297337D-03
 -0.45739143901225D+00 -0.10822902274150D+01  0.11925589956138D+02 -0.30709523540821D-03  0.48016850207038D-03 -0.38043181889254D-03
  0.21619061284034D+01 -0.37969959197797D+00  0.11422861213188D+02 -0.18794194693276D-03  0.21158272944020D-04  0.14635028955209D-03
  0.29145288998502D+01  0.18277801487333D+01  0.10475595993985D+02  0.41941907893068D-03  0.22386633967658D-04  0.10530750815527D-03
 -0.50474840253557D+01 -0.20458597874449D+00  0.12165186905693D+02 -0.12991056028997D-03  0.19789105206726D-04  0.11383176359576D-03
 -0.53847245747859D+01 -0.28259809103615D+01  0.12262275927304D+02  0.36287057881090D-03 -0.23360101859292D-04 -0.10904376422487D-03
 -0.33578116333807D+01 -0.44828101577126D+01  0.12241028267827D+02  0.63318653155492D-04  0.70268239940926D-03 -0.32787080048899D-03
 -0.10035750964326D+01 -0.34801499273782D+01  0.13057622244532D+02 -0.28840511027301D-03  0.78421970436435D-04  0.48385223549241D-03
  0.10261231664342D+01 -0.51234239834780D+01  0.13741387987284D+02  0.74678695337155D-04  0.89446646242413D-04 -0.11494758782274D-03
  0.34652795256129D+01 -0.42340500148223D+01  0.13538678857125D+02 -0.33402841478370D-03 -0.25513600644182D-03  0.18583790404271D-03
  0.41824689035049D+01 -0.19669000770425D+01  0.12357383013674D+02  0.65441393264201D-03 -0.50709287167618D-03 -0.25247478999440D-03
 -0.69597845039291D+01  0.15528214638179D+01  0.12806399468992D+02 -0.69823209826018D-04 -0.14978101159851D-03  0.53443654435825D-04
 -0.93908696503752D+01  0.51092881905550D+00  0.12976221451245D+02 -0.81184240511269D-04  0.41379715827077D-03 -0.48833261539830D-04
 -0.98633886700041D+01 -0.20676633290958D+01  0.13209762436013D+02 -0.45492839297429D-03 -0.27876945487944D-04 -0.71658652140754D-03
 -0.77782138990100D+01 -0.37074192686538D+01  0.12954920931190D+02 -0.12342247960991D-03  0.54889263569403D-03 -0.18600065193590D-03
 -0.64860247762682D+01  0.42225792044872D+01  0.13087644034792D+02  0.31200237869127D-04  0.47406690629048D-04  0.18624781286203D-03
 -0.59622256163402D+01  0.33775392509697D+01  0.78161929283233D+01 -0.10424965683898D-03 -0.23666778808391D-03  0.41087678145216D-03
  0.58516875970924D+00  0.10018580762896D+02  0.76275935031052D+01  0.11151085211136D-04  0.67861925637197D-04  0.16409679996543D-03
 -0.12569711224602D+02 -0.28637458732044D+01  0.13681101456778D+02  0.41894624542115D-03 -0.32807453865971D-04 -0.42060977363186D-04
  0.34396996057530D+01  0.66622544997903D+01  0.94688871549171D+01  0.81451150246964D-03  0.13040336472406D-02 -0.63484592377287D-03
 -0.39568672090275D+01  0.81072172697606D+01  0.71118677317388D+01 -0.29458329340883D-03 -0.56061271490652D-03 -0.11913373279039D-03
  0.60796891064974D+01 -0.14401688839823D+01  0.11924070398701D+02 -0.54595135434558D-03 -0.52714065765245D-03  0.43069385243098D-03
  0.80686649545852D+00 -0.68772223966148D+01  0.14769059124904D+02  0.72009842530997D-03  0.12719137931882D-03  0.22074098746567D-03
 -0.80961632110881D+01 -0.58061136127690D+01  0.13149362607929D+02 -0.26089885974514D-03 -0.96267628787770D-05  0.20120581411466D-03
 -0.11159888776883D+02  0.17348183764206D+01  0.13030814593120D+02 -0.77502746548595D-03 -0.76742986579415D-04  0.34884289948684D-03
 -0.78369282982054D+00  0.11479278187376D+02  0.64030237042866D+01  0.14592664123300D-03 -0.15140562527675D-03 -0.24468873478283D-04
  0.30329400774758D+01  0.10485095145394D+02  0.82114366942234D+01  0.89951922515433D-04  0.21243195620897D-03  0.36384676985678D-03
  0.35442544033634D+01  0.12871672231099D+02  0.67582234032339D+01 -0.52724209625318D-03  0.10785330670264D-03  0.11612083095535D-03
  0.57581509551606D+01 -0.56977449764571D+01  0.14133106055628D+02  0.20648474371589D-03 -0.18672822059853D-04  0.25859902230188D-03
  0.57131675912658D+01 -0.71493367006352D+01  0.15940130724239D+02 -0.77859977410676D-04 -0.20618525431762D-03 -0.27867383454213D-04
  0.78389810584973D+01 -0.51630640695539D+01  0.12860547792300D+02 -0.11318913796965D-03  0.14498158092529D-03  0.19018293844673D-03
  0.97019420687353D+01 -0.66262385242707D+01  0.13925995445303D+02 -0.20861767831714D-03  0.16351862317057D-04  0.13913496835683D-04
 -0.14472871133740D+02 -0.15789781273024D+01  0.13039228523182D+02 -0.25371711214714D-03  0.23617438091514D-03 -0.41181809245827D-03
 -0.12674720758965D+02 -0.47565648509118D+01  0.15466668879574D+02  0.14763051850895D-03  0.16844139478317D-03  0.19206302762257D-03
 -0.14959613047892D+02 -0.47486238065377D+01  0.16801465058819D+02  0.30335319010731D-03  0.29699595367197D-03  0.27732603576069D-03
 -0.83336664626537D+01  0.59479637587362D+01  0.12591068983468D+02  0.11850539736509D-03 -0.24452080202351D-03 -0.52556122055609D-03
 -0.64043927104851D+01  0.33337712802223D+01  0.51030403296054D+01 -0.22139469231292D-03  0.22231378092081D-03 -0.29516461604720D-04
 -0.16125881215751D+02 -0.31543580900599D+01  0.16681222030500D+02 -0.34873388827086D-03 -0.17188861657143D-03 -0.17907493847351D-03
 -0.14496826507275D+02 -0.53127021145678D+01  0.18708259028799D+02 -0.46371615898167D-03 -0.17081063333973D-03 -0.21103058427635D-03
 -0.16418340598365D+02 -0.61856825290083D+01  0.16240331588297D+02 -0.80583207283699D-04  0.37501971240708D-03 -0.51905317192205D-03
  0.92617351151486D+01 -0.74477681140291D+01  0.15719235424196D+02 -0.27333789023684D-03 -0.19234602386946D-03 -0.46515584521009D-03
  0.11178113792074D+02 -0.52613810533106D+01  0.14384943939492D+02  0.18322829473566D-03  0.51068739156503D-03  0.16138016005906D-04
  0.10322037525913D+02 -0.77013939393257D+01  0.12266081610748D+02  0.50603351586725D-03  0.82499180535386D-03 -0.97441643267909D-04
 -0.74350166279995D+01  0.49840882078046D+01  0.46379422903881D+01 -0.17673569732511D-03 -0.10052983370828D-03  0.27225148448513D-03
 -0.78006405351758D+01  0.17604900461792D+01  0.44785382093870D+01  0.64194045893490D-03 -0.10498247263377D-02  0.43574826267842D-03
 -0.44691929892789D+01  0.33135567787625D+01  0.41022483864459D+01 -0.34419330709767D-03 -0.22043626494204D-03  0.41491512690131D-03
 -0.10250187379662D+02  0.53054406054321D+01  0.12701667523131D+02 -0.12654444825328D-04 -0.35958305117043D-03  0.62398742553501D-03
 -0.76954322235327D+01  0.65134578056349D+01  0.10731447984757D+02 -0.37830185462310D-03  0.58251113515688D-03  0.36480766632307D-03
 -0.81522795503036D+01  0.76230932668399D+01  0.13831717676223D+02 -0.28581875544937D-03 -0.26142216656145D-03  0.88402787204950D-03
  0.21044859256481D+01  0.13340224547764D+02  0.52641493732919D+01  0.40402312776164D-04 -0.26912330756383D-03  0.25331188748175D-03
  0.53056110554346D+01  0.12666492393887D+02  0.55873216978606D+01 -0.13557296302690D-03  0.75176432820329D-03 -0.12671269741390D-05
  0.36461939804197D+01  0.14450875652173D+02  0.79702731560306D+01  0.69764554591663D-04 -0.34991332036357D-03  0.58477556937460D-03
