$coord
        0.27267252348864       11.25744565351704        6.89846174071510      C
       -1.33675403869292        9.54150276611890        5.73345914206119      C
       -0.81222224808476        6.86217244848320        6.05740947920111      C
        1.63719819957913        5.88216563772290        6.97495197504341      C
        3.01513315730916        7.68817649453954        8.27648210791204      C
        2.18588683745903       10.21491821559380        8.28400769254556      C
       -2.48677154825195        4.88394982063165        4.98404379334125      C
       -0.98380257680029        2.76368924731311        3.71129977266001      C
        1.66408992636763        2.28422665702402        4.79431330924994      C
        2.87706072916741        3.69561563646737        6.51606822940378      N
       -4.95016418124047        4.96541402992703        4.02592200454842      C
       -5.87915968774274        3.12311934828354        2.45101286317769      C
       -4.52886004217326        1.11593539366901        1.56954114582249      N
       -2.05372244728033        0.86828811921010        2.16479222604816      C
       -0.50512046708501       -0.90603629551386        1.09176022173098      C
        1.98333642400890       -1.16883790067254        1.97175225420617      C
        2.89506854087265        0.19568560142547        3.84229713969971      C
       -6.88942083495840        6.42460486127467        5.33742406775811      C
       -9.31982839365552        6.36890040733069        4.51161026439314      C
      -10.21440916277930        4.68754502798359        2.73031546455946      C
       -8.48564409348709        3.00159759014831        1.80163359772793      C
       -6.02514492513119        7.78715998384450        7.28637391851852      O
       -3.21208654390545       10.30538925448180        4.05428928700132      O
        3.82659858962835       11.89978669173289        9.83710032950537      C
      -12.94368357755291        4.33468277073870        2.39815515064706      C
        4.84459856851382        7.30205096932354        9.26296685825389      H
       -0.09695438645079       13.25018256672457        7.23003291721057      H
        4.88200777880399       -0.24972245790315        4.46277211831020      H
       -1.18088738848620       -2.23330623943444       -0.04512718337613      H
       -9.07064326888463        1.53657506961840        0.67019968735225      H
      -10.69080585066165        7.61826791051074        5.39184512044176      H
        4.89158464682204       13.61159435424866        8.59529269788267      O
        3.96734796996457       11.34685386277145       12.27847184796430      O
        6.06910531010865       12.63064325296070       13.24638457493705      C
        3.57021180938753       -3.13092412658877        0.88068064146050      C
        2.74035458479739       -4.31955983109368       -0.92289362095140      O
        6.03091972279354       -3.71089612935816        1.74257170830945      O
        6.56753934425843       -6.32105285717193        1.49363983827472      C
      -13.79739776633704        2.82777517634652        0.71265475304299      O
      -14.61632203064840        5.38584623219798        3.93287077387638      O
      -17.20491057835524        5.65778320399974        3.11858722094647      C
       -7.98211181623012        8.93753086984774        8.82153426165779      C
       -3.43334689274826       13.01405052128499        3.87605152936074      C
      -18.43740839070850        4.18971460990661        4.12677190000722      H
      -17.83541556122767        5.97685699895679        0.92577702762308      H
      -17.96217794266681        7.39619724650521        3.83206247197316      H
        8.38002272552259       -6.91389409282318        0.75685495595740      H
        4.94181084996932       -7.27287035105167        0.64200936432875      H
        6.85843199045699       -6.85301955310150        3.46480042827336      H
       -4.71258704304744       13.87405529291703        5.38326008012978      H
       -4.11688566721156       13.44144081450860        1.94823097428105      H
       -1.64260564055805       13.77060043726200        3.46581086081869      H
       -9.80603683196491        7.83219478559701        8.75469379874931      H
       -8.14247690597845       10.79388233856566        7.84242773702286      H
       -7.14192668680023        9.24627715937499       10.70125297847789      H
        7.91578789335149       11.43006945377806       13.11610280879653      H
        5.37484552923870       13.56133659689974       15.01047801895147      H
        6.75932895596130       14.27674564160263       12.05053948017356      H
       -6.25137129658001       -5.47952408863674        2.66279055900303      C
       -4.09245349712014       -5.42291421450918        4.14113667263762      C
       -3.94564224491846       -3.63298911382611        5.99523206787417      C
       -5.98233180125793       -1.93636424140249        6.58169912896546      C
       -8.18914761698922       -2.13289849791327        5.26402354167030      C
       -8.44859999077675       -3.97923531502789        3.36990287818309      C
       -1.79921736533724       -3.53046846681034        7.72148334270936      C
       -1.28281314508005       -1.12354921241656        8.78216858667564      C
       -3.13366757178881        0.76541175332538        8.86569078329713      C
       -5.50884233931439        0.01640843794904        8.09507960677084      N
       -0.48630133759405       -5.84074278160723        8.54992179856634      C
        1.99778354602747       -5.22891137974337        9.19456645689749      C
        2.74807541160354       -2.84040625694210       10.03156075616403      N
        1.06930481668745       -0.86355179132608       10.09281574937140      C
        1.48305378671951        1.58111398035073       10.91948320947258      C
       -0.27570807171931        3.43003860638201       10.90102924864984      C
       -2.64706275230731        3.09625502707539        9.84314257960486      C
       -1.15626052188142       -8.40175293594509        8.14118055112905      C
        0.74565740478085      -10.23352089353690        8.50694988517909      C
        3.28066371211980       -9.62801635180329        9.15490326971478      C
        3.78865703506921       -7.09994442129339        9.70916881834469      C
       -3.83438554181804       -8.78975864938509        7.94523951246160      O
       -1.81766125695266       -6.93543260687991        3.45063375440606      O
      -10.99830890767774       -5.06372746402916        2.58796884605812      C
        5.09615118166993      -11.69328348054719        9.23777108680816      C
       -9.80592560675143       -0.96130420786710        5.61266763359417      H
       -6.62223814903385       -6.86199987597481        1.21707171068051      H
       -4.03195223936517        4.64250847999597       10.18867966630079      H
        3.34325638136017        2.10094387624684       11.62504192320639      H
        5.74514060202083       -6.58296393087721       10.15322687006859      H
        0.18223280896250      -12.17799923076416        8.10810737232522      H
      -10.96357268985203       -6.12358003108681        0.58413931711404      O
      -13.10478429907156       -4.52314515805137        4.09336798845628      O
      -15.17975288969413       -5.95457463717273        3.26562134095575      C
       -0.30121911555261        5.55353298198800       12.65388477491855      C
       -1.49136589475191        7.39574370183521       12.37421692596264      O
        0.91874265455417        5.30260813237912       15.00654838264049      O
        1.81893057194677        7.63593318673050       15.78135985991721      C
        4.20584014420067      -13.76776167887060        8.87205212232847      O
        7.54501089695348      -11.08970667788841        9.91471231591793      O
        9.00692232246635      -13.50586891239393        9.87539281283006      C
       -4.73281382507825      -11.27069337750987        7.49454221839862      C
       -1.97151940052470       -8.61549079574948        1.13162425215569      C
       10.27246145905301      -13.67941992446677       11.35287656686923      H
        9.94144135029396      -13.86995786347656        8.15619625559204      H
        7.49806846277980      -14.84134558202759       10.06226794632870      H
        1.98655899085007        7.32366080921748       17.84783081429378      H
        0.56235436675141        9.28301708536848       15.72521031347227      H
        3.49014222677709        7.88437181122025       14.51033162962235      H
       -1.53728227958841       -7.22306323208384       -0.23485059603174      H
       -4.06709625752876       -8.94573407780656        0.68345381198947      H
       -0.72801062119794      -10.13261682221240        1.28733622104784      H
       -4.19012336533016      -11.94089011696747        5.68053449704964      H
       -6.80886273434570      -11.36899010146640        7.91249675643292      H
       -3.39443512171035      -12.66303990252275        8.47678778434446      H
      -16.47453707144046       -6.73728248996619        4.50581967900145      H
      -14.30908281061143       -7.47179895215801        2.33830162505947      H
      -15.77003710331567       -4.65585885131037        1.85576208262133      H
$end
