$coord
       -0.36380149699059        0.63717330025248       -2.08751473737767      C
       -1.74825555247088        1.60076185026001       -0.03524356027123      C
       -0.47583824937584        2.19853372155072        2.26989807043171      C
        1.71881548006177        0.76797676320734        2.64026988401716      C
        3.12626538564865        0.09215887765447        0.61977406178953      C
        2.19742349928818        0.04383348317598       -1.82884538471929      C
       -1.46334182816661        3.93459642509326        4.16245196526762      C
       -0.52886742713503        3.46718429069363        6.52961946565175      C
        1.30202705978824        1.47484310534803        6.93124186180220      C
        2.43756957887709        0.18347968323619        5.00773293459221      N
       -3.23965295417368        5.96478965179985        3.86286678602276      C
       -4.39807184962903        6.86513021295784        6.18702287122857      C
       -3.58219187932683        6.34702078699477        8.55662421477936      N
       -1.61641857414203        4.66440659988932        8.68089372847254      C
       -0.51046001363587        4.37178160484609       11.06285997432999      C
        1.30976892067770        2.49462983169348       11.33256853659812      C
        2.16638416250373        1.10950180785526        9.39080917555353      C
       -3.65930666629240        7.38217558459444        1.64994719222068      C
       -5.44577989650331        9.33658685590321        1.73253886055904      C
       -6.71998963824417       10.13187832407690        3.88136640189558      C
       -6.27096645611860        8.74111256666336        6.16760335043647      C
       -2.31767338847580        6.90620262650860       -0.69741670975879      O
       -4.39984058052813        1.81527814511733        0.04369975904061      O
        3.37234395779579       -1.13186208755167       -4.10532626179309      C
       -8.68519267721640       12.16864929528398        3.73914265383671      C
        4.92433502667680       -0.65160740605939        0.97442375908386      H
       -1.24424707541470       -0.03526726074617       -3.78034331703586      H
        2.96099944174104       -0.73721659239409        9.59174427994787      H
       -1.22293486898754        5.42219500086625       12.71182159247989      H
       -7.24205323689120        8.89811941833767        7.91774630937050      H
       -5.92125876369695       10.42418038180892       -0.03919211417822      H
        1.94499873642820       -1.62981098200500       -5.83373974912667      O
        5.90533981883780       -1.62425855646286       -4.00658286342519      O
        6.69005885847779       -2.99332529474686       -6.19422837881722      C
        2.26880246330950        1.92126382791454       13.85361300403585      C
        1.83247281670231        3.24223065335737       15.59695680718954      O
        4.08161044112212       -0.04130557822155       14.06780189831250      O
        5.27826966075567       -0.03659924368942       16.42846398825137      C
      -10.25755269318541       11.94336263533578        2.12298592338779      O
       -8.60773830367636       14.00757840279452        5.38272370095222      O
      -10.47781956687856       15.61783602663057        4.90163998041177      C
       -0.88954932245163        8.99079215151431       -1.40373771733590      C
       -5.69586251554932        0.73800998070431       -1.95517067402017      C
      -10.63113436543236       15.76233419668216        2.87507137865798      H
      -10.18059460342663       17.45412134276762        5.82001894867610      H
      -12.37482815139481       14.98882321208448        5.53304962759533      H
        5.54476034631585       -2.04257473617429       17.06487409977256      H
        4.02544199987549        0.96106742590784       17.74236444986744      H
        7.13881077698749        1.23161493751314       16.42621705368031      H
       -6.00346342248246        2.46626427897624       -3.28949565072254      H
       -7.44484081901623        0.03442402591852       -1.22019021084720      H
       -4.75437787141342       -0.62954426710381       -3.01004146744638      H
       -2.19386669505943       10.52011022020865       -2.08971011014127      H
        0.16105048491774        8.46715230936757       -3.08756193688994      H
        0.15584455297125        9.65671074800284        0.20731307990841      H
        5.86101710295866       -2.15772579381512       -8.07759969189094      H
        6.64529909871159       -5.00729931688264       -6.11853353786354      H
        8.73120564441454       -2.51707166495077       -6.29672998446026      H
        0.03291982912840       -7.05713619780373        4.47466161741695      C
       -0.51764597560629       -5.91394892557449        6.72345424635012      C
       -2.89916890052090       -4.55011351646240        6.81866540188784      C
       -4.11786191025996       -3.85346557973961        4.39549190773974      C
       -3.35291303057613       -4.97051659990875        2.23359116404310      C
       -1.26043796360135       -6.52623186569812        2.23021001738488      C
       -3.73583386464206       -3.43858482707849        9.05277606055190      C
       -5.41378244733900       -1.32006868950586        8.85104985855217      C
       -6.38388444357754       -0.64524846305472        6.31400648261844      C
       -5.87062737719456       -2.07629637590319        4.19328467928704      N
       -2.95906910286955       -4.00294247869343       11.52081237149276      C
       -3.40983597715713       -2.00247491888544       13.47550999273610      C
       -4.93507096361429       -0.04453250073533       13.09775982581874      N
       -6.08385626341937        0.15273221523829       10.91909542696651      C
       -7.68487066419790        2.18981379107335       10.53917751970614      C
       -8.68379286094712        2.72622249752998        8.17652036798095      C
       -7.98913531276353        1.37195864807990        6.08482541041561      C
       -1.99531164030934       -6.40575083704958       12.35858605577139      C
       -0.71032794429081       -6.39702437284776       14.58768834304776      C
       -0.60328579830175       -4.31670909609228       16.28296519001576      C
       -2.00718288695363       -2.12373009509378       15.80469244003937      C
       -2.67429463049369       -8.54804642813579       10.90653554708403      O
        1.06611801907921       -5.90689049100029        8.85439746079713      O
       -0.44738959129587       -7.76527688280123       -0.12555169366601      C
        0.82172430361017       -4.47422792031975       18.75772878904493      C
       -4.32990061958732       -4.58633699728491        0.58982199356979      H
        1.56486488653195       -8.31747850521690        4.35830685761842      H
       -8.81373786403397        1.57217605723290        4.22891843883143      H
       -8.40097019885447        3.37128022499937       12.12934741095958      H
       -1.79562191819490       -0.45188594009585       16.93474380186546      H
        0.44848633320113       -7.96026638446560       15.34360523453450      H
        0.79573268762469       -9.67558973664074        0.13983675943444      O
       -0.92522866775167       -6.67557746649251       -2.38630924779905      O
        0.67436744087827       -7.40174075768878       -4.40844269607421      C
      -10.48811640435061        4.83794475058926        7.96126419953973      C
      -10.24844756486426        6.60904910939870        9.34935673762233      O
      -12.43920004104356        4.75538511513794        6.28152168428574      O
      -13.45710756836062        7.17139878327647        5.86417209347302      C
        0.23238874782482       -3.59612104341761       20.72405737834782      O
        3.10531125570775       -5.73546350088878       18.54585643227549      O
        4.03897720098753       -6.16546572255999       20.92920532953039      C
       -5.26005341557020       -9.16805833908192       10.71841473376172      C
        3.67669538629731       -5.67895497629295        8.31108548984331      C
        4.86786175969645       -8.18284234897859       20.82858986318293      H
        2.29260086991775       -6.37749232738297       22.18326977467236      H
        5.49148787705681       -4.90241201372367       21.59323639391936      H
      -13.09025563352040        8.17488395170302        7.61106699806034      H
      -15.40131146091834        7.15518490275644        5.33232674689425      H
      -12.24632624298073        8.35615011731096        4.49255309563205      H
        4.27070457550498       -4.12783258964538        9.29430076552335      H
        3.95490105119546       -5.28772113739427        6.38641315937364      H
        4.94722381284844       -7.32802039956574        8.77766158582398      H
       -6.43607554871166       -7.63429005435870        9.88094887996644      H
       -5.86055749722063       -9.47686439323910       12.61180116495862      H
       -5.87622410509837      -10.96699947489046        9.78381993747850      H
       -0.53467433535439       -8.79976102522569       -5.49706309611103      H
        2.45747044623706       -8.34386598189061       -3.88616102082237      H
        0.98535755903416       -5.68121024134711       -5.47138978090928      H
$end
