$coord
       -1.23182748572706        1.83774939489357        0.17170278312657      C
       -2.30422408807412        3.28589236336644        2.02177746797691      C
       -0.90153839845249        3.79361706030886        4.26645724038174      C
        1.39306356433458        2.55094081735868        4.72328616819748      C
        2.37476455451544        0.96325891543801        2.72830438609377      C
        0.86737778091299        0.29149150473269        0.67852470780291      C
       -1.55305419598563        5.58899717978365        6.09676972624383      C
       -0.56717159177636        5.50228699140361        8.59997120985127      C
        1.50393593365921        3.72912950617054        8.94040640335035      C
        2.48867860367177        2.39983065596348        7.01011488398147      N
       -3.09257538459868        7.66643570518980        5.58349625689267      C
       -4.35448314547396        8.79755863265651        7.65269234399456      C
       -3.69131775679606        8.51638846560124       10.01396242316272      N
       -1.60610009561494        7.07554616420597       10.45752747919225      C
       -0.86294979432759        6.73191882384385       13.01558093993570      C
        1.18134776193428        5.06456011123403       13.37151479689502      C
        2.36057948427653        3.64861857156021       11.54303374225510      C
       -3.19687126361223        8.77560769079659        3.12652361946369      C
       -5.03451418525379       10.48871501505919        2.73579098152830      C
       -6.66531293614320       11.39175090643058        4.63930496055786      C
       -6.37323401085995       10.54421248628521        7.06367996768956      C
       -1.60845561619229        8.35871547545548        1.14213288009282      O
       -4.73601892825245        4.28020962113338        1.85474317604437      O
        1.62816145009242       -1.64819120320583       -1.24110517463064      C
       -8.62249752287587       13.12487200902434        4.01663873774797      C
        4.11219575616155        0.05263841207097        2.98510852618800      H
       -2.12332152153355        1.45805457887090       -1.55062947690676      H
        3.76914599636602        2.19504876919118       11.97107449590086      H
       -1.77547536511205        7.91264524821703       14.49415976452841      H
       -7.57930423347939       11.47429350022457        8.40837406649844      H
       -5.50571724039977       11.03142827904817        0.85810540084941      H
        3.53889087031423       -2.90446822379533       -0.76765451242436      O
        0.38357882938993       -1.51383473099779       -3.58872613767027      O
        1.18190609950598       -3.14276049304140       -5.50706643467442      C
        1.64429598705003        4.58338112180517       16.17926306628853      C
        0.78298672548102        6.05318845274436       17.71097624909032      O
        2.60155747331504        2.26485959187521       16.85460435890148      O
        2.83122401888913        2.04998200888288       19.47719842547859      C
       -9.24620691698686       14.88901061774966        5.31929425109799      O
       -9.74582782471953       12.51019109426017        1.69588912652209      O
      -11.39346947850566       14.56705033401789        0.97132264738487      C
        1.00807327043638        8.99866548565413        1.77740451180677      C
       -5.87159776519450        4.35251540960984       -0.50530942108131      C
      -10.93525240924265       16.31166235762238        1.95893368203847      H
      -13.39386706614746       14.20031647826030        1.26580393557053      H
      -11.25254893063335       15.02019246226971       -1.13117085649069      H
        1.04350938780455        1.10210231166904       20.30481266093158      H
        3.09549665917935        3.97119433858521       20.25289316019350      H
        4.40907220321358        0.74163700514949       19.71772613328573      H
       -6.54947939164321        2.59991018963947       -0.95316964517135      H
       -4.68780391880231        5.16542273841642       -2.04407575023881      H
       -7.54306898081567        5.57348484440559       -0.05841919550728      H
        2.33027390670785        7.76254401199734        0.66460355441700      H
        1.49604980819203        8.88735525410513        3.72811486891431      H
        1.15573375566168       10.86263017774650        0.97053005410648      H
        2.62180243203860       -2.18768018905221       -6.55227905890495      H
       -0.40212443396169       -3.60750551742405       -6.73321295977207      H
        2.27064637550382       -4.88268428236909       -4.69265131472089      H
       -0.31407277476753       -9.43659356374279        2.93124009742401      C
        0.08016323747635       -7.61073141022005        4.73955698312701      C
       -2.08087296536501       -5.91005307206889        5.14382040964721      C
       -3.70143682572349       -5.49874552982747        3.02347724176667      C
       -3.66805564249169       -7.20084941412174        0.88638283422141      C
       -2.12076413680435       -9.22750197278584        1.08023152663002      C
       -2.28498070113587       -4.03739849605309        7.17712627558809      C
       -3.54799916400416       -1.78856754627533        6.65379255635771      C
       -5.17348497741325       -1.62753013484311        4.55290725870192      C
       -5.23794288178534       -3.56717938182878        2.78752467124073      N
       -1.17992700729301       -4.43542724655312        9.48484562702671      C
       -0.77579449931227       -2.22061920177047       11.13694059125554      C
       -2.04066231857992       -0.02538637377259       10.59426765743725      N
       -3.77211360235708        0.01452055919222        8.66923236186903      C
       -5.73865613328676        1.90794797259952        8.64169205743574      C
       -7.47589022101242        1.96677999883565        6.62358615837611      C
       -7.10449266920000        0.24876973493569        4.55689107708230      C
       -0.51589966724996       -6.86106615565067       10.56071709082845      C
        0.81389397134855       -7.06966149320752       12.92729712648350      C
        1.13392663256227       -4.85363762683101       14.42877070101529      C
        0.35963483932506       -2.46737255516652       13.58937691207648      C
       -1.47488858610309       -9.12279509957213        9.64307350407485      O
        2.12105878264185       -7.29716961352838        6.33629987319930      O
       -2.27888509265445      -11.27524002230415       -0.76499306985322      C
        1.98769384916869       -5.08942897227295       17.18710621492661      C
       -4.78018116836101       -6.70948112268612       -0.84751309119306      H
        0.98081138090879      -11.05068780021940        2.87778909195096      H
       -8.43581115371624        0.48173053823510        3.09742390307266      H
       -5.53615873190174        3.56131008210315        9.73520903868176      H
        1.05435260205334       -0.98213196205125       14.77345701370714      H
        1.15715623663991       -8.96984600178040       13.61071825862471      H
       -0.79126579322848      -13.08745351468752       -0.50556674343360      O
       -4.24304999850177      -11.02019443612584       -2.48959922004411      O
       -4.70870684439228      -13.24777137396410       -3.99231341348499      C
       -9.17680280534815        4.11440352023297        6.54853569205818      C
       -8.93262093674581        5.74237535077511        8.25471383054887      O
      -10.75998162355273        4.15080531965918        4.45495215284109      O
      -11.76722454837277        6.43255698051828        4.11773607218489      C
        1.43718478369839       -3.39499413701372       18.77690654728973      O
        3.63319468546099       -7.08019809274360       17.32871897949556      O
        4.33812367260813       -7.45036945887741       19.69350644601999      C
       -4.15008399560088       -9.08089224962803        9.23288897379703      C
        4.36576450560981       -8.12762282779864        5.09637474539153      C
        2.75870992587457       -7.71663523794588       21.08406673402312      H
        5.47385640562320       -5.80183879560564       20.35397662657623      H
        5.65097594228883       -9.06214176560211       19.90172887985552      H
      -13.37846242508240        6.09108807527502        2.70980080938212      H
      -10.40654371498693        7.86803344369035        3.32040305534283      H
      -12.06009740542316        7.15402335918442        6.06496049337361      H
        5.87256109712438       -7.10845245419287        5.92941559674677      H
        4.28341831416917       -7.84564406308586        3.06091172537782      H
        4.57785010451478      -10.16841070265924        5.56541587371547      H
       -5.07026056746069       -9.94756950220110       10.86246105852674      H
       -4.83132603183972      -10.25704757022817        7.68582079255047      H
       -4.78305302660494       -7.11207915544467        8.97399567609468      H
       -6.29297414439728      -14.38670083494468       -3.25117013927727      H
       -3.00442433915478      -14.40301586967069       -3.83742352874401      H
       -4.57711064540131      -12.58158504844698       -6.05015603039728      H
$end
