$coord
        0.31971918829520       -0.63588000985858        0.02676203201966      C
       -1.20969719438031        0.77261861197074        1.59977116751869      C
       -0.11411016913646        1.83919646187316        3.90830721977488      C
        2.29210352051161        1.01645110765763        4.65951272760344      C
        3.68318968765558       -0.34608048922479        2.92796558244039      C
        2.79452115427102       -1.07395708867989        0.44695218430178      C
       -1.24972014864152        3.87564986546327        5.28748442503602      C
       -0.62190870999663        3.96068195022730        7.82595820729237      C
        1.70469578292434        2.75200574773964        8.62101955223264      C
        3.30309041220604        1.58076648966794        6.90204352128905      N
       -3.06359893869529        5.77266755101152        4.68254648103225      C
       -4.27915404957360        7.24596272391437        6.55855084132298      C
       -3.74856616746314        7.14210944733028        9.18780547586361      N
       -1.98601288952474        5.46196889177672        9.66472295081602      C
       -1.11290963124098        5.39316572663452       12.13646920712228      C
        1.07092031611206        4.14636344556303       12.87117085981715      C
        2.39208534733610        2.71345501441769       11.09613819037703      C
       -3.49274624727824        6.51786375680306        2.10930494748604      C
       -5.26510036999337        8.35061157574289        1.36098241562661      C
       -6.53827493868852        9.59915957123483        3.15926647660953      C
       -5.89402810544952        9.16613568917229        5.72997096616954      C
       -1.90837112707430        5.62140374649490        0.04568779427837      O
       -3.71668864034443        1.19253596821238        0.91636220467891      O
        4.50399560006224       -1.89176811606274       -1.80123230486023      C
       -8.50469313588927       11.23730841187375        2.39566346339722      C
        5.39585534535729       -1.26548150403041        3.40276680452602      H
       -0.44650576459682       -1.27138044653941       -1.62748126604532      H
        3.98389542112785        1.71754867911954       11.65807201778929      H
       -2.08094155335416        6.52665113115072       13.54860743825084      H
       -6.84139321700937       10.27390367024151        7.27074599292696      H
       -5.44320575555759        9.14583310826986       -0.62245092538887      H
        6.67600478567667       -2.13688495884439       -1.94978091505259      O
        2.93297244820979       -2.55187345554518       -3.87036934607490      O
        4.46560217815719       -3.11258359061332       -5.90715660287494      C
        2.04094480504553        3.76456424315682       15.41203565189758      C
        1.21739074788059        4.89788495272458       17.17465597510745      O
        4.13395601135809        2.30398309471678       15.64009063221841      O
        4.73831841896998        1.76710190347995       18.17955222702638      C
      -10.35368471124993       11.79871726593927        3.66265070211045      O
       -8.21503208843137       11.92756487629961       -0.06229364968918      O
      -10.31772378865059       13.61391577281256       -0.69715975635260      C
        0.33790829366007        6.94575054562867       -0.00949315366760      C
       -4.12087609934933        1.27994933523987       -1.77044546382132      C
       -9.92183549271587       14.64383089489353       -2.41775421673542      H
      -10.34894108989413       15.26403422719785        0.71284467555241      H
      -12.11873624968773       12.74375603618053       -0.51623248707420      H
        3.13133960897764        0.87581541715225       18.79968036317299      H
        4.84033411470405        3.63527088337662       19.22674913846530      H
        6.41033621774263        0.57466095836121       18.49049742321174      H
       -4.89286069522809       -0.46829996675509       -2.52447530248265      H
       -2.54855418580687        2.06838272912702       -2.95787709113900      H
       -5.53204501622491        2.70749981277438       -1.84494588775744      H
       -0.16706407432774        8.80293321603076       -0.84462577975351      H
        1.83052286708095        5.87402813829666       -0.99298619546185      H
        0.71505042881541        7.34541275602781        1.87528173869218      H
        4.16126855092382       -1.88683499191689       -7.54770432622795      H
        4.04544661365436       -4.91738965850509       -6.84306251285696      H
        6.38078556257271       -3.38007892842881       -5.41089426190137      H
       -0.68256365905414       -6.15797308082499        2.57777212693680      C
       -0.65060312956080       -5.06621643987991        5.07766578745503      C
       -3.17607257177969       -4.01784955966154        5.84253932909171      C
       -5.18463608913841       -3.61034173918817        4.05897490791538      C
       -4.85353771044219       -4.57473095204588        1.60772051283665      C
       -2.68512192824330       -5.81741284809435        0.91027489720123      C
       -3.50158718419032       -2.98703473428331        8.26421792210483      C
       -5.52229474705250       -1.16090484642250        8.61818866313169      C
       -7.18989535119781       -0.74622805965959        6.61757752548785      C
       -7.21886396053495       -2.06060036038547        4.38506890995367      N
       -2.52649182392295       -3.87134128226170       10.70913669062446      C
       -2.47038735724967       -2.14212092495730       12.78456057255109      C
       -3.85471486803508        0.03452719187006       12.71083213880152      N
       -5.62782120156770        0.42435347975452       10.74761657803715      C
       -7.27908932557038        2.45445563402106       10.81967624865763      C
       -9.07036312645281        2.76012663086528        8.99033808541572      C
       -9.09552177687132        1.14728201395302        6.93441043128894      C
       -1.42422446123116       -6.28225040898018       11.31704195226961      C
       -0.16565719127529       -6.73339493244847       13.60856631676111      C
        0.19882648771978       -4.75601114412042       15.30728884367874      C
       -0.93811283475025       -2.51202084718803       14.97386587999098      C
       -1.06679886298162       -8.33780083013953        9.63737559553315      O
        1.37055819448007       -4.49139090060481        6.56822233764042      O
       -2.46835963120506       -7.14599732047594       -1.55418332319183      C
        2.02459257375163       -5.14301724039801       17.48366943270869      C
       -6.32377556241971       -4.78060143166418        0.15969825665572      H
        0.98226942953871       -7.16170213194303        1.98413232694350      H
      -10.40290672326597        1.44809619635914        5.43495192887778      H
       -6.87005055211193        4.10119019008835       11.93309073505799      H
       -0.89182927152383       -1.10459222884098       16.50960931296037      H
        0.90049403270297       -8.42391503291485       13.71557501786384      H
       -0.53941956616889       -8.00995663916200       -2.19376328117476      O
       -4.62344044191645       -7.14762638517989       -2.92988399050002      O
       -4.24469132754671       -8.17659589498038       -5.22248442505965      C
      -10.84908013401357        5.02497720467063        9.28282841693236      C
      -10.80517118287121        6.34597990937037       11.03714772464037      O
      -12.40666102670378        5.50146752147332        7.30919376036969      O
      -13.97163821144804        7.59365796555806        7.66583605125504      C
        2.95728897195101       -3.23842984892830       18.26052269340688      O
        2.79304593089583       -7.61715168135626       18.21386903229015      O
        5.24221475308643       -7.55911104111487       19.25228364775090      C
       -3.39230376320016       -9.32419134461785        8.76592318303735      C
        3.33443124361049       -6.26842678079323        6.51129870641142      C
        6.00099124397438       -9.34750018999040       19.15311137368908      H
        5.11520650402273       -6.80035292651643       21.08601802820023      H
        6.43433931854591       -6.18206653675688       18.32038425543870      H
      -12.53406225877485        9.03486422753487        8.23455896066336      H
      -15.71160895491222        7.57330634451069        8.89130896721811      H
      -14.23662977332742        8.62285376558086        5.87549753877982      H
        4.35331414559032       -6.31757922252595        8.28935036823091      H
        4.73486916920251       -5.83137391644535        4.91714619455970      H
        2.57085021264352       -8.20369016297133        6.69582328906715      H
       -3.11054917469256      -11.25469548774647        8.25643427160870      H
       -3.93839169270376       -8.19572880555617        7.08548487205978      H
       -4.86468548869790       -9.11113151611469       10.20286066840222      H
       -2.34336987460596       -7.84188290508413       -5.79683815731022      H
       -5.37042201676682       -7.17849264612518       -6.59193388256521      H
       -4.66839859312007      -10.17524335827791       -4.95903010131835      H
$end
