 -1.0
 -0.88462043894264D+01 -0.79967969453403D+01 -0.11761050030190D+01  0.12076299241288D-03 -0.51048087606452D-04  0.39939093698576D-03
 -0.76911159705848D+01 -0.68410142931256D+01  0.71403627712413D+00 -0.15263442748247D-03 -0.24739514325794D-03  0.18585398945741D-03
 -0.63718211418922D+01 -0.45175474623574D+01  0.51050271742802D+00  0.96430407003973D-03 -0.66066856012565D-04  0.18700021324937D-03
 -0.62174783247992D+01 -0.32769220177978D+01 -0.18300401886198D+01 -0.15517538269712D-03  0.16446031363283D-03  0.42025631603673D-03
 -0.75544386262863D+01 -0.45153902754761D+01 -0.38183331575767D+01  0.61506539218619D-03  0.36266665145990D-03 -0.20875621891802D-05
 -0.86329073462322D+01 -0.69002613068754D+01 -0.34461106290212D+01 -0.11876457608859D-03 -0.76966130386574D-03  0.96900716408922D-04
 -0.51738321066596D+01 -0.30325762654764D+01  0.24936144689465D+01  0.15571021868883D-03  0.12924631805104D-03 -0.23210016809324D-03
 -0.30421042101750D+01 -0.19865641743211D+01  0.16439211643366D+01  0.87728009737448D-04  0.12377581291545D-03  0.80022557492987D-04
 -0.29759975075986D+01 -0.87605803950957D+00 -0.83121322869424D+00 -0.43463492845121D-03  0.16288023275786D-04 -0.61024722527296D-03
 -0.48857556371141D+01 -0.12135187395281D+01 -0.23681667350053D+01  0.44371491824739D-03  0.26661424064274D-03 -0.50836134690599D-04
 -0.55466455848778D+01 -0.27415720442755D+01  0.52695214341201D+01 -0.31038205866690D-03  0.26441778275047D-03  0.10023538464177D-02
 -0.31908775454567D+01 -0.33075583635730D+01  0.65808763712563D+01  0.46253674374388D-03 -0.37030371576951D-04 -0.59412097719310D-03
 -0.95408419827358D+00 -0.27042323383150D+01  0.57471491665224D+01  0.15994520339118D-03 -0.79254164618277D-03  0.45641567229914D-04
 -0.72987674630245D+00 -0.16178984742125D+01  0.32008979847256D+01 -0.21230629376016D-03 -0.27876471292014D-03  0.29603863775155D-03
  0.11750364929972D+01 -0.27118265111396D-01  0.22239138974493D+01 -0.80891878766930D-05  0.10714614186185D-03 -0.20566361702369D-03
  0.10361107457087D+01  0.17817613769353D+01  0.12424460360959D+00  0.67123449041000D-03 -0.74239012599233D-04  0.23135111410572D-03
 -0.10831470070064D+01  0.10216949987420D+01 -0.13058189769496D+01 -0.29817567729184D-03  0.78784183041315D-03 -0.33899876134828D-03
 -0.79576088087803D+01 -0.31630644383602D+01  0.61629771177541D+01  0.51318562852116D-03  0.15112132914818D-03  0.33730129152427D-03
 -0.79939281917764D+01 -0.36107798555083D+01  0.86882424874678D+01  0.91718049015853D-04  0.12018556997533D-03 -0.52203544480872D-03
 -0.60354872284863D+01 -0.40922286764130D+01  0.10320619801751D+02 -0.28366078518145D-04 -0.33047449666664D-03  0.12871113019546D-03
 -0.35393852233500D+01 -0.38967740076120D+01  0.92993767417882D+01 -0.99482296828511D-04 -0.28692150387783D-03  0.39746462636598D-03
 -0.10019684814746D+02 -0.37699297309416D+01  0.44933714223287D+01 -0.44407894774322D-03 -0.31826454171361D-03  0.17338911867135D-03
 -0.69172915933292D+01 -0.81541659096744D+01  0.29161887842444D+01 -0.64532715751011D-03 -0.22929135954260D-03 -0.55096809902228D-03
 -0.10249053262796D+02 -0.77992593309998D+01 -0.55741830527540D+01  0.30247751528807D-03  0.94188013836705D-04  0.17150845837345D-03
 -0.65678157669214D+01 -0.45831123426403D+01  0.13070174542009D+02  0.70136850747832D-04 -0.42195029495769D-04 -0.28103036794647D-03
 -0.72937189073163D+01 -0.35357003584631D+01 -0.55135371247869D+01 -0.82963304405399D-03 -0.24869363017510D-03 -0.26046759415580D-03
 -0.93273253642053D+01 -0.99053271299836D+01 -0.14051236251694D+01 -0.15412968357411D-03  0.10369085417380D-02 -0.38838789186776D-03
 -0.12132209505759D+01  0.19357948205813D+01 -0.31598672010787D+01  0.10157422305328D-03 -0.27320181389555D-03  0.66043929839354D-04
  0.28526764228814D+01 -0.67415222395527D+00  0.31575035512836D+01 -0.45838413151281D-04  0.31812066926463D-03  0.82981424906226D-03
 -0.19377485650948D+01 -0.45171491324798D+01  0.10353827416261D+02  0.31481843818924D-03  0.36342949998614D-04 -0.14179023021551D-02
 -0.97591689496201D+01 -0.41122709786015D+01  0.95450214847710D+01  0.18558332021219D-03  0.10647644024425D-02  0.92425782075503D-03
 -0.11176905071870D+02 -0.10018699920531D+02 -0.53668860207927D+01  0.66274531605490D-04  0.41171464204803D-04  0.60947776506410D-04
 -0.10884918278803D+02 -0.62358683413757D+01 -0.75554882688006D+01  0.25248868087731D-05 -0.95394342548336D-05  0.93026533985710D-04
 -0.12586352070454D+02 -0.73654493641039D+01 -0.91324909197919D+01 -0.16723300114662D-03 -0.12687013919172D-03 -0.18484657582596D-04
  0.29569013000118D+01  0.34315029909751D+01 -0.57417256944893D+00 -0.14142597224175D-03 -0.40821223836578D-03 -0.17849079286598D-03
  0.26541763238432D+01  0.52000002331489D+01 -0.20627856596298D+01 -0.53327279792133D-03 -0.30273920783117D-03  0.47061897156935D-04
  0.49878802687247D+01  0.26015775437806D+01  0.83049649087928D+00  0.10696177407808D-03 -0.78634923177685D-03 -0.74028198233166D-03
  0.69629673692004D+01  0.42575939109151D+01 -0.58428317383512D-01 -0.51891647951745D-03 -0.50399685469803D-04  0.27903083600134D-04
 -0.45740786391194D+01 -0.50725606010500D+01  0.14075383563760D+02 -0.81655913272397D-04 -0.32712652036376D-03 -0.96677743395068D-04
 -0.89330155312925D+01 -0.49086348433363D+01  0.13905251847135D+02 -0.17442874089686D-03  0.54878247751363D-04 -0.39031470407825D-03
 -0.88187982243065D+01 -0.55069610663159D+01  0.16636049297165D+02 -0.25486691919287D-04 -0.29816463054765D-03  0.46385085085977D-03
 -0.11213577081177D+02 -0.63511703740737D+01  0.45427184979502D+01 -0.25042117405982D-04 -0.93944806791767D-04 -0.64225755481716D-04
 -0.69598728493821D+01 -0.10529496531301D+02  0.26766458725256D+01 -0.29443361539387D-03  0.22435109475717D-03  0.30727416711553D-03
 -0.68323890151487D+01 -0.62964147097499D+01  0.17363409546070D+02  0.55677957454082D-04 -0.30707612014155D-03  0.31113017546640D-03
 -0.10341207993392D+02 -0.65929436359187D+01  0.17339278719757D+02  0.36441219569410D-03 -0.25536660603817D-04 -0.24958410687073D-03
 -0.92686180843169D+01 -0.37540347468816D+01  0.17673903871987D+02  0.13544386519981D-02  0.18586787849669D-03 -0.97145824679746D-03
  0.77581053617469D+01  0.51077066265428D+01  0.16343349511729D+01 -0.66294997222605D-03  0.95592455193142D-03  0.10981380011322D-03
  0.60359125369592D+01  0.58024705497122D+01 -0.44788366733573D+00  0.11766362395889D-02 -0.70819416328958D-04  0.13824563182674D-02
  0.86125727600324D+01  0.39376030703124D+01 -0.11723245921833D+01 -0.12937742285438D-03  0.44055688330306D-03 -0.35924570657157D-03
 -0.83997854564791D+01 -0.11435497808796D+02  0.13538498655637D+01  0.24550625832488D-03  0.10015602306072D-03  0.81669188773901D-03
 -0.73922859631347D+01 -0.11145309732324D+02  0.46042229366799D+01  0.93831458123435D-04 -0.21879362577865D-03  0.65504184619273D-03
 -0.50283328503712D+01 -0.11263017476405D+02  0.29324776033702D+01 -0.39830295402440D-03  0.50800573994329D-03 -0.97057689373989D-03
 -0.13268166835310D+02 -0.59455581031125D+01  0.48181058987596D+01 -0.14473765006435D-03 -0.58793087918073D-03 -0.44217750248757D-03
 -0.10590418988401D+02 -0.74390793924744D+01  0.62779849790822D+01 -0.11998010620502D-03  0.80446379863627D-03  0.39520398376811D-03
 -0.11148312108373D+02 -0.72734105544242D+01  0.28196099154590D+01  0.29112858920722D-03 -0.21806510030457D-03  0.15280789032915D-03
 -0.13641115140286D+02 -0.79259886464731D+01 -0.75342058064723D+01  0.70245776593057D-03  0.52558587664424D-03 -0.14095707922320D-03
 -0.12036578666779D+02 -0.90604010446399D+01 -0.10295975691650D+02 -0.96267212635637D-04 -0.53009745017031D-04 -0.86178545352913D-03
 -0.12880850487581D+02 -0.56246817036062D+01 -0.10500515076640D+02  0.25352004480388D-03  0.10983821682393D-03 -0.10518913464235D-02
 -0.37947692218432D+01  0.26356694494971D+01  0.13872068831276D+02  0.15093878494655D-03  0.32426615967582D-03 -0.28055232031579D-03
 -0.22881426643663D+01  0.36112428473483D+01  0.12013200518704D+02  0.23769665706323D-03  0.47495296916497D-03  0.29903479579435D-04
 -0.14536828226902D+00  0.18175931055261D+01  0.11193220280808D+02  0.28513508538154D-03 -0.24663346217741D-03  0.93007190770468D-05
  0.72323897488730D+00  0.20609997571938D+00  0.13227307261027D+02  0.74352356870701D-06 -0.26714344515911D-03  0.17143444014721D-03
 -0.82832943782221D+00 -0.33794842104086D+00  0.15204495251003D+02 -0.23972000579387D-03  0.78432295931246D-04 -0.13721571792990D-03
 -0.29934043598593D+01  0.92072617574982D+00  0.15739048164841D+02  0.63144590271944D-04  0.66638417946605D-03  0.43197514569181D-03
  0.13884909447506D+01  0.30218662684250D+01  0.92261680635116D+01  0.96332898130059D-04  0.19782395168068D-03 -0.61734712387502D-03
  0.39633079426128D+01  0.28362533281438D+01  0.96806247023076D+01  0.21537957138031D-03 -0.14944994208626D-03 -0.87879009971744D-03
  0.49465417447130D+01  0.10961383678060D+01  0.11560577366455D+02 -0.11445727842539D-03  0.43506501833566D-03 -0.87242636975898D-04
  0.34091403669475D+01 -0.38611150776679D-01  0.13359759626867D+02 -0.41694401771319D-03  0.14656509322398D-03  0.37752855460634D-03
  0.53895171278076D+00  0.46563492251926D+01  0.71869369196416D+01  0.55569303197275D-04  0.50039685348189D-03  0.22660879524855D-03
  0.22160640035169D+01  0.64193451892999D+01  0.63748476165242D+01  0.17375071995320D-03 -0.38634476428858D-04 -0.33307300831600D-03
  0.46063099160212D+01  0.63050465383877D+01  0.68951308050246D+01 -0.29599759252268D-03  0.86467616151007D-04 -0.89807224586179D-04
  0.54993435248922D+01  0.44894305525914D+01  0.84135187441590D+01 -0.25548126733289D-03  0.33656129715267D-03 -0.62685430274468D-03
  0.80635437956501D+01  0.40355435961139D+01  0.87063229039618D+01  0.32811911664292D-03  0.20084795274179D-03  0.87339532864529D-04
  0.91949261550611D+01  0.24700137432853D+01  0.10388271433364D+02 -0.86829120479608D-04 -0.24705225526141D-03  0.84852205383885D-04
  0.75746281985462D+01  0.11692637516162D+01  0.12092991354415D+02  0.51147231528162D-03  0.56434925954007D-03  0.51199938577143D-03
 -0.21224903283570D+01  0.46350120706790D+01  0.63886342897971D+01 -0.17255452739833D-03  0.21777052125687D-03  0.45402211963242D-03
 -0.28521012195474D+01  0.68884710912450D+01  0.51315019707094D+01  0.91726993397828D-04  0.49273964729383D-03  0.37210905250870D-03
 -0.12534132940104D+01  0.88531782094698D+01  0.42343681502252D+01 -0.30182179811252D-03  0.11979912281867D-03  0.55510631414221D-03
  0.12783735071544D+01  0.83530474223269D+01  0.46949129510353D+01  0.22346096043449D-03 -0.65670539289848D-03  0.94913370196946D-04
 -0.37859736241923D+01  0.28577578827415D+01  0.68949662957476D+01  0.31125794635663D-03  0.33357474669785D-03  0.12494521076300D-03
 -0.29249560487412D+01  0.60802839268395D+01  0.10973652219524D+02  0.26000902331646D-03 -0.39772221165093D-03 -0.59020600227222D-04
 -0.49050273349014D+01  0.29108998063116D+00  0.18044071020683D+02 -0.26652618315003D-03 -0.54919356536745D-03  0.58759071182037D-03
 -0.21087154184797D+01  0.11397690557778D+02  0.31711346161909D+01  0.32248868429390D-04 -0.24421230283761D-03 -0.54541882562158D-03
  0.90682758136978D-01 -0.15887631493030D+01  0.16440400297026D+02 -0.83132321114094D-04 -0.38378948673613D-03  0.74937941354695D-04
 -0.54109442789363D+01  0.35320561274789D+01  0.14417442834521D+02  0.59626728498042D-03  0.92456032341460D-03 -0.46170923966221D-03
  0.80357826673737D+01  0.69400433659866D+00  0.14091039780180D+02 -0.32627820169812D-03 -0.89808859928185D-03  0.41420646546929D-03
  0.90391772688024D+01  0.48461099715836D+01  0.70424877633080D+01  0.56169807513403D-03  0.52721501871992D-03 -0.95293272276634D-03
  0.26627835058829D+01  0.99939106609109D+01  0.42552909115450D+01  0.61710863040917D-03  0.12372337279125D-02  0.34155515160033D-03
 -0.48127230956602D+01  0.75022607948485D+01  0.55343500184998D+01 -0.11390312187608D-03  0.16806757884050D-03  0.12253917391025D-02
 -0.69709969361433D+01 -0.29089340711237D+00  0.17351187972615D+02  0.11948012444171D-03 -0.95770655221305D-04 -0.30680952160294D-03
 -0.37899679766326D+01  0.12904205805797D+00  0.20268593555650D+02  0.21799072895148D-03  0.15479813809657D-03  0.30856518959442D-03
 -0.48727651659869D+01 -0.13482912596220D+01  0.22253324982535D+02  0.20190195903827D-03  0.87862676495080D-04 -0.62758437471680D-03
  0.12085538474878D+02  0.32444008875842D+01  0.10559924408618D+02 -0.29258182804613D-03 -0.60288323235383D-04  0.23222064057810D-03
  0.13317570565082D+02  0.13740128428548D+01  0.11194527810596D+02  0.27326871361651D-03 -0.16718327211552D-03  0.28870485343377D-03
  0.13455915789617D+02  0.55780610206797D+01  0.10150664815398D+02 -0.93324979665933D-03  0.42557860875380D-03  0.27097958970134D-03
  0.16250280760287D+02  0.50023003069527D+01  0.10213457302547D+02  0.17667436087676D-04 -0.29204629589928D-03  0.62881535400968D-03
 -0.90135930289975D+00  0.12862082169702D+02  0.17897500844764D+01  0.23283920784284D-03 -0.35322420190764D-03 -0.24611460649183D-03
 -0.45267375259621D+01  0.12073359414276D+02  0.41284106935535D+01 -0.43917904923956D-03  0.41481803861190D-03 -0.30798868283991D-04
 -0.52888543716837D+01  0.14298633828549D+02  0.31369791727492D+01 -0.48482610561511D-03  0.63345966171338D-03  0.16233161631933D-03
 -0.62993017399671D+01  0.31813847323504D+01  0.58109668431331D+01 -0.27252092911208D-03  0.17370621312092D-03  0.25111066368920D-03
 -0.46470028197904D+01  0.79760361192788D+01  0.11953712517952D+02  0.17743566379129D-03 -0.86353828330301D-03 -0.33257812858889D-03
 -0.42341309553264D+01  0.14585142364971D+02  0.12169894803030D+01  0.64519341405515D-03 -0.76450103229988D-03  0.58266585969940D-03
 -0.49982218786842D+01  0.15748590645904D+02  0.45892920059555D+01 -0.20237547241319D-03 -0.41361958520026D-03  0.48342127193481D-03
 -0.72012164191184D+01  0.14030549219349D+02  0.31732910498389D+01  0.45934979727941D-03 -0.40170606595536D-03  0.31090679850150D-03
  0.16313591311325D+02  0.30196179391786D+01  0.93439301757660D+01  0.26417187887122D-03 -0.27583937273079D-03 -0.30135361611568D-03
  0.17112786325341D+02  0.47953524350757D+01  0.11906664369570D+02 -0.40395838490861D-03 -0.14130038207406D-02 -0.14716114957967D-03
  0.16913000829151D+02  0.62992708394834D+01  0.87035894205736D+01 -0.89165421414139D-04 -0.12725942727468D-02 -0.10561125567293D-02
 -0.51698956018355D+01  0.81384632919697D+01  0.13952289544623D+02 -0.52936502666557D-03  0.43478797506805D-03  0.54892512640982D-03
 -0.66154523435468D+01  0.78101902524894D+01  0.11047537461167D+02 -0.18667721565490D-02  0.47329696725520D-03  0.63099741026028D-03
 -0.42851210152514D+01  0.10223851651830D+02  0.11526813749252D+02 -0.73942608876210D-03  0.10316767163002D-02 -0.98600331015997D-03
 -0.64755907366337D+01  0.43483241223530D+01  0.41603271243161D+01  0.41784476994287D-03 -0.37559425170956D-03 -0.21423017796039D-03
 -0.70962812979372D+01  0.43102298274845D+01  0.74235505225088D+01 -0.43065652876069D-04  0.40287087368749D-03 -0.19553678482487D-03
 -0.73958459394373D+01  0.14807634454292D+01  0.56289632746632D+01  0.30446124587530D-03 -0.31656004021388D-03 -0.32811329394373D-03
 -0.70213932931634D+01 -0.13982757259217D+01  0.22662646363414D+02 -0.10357792762924D-03  0.44703018684477D-03 -0.81324359242810D-04
 -0.38115792243800D+01 -0.12010399761035D+01  0.23994755766423D+02  0.30173548328168D-03 -0.51539741159874D-03 -0.17492245164513D-03
 -0.43535981744865D+01 -0.34423444390925D+01  0.21462543967555D+02  0.47656977575607D-03  0.75061983204605D-03 -0.13561317313928D-02
