   -0.03178230
    0.14256621
    0.01260978
    0.09865545
   -0.01578006
   -0.01271580
    0.03360748
    0.00245785
    0.09495215
   -0.26354072
    0.00789573
    0.09758282
   -0.26647322
    0.09600220
   -0.02479774
   -0.00331741
   -0.03088345
    0.13027029
   -0.03208167
   -0.00281747
   -0.02274363
   -0.35226550
   -0.34138403
    0.36490476
    0.38561642
    0.10669487
    0.10737455
    0.12855514
    0.11551644
    0.10721513
    0.09508245
   -0.51009081
   -0.38651758
    0.02119792
    0.36832350
   -0.48476772
   -0.38074085
    0.02391185
   -0.50313761
   -0.38258191
   -0.00039211
    0.00668159
    0.00513778
    0.09726677
    0.09142992
    0.12934254
    0.09040776
    0.10882887
    0.10086107
    0.09077338
    0.06872083
    0.09109930
    0.12045807
    0.06508694
    0.07827015
    0.12419683
    0.12700185
    0.11225492
   -0.02673823
    0.12653011
    0.00129665
    0.09107026
   -0.02754770
   -0.00563567
    0.02834099
    0.00371140
    0.10068476
   -0.27346395
    0.00591811
    0.09901343
   -0.27635444
    0.09450918
   -0.02267008
   -0.00360877
   -0.02584492
    0.13242689
   -0.02091957
   -0.00522514
   -0.02912889
   -0.35794703
   -0.35290629
    0.41204153
    0.38536361
    0.12186476
    0.10072686
    0.12265423
    0.12762232
    0.12453874
    0.12006925
   -0.53015651
   -0.39730260
    0.02105784
    0.40469583
   -0.49403777
   -0.37991746
    0.03202076
   -0.51832748
   -0.38940166
    0.01527593
    0.01352244
    0.01324469
    0.13414644
    0.09565428
    0.10443080
    0.08173149
    0.12100757
    0.09833836
    0.07822859
    0.08997991
    0.09901323
    0.07942446
    0.08729330
    0.07705201
    0.10427867
    0.08370558
    0.10464891
