$coord
       -6.61462127515900        2.25476520356662       -2.13781128123277      C
       -5.03102392733317        0.84290694125586       -0.50894427825311      C
       -3.39921977201419        2.23289019121422        1.22531964132971      C
       -2.86519095061919        4.85981321380534        0.53371414206515      C
       -4.51372895043585        5.98719223442918       -1.22137995467531      C
       -6.23522426718205        4.71473703624421       -2.57831433857813      C
       -1.70137324363460        0.97317589034389        2.94217412478038      C
        0.66858742465041        2.15990439247129        3.19389530092357      C
        0.86883949052521        4.92460500504245        2.76793909120840      C
       -0.97799537421712        6.28313767511336        1.59215785220557      N
       -1.85556180989224       -1.57707712137894        3.64827691242166      C
        0.45496158684884       -2.93405654687005        3.82041447140271      C
        2.71913651595967       -1.65225317717895        4.01608523433984      N
        2.82421388651347        0.86801033341591        3.85586512386949      C
        4.85454299892637        2.39171118772228        4.82278088663791      C
        5.03918763966426        5.06402158570443        4.84958125460867      C
        3.04919089808149        6.19379555918099        3.61636085277450      C
       -4.33828097342071       -2.62345052660514        4.43617210849833      C
       -4.32671689894734       -5.02913725283261        5.52515228730823      C
       -2.14716548992577       -6.57400250499465        5.47823079569261      C
        0.16368424578143       -5.65289386644432        4.37651579357535      C
       -6.68157630443176       -1.36184201079140        4.02974048709290      O
       -4.82496065549257       -1.84379491724397       -0.75281668373831      O
       -7.90703660241350        6.09657578724849       -4.21125431408324      C
       -2.70679037218374       -9.30646496430546        5.87528268648972      C
       -4.54722491914681        7.81262339452412       -1.87555086477043      H
       -7.69029585776528        1.14026254990139       -3.47894698497003      H
        3.14185956973123        8.18402256667174        3.24829147130192      H
        6.29153721848745        1.41183646247654        5.72900147153505      H
        1.77558976983704       -6.84038124204867        4.73530880534698      H
       -6.02013486506667       -6.01505845590655        6.29715529389668      H
       -6.96849368981084        7.68713956230569       -5.52199250357119      O
      -10.23899901698096        5.19818741343537       -4.37994491697185      O
      -11.89307249088794        6.31205110908050       -6.18463614395669      C
        7.32262743225378        6.41178067053710        5.80537226700651      C
        7.38015307034186        8.73895863489544        5.64468463879436      O
        9.44929720027479        4.88347078819499        6.19352789457691      O
       11.62093616725826        6.23520137870718        6.72206155429374      C
       -4.12548085100215      -10.01265407998501        7.46472219202883      O
       -1.63680812733630      -10.96069858169595        4.22017919775517      O
       -2.27845612217267      -13.69371984058662        4.83842653495709      C
       -8.87830650078102       -2.20396557242141        5.13623706999301      C
       -6.48556613459737       -3.14178774684728       -2.56294266695615      C
       -3.38049488282011      -14.47741077040654        3.30200349925843      H
       -3.74811886062753      -13.86357790777475        6.28590837631090      H
       -0.71804912564074      -14.94555348966106        5.42706533784556      H
       12.19424339414805        5.64826395889968        8.62659296203880      H
       10.95316836888736        8.18581495799208        6.79907656344302      H
       12.90783190913227        6.07979035898165        4.98888146489694      H
       -5.81928588627086       -5.16396069190403       -2.72874797730494      H
       -6.11159635733569       -2.23969245325563       -4.15927741720706      H
       -8.41598081068138       -3.05112143772909       -1.82607712057851      H
      -10.49196008948788       -1.55458972719883        4.09968469434494      H
       -9.05800159369695       -1.50187843093186        7.14213528582018      H
       -9.15438226736340       -4.20691841469220        5.56811703786409      H
      -11.30625358268462        5.17746493737694       -8.00844610596562      H
      -11.47839392146319        8.20375238356263       -6.70700252614097      H
      -14.00291729243731        6.03557193481811       -5.87884513838703      H
       -3.16611268816656        6.17613011286278        7.18263384201693      C
       -3.72121358744074        3.83133460215557        8.25119595670282      C
       -2.01896145407240        2.54790752303146        9.76082409096057      C
        0.35660209868019        3.77321273385859        9.89079673081404      C
        0.85797432683241        6.40355729863130        9.19807216169898      C
       -0.94846749848133        7.50381676504259        7.70839779078373      C
       -2.36299746449153       -0.00012412592895       10.64679565133926      C
       -0.10132659964363       -1.31382312448029       11.07017374594152      C
        2.19449977187917        0.02494692186616       11.10496340200037      C
        2.22026642683439        2.57571733956221       11.02751004028349      N
       -4.56206642106105       -1.34154609841283       11.23124513238173      C
       -4.33823496996309       -3.97417495566599       11.85010413210247      C
       -2.18264682554282       -5.31612764721185       11.47853465513058      N
       -0.09809150279341       -3.95250480934228       11.54567256509936      C
        2.18833650997177       -5.29273411166451       11.67049601360818      C
        4.45806313121227       -3.88680139065861       11.33161448618676      C
        4.54651613441354       -1.32352276284610       10.83251903087734      C
       -6.78636484055473       -0.24705426127444       12.18692722198480      C
       -9.07089671922322       -1.27097853859493       12.76034398444779      C
       -8.93353540615924       -3.97284933800272       12.92534969661366      C
       -6.64734698367663       -5.20199277279875       12.62439102909455      C
       -7.03784041615877        2.53900353242745       12.08025060556439      O
       -6.04015826819064        2.69263528353660        7.69563682011483      O
       -0.58763720355350        9.99680859388193        6.53730795769241      C
      -11.34514328891624       -5.30879489913660       12.69231695422240      C
        2.80909383710194        7.21633525799783        9.51891670396964      H
       -4.27702914644342        7.21344733419219        5.88103968142281      H
        6.32008326133661       -0.49259778694324       10.16219611860234      H
        2.04971533314525       -7.25833983668155       12.12076470905663      H
       -6.98493519255111       -7.18557777384065       12.71912615707635      H
      -10.73636483848206       -0.25333015031430       13.18813357813176      H
       -2.13860096988090       10.36016653825245        4.78907131669515      O
        1.17388273586917       11.75930219039945        7.46056387917110      O
        1.13621610776190       13.91906715185321        5.95158283721775      C
        6.81813630443498       -5.27201051189328       11.77772871326540      C
        6.90647691686099       -7.50545035855134       11.18658232656518      O
        8.83860186896087       -4.02561086396929       12.75501159079429      O
       11.03050022571096       -5.60088563348878       12.73224477869610      C
      -11.56062612286898       -7.49170256132247       13.52056343476096      O
      -13.43334421005930       -4.04914085837357       11.61566166478079      O
      -15.39367804756385       -5.59532423048302       11.27036609938058      C
       -7.59947185466184        3.65290556018225       14.59858284749764      C
       -7.81745293461714        3.88138946724277        5.88290747944279      C
      -16.00907889190114       -5.16365520574458        9.27895155595730      H
      -16.85240690919031       -5.23796130373194       12.71446786175640      H
      -14.84463757536056       -7.54964626730727       11.29215730028966      H
       12.59826548687832       -4.22111079610171       13.12713989064558      H
       11.40074868109044       -6.46204920259451       10.84494278532163      H
       10.72631733900890       -6.96621319779376       14.41702242841084      H
       -9.50903602914218        2.66426034214965        5.81879231133446      H
       -6.76451455015867        3.77006201738261        4.14084319462845      H
       -8.65738309321857        5.62584510285062        6.51594150984890      H
       -6.05282713401150        2.89852361514858       15.75560264345572      H
       -9.32949117647559        2.91839068071186       15.17601893236619      H
       -7.72172850678940        5.61203563413070       14.31138440531245      H
        1.44672851814913       13.63211031119743        3.91240450123929      H
        2.77071851177685       14.97108547361777        6.54806754775454      H
       -0.59084320601988       14.82207779076566        6.45721204572783      H
$end
