$coord
       -7.65709289416254       -1.49741995477082        0.26570296028899      C
       -5.37822924444924       -2.68793130436477        0.57215410563132      C
       -3.36278287540314       -1.43909441370582        2.10410804325115      C
       -3.92819629406613        1.14032435838693        2.68591015743413      C
       -6.31340593800279        2.37057843898662        2.35419280154669      C
       -7.99649097284763        0.97500880103795        0.89767213885444      C
       -1.11414524342979       -2.51097768566285        3.19048353323598      C
        0.81781215490278       -0.83639267151871        3.82073068261825      C
        0.21020813928246        1.86880400449975        4.01857349653161      C
       -2.13845307185319        2.70996948666242        3.74825424478772      N
       -0.50782865276533       -5.24846833467590        3.61160125855705      C
        2.18968308103138       -5.67553337876613        3.31948137564873      C
        4.07057432297324       -3.90971095575442        3.64910386367257      N
        3.32905161563222       -1.68421605231368        4.36108923123625      C
        5.25265470998489        0.07282739322057        4.99983500874654      C
        4.66200934174402        2.60470534687901        5.31914249761894      C
        2.25084782761123        3.47393492085155        4.79750963200722      C
       -2.36542414295359       -7.30942086757939        3.88251547686775      C
       -1.27452944316917       -9.71228113043931        3.74353967938609      C
        1.39085964380240      -10.14842025939161        3.32657023221455      C
        3.00748402336447       -8.18257276228146        3.09154940727886      C
       -4.77564981473654       -6.98475750864141        4.45372278412282      O
       -4.77145219582407       -4.94251051345324       -0.77620138399728      O
      -10.66394998842997        2.33105857861836        0.79217856923796      C
        2.26138850613683      -12.77818302919840        2.78835537487332      C
       -6.72272631638406        4.31911916837481        2.84907041826022      H
       -8.82730577894713       -2.48596251392157       -1.14370451305998      H
        2.13853264058326        5.49922014401320        4.92601175747177      H
        7.19679398430580       -0.31697654085119        5.28438536894687      H
        4.65777639486947       -8.74038004104029        2.02838232705599      H
       -2.35190174845712      -11.38619381750212        3.72447414703822      H
      -12.55113432256922        1.08323732825434        0.11921609877819      O
      -10.88436879994226        4.72507819167388        1.44394421686992      O
      -13.43401164094714        5.63319857106094        1.48622572050902      C
        6.61886384181623        4.29843786663188        6.22170204570295      C
        6.32331952167379        6.52577529503433        6.12385459551514      O
        8.79437048771708        3.32157562575906        7.20084162938398      O
       10.07430529852515        5.13908783798929        8.47563329177730      C
        0.93387778696174      -14.45043887410649        3.62491299637251      O
        4.24839302174442      -13.06148686310521        1.18826096385822      O
        4.46678649900977      -15.58088188957804        1.18851209356006      C
       -5.94651875307118       -9.34736770050703        5.26128110760716      C
       -6.77503650943193       -6.44018511010178       -1.22692581451256      C
        2.69033674283443      -16.65840628742190        1.00307304230219      H
        5.13968163206466      -16.18256592667644        2.89467998970030      H
        5.80915151388898      -16.26041116940820       -0.31995847639447      H
       11.39243766017257        6.29619322289914        7.11042018609519      H
       11.22208686803246        4.14749447534841        9.85947612468783      H
        8.84452910976472        6.21071465598427        9.78119330957718      H
       -8.67525502505114       -5.56273208170465       -1.77042956505200      H
       -6.52610400866421       -7.86550658449605        0.38148955883485      H
       -6.21521194926343       -7.41316678242720       -2.94193195882445      H
       -4.97761404073954      -10.81765345887757        6.50221400691282      H
       -6.63307760490946      -10.21143678208510        3.46749056771009      H
       -7.66761936294368       -8.84951213942480        6.25672594415508      H
      -13.63350317525305        6.04217440322143        3.48669204739262      H
      -15.21250676126718        4.60705569364813        0.84905863972128      H
      -13.30027587539085        7.46697148852067        0.57858212974027      H
       -2.57680446105506       10.59098510440134        9.03019227728889      C
       -3.25340224746655        8.21746155642547        8.10793432189273      C
       -1.97682175115988        6.02248094493046        9.33510655384316      C
        0.31369554910569        6.22290107840595       10.56947542389279      C
        1.09191360849506        8.67437293481861       11.36855426960896      C
       -0.48331292391142       10.79885721188575       10.80231268031829      C
       -2.92802644564646        3.53905954599465        9.26837215209039      C
       -1.25824539131951        1.54472310015839        9.65211641948092      C
        1.27638580878993        2.14451135941555       10.28228679651762      C
        1.90602525542495        4.39479275899682       11.07435576408770      N
       -5.65868013534361        2.92637862956599        9.45031491252746      C
       -6.28382431460145        0.47421808218742        8.63630628298850      C
       -4.50542483371843       -1.42867028241159        8.61770251331597      N
       -2.03941877102876       -1.01366823899850        9.08410778609437      C
       -0.39960589081364       -3.04691441608342        9.45551711711599      C
        2.05424767805449       -2.56007878074081       10.47467852750001      C
        2.79958488395103       -0.03351340083054       10.50098657087347      C
       -7.79407935204726        4.50894545834427       10.16854216220895      C
      -10.21659274927036        3.89519268576482        9.24451235916196      C
      -10.76174494576044        1.62333022062232        7.87065837217038      C
       -8.75350255223315       -0.03663965577584        7.70474862094477      C
       -7.18409102496626        6.15435241522179       12.23678588689797      O
       -5.29417929056332        7.70063435569071        6.38101495144450      O
        0.23550718106511       13.21059428261759       12.07091818684176      C
      -13.17999740667238        0.69864344378533        7.05309964962883      C
        2.91644286137951        8.81815586750244       12.23101971143762      H
       -3.82362250482538       12.29482949992521        8.56868589736702      H
        4.79497655018524        0.29654133991320       10.90776498144748      H
       -0.70734026233259       -5.02626292265586        9.03046944698623      H
       -8.97148609584741       -1.92005207370073        6.93814355444981      H
      -11.88853081111421        5.11310982937490        9.61704641469342      H
       -0.61618228790840       15.11739830353585       11.12737515352743      O
        1.70751702500281       13.07175120001227       14.26267953150475      O
        2.23545483833428       15.47463197402027       14.84871896258102      C
        3.84386174008687       -4.77076698017135       10.27548203057240      C
        3.23306968974487       -6.61514151030588        9.00552614459116      O
        6.22546443038001       -4.45360372203935       11.37680007753134      O
        7.92486689046579       -6.26863986703425       10.18406288723928      C
      -15.03497730145897        2.07565235269479        7.27119132047826      O
      -13.29348139216238       -1.52261933615178        5.82304822373654      O
      -15.52551014214865       -1.73269286995437        4.33862972579375      C
       -5.22446272582312        5.52321004988371       13.86877030125222      C
       -5.22062122576674        9.19206686840096        4.05905737203788      C
      -17.11241472795383       -2.54339782050201        5.68847014235910      H
      -15.19437713737417       -3.09554893425216        2.85903000837919      H
      -15.98776930215640        0.12982576731322        3.84206115831116      H
        9.72073039604133       -6.03497311584866       11.19790406178653      H
        7.79657543772829       -6.18031724216935        8.16148649251027      H
        7.53111883798523       -8.38075743721132       10.63410135311471      H
       -7.18152582055441        9.89484787343802        3.88234173739399      H
       -4.83709252843990        8.17755898963343        2.31333357961951      H
       -4.03165278280209       10.82026705210176        4.00258275052486      H
       -5.07217492193829        3.43523803990477       13.68500608559901      H
       -5.66969275793807        6.18334658948658       15.68119362631575      H
       -3.30867885795078        6.21194303392524       13.15860843831959      H
        4.13102630572561       15.52498400617110       15.95589462692288      H
        0.75954639451445       16.16220727505307       15.92292778580020      H
        2.64560303532456       16.62126987326230       13.23753588613410      H
$end
