$coord
       -8.33719648403634       -1.47572590728308       -0.24386541950039      C
       -5.78197367808381       -2.10622075031477        0.01039067326582      C
       -4.30108857196691       -0.58902278837155        1.92481557121871      C
       -4.94055685530808        1.96769408906211        2.45656790069049      C
       -7.45632782138731        2.41253227563977        1.59320561291867      C
       -9.22966682844761        0.83494695515507        0.52919215687396      C
       -1.96605302538408       -1.38803496618489        2.90877106525348      C
       -0.22169878874839        0.52717234522833        3.83570468280994      C
       -1.01037542768258        2.99886060784794        4.04587514588270      C
       -3.38742464754157        3.73893280896471        3.40816121153242      N
       -1.28036213863485       -3.94319947041162        3.33448629945236      C
        1.34471933883425       -4.39146150569078        3.78138897936862      C
        3.07384639081664       -2.57469475271100        4.09974738363461      N
        2.24806766772371       -0.12686398694659        4.22041372286970      C
        3.98169778383201        1.87110998380113        4.73744680739201      C
        3.41324133377960        4.46163049153783        4.93505100546388      C
        0.82544222998602        4.91003149556030        4.53640166872794      C
       -2.92218931396804       -5.96651837521966        3.69101074932458      C
       -1.84819814876130       -8.42600548816491        3.65161867240638      C
        0.56100630675687       -8.89778375474260        3.84200445224129      C
        2.20632671216427       -6.91214344456508        4.27520029078522      C
       -5.47479709241076       -5.42850034187355        3.99699691156425      O
       -4.68651449394739       -4.00008594947278       -1.47928408478368      O
      -11.67883967268544        1.83494960922888       -0.61222629657346      C
        1.23922558033671      -11.62817061028241        4.19744176201898      C
       -8.22003362924026        4.07267710019978        2.47078023284257      H
       -9.62027339938498       -2.89728693006262       -0.84658785904131      H
        0.15680881407050        6.92665386681610        4.34785800269014      H
        5.85511824179625        1.28728008932916        4.52367460421915      H
        4.16391767297072       -7.23820577807828        4.39447002330196      H
       -3.09816393636391      -10.09770679763079        3.72583218564873      H
      -13.41285681506456        0.20182620339769       -0.74726555963564      O
      -11.71837338445532        4.36289535262073       -0.79568187469935      O
      -14.03295772459769        5.01867530223210       -1.87473717884531      C
        5.36756722116493        6.49276212867700        5.13751035753668      C
        4.62445646642116        8.68453335555753        4.44855713880221      O
        7.42490349554519        5.68603730386133        6.41015625240949      O
        8.89854546762249        7.77522247366670        6.77740513573287      C
       -0.46903355344309      -12.91291311603889        4.99506557737321      O
        3.57344344481137      -12.22613121712866        3.79527757988889      O
        4.22202217831184      -14.50439170278329        4.68867390876670      C
       -7.16682367427228       -7.53232516161233        3.74382034092277      C
       -5.59096369079896       -4.02043275679036       -4.05413081434983      C
        4.41689120015146      -14.25558518779845        6.71303097225496      H
        6.17172569221537      -15.12762640445461        4.18141159027358      H
        2.89716324504077      -16.01548957426057        4.18023187772377      H
        7.74267905163820        9.37758378898581        7.31311607784906      H
       10.47395195135127        8.24136683233765        5.49130124249188      H
        9.82513461250560        7.23338993159645        8.57670718427185      H
       -4.73176325531435       -5.68395250754020       -5.11165941653022      H
       -5.13527086991754       -2.07703781221156       -4.87502837756829      H
       -7.69446849710729       -4.26738467958306       -4.00172984170350      H
       -6.43808573021499       -9.04131868626683        4.70643301689830      H
       -7.17973790833508       -8.20231723436472        1.74178596548327      H
       -9.01898851116165       -6.94300019937710        4.38555638302288      H
      -14.24245040175417        4.19062916624998       -3.86403837019899      H
      -14.21296603981537        7.01503323003001       -1.86603179708812      H
      -15.63898963877858        4.15492548528358       -0.98009894024207      H
       -1.22745524767174        8.78950192862956        9.57163477221607      C
       -2.44480983605951        6.51104874963176        9.55945055138832      C
       -1.29033331105753        4.52785244410258       10.91212654542145      C
        1.36671409588285        4.92972161055992       11.85668493472305      C
        2.20686321839037        7.42413135587691       11.87528842466462      C
        1.05254783234028        9.31085506326265       10.64962257555926      C
       -2.18289902894728        2.03340083614246       10.76846333667551      C
       -0.37400877396246        0.03921607010816       10.70886536545503      C
        2.17490787015491        0.45770097126793       11.63623965106711      C
        2.94321041890699        2.89953811550734       12.38495671677414      N
       -4.63845675256266        1.37271355180286        9.94686019937652      C
       -5.13545507975025       -1.05709787929178        8.90073235002429      C
       -3.26766438946759       -2.76373817377231        8.71281160113301      N
       -1.09890977964044       -2.37617485335440        9.81701334379322      C
        0.56661142284280       -4.33512488668996       10.16651728301600      C
        3.00029322715239       -4.00075649929063       11.07847484636008      C
        3.81835134428386       -1.60711355875165       11.66263049781650      C
       -6.83854210873108        2.89654601959400       10.40077037558269      C
       -9.05794426286251        2.44195768592015        8.95178795853147      C
       -9.47634303580122        0.08318758448695        7.88565879755180      C
       -7.58235640331146       -1.71681465434951        8.20798105049166      C
       -6.54627591432832        4.85358273249494       12.28398711636006      O
       -4.58460370504708        6.25248563369238        8.04980835647397      O
        2.17007923184974       11.95512331597982       10.84447315833341      C
      -12.12265561697384       -0.43351513985618        6.89820272265255      C
        3.76451732719917        8.03024976624597       12.99023805338389      H
       -2.29197627650023       10.38465692588079        8.90017067667651      H
        5.69144151481342       -1.24407262713086       12.57898043598197      H
       -0.16275472955389       -6.25265795162400        9.66359950692972      H
       -7.85755141265781       -3.73006634647449        7.64064487566015      H
      -10.49506771585088        3.86426527013736        9.22123953387976      H
        0.99876089103246       13.87783743080090       10.07591913279397      O
        4.48692356794314       11.92235792073931       11.85249784495982      O
        5.38611226141343       14.44627003209277       12.03049322591151      C
        4.67726433353454       -6.05893341688316       11.76400395850925      C
        3.74825424690127       -8.23891921036474       11.82559394143097      O
        7.18292646078315       -5.60573872046143       11.61463162934217      O
        8.70861600360260       -7.58162133673274       12.35037718702074      C
      -13.83189916925814        0.43423337102238        8.16737803101174      O
      -12.66603013673796       -1.55095677197161        4.63679231816787      O
      -14.88216751036391       -0.60424673436999        3.74208044802745      C
       -8.86301999401790        5.99315379257375       13.10906863730632      C
       -5.58894236303461        8.30867958362055        6.69727139419490      C
      -16.34257482494946       -1.17167500387125        4.75471408147267      H
      -15.37982836921792       -1.12730691821496        1.88242828429521      H
      -14.75810273128179        1.55842862140141        3.90154540629769      H
        7.96725749264802       -8.45389867534247       14.04589913434476      H
       10.71951632510893       -6.90836831552857       12.61964824209576      H
        8.49133407754385       -8.97174214761658       10.87719134843163      H
       -5.71903379983264        7.62814067810176        4.75222684723450      H
       -4.52503837398466       10.07014232189856        6.62958945899934      H
       -7.48788232912946        8.51287668543664        7.26610545436337      H
       -9.92003204536980        6.17818422694537       11.30640544597474      H
       -8.45429206414595        7.98971293033492       13.67889919479292      H
      -10.03558444118628        5.04172188400604       14.45541762658472      H
        7.30932529528633       14.08984572501461       12.22429218375049      H
        4.38166252556629       15.12565237892377       13.72646999613020      H
        4.59642039160413       15.55021524929567       10.58503137234896      H
$end
