 -1.0
 -0.74359872197238D+01 -0.26182051865663D+01 -0.15609308557497D+01  0.18375581008023D-03 -0.13079702775574D-03 -0.42846874518078D-04
 -0.53852808399774D+01 -0.35786882202188D+01 -0.16506926287770D+00  0.68802719735536D-04  0.55612592033354D-04  0.52439608904961D-03
 -0.42156893547840D+01 -0.18468954967811D+01  0.13800058834250D+01  0.21222362273186D-03 -0.23667818545683D-03 -0.63267990884625D-03
 -0.45356263959072D+01  0.75591136310421D+00  0.10448811623810D+01  0.20117817689219D-05  0.48978484952400D-04  0.78432115743739D-04
 -0.66601128158681D+01  0.17000726550249D+01 -0.47085577382716D+00  0.14991555761283D-03 -0.16813234531347D-03  0.21433483419083D-03
 -0.83621720910266D+01 -0.10157886857515D+00 -0.12057020452740D+01  0.10270281117498D-03 -0.41426428852100D-03  0.49226140930714D-03
 -0.23547386084227D+01 -0.29661287402134D+01  0.30709591632512D+01 -0.36850790724010D-03 -0.29220659306132D-03 -0.37736543336765D-03
 -0.53024101554209D+00 -0.11356745775288D+01  0.41280365071435D+01  0.56336090141193D-04  0.37755282759477D-03  0.60609432133011D-03
 -0.87850794286506D+00  0.15047812908455D+01  0.33654663495058D+01 -0.42309426740499D-03  0.33830816547336D-03  0.10565972317437D-03
 -0.26435723148298D+01  0.22948908736526D+01  0.16084124228328D+01  0.46487945448877D-03 -0.17448731859721D-03 -0.40254355269295D-03
 -0.19288224490923D+01 -0.54070825019923D+01  0.44569569938833D+01  0.71020047984276D-04 -0.89263319473767D-04  0.60702428933941D-03
  0.44000796143169D+00 -0.62251216926115D+01  0.53220052403867D+01 -0.20507273871633D-03 -0.94739685026031D-04  0.39573538853704D-03
  0.24993773322880D+01 -0.46078290884874D+01  0.53706860320829D+01 -0.35596521442503D-03  0.23444063784030D-03 -0.12258192026673D-03
  0.19625746266086D+01 -0.21003959601717D+01  0.46081401368039D+01  0.13198482660520D-03  0.12091765149951D-03 -0.14582622929798D-03
  0.38727933224019D+01 -0.32148995875762D+00  0.51468150065833D+01  0.81705908084118D-03  0.36074160523174D-03 -0.38974846965215D-03
  0.34803133125297D+01  0.23230849673772D+01  0.48292143182442D+01  0.19789159841497D-04 -0.39376418253246D-03  0.55196751837340D-05
  0.10466818620421D+01  0.30891912716783D+01  0.40511310524520D+01 -0.34917067068519D-03  0.15201153345604D-03 -0.34897400571221D-03
 -0.41178987633436D+01 -0.70891508953446D+01  0.49804069074749D+01 -0.56410116813346D-04 -0.18347370026613D-03 -0.67362097514551D-05
 -0.40573674116726D+01 -0.94645625302380D+01  0.58769802719870D+01 -0.70164884952645D-05 -0.90883547110076D-04 -0.38228111216008D-04
 -0.13939469554367D+01 -0.10297119539809D+02  0.60272670716682D+01 -0.52358436982091D-04 -0.35156540896580D-03  0.50711919794058D-03
  0.72912795543638D+00 -0.86574729674468D+01  0.63561608992150D+01 -0.14561668910890D-03 -0.15094798423290D-03  0.28264765749025D-03
 -0.64474654081324D+01 -0.57585539845481D+01  0.46322658465721D+01  0.15953980911993D-03 -0.35572635828840D-03  0.23307337337410D-03
 -0.47870177359088D+01 -0.60561351564938D+01 -0.27327198205707D+00  0.25457935626535D-03  0.52629813439659D-04 -0.87843431102678D-04
 -0.11082332238537D+02  0.31502142852586D+00 -0.22866529110404D+01  0.15203963660356D-03 -0.35594815253974D-03  0.46338012157969D-03
 -0.11775513431729D+01 -0.12991813172046D+02  0.61899315611225D+01  0.37042215705674D-03  0.52352858045382D-03 -0.95646695342795D-03
 -0.64072827799382D+01  0.34475617121365D+01 -0.12808266561884D+01 -0.16541709842192D-03 -0.49408984660471D-03 -0.50417131766788D-03
 -0.87672840639700D+01 -0.38381962204402D+01 -0.23887256452329D+01  0.32558429644022D-03  0.20823527294906D-03  0.87485616116222D-03
  0.68029724341374D+00  0.51340778825355D+01  0.40949726721195D+01  0.89496614418978D-03  0.87717006410986D-03 -0.42110860530127D-03
  0.57161800801797D+01 -0.93398363895700D+00  0.60090444174935D+01 -0.19445305420693D-03 -0.40228128376941D-05 -0.76817459991091D-03
  0.24853974138701D+01 -0.91075121352441D+01  0.72202076208840D+01 -0.75055794265859D-04 -0.95838956472122D-03 -0.16526274065351D-04
 -0.57969277016947D+01 -0.10369486694270D+02  0.63874658822473D+01 -0.48303046092195D-04  0.33424418936615D-03 -0.80297533201136D-03
 -0.11849830245149D+02  0.24108699942731D+01 -0.27784818060296D+01 -0.50277534867716D-03 -0.60208354183668D-04 -0.35628690674232D-03
 -0.12560709034863D+02 -0.16742283539918D+01 -0.24596849266966D+01 -0.29686406840116D-03  0.41266595367381D-03 -0.35423521051408D-03
 -0.14826000770839D+02 -0.10338793552285D+01 -0.32342496753620D+01  0.45269967885277D-03 -0.16587129052732D-03  0.24075874691245D-03
  0.53797330250335D+01  0.43467600253124D+01  0.50875778762532D+01 -0.27902121970150D-04 -0.58377058386918D-04 -0.31762018068372D-03
  0.69513967463970D+01  0.48392802299388D+01  0.35374096823657D+01  0.32908522905321D-03  0.20191586957288D-03 -0.17582044569269D-03
  0.51071623095847D+01  0.55849398581164D+01  0.73873577100994D+01  0.29141517208037D-03 -0.65086000931085D-04  0.37185535900031D-03
  0.67373266555829D+01  0.79022709166036D+01  0.79317776687349D+01 -0.15614251672793D-03 -0.46401706168700D-03 -0.83117180994403D-03
 -0.28029632860141D+01 -0.14130130110957D+02  0.74406292048738D+01 -0.29986517098044D-03  0.10007191783838D-03  0.50128179921372D-04
  0.62620136162995D+00 -0.14164796209403D+02  0.48922789582446D+01  0.36847313298994D-04  0.17039213560664D-03  0.57917150670672D-03
  0.14018285243981D-01 -0.16652342305589D+02  0.40042384335208D+01 -0.11022804613491D-03 -0.21002122552012D-03 -0.26677285182510D-03
 -0.88632081413391D+01 -0.66275339248059D+01  0.47191015279562D+01  0.32568285919223D-03  0.29516578552882D-03 -0.61345627006643D-04
 -0.57078894093329D+01 -0.73741428524434D+01 -0.25750071881817D+01 -0.29305541005783D-03 -0.39529327837498D-03 -0.64089200954288D-03
 -0.19931677510277D+00 -0.16586061436187D+02  0.19249655993682D+01  0.39532512823650D-03  0.26181765723636D-03  0.24731764806207D-03
 -0.15545265985440D+01 -0.17768623158832D+02  0.49216216714800D+01 -0.30389176821631D-03 -0.31343389109942D-04  0.43856072098530D-03
  0.16710024798698D+01 -0.17638020187579D+02  0.39109572627792D+01 -0.10194557145410D-02  0.96395908845766D-03  0.23259134306971D-03
  0.68187064745008D+01  0.92469181332020D+01  0.62838816883793D+01 -0.83830426759364D-03  0.78084919523577D-03  0.64482860568580D-03
  0.84142642366571D+01  0.73209347798768D+01  0.90543518559912D+01 -0.73886351843654D-03  0.15917554150692D-03 -0.39863423192001D-03
  0.53603239614477D+01  0.90278927892369D+01  0.90996533850303D+01  0.60530835906972D-03 -0.28130949301072D-03 -0.61503559449920D-03
 -0.76707194557703D+01 -0.77859419449277D+01 -0.20091782570835D+01  0.97997000762275D-03  0.74442793049628D-04 -0.48021086875575D-03
 -0.50188008172303D+01 -0.94452179286855D+01 -0.25947912216105D+01 -0.79743113129414D-03 -0.12643755730665D-02 -0.47484179577601D-03
 -0.57737976516876D+01 -0.60732469768514D+01 -0.42369332765979D+01 -0.62447193928593D-03  0.81196046570117D-03 -0.23888574482370D-03
 -0.95358123604141D+01 -0.71539249756504D+01  0.27308573889489D+01  0.50612078513427D-03  0.19567502372182D-03 -0.18102695201130D-04
 -0.10172699258872D+02 -0.55686754097789D+01  0.56253225942888D+01 -0.15706989783642D-03  0.31490082454416D-03 -0.23589127277128D-03
 -0.89025914777325D+01 -0.86436019499155D+01  0.52477051110006D+01  0.72399444560375D-03  0.47631562349416D-04 -0.79193393292947D-03
 -0.16483260164431D+02 -0.17200221270990D+01 -0.21490816582660D+01  0.42665770432698D-03  0.41516654485254D-03  0.75500658884931D-03
 -0.14734107461453D+02 -0.12078822951516D+01 -0.53385265857662D+01 -0.14710476670949D-04  0.25942408626382D-03 -0.11573528608976D-02
 -0.15031670566372D+02  0.92186812578556D+00 -0.25979297265058D+01 -0.35821874094150D-03  0.22695962097120D-03 -0.34837099217402D-03
  0.76251102574850D+00  0.10381579050261D+02  0.92405642289646D+01  0.30072458527663D-03 -0.34420257560401D-03 -0.19409236588345D-03
 -0.60157715765298D+00  0.82984470292519D+01  0.87016149671645D+01  0.61540366783338D-04 -0.30560973040979D-03 -0.17373247958252D-03
 -0.26531625852112D+00  0.64286795498720D+01  0.10936754402055D+02  0.21095936596828D-03  0.36786659299396D-03  0.25487404199700D-03
  0.18253881934417D+01  0.62789454627194D+01  0.12750085495365D+02 -0.22655473074972D-03 -0.98080317295948D-04  0.78673737533595D-03
  0.31740565815964D+01  0.85673193936138D+01  0.12686736196235D+02 -0.19440044143641D-03 -0.36660896194298D-04 -0.26520514127407D-03
  0.23702814008582D+01  0.10662999796191D+02  0.11220697993108D+02 -0.35594620478386D-03 -0.69980774548845D-03  0.53652924063491D-04
 -0.18482648504689D+01  0.41060178310537D+01  0.10644031953708D+02  0.16331940924052D-03 -0.21011276978899D-03 -0.11837635388065D-05
 -0.50115642679740D+00  0.19600756786678D+01  0.11520761500993D+02  0.79038230284853D-04 -0.81796968884308D-04  0.15732955485104D-04
  0.20604482816878D+01  0.19857303360713D+01  0.12526741662340D+02  0.21909402525557D-03  0.60144292834514D-04 -0.13326074422079D-03
  0.30920085882293D+01  0.41409396810117D+01  0.13497551498030D+02  0.10398800461091D-03  0.14021013040641D-03  0.51870902478998D-03
 -0.42353856729809D+01  0.37635553728015D+01  0.95828668719414D+01  0.45236028117609D-04  0.60566431862457D-04  0.22884754285126D-03
 -0.48336395394985D+01  0.13233028527468D+01  0.93411504711225D+01  0.33353385037585D-03  0.31400784662468D-03  0.23220547680741D-03
 -0.34907889484354D+01 -0.92324834306049D+00  0.94908887361197D+01  0.44350325350512D-03 -0.18571879929443D-03 -0.29294695427834D-03
 -0.13913147837923D+01 -0.54152636669927D+00  0.10842708289356D+02  0.86503966387681D-04  0.25436030025935D-04  0.15474970012010D-03
  0.27294069290789D+00 -0.26200399751366D+01  0.10846511437583D+02  0.41410897899688D-03  0.84255486333516D-03 -0.83601335727325D-05
  0.29370125258810D+01 -0.26532402030600D+01  0.11349477975826D+02 -0.18990434957722D-03 -0.51088924007276D-04  0.29450068940593D-03
  0.36748920678091D+01 -0.20785167164622D+00  0.12117407865016D+02 -0.21875264344366D-03  0.11999423213148D-03 -0.12814706190167D-03
 -0.58912435897245D+01  0.59197344133044D+01  0.90725539911881D+01  0.49311639677832D-04 -0.86261834232652D-04 -0.22462284865018D-03
 -0.82121111235992D+01  0.53558751617136D+01  0.78219103221518D+01  0.15562547774082D-04  0.17031916458665D-03  0.78281699140354D-04
 -0.86015760129275D+01  0.28705545257850D+01  0.67409316834260D+01 -0.20089346821340D-04  0.79281238802394D-03 -0.31531914801446D-03
 -0.70404839895692D+01  0.96712351446456D+00  0.75703725601160D+01 -0.39177125592149D-03  0.23119226199644D-04  0.13785289538759D-03
 -0.55421516898795D+01  0.79463121052040D+01  0.10632164264749D+02 -0.72658934999210D-04 -0.15452634546533D-03 -0.12293248873388D-03
 -0.19747921526078D+01  0.76479789787584D+01  0.64942325774009D+01 -0.10699534986313D-03  0.33147044587243D-03 -0.30241339367238D-03
  0.35069900153167D+01  0.13132512290166D+02  0.12157211434236D+02  0.19295386557805D-03 -0.13005741856540D-03 -0.79768885714432D-04
 -0.10863363416046D+02  0.25041289889536D+01  0.51355447033860D+01  0.42172703363380D-04  0.24890189081315D-03 -0.13888496989842D-03
  0.46396330463959D+01  0.87140936115171D+01  0.13992083546310D+02 -0.21303620487395D-03  0.69860394300086D-03 -0.84333673546341D-03
  0.76789987350802D+00  0.11602450071501D+02  0.76679718686345D+01  0.76464378780105D-03 -0.64072738231760D-03  0.85363584310893D-03
  0.55068245366003D+01  0.59759034059420D-01  0.13068133174152D+02 -0.29688644620802D-03 -0.27238178546966D-03  0.27054197007503D-03
  0.15532995804704D-01 -0.44979574163644D+01  0.10059604761507D+02 -0.82338064311241D-04  0.90647076176374D-03  0.69245116254309D-03
 -0.75720127576287D+01 -0.90285281688698D+00  0.73246164481158D+01 -0.47827785197047D-03  0.12230464683375D-02  0.14301189025739D-03
 -0.95434352743446D+01  0.68235826561617D+01  0.78257456791454D+01  0.20234990423602D-05 -0.88180782927333D-04 -0.48815707764077D-04
  0.39377541609256D+01  0.14922481221565D+02  0.10777771314087D+02 -0.12421316177423D-03  0.26122524850677D-03 -0.24978626713557D-03
  0.44932165999039D+01  0.12694832627718D+02  0.14611613356530D+02 -0.30717796680343D-03 -0.30579869885618D-03  0.44103061630071D-03
  0.52274273440232D+01  0.15246025082044D+02  0.15234162632795D+02  0.34885744623875D-03  0.13793769101679D-03  0.28895890641849D-03
  0.48300840982785D+01 -0.47844888332690D+01  0.11632342204557D+02 -0.30574288416990D-03  0.43762100724960D-03 -0.17144251525399D-03
  0.70975789989122D+01 -0.45413971509443D+01  0.11514088571550D+02 -0.37538136230978D-04  0.13407252496322D-03  0.38378143148373D-03
  0.37313575366614D+01 -0.72117886434732D+01  0.11767206130393D+02 -0.22586358013432D-03 -0.19728160844133D-03  0.13483682348689D-03
  0.56084050258926D+01 -0.88029720802230D+01  0.12364178554234D+02  0.14985978526150D-03  0.38623975240485D-03 -0.53416107002522D-05
 -0.12344978836861D+02  0.41385950352609D+01  0.46202534984135D+01 -0.20651649477554D-03 -0.13583805109361D-03  0.12450137077593D-03
 -0.11593385072917D+02 -0.19748147177225D-01  0.40051413541328D+01 -0.13018010895536D-05 -0.67975108427829D-04  0.18355849763931D-03
 -0.13928502997475D+02 -0.38568102324637D+00  0.28190448000576D+01  0.33356165663311D-04 -0.22545800526639D-03 -0.12497090577972D-03
 -0.67137814623895D+01  0.10283172479376D+02  0.10237941326478D+02 -0.33681240296083D-03  0.17226343126221D-04 -0.17374709483077D-03
 -0.24077254393378D+01  0.97410404154706D+01  0.49719397780719D+01  0.17977651775874D-03 -0.10263299284248D-03  0.37631513324834D-03
 -0.13735682610933D+02 -0.72807937540592D-01  0.83249392603271D+00 -0.74330596650080D-03 -0.57808574086909D-03 -0.17615518526718D-03
 -0.15474569010569D+02  0.79224132126137D+00  0.37414218785947D+01 -0.16345045673592D-02 -0.30315502223590D-03  0.63828760312723D-03
 -0.14490033459779D+02 -0.22580518955162D+01  0.33714604374684D+01 -0.39617314125607D-03  0.73283337467643D-03  0.28467858428074D-04
  0.57675586970762D+01 -0.88230804491966D+01  0.14295479521397D+02  0.81084742258237D-03 -0.17663445217118D-03 -0.58090032953601D-03
  0.74293160849301D+01 -0.89812873314209D+01  0.11174428609385D+02 -0.33340866426770D-03  0.53225126433204D-03 -0.69608576549641D-03
  0.48360064748945D+01 -0.10705112578831D+02  0.11979689393633D+02  0.21826381962954D-03  0.17988184470955D-03 -0.90813384880942D-03
 -0.37244926833866D+01  0.89918542415962D+01  0.37187842344522D+01 -0.61148496064044D-03 -0.93248788235183D-03  0.66160366986352D-03
 -0.54460560244584D+00  0.10226253726320D+02  0.41149641664487D+01 -0.64815337861940D-03 -0.35687865434534D-03  0.11521368430152D-02
 -0.32761179661338D+01  0.11200285872910D+02  0.60554727750922D+01  0.58770220907538D-03  0.60185951054756D-04 -0.14455326176655D-03
 -0.79022596759741D+01  0.10394779134118D+02  0.11912603896675D+02 -0.18558761414999D-03 -0.91013858992456D-03 -0.36703153109430D-03
 -0.76868299778567D+01  0.10153469465559D+02  0.82539462611001D+01  0.27806927715264D-03 -0.58040452120266D-03 -0.75840213091730D-03
 -0.51144340335761D+01  0.11533746247664D+02  0.10943630282641D+02 -0.38971255669294D-03 -0.12615636945677D-02  0.72236086749989D-03
  0.73191125611382D+01  0.15571271702790D+02  0.14696607717990D+02  0.12435360982449D-02 -0.81008824871487D-03 -0.17391052998366D-03
  0.50904992704593D+01  0.15210008783113D+02  0.17392230931124D+02 -0.51192854885876D-03 -0.88141384645431D-04  0.89999931910200D-03
  0.38314662426544D+01  0.16364021306803D+02  0.14253336211616D+02  0.41222728136686D-03 -0.54877047074847D-03 -0.34276913632027D-03
