 -1.0
  0.25754403519953D+01 -0.19591861543800D+01 -0.12136070588837D+00  0.13939439931204D-03  0.34495275923913D-03 -0.35542802692202D-03
 -0.77032736255192D-01 -0.19721070224058D+01 -0.11619218924577D+01  0.39111828254388D-03  0.67583624025282D-04  0.35952213947345D-03
 -0.93067998094385D+00  0.40943570649576D+00 -0.22499799261883D+01 -0.64324094612084D-03 -0.41337090321622D-04 -0.60447183133405D-03
  0.69606458544154D+00  0.25478754875573D+01 -0.14837013272817D+01 -0.58490512678112D-03  0.10107598672255D-03 -0.43774215398478D-03
  0.34906347998244D+01  0.24491825057620D+01 -0.80937153197897D+00  0.14007917416886D-04 -0.19646801265786D-03  0.19724930446870D-03
  0.43641450653569D+01 -0.25661637545673D-02 -0.15935782105313D+00  0.47013749926434D-03 -0.66874253883501D-03 -0.10260747045688D-03
 -0.31074650964360D+01  0.10515648069582D+01 -0.35869815741687D+01  0.41122286897950D-03  0.25915718446900D-03 -0.40442825649438D-03
 -0.44146038332918D+01  0.34605873546170D+01 -0.30342837191132D+01 -0.72712560559246D-03  0.57501761302426D-03  0.17174715780879D-04
 -0.28749587404473D+01  0.53761553236208D+01 -0.19628023513985D+01  0.51686034205013D-04  0.14684973622612D-03 -0.22500591639772D-03
 -0.36325914281590D+00  0.49292425075182D+01 -0.12224346968269D+01 -0.74115587202887D-04  0.11331620179440D-03 -0.99159273626653D-04
 -0.45182786946029D+01 -0.76062795618480D+00 -0.51577861673300D+01  0.27977865728046D-03 -0.28315445815793D-03  0.98800461652104D-04
 -0.70560421324316D+01 -0.27960606426513D+00 -0.52363644814248D+01  0.24478287735149D-03  0.28434359589334D-03  0.37009378927807D-03
 -0.82381985289414D+01  0.17869036031276D+01 -0.43124499823314D+01  0.87503836087815D-03  0.29941526563063D-03 -0.71763912709751D-03
 -0.69928390634365D+01  0.36836353557191D+01 -0.32907621350860D+01 -0.25550174510709D-04  0.71050382377398D-03  0.11816825745314D-03
 -0.79990287780574D+01  0.63181789083088D+01 -0.33609760403787D+01  0.54087221432136D-03  0.40819564675077D-03  0.23355128218816D-04
 -0.67200759245134D+01  0.81144379424532D+01 -0.20894516640282D+01 -0.12848205653036D-03  0.47996990240728D-04  0.33884069100541D-03
 -0.42626724858045D+01  0.75942166935101D+01 -0.13922348424606D+01  0.25495597947817D-04  0.29781356663832D-03  0.14954819858680D-03
 -0.33797784729457D+01 -0.30034439596281D+01 -0.60918092287216D+01  0.26193991031895D-03  0.43157715089442D-04  0.25341961869962D-03
 -0.49963240985818D+01 -0.46939645237326D+01 -0.72348586202778D+01  0.16581570301534D-03  0.15482896298974D-03 -0.15776654698804D-03
 -0.74900176110309D+01 -0.40258410048645D+01 -0.80113745863639D+01 -0.10428955760656D-03 -0.40639288469998D-03  0.59972813541545D-03
 -0.86226182671611D+01 -0.19286973494975D+01 -0.69598894123593D+01  0.50713951407665D-03  0.18740151615246D-03  0.35321800565879D-03
 -0.82233472401370D+00 -0.38003701439701D+01 -0.55648157743249D+01 -0.31663642004021D-03 -0.26275802141480D-03  0.13855305568709D-03
 -0.17770712494460D+01 -0.36668724619309D+01 -0.19367522393503D+00  0.57628683046411D-04 -0.25077350891321D-03 -0.86452957075149D-07
  0.65711423222284D+01 -0.10017956478247D+01  0.10966634547474D+01 -0.56451263732543D-03 -0.59073801257456D-03  0.22760328361743D-03
 -0.92460160562809D+01 -0.59319846986098D+01 -0.94037662616866D+01  0.15507018961993D-03  0.80494924429231D-04 -0.48728767690802D-03
  0.51328656616629D+01  0.38080384797482D+01 -0.12747633981277D+00 -0.17058258596619D-03  0.59270890576766D-03  0.47397156178921D-03
  0.34442803791031D+01 -0.37996613039362D+01  0.63987989453422D+00  0.10565870846897D-02 -0.60699649311790D-03  0.38788939364605D-03
 -0.34097876800383D+01  0.88105174369110D+01 -0.25958282164773D+00  0.85208844713305D-03 -0.26020377062219D-03 -0.28591785858486D-03
 -0.95481235606393D+01  0.69896393271860D+01 -0.46164224846968D+01  0.66508772533504D-03 -0.35590128731718D-03 -0.94875316631842D-04
 -0.10363625553622D+02 -0.11462942347669D+01 -0.76891188310348D+01 -0.69599735913790D-03 -0.13800448497946D-03 -0.60531236999800D-03
 -0.39860585654416D+01 -0.58042777008676D+01 -0.83995752457582D+01 -0.17490380471239D-03 -0.11152005089400D-02  0.11026157886462D-03
  0.72837846976463D+01 -0.31213986556386D+01  0.10256645246532D+01 -0.18919418724134D-03 -0.41407911946420D-03  0.32812742451328D-03
  0.79682628617652D+01  0.10294807651291D+01  0.20443217796647D+01  0.18072884244787D-03  0.11327560150899D-02  0.28788531214557D-03
  0.10443658207315D+02  0.85697274854122D+00  0.15049073239143D+01  0.24847678114455D-03 -0.72292400500763D-04 -0.47825985300698D-03
 -0.80797954867806D+01  0.10594380364118D+02 -0.16137337156056D+01  0.48271594152123D-03 -0.84356071959995D-04  0.32287196816256D-03
 -0.10064428322762D+02  0.10645593875831D+02 -0.30608834873815D+01 -0.33380936154107D-03 -0.16615737904547D-04 -0.51055578811632D-03
 -0.76735532926413D+01  0.12271516512827D+02  0.31204660265368D+00  0.58438993532980D-04 -0.24034293700321D-03  0.32125706818712D-03
 -0.10286983949753D+02  0.13492356977777D+02  0.50721501666645D-01  0.24845343289071D-03 -0.37910357863168D-03 -0.36617060270563D-03
 -0.85983163395014D+01 -0.80033268261385D+01 -0.92535680709768D+01 -0.26246834926682D-04 -0.23657373713686D-03 -0.12208071228721D-04
 -0.11177296568950D+02 -0.50192649912842D+01 -0.10593095424925D+02 -0.24623004576509D-03  0.17898887045023D-03  0.64770787463494D-03
 -0.12806106766592D+02 -0.66176758790404D+01 -0.11928066320599D+02  0.30994966218570D-03 -0.42831154810703D-03 -0.89657806018534D-04
 -0.27148878253746D+00 -0.64666673136310D+01 -0.51617055890072D+01  0.20385877473791D-03  0.33584112644158D-03 -0.14766613772156D-03
 -0.32755854192267D+01 -0.28218589613426D+01  0.18802349331508D+01 -0.20020853602775D-03  0.16854998956921D-03 -0.11214680318105D-03
 -0.11785881037406D+02 -0.81973244693638D+01 -0.12822862291728D+02 -0.18078834894578D-02 -0.77473537977155D-03 -0.69414558730341D-03
 -0.13999468952289D+02 -0.54726094090373D+01 -0.13373875069846D+02 -0.31905707675731D-03 -0.55557535371233D-03 -0.11376261109619D-02
 -0.13907654181742D+02 -0.71615880275839D+01 -0.10331708836095D+02  0.52700209336675D-03  0.36327276506428D-03 -0.10311164671749D-02
 -0.11868897656206D+02  0.12483083121975D+02  0.98357731204837D+00  0.19610963553672D-03 -0.16491941872520D-03  0.10314967648039D-02
 -0.10806000213217D+02  0.13270961973116D+02 -0.20220723595829D+01 -0.56524499745658D-03  0.14442098045224D-02  0.24623219661112D-03
 -0.10301043721134D+02  0.15477022391406D+02  0.70883098190034D+00 -0.90325261096005D-03  0.43680637225022D-03  0.34083859098238D-03
 -0.25742464449465D+01 -0.10602538840625D+01  0.27444900708509D+01  0.84344647763055D-03 -0.67941495561024D-03 -0.88997150439870D-03
 -0.34091321223931D+01 -0.40707157300305D+01  0.33956871466294D+01  0.48887834635120D-03  0.90766482377831D-03 -0.61523828877270D-03
 -0.51751328535787D+01 -0.20814247884640D+01  0.10752524781599D+01 -0.12321893814346D-02 -0.12167520372317D-03 -0.46472206953007D-03
  0.93475993175670D+00 -0.67936260213278D+01 -0.66761633462895D+01  0.49133107121724D-03 -0.14129095843934D-02 -0.41271518303732D-05
 -0.18711320398795D+01 -0.78063917053915D+01 -0.51813311906135D+01 -0.38140603247970D-04 -0.20374470689327D-03  0.78733294327986D-04
  0.75596535068381D+00 -0.68662811375175D+01 -0.33810677049804D+01 -0.53333466677514D-03 -0.69595021330934D-03 -0.67098828028531D-03
  0.10475958196157D+02  0.14650223395294D+01 -0.39319349203818D+00 -0.45469203055721D-03  0.92996940714793D-03  0.68029972801790D-04
  0.10936608174333D+02 -0.10755667506580D+01  0.18482563229658D+01 -0.26332185206209D-05  0.40866183743763D-03  0.37317486602086D-04
  0.11711300031176D+02  0.20539699096788D+01  0.27007774114166D+01 -0.10827304126127D-02  0.12235645511154D-02  0.13685340666886D-02
 -0.69420427353485D+01  0.43619534503538D+01  0.16088131501757D+02 -0.10858200895102D-03  0.30704408652598D-03 -0.41718336199137D-04
 -0.56150843208855D+01  0.22341848582082D+01  0.16835911840709D+02  0.46079496579241D-03  0.46083667951548D-03 -0.78250452463928D-04
 -0.39277208005061D+01  0.10575690711179D+01  0.15184337019984D+02 -0.17843641276138D-03  0.45232776444022D-03  0.89408393874602D-04
 -0.36906122771645D+01  0.17774651252327D+01  0.12496471016745D+02  0.51117316260321D-05 -0.11777892713678D-03 -0.14634089559848D-04
 -0.48056349068204D+01  0.41874371076185D+01  0.12024121519070D+02  0.36078638137173D-03 -0.28356218465529D-03  0.28552067396934D-03
 -0.63544694595562D+01  0.54898367379212D+01  0.13638728495125D+02 -0.52174664206679D-03 -0.81043329274103D-04  0.15199983033870D-04
 -0.17460072017736D+01 -0.82670508623201D+00  0.15756611087699D+02 -0.16888777215183D-03 -0.34245811215060D-03  0.97683962835037D-04
 -0.92527553710234D+00 -0.23294429610527D+01  0.13617532948373D+02  0.70589962314017D-03 -0.40416916027285D-03 -0.79083509895273D-04
 -0.17743960712053D+01 -0.15627348533951D+01  0.11128534730489D+02  0.82400888893489D-04  0.56511740607469D-03 -0.23608937839571D-03
 -0.29421270597388D+01  0.65321898984429D+00  0.10596357354442D+02 -0.64025814799689D-03  0.33651235593579D-03 -0.30841380723275D-03
  0.50558412222745D-03 -0.83999103073013D+00  0.17970267519019D+02  0.86378096892515D-04 -0.35831241510760D-03 -0.52910577109732D-03
  0.14683904383752D+01 -0.29064115691275D+01  0.18180894028652D+02 -0.11087248834653D-03 -0.14050717780283D-03 -0.31245517759209D-04
  0.16366782603307D+01 -0.46955981124863D+01  0.16338986799387D+02  0.16184092701233D-03  0.91756463555550D-04  0.86751365370724D-03
  0.97505490403666D+00 -0.41172330439865D+01  0.14004008351743D+02 -0.16663129259216D-03 -0.41401384887152D-03  0.20501627757387D-03
  0.20102645420745D+01 -0.54699124526268D+01  0.11754314336839D+02  0.13133341356282D-03 -0.33283273671112D-03 -0.12240204149824D-03
  0.10195035272420D+01 -0.47862146549662D+01  0.94059938019598D+01 -0.49871213022132D-03 -0.20479121846213D-03  0.45439692826994D-03
 -0.11307074252650D+01 -0.32230843950052D+01  0.91890922131717D+01  0.24666402593536D-03  0.30519297877707D-03  0.39724192382619D-03
 -0.66690268023901D-01  0.11010621709988D+01  0.20173702627159D+02  0.19337637319741D-03 -0.25058401289832D-03 -0.40905762086444D-04
  0.16154343769386D+01  0.79396477528682D+00  0.22251494022879D+02  0.37494919003811D-03 -0.32124585624113D-03 -0.11475242098495D-03
  0.27748295804680D+01 -0.15155688495555D+01  0.22503972768098D+02 -0.28902976375261D-03  0.39039263559609D-03  0.60665523659377D-04
  0.23858729169324D+01 -0.33509326138957D+01  0.20681190657462D+02 -0.39140159099728D-03 -0.63899943267324D-04 -0.54695721040837D-03
 -0.75895456809607D+00  0.36732366226212D+01  0.19690928895207D+02 -0.18252217896142D-03  0.15074120360297D-03 -0.15411656331319D-03
 -0.63365591562841D+01  0.11058657101616D+01  0.19233079365366D+02  0.15265666988523D-03 -0.46253859721164D-04  0.17056637878737D-03
 -0.71051279702607D+01  0.81238839213615D+01  0.12778979070324D+02 -0.35997491087424D-03 -0.35553088771737D-03 -0.15665057664214D-03
  0.42690097608231D+01 -0.18426861257993D+01  0.25117538196080D+02 -0.11936177615384D-03  0.28766787464747D-03 -0.26563449354463D-04
 -0.48922039709781D+01  0.46796886862253D+01  0.99823052830998D+01 -0.76897327599779D-03 -0.91485027121773D-03 -0.16016065687583D-03
 -0.83496281512696D+01  0.50966428926478D+01  0.17392621627449D+02 -0.19222762704839D-02 -0.12801659914152D-02 -0.16524300492401D-03
 -0.20134225000953D+01 -0.28041781334456D+01  0.74362019448490D+01 -0.27547230492149D-03  0.13045241152395D-03  0.95746756647670D-04
  0.28714838677906D+01 -0.72912064262439D+01  0.11967622970955D+02 -0.41258113241165D-03 -0.37045148812613D-03 -0.12583679749657D-02
  0.36621526935629D+01 -0.48593504877928D+01  0.21104187053859D+02 -0.27635027834366D-03 -0.43407090012324D-03 -0.43805961137911D-03
  0.22095651562713D+01  0.22768302793820D+01  0.23517359221228D+02 -0.33012637982591D-03  0.22818241039840D-04 -0.65758838608815D-03
 -0.67312110861771D+01  0.94606620150748D+01  0.10915169929812D+02 -0.11125768548854D-03 -0.11865997512968D-03  0.20349761025051D-04
 -0.85939934082798D+01  0.89607959844227D+01  0.14550817476751D+02  0.20744765037436D-03  0.54489946187194D-03 -0.12139208451309D-03
 -0.97393554651124D+01  0.11346203511953D+02  0.13785554673845D+02 -0.89000566809018D-03  0.26439993590564D-04  0.27720058291662D-03
  0.20204979260370D+01 -0.61934838868447D+01  0.70393225298280D+01 -0.99479222731377D-04 -0.42240374725065D-03  0.37373604315607D-03
  0.18612756365875D+01 -0.49555682662369D+01  0.49668046626758D+01 -0.44452381909018D-04  0.15811493291140D-04 -0.46760859318675D-03
  0.31384550323834D+01 -0.85860144671610D+01  0.71752914150648D+01 -0.19923531738269D-03 -0.20373201805705D-03  0.56360443397951D-03
  0.46489574756465D+01 -0.84756188945338D+01  0.51002595134599D+01 -0.62389706383092D-03  0.40943983009604D-04 -0.69435895996781D-04
  0.63622612908472D+01 -0.92435908292077D+00  0.25289967206807D+02  0.73573279091062D-03 -0.54369395569655D-03  0.82819759168675D-04
  0.29135430970952D+01 -0.32430949314678D+01  0.26728744724635D+02  0.73204998036950D-03  0.23008254422469D-03  0.21488507733696D-03
  0.46085631330217D+01 -0.40192562801179D+01  0.28592085117878D+02 -0.32150395628562D-03 -0.20785460746049D-03  0.46650545598966D-03
  0.54197679009485D+00  0.51497812515457D+01  0.17873629023473D+02  0.50728132603595D-03  0.89577565620189D-03  0.23510049528636D-03
 -0.56036220515173D+01  0.26629411751505D+01  0.21205405100418D+02 -0.15244609146666D-03  0.48280255235238D-03 -0.39590353217065D-03
  0.40798627928107D+01 -0.36660780871966D+01  0.30303595758221D+02  0.17049790975974D-02 -0.25095924253559D-03 -0.17344256273409D-02
  0.67515694173522D+01 -0.35146636129717D+01  0.28101095482972D+02  0.79139901611381D-04 -0.67746507760609D-03  0.13036961583766D-03
  0.48004471353639D+01 -0.61741138016414D+01  0.28612274283315D+02  0.52868072412012D-03  0.59357240278555D-03  0.17196969774933D-02
  0.65939622799365D+01 -0.88660283443281D+01  0.61528924479298D+01 -0.31136888141237D-03  0.40641260645182D-03  0.91250243177216D-03
  0.45965655074887D+01 -0.66803123091769D+01  0.40879870140451D+01  0.42685687826465D-03  0.50231123413815D-03  0.18795331527157D-03
  0.43106528441225D+01 -0.10318200985030D+02  0.41472608198340D+01  0.84980296050132D-05 -0.28673517280980D-03 -0.50227271409712D-03
 -0.36854197962114D+01  0.23912110013749D+01  0.21184525781500D+02  0.36209892472823D-04 -0.13133366505027D-02 -0.40567735593246D-03
 -0.61087843585364D+01  0.12692269658570D+01  0.22918787011410D+02  0.53180977946043D-03 -0.79377493890641D-03  0.29931502361176D-03
 -0.61907342504299D+01  0.46529145183900D+01  0.21355751393951D+02  0.17869249927075D-04  0.32266029306127D-03  0.11384627010262D-02
  0.23003752251249D+01  0.52223144287793D+01  0.18850502962965D+02 -0.14041172422613D-03  0.74578968012100D-03 -0.43938645823046D-03
  0.31068343509959D+00  0.70067642757819D+01  0.17279882761631D+02 -0.34214515179261D-03 -0.55864078535179D-03 -0.20212788642461D-04
  0.14233016712137D+00  0.38006161581024D+01  0.16122035613627D+02  0.15621113559933D-03 -0.21168587370073D-02 -0.66115321505115D-03
 -0.11445434824574D+02  0.10694335855898D+02  0.13133240546729D+02 -0.44734177146657D-03  0.61975789477990D-03 -0.33612505332422D-03
 -0.87176210880599D+01  0.12033762052377D+02  0.12070875417993D+02  0.94166005481384D-03  0.22006757804706D-03  0.10759088603626D-03
 -0.10193912844950D+02  0.12599208624779D+02  0.15341704734311D+02 -0.35809803751512D-03  0.65584512566100D-03 -0.40340583534932D-03
