   -0.03194321
    0.12171184
    0.01024469
    0.09765756
   -0.02984143
   -0.00008784
    0.03348742
    0.00220096
    0.10272692
   -0.27414842
    0.00697380
    0.09267322
   -0.27092127
    0.09835740
   -0.02077611
    0.00274632
   -0.02898623
    0.11502562
   -0.03441541
   -0.00818929
   -0.01631973
   -0.34959144
   -0.34425912
    0.39300255
    0.39255828
    0.16774568
    0.09823867
    0.13588744
    0.11403692
    0.13437472
    0.09549454
   -0.49253016
   -0.39588849
    0.04544194
    0.37638466
   -0.48898128
   -0.39168460
    0.00064742
   -0.51711860
   -0.39669307
    0.03495218
    0.00996049
    0.01351715
    0.13716796
    0.08225897
    0.08831281
    0.09377250
    0.09780608
    0.14829348
    0.08613856
    0.07748388
    0.07000466
    0.09909242
    0.06885663
    0.08309414
    0.09050382
    0.09531632
    0.07822509
   -0.03018605
    0.12559931
    0.01558289
    0.09671850
   -0.01651654
    0.00201818
    0.03329012
    0.00320815
    0.10154784
   -0.26816867
    0.01049517
    0.08896534
   -0.26376407
    0.09723025
   -0.01490176
    0.00485127
   -0.02358818
    0.13908941
   -0.03229066
   -0.01186737
   -0.02653962
   -0.34555088
   -0.34103517
    0.37057022
    0.37439271
    0.12877545
    0.08722255
    0.11044553
    0.12171575
    0.12073066
    0.09814384
   -0.48102098
   -0.39828739
    0.03929873
    0.32329035
   -0.46944373
   -0.36428930
    0.03808258
   -0.49407685
   -0.39496827
    0.00953159
    0.01919519
    0.02480241
    0.08211016
    0.13558145
    0.08214150
    0.13568791
    0.08403630
    0.13020912
    0.08741699
    0.07411063
    0.05392467
    0.06224978
    0.09237294
    0.08122795
    0.11250570
    0.10030489
    0.07782149
