$coord
       -6.38562073642789        6.88576816056404        4.92106005362923      C
       -3.90397311446824        7.60984816255172        5.94901824348516      C
       -2.63281160324638        5.91032810835325        7.82704394993869      C
       -4.53116347437762        4.47997527203922        9.17383620498917      C
       -7.02194562386889        3.82106632058724        8.34759878960884      C
       -7.81391140241441        5.00914586066233        6.13376338106660      C
       -0.04689827474156        6.12807225646490        8.75859900425531      C
        0.34190616531635        5.30820103873044       11.13428737528410      C
       -1.74101543296197        4.15696712309234       12.56031979138827      C
       -4.12056013758457        3.54192188387548       11.60184538321492      N
        2.10767567154440        6.76715926125158        7.31643480875768      C
        4.53116145926186        6.86885442337970        8.69695358374345      C
        4.79556343372333        6.18647747025419       11.06046844710877      N
        2.66605404235907        5.64775110286721       12.43464354705348      C
        3.15104031880710        4.49555703918838       14.74855057745513      C
        1.14794273878438        3.25477663845064       16.10420283023966      C
       -1.14186316798040        2.94282594116551       14.86170408033690      C
        2.24978901669415        6.87745840866157        4.78380623866683      C
        4.39216206061811        7.60239753263517        3.48143811176006      C
        6.71538472084056        7.66559641582082        4.67379331255196      C
        6.81649065452532        7.27899031941310        7.28503807128458      C
        0.01132350398431        6.17533030495480        3.27537700971885      O
       -3.11476591284891        9.84738154001200        4.91322013152584      O
      -10.08179328540400        3.85951820489058        4.97938902082223      C
        9.06438114406478        8.32433809341540        2.98060415229297      C
       -7.86598801674422        2.10745756982201        8.99658800639737      H
       -6.78257762805385        7.36121763973179        2.92440852512663      H
       -2.59592652986260        1.80210437041588       15.48607156667497      H
        5.08282993434252        4.20414096420444       15.50865815163923      H
        8.83718491071452        7.01458913918902        7.95785603574875      H
        4.15227002272693        8.48487914192029        1.65575296149518      H
       -9.96620145663708        3.21877098804786        2.79428798485691      O
      -12.11198153009101        3.47710174789128        6.67611034605494      O
      -13.82656521084949        2.10055403275891        5.48779488686540      C
        1.73944195383932        1.98215948868943       18.62806333770451      C
        0.09677995155775        0.88512882284338       19.70006426106284      O
        4.09909374843300        1.98061430882345       19.55094032487942      O
        4.47442985588722        1.23655212132031       21.93703356889437      C
       11.05986978854612        8.96413468163004        3.94618903187388      O
        8.54963360938642        8.03857092678797        0.53059728593375      O
       10.56506893585370        8.85840000498279       -1.01775682374812      C
        0.08899435909738        6.19453801535618        0.41275373689783      C
       -1.24594052781714       11.41505301937676        6.10661187359594      C
       11.04195229306276        6.97885822412787       -2.13074680635951      H
       12.34471996494412        9.39884730788335       -0.06144343930187      H
        9.94632959169986       10.40170490986933       -2.21283141124382      H
        2.91320645775106        2.07433613976295       23.23259571503544      H
        6.11483184098880        2.37393283848611       22.48868699891651      H
        4.83740624494717       -0.66569620117078       22.16380610477745      H
        0.32344656435560       11.19064932850740        4.70227501635624      H
       -0.99419222147580       10.40579058224382        7.81945548344697      H
       -1.46099396148947       13.47755265976275        6.52735834219901      H
        1.95840340098039        5.30990185700372        0.01157886328517      H
        0.16062807119700        7.95945603181352       -0.50225601563001      H
       -1.54527065580825        5.20835396636906       -0.15026984207636      H
      -15.39438955426892        1.10853024122361        6.66055565769088      H
      -12.66685507162105        0.64997140069651        4.61354244571908      H
      -15.20366226632750        3.28744691058477        4.52752911719183      H
        0.49162837310847       -1.74910286827710        0.67642291699940      C
       -1.46802310685582       -3.28982380459736        1.30109942794568      C
       -2.31986066266253       -3.30735860577901        3.85679904406996      C
       -0.72351123273809       -2.44008744077375        5.95896329134076      C
        1.38294982108119       -0.96738088345806        5.05424262919675      C
        1.83479410617788       -0.33875670361402        2.66905685110774      C
       -4.45819059224364       -5.01844746129590        4.82912708264690      C
       -4.48351787732807       -5.57977943208663        7.39577601040988      C
       -2.87295751190142       -4.28874304662356        9.17427588745659      C
       -1.28133188901528       -2.64299654866796        8.30670406121383      N
       -6.23655778999965       -6.01700130818423        3.28745179293253      C
       -7.81484085913826       -7.89789576516938        4.25611448102196      C
       -7.98409250110533       -8.51328880970164        6.74635777444634      N
       -6.67958879216004       -7.01320204433458        8.28616347010095      C
       -6.78170014021839       -7.24019007358327       10.83780007560235      C
       -5.13757846102500       -6.04895228462505       12.57840299209447      C
       -3.13981881760976       -4.68412307252783       11.82493463398188      C
       -6.97347266925423       -4.57166428197367        1.00032216257120      C
       -8.69883495211734       -6.03882268823281       -0.57356513572207      C
       -9.80841573443335       -8.37504002382544        0.22361963458250      C
       -9.69101187806101       -9.03483774484299        2.54635179864000      C
       -6.23796517208017       -2.25268449662507        0.30451240441645      O
       -2.39894216329409       -5.34259316192516       -0.24078152049485      O
        3.81124395401684        1.31633070088437        2.25466849836181      C
      -12.02322949406763       -9.48845092933371       -1.29124808507306      C
        2.99461114238912       -0.49032280949351        6.30782700773633      H
        1.38992140097721       -1.86993293748729       -0.92661861261691      H
       -2.20005215970328       -3.31826210867171       13.07366008326510      H
       -8.64073078285466       -7.34011119617089       11.61812048037184      H
      -10.54104073487852      -10.79296448021764        3.11280411117847      H
       -9.26611506793248       -5.20221378086048       -2.27886511035702      H
        4.81985722882157        2.51222083939900        4.05343921358735      O
        4.43935110510290        1.72115572842748       -0.37598692498059      O
        6.86467065506186        3.18888131446800       -0.62033486753587      C
       -5.94544806242562       -5.90742758020048       15.27655819000110      C
       -8.07104004495850       -5.97908231390911       16.09470697751162      O
       -4.00639000106838       -5.96032858253077       16.93907280877710      O
       -4.92984046575125       -6.57913992991929       19.24112646942909      C
      -14.05099948896633       -8.56932627479734       -1.14882640265844      O
      -11.09299513803615      -11.22428934098327       -3.12872749622211      O
      -12.95729684074123      -12.73754111628847       -4.68859493441385      C
       -6.69052694927375       -0.52054841307116        2.11262096725620      C
       -1.90054015028680       -5.18386877586185       -3.00458275914366      C
      -14.02253934437612      -14.02316586416128       -3.14129794468342      H
      -12.03278197634122      -13.92793533465687       -5.96229641634928      H
      -14.26708454575860      -11.53819246821541       -5.90185594911722      H
       -3.31549359170685       -7.45196038042333       20.09289135537373      H
       -6.51154693415519       -7.75333408464040       19.34879385245945      H
       -5.42045492852515       -4.70833922544311       19.92581397163522      H
       -2.21009700509966       -3.28781588275996       -3.73259970524885      H
       -3.01664189104826       -6.57982523947868       -4.04367665091368      H
        0.05382972154023       -5.75560670710903       -3.55816192733006      H
       -5.76861232352616        1.08720800619067        1.30622103694603      H
       -6.03772030188431       -0.98642400082266        3.88171351541355      H
       -8.77753344127328        0.02864163877929        2.27819038141956      H
        7.79881631418858        3.96987133011682        1.02543186810162      H
        6.76843152459298        4.93754078975975       -1.96431618742421      H
        8.61629180639972        1.91460463703136       -0.75768882335158      H
$end
