$coord
       -5.94798778010017        5.83827524079257        4.23518448341430      C
       -3.45078206911185        6.45554595997524        5.01658108435046      C
       -1.96100134563489        4.81015495120162        6.60507385025715      C
       -3.37322352413102        2.74424899297524        7.62405100691514      C
       -5.41734135429244        1.76742398805003        6.51055310040957      C
       -6.99562987666595        3.53018247635557        5.13157798339620      C
        0.28997019030432        5.67100949806881        7.76255338292660      C
        0.77936502393534        5.19353723232624       10.26192811066560      C
       -0.97371897485883        3.54368777243433       11.37461379498947      C
       -2.60730878375694        1.98955626046352       10.04667343110371      N
        2.24706016885613        6.92075931410164        6.49792034114227      C
        3.89534980012922        8.53827136285087        7.86276801059256      C
        4.15673763274712        8.24205909249113       10.37448601788169      N
        2.48968498527223        6.77165735965158       11.53694200082515      C
        2.98082088097103        6.10031694747779       14.00319281630573      C
        1.28071269072065        4.59370591653497       15.19753145901270      C
       -0.90990225589408        3.64874099489033       13.96373523186735      C
        2.71246156027302        6.58224741029131        3.84002930009232      C
        4.56276270393474        7.82910700718577        2.57792269192343      C
        6.30108135712573        9.32396894194872        4.00589359668760      C
        6.03747131176870        9.57865516823559        6.64599426563097      C
        1.17407770926718        4.90665405171805        2.76973302584774      O
       -2.70736576993469        8.83805642198637        4.01451047751474      O
       -9.37147729378488        2.43932488597131        4.04149162237280      C
        8.41023231257623       10.33186020016731        2.48417783345118      C
       -6.31505791110819        0.09333041627081        7.14522370227545      H
       -7.04972521094468        7.23578681682736        3.48366960396734      H
       -2.17411923500551        2.71374738372760       15.22976000303499      H
        4.45686201009914        7.11263461984963       14.91607024445975      H
        7.46666403126521       10.53141000568204        7.59828440618247      H
        5.25401649353501        7.46083660408306        0.79459599491016      H
      -10.26294423403058        3.59632479354486        2.24793990824913      O
      -10.65448409602788        0.47193377990730        5.25995323575415      O
      -12.59082647916892       -0.57913608839404        3.73314349772095      C
        1.34146276418190        4.30696743088104       17.99576482132483      C
       -0.63097364324878        3.48222240370149       18.88390420433565      O
        3.68317121203386        4.77438183407344       19.15214684691515      O
        3.41132632343367        4.52796564058476       21.73577839065316      C
        8.02392647093103       10.62867378461040        0.18453463152809      O
       10.48497454706027       11.22248006604621        3.73024747425073      O
       12.26600507675458       12.06471681515668        2.06382449377450      C
        2.37076323878765        3.68974457302257        0.50531175426439      C
       -2.93163992459891       10.98421666205275        5.51407431128894      C
       12.41769704288937       10.57533978506258        0.61059175414620      H
       13.88561227711391       12.66295748176392        3.36056137943664      H
       11.79437180205962       14.06811781093901        1.22538157159147      H
        2.24849423091454        2.96909198103811       22.12853047851892      H
        2.12523816156556        6.24401670981571       22.18794901042601      H
        5.24786552698162        4.79677085482827       22.90148715431199      H
       -4.77643202800518       11.97573657489331        4.95960765306450      H
       -1.36251508640725       12.11252565385926        4.81748920650642      H
       -2.60426309332960       10.54156977229396        7.54747998782477      H
        2.61265490198147        1.58770121203022        0.62114083768667      H
        4.32479801807762        4.11632255245250        0.14915823440138      H
        1.26419311204283        3.97246825886735       -1.13975181440192      H
      -14.25771142009470        0.36407155092706        4.17735231341885      H
      -12.27440616673758       -2.76081960471946        3.86357579675790      H
      -11.94551982555182        0.13489750764275        1.93872901820991      H
        0.93041247049365       -3.43164519487664        1.41630076597579      C
       -1.24936777377612       -4.57363483647726        2.13102116287233      C
       -2.03126198150373       -4.40232582944534        4.91953184723284      C
       -0.26786417633572       -3.40348385135048        6.79899837419876      C
        2.21774104279519       -2.79928558042468        5.87256861136161      C
        2.47975469601031       -2.56076649484885        3.29800613161402      C
       -4.48899875775217       -4.43114380527559        5.64814965891629      C
       -4.99973486216105       -4.92527967988613        8.15812144882396      C
       -2.99839093099529       -4.43488123851204       10.01171836249855      C
       -0.62836610917839       -3.62850320469045        9.28672640559753      N
       -6.60499470738937       -4.84142414724416        3.94501016644774      C
       -8.77172887721046       -6.24754868381702        4.79135467358826      C
       -8.84362110333628       -6.89904501365194        7.22345327421359      N
       -7.20436805811347       -6.43227311114359        9.04561584132965      C
       -7.32818947946357       -7.01246871117513       11.68142500484353      C
       -5.49870641809965       -6.42019297316986       13.29183080242480      C
       -3.27698138019229       -5.14935007242411       12.51392926354091      C
       -6.77637221777947       -3.58810005631485        1.52936626359982      C
       -8.71622646378182       -3.99005143522036       -0.00290279874189      C
      -10.66712809104863       -5.67850771826920        0.73476019110880      C
      -10.76391944195788       -6.64936148379780        3.29120728570963      C
       -4.86762292500808       -1.90797004343033        0.79325833143193      O
       -2.46504874804791       -6.39081594270133        0.45388815749776      O
        4.99591464606381       -1.88604855789706        2.63109591977302      C
      -12.94545664684221       -6.09010858581992       -0.89791908930532      C
        3.76002070837853       -1.88042757327838        6.89067498580315      H
        1.24136312414404       -3.72013890940576       -0.73220319710733      H
       -1.64591140563311       -5.52365276677067       13.72138101129781      H
       -8.84373299464256       -8.28096982909334       12.12166356000116      H
      -12.41195101121731       -7.28799727784266        4.25017215024907      H
       -8.77815060146452       -2.79574694549068       -1.78954770348746      H
        6.65069578393064       -1.69881820918919        4.17250860925519      O
        5.57396607081345       -1.37509474316405       -0.07709769939814      O
        8.01437763805160       -0.46753004817028       -0.29950705033922      C
       -5.66915064905375       -7.40164959315133       15.97948544760032      C
       -4.38278350703272       -6.88231583062072       17.74521957932470      O
       -7.96415910202354       -8.77702725154073       16.24790492177763      O
       -8.69521612355257      -10.11040637100751       18.34243036544200      C
      -12.82602414265764       -6.36642146801259       -3.22896248043023      O
      -15.11673670541688       -5.87556669502088        0.21227849536771      O
      -17.08446812386503       -6.85483565314281       -1.39683683222452      C
       -4.93530838970079       -0.69927729995631       -1.36005213114268      C
       -2.32059004809090       -8.91798445218890        1.48300494369443      C
      -17.71266228226215       -5.11442639532120       -2.50459939234922      H
      -18.77528747927335       -7.92776504579105       -0.83081021146262      H
      -16.17645347565579       -8.06721418986410       -2.93460828741177      H
       -8.81172587987495       -8.98480472048924       19.90414772085455      H
       -7.18151849270218      -11.45097213666682       18.97295080362957      H
      -10.78859420826281      -10.68479614798598       17.79593489249078      H
       -0.59969229286708       -9.62953828831950        0.82322400178842      H
       -3.73708278820179      -10.00598081621312        0.73890722409066      H
       -1.90249481045883       -9.07012149895125        3.39114030467097      H
       -6.60326088759504        0.54344849253313       -1.39221583627869      H
       -5.26740253163052       -1.99752147768034       -2.78378355860657      H
       -3.25802877291939        0.17317968783136       -2.26845262263040      H
        8.98746737155703       -2.33049041152045       -0.20041292274629      H
        8.24004536673293        0.98867730594516        1.12762830317138      H
        8.22784525395065        0.18364509598126       -2.20379405455382      H
$end
