$coord
       -6.42894747817096        6.16398087731582        1.56236711595642      C
       -4.28238647594510        6.45049596832035        2.77132881914700      C
       -3.78758063521698        4.84237463397221        4.96457219664679      C
       -5.82683857441610        3.46016474979489        6.06472370041447      C
       -8.32922985606353        3.83615980080883        4.90931855020041      C
       -8.60385583214886        4.89516104464019        2.51044800176192      C
       -1.37879985012558        4.84959884397017        5.98050511834790      C
       -1.47733111422273        3.83478958491889        8.59432264220456      C
       -3.71964402584358        2.64414128511695        9.72602261043374      C
       -5.75384120593889        2.17329205574458        8.24705620176694      N
        1.10779147160531        5.45397247157875        5.18158405385446      C
        2.86429910422335        5.79479291115874        6.90343149530890      C
        2.47790983160153        5.28382232481029        9.38730052154533      N
        0.54397404617433        3.98719046304764       10.24655941917264      C
        0.72354908430723        2.82410822298642       12.58857057810638      C
       -1.43663117091052        1.50296162493489       13.62099678519975      C
       -3.56830045870742        1.55280078379459       12.08805108989641      C
        2.04128278864234        5.62191155977280        2.52390527570620      C
        4.33227568945706        6.76848344242758        1.84137235342356      C
        5.92387211397735        7.63779672291123        3.87744297628034      C
        5.16959760194218        7.07733934154092        6.32737143969111      C
        0.75740838686731        4.81479953129275        0.48267137146249      O
       -2.60366199490978        8.44445629824795        2.03104286700165      O
      -11.17967166723088        4.82507474381823        1.00246338767271      C
        8.40444905914087        9.15656567378442        3.61320587433106      C
       -9.72324842786225        2.67678941037531        5.84789427080043      H
       -6.69841690652704        7.44767859901488        0.02020492142318      H
       -5.08240420973850        0.25010251489747       12.61558526459741      H
        2.20956811527556        2.61965647923622       13.83670685064893      H
        6.38880666136363        7.92422526048180        7.85331232698874      H
        4.75402363494813        7.54079808410035       -0.01119169249371      H
      -13.17823906799003        5.82237215654245        1.54179657866881      O
      -10.89616206422718        3.00358312137122       -0.92063634209612      O
      -12.99723019189371        2.36160207765435       -2.44001453516163      C
       -2.09795768527482        0.08540771947299       15.95797250234127      C
       -4.13906923964680       -0.99286360938474       16.35570133169238      O
       -0.01830549938779       -0.35119822047903       17.43586763599959      O
       -0.82197995968334       -1.82969137572346       19.50532364900080      C
        9.99602056995223        8.74946512034130        1.91247784714588      O
        8.95532152051657       11.42951961651578        4.90979207167508      O
       11.14455587766831       12.92449761659545        4.00172632848138      C
        2.34061857036777        4.07693803001985       -1.50202093614665      C
       -2.39831124020803        9.11693785475040       -0.69181651722887      C
       10.56147218926442       14.82732390123843        3.74393188329492      H
       11.87928326292683       11.63878954848859        2.50143825978196      H
       12.12110481687222       13.03163996231247        5.80542108705505      H
       -2.96917212890765       -1.47109810135147       19.75067357523426      H
        0.05151195825289       -0.76552510928656       21.03393513170710      H
        0.09869990128397       -3.71459602865524       19.37438106758984      H
       -0.60642583875462        8.79539019465288       -1.53446895004695      H
       -2.37794071941192       11.19130815367532       -0.55644066379554      H
       -3.90336124367365        8.38394901702989       -1.89967955898395      H
        1.16113805528672        3.76350189263815       -3.13557308472510      H
        2.80438533926390        2.27490150840242       -0.51573501350906      H
        3.88898203801332        5.32024199215216       -2.02312033784099      H
      -12.25473593556779        0.85852612721840       -3.76899866551394      H
      -14.04362188871063        3.79200391531543       -3.50024912573826      H
      -14.34430860123107        1.91924566572387       -1.03345543109963      H
        2.35496170322604       -2.63838202425701        2.68277054015940      C
        0.01926451117275       -3.62960247749759        3.55910558892052      C
       -0.91669657598001       -3.14543666616315        6.04979673965218      C
        1.20880554330727       -2.64357910266050        7.96622305989732      C
        3.36482451465944       -1.65430785369943        7.06407753692387      C
        3.90729128321640       -1.67189563228749        4.56325530392267      C
       -3.47051726469791       -3.64774166667824        7.29422097412978      C
       -3.20335386758515       -4.80016017037688        9.53183138365907      C
       -0.78813084994482       -5.01798109846596       10.82699995909115      C
        1.36279000692063       -3.88999927059381       10.12113442369903      N
       -5.59883305926290       -3.23360441475692        5.89589358157927      C
       -7.72921774076346       -4.21725678248393        7.16170490919293      C
       -7.78904286201140       -5.10521488383594        9.65786604901633      N
       -5.48450947037548       -5.32832002512139       10.84728129060431      C
       -5.39273193670556       -6.28388869133567       13.35670702023770      C
       -2.87408755863451       -6.65080097850310       14.67030591940039      C
       -0.64719102410603       -6.17012521519468       13.31012659946981      C
       -5.91180299577615       -2.28016222881539        3.16952584111595      C
       -8.01761399020703       -3.13604277690112        1.72195762146623      C
       -9.95657285684485       -4.02465917356963        3.16080346490603      C
       -9.94462920286296       -4.50586513859496        5.74319886987483      C
       -3.80727273647459       -0.96032425972122        2.15742601464293      O
       -1.27826678335522       -5.06709097893748        1.93907524768987      O
        6.51877912650097       -0.59746381045596        3.95129679064670      C
      -12.45839503124681       -4.43219409201818        1.85332277092698      C
        4.78408370588141       -1.52473206831159        8.57396803848848      H
        2.94239862149000       -2.93127404571535        0.85558760211960      H
        1.01529426877061       -5.92348788722350       14.40572303228455      H
       -7.15228876422430       -6.30275681130280       14.44774040534096      H
      -11.57988006653190       -5.40200992815004        6.66016259100583      H
       -7.94417225168493       -2.94230691048482       -0.37229691911187      H
        8.11114730547301       -0.06972366428725        5.42371767221454      O
        7.23577691717712        0.26755902784116        1.42320260441637      O
        8.86476037268912        2.53578738513006        1.71059291826590      C
       -2.65421603827617       -7.79676959082961       17.31903491435060      C
       -0.77387870333575       -7.14671284080832       18.70528205504662      O
       -4.35864785984695       -9.44466626426877       18.22145621386260      O
       -3.59650266362204      -10.54791752487999       20.56362097381108      C
      -12.72858292656891       -4.30791089418137       -0.48949175865092      O
      -14.26771676867968       -4.30976024901972        3.77189246146366      O
      -16.91882368661470       -4.83513113369789        2.88209428708777      C
       -4.14414268785917       -0.27156663891313       -0.49526251114825      C
       -2.77587684532682       -7.30912183139998        3.24357963464709      C
      -17.09449260402333       -6.98927519991956        2.64180761350825      H
      -16.95830659556489       -4.34297523401464        0.77722107338939      H
      -17.98206946379779       -4.49225736118478        4.39326477413323      H
       -4.37236656876340      -12.60562701227354       21.05631782574516      H
       -4.06924201978735       -8.99516701751931       21.78506936939169      H
       -1.60812938314733      -10.97088282196035       20.40252204101323      H
       -3.89755367054260       -6.54253585033177        4.68117108174181      H
       -1.40845123563221       -8.36538367004815        4.17499318414068      H
       -3.64012707862705       -8.62514157772126        1.91042488188770      H
       -2.77091738072923       -1.54613523937327       -1.61545254595311      H
       -3.99169941519176        1.80773875002787       -0.71107171019583      H
       -6.24332536410200       -0.35365303497059       -0.91064652343458      H
        8.42967554829941        4.01816350813556        3.10531339975743      H
        8.55687371137726        3.60603905352824       -0.09852543129093      H
       10.77877864713877        1.65790237430779        1.85880781785098      H
$end
