 -1.0
 -0.59124025472010D+01 -0.13856119518349D+01 -0.30107195229608D+01  0.86774090219768D-04  0.24828177715970D-03  0.23021980102893D-03
 -0.37700169396863D+01 -0.18180379865655D+01 -0.15562343032680D+01 -0.50348347249332D-04 -0.38897427309988D-03  0.36544319380871D-03
 -0.23968862024930D+01  0.32273573362322D+00 -0.50406167564484D+00  0.49898674052758D-04  0.10498639172642D-03 -0.28664130266738D-03
 -0.27664576648220D+01  0.28568768885629D+01 -0.15794756395355D+01 -0.23477138816388D-03  0.42865984631447D-03 -0.31724197813313D-03
 -0.48357813493875D+01  0.31293978885037D+01 -0.32668757427088D+01  0.58070446651488D-04  0.25351945443490D-03  0.97126984129211D-04
 -0.63556986018064D+01  0.10731110962880D+01 -0.39379325055019D+01 -0.69902338557355D-04 -0.22356316580402D-03 -0.19061190521948D-03
 -0.10166876122405D+01  0.27138780972481D+00  0.18173023605671D+01 -0.88805814159288D-04  0.73280524051396D-04 -0.37155290070471D-03
  0.47074364347568D+00  0.23576043588847D+01  0.23258639242206D+01 -0.12653029432790D-03  0.29402669202746D-03  0.99231018689664D-04
  0.38009078332805D+00  0.46499469462970D+01  0.11144112845090D+01 -0.17360535682801D-03 -0.87729010649612D-04  0.63649526143736D-04
 -0.13003077256502D+01  0.48000295838095D+01 -0.67759164894789D+00  0.28167754581875D-03 -0.28955500622034D-03 -0.82845896894327D-04
 -0.46710898993721D+00 -0.20433467852709D+01  0.33085870237219D+01 -0.16608386570610D-03  0.16954715287581D-03 -0.25195220269151D-03
  0.17477976914796D+01 -0.22065771565542D+01  0.47761801423418D+01  0.10814287995133D-03  0.25200989762735D-04 -0.10361725604426D-03
  0.29462550195094D+01 -0.14010517240146D+00  0.53882071130875D+01 -0.17511148478485D-03  0.10989827674862D-03  0.21322986488348D-03
  0.23822132695226D+01  0.19823793122680D+01  0.41133849755221D+01 -0.14779152830375D-03 -0.70355621076017D-04  0.11870990086175D-03
  0.40413725388796D+01  0.40499649199011D+01  0.45861768977577D+01  0.19786473832350D-03  0.54779784936274D-03 -0.21815008578059D-04
  0.39127614607168D+01  0.62843950828557D+01  0.32932340973014D+01  0.40355632433665D-03  0.25826425274879D-03  0.60438044316959D-04
  0.21397207998608D+01  0.65546793493585D+01  0.14308958940156D+01  0.12049004470882D-03 -0.10024636082087D-03  0.25870560473966D-04
 -0.27781898418035D+01 -0.34319264357855D+01  0.40528453369263D+01 -0.27481278367912D-03  0.10357337510532D-03  0.14511456468394D-03
 -0.18697203791900D+01 -0.56436209475346D+01  0.53327250744600D+01  0.59931379311072D-03  0.19991111515431D-03 -0.18648630101289D-03
  0.55227679268109D+00 -0.62480030799540D+01  0.61266986060086D+01 -0.22278285111870D-04 -0.18146206829041D-03  0.43198806377588D-03
  0.24245287356575D+01 -0.44112665844948D+01  0.60285961120870D+01 -0.42299301593677D-03 -0.32742458108957D-04  0.34105820953764D-03
 -0.52136123124586D+01 -0.24900944864760D+01  0.35046660086933D+01 -0.82834624172236D-04  0.84580044278356D-04  0.10035398796727D-03
 -0.22852854629302D+01 -0.40688158798482D+01 -0.15976759852948D+01 -0.41261645297090D-04 -0.25600427958847D-04  0.32256643114480D-03
 -0.84039018868380D+01  0.15561439372011D+01 -0.57391839367855D+01 -0.25740787569440D-03 -0.13708642402628D-03  0.28387729068170D-03
  0.92706714535404D+00 -0.87432227839291D+01  0.74978140469436D+01  0.33842258066196D-03 -0.37866909926660D-03 -0.45973918519825D-04
 -0.50196376617268D+01  0.48167852046077D+01 -0.42694853333514D+01  0.14884366760081D-04 -0.58868779612657D-04  0.21354213629978D-03
 -0.70469531815875D+01 -0.29130768991361D+01 -0.37318397111674D+01 -0.49328994775364D-03  0.19509796479843D-04 -0.82848525378651D-03
  0.20677310747271D+01  0.83892586039068D+01  0.57937595639073D+00 -0.13061143558113D-02  0.30705972226080D-03 -0.26094225108010D-03
  0.57673986078113D+01  0.39654593297285D+01  0.59364022475869D+01  0.69984745088377D-03 -0.17848704351687D-03  0.10890255350849D-02
  0.41577412756214D+01 -0.43742582488056D+01  0.70513190245979D+01 -0.52131543189592D-03 -0.10696655587163D-02 -0.34978692112452D-04
 -0.34074471900579D+01 -0.67895294219792D+01  0.61991291572169D+01 -0.44355168788178D-03 -0.64066959499374D-03 -0.12684909587087D-03
 -0.82006530833562D+01  0.25718502716732D+01 -0.78246469735034D+01 -0.31500752440698D-03 -0.12707953319691D-03  0.12307362344413D-03
 -0.10692863752012D+02  0.39728922739176D+00 -0.51263405063086D+01 -0.79615079323036D-05 -0.49514351747925D-04 -0.10040035611052D-03
 -0.12561207448727D+02  0.11864468088221D+01 -0.66428671546794D+01  0.31082958339000D-03  0.11459748891023D-03  0.36020113592980D-04
  0.54419143869365D+01  0.85314644718794D+01  0.39858630602758D+01  0.62097340414038D-04 -0.38965203684976D-03 -0.82017550407827D-04
  0.65527461968048D+01  0.87065739120921D+01  0.59951401475314D+01  0.22431670973730D-03  0.68532619127167D-04  0.10257191625945D-03
  0.50726241845415D+01  0.10566794876340D+02  0.24661004224694D+01  0.35183817005797D-04  0.78774378018960D-04 -0.24876734366662D-03
  0.67098348694305D+01  0.12600408715080D+02  0.33017402408543D+01  0.34354924369421D-03  0.31406713167338D-03  0.31586524988394D-03
  0.27846041489574D+01 -0.98990098653652D+01  0.71420552108981D+01 -0.19512507257831D-05  0.12230316336501D-03  0.58275244629026D-04
 -0.12328844534602D+01 -0.96281881634894D+01  0.88554850529679D+01  0.35600088572935D-03 -0.25623342361555D-03  0.21587903878146D-03
 -0.12226407594027D+01 -0.12167874428400D+02  0.92738857340483D+01  0.15275144911884D-03  0.20919356745926D-03  0.35165951846254D-03
 -0.70568342491753D+01 -0.44258558467821D+01  0.38346472950772D+01 -0.35775944517470D-03  0.57491530216599D-04  0.25955390497379D-04
 -0.34859053691675D+01 -0.58880710972984D+01 -0.31505761829360D+01 -0.15636312005719D-03 -0.91568004242758D-04 -0.32059153852207D-03
  0.58443228336096D+00 -0.12516165316740D+02  0.10030443596927D+02 -0.10853613387321D-03 -0.70967258773368D-03  0.27110571589097D-03
 -0.12406347277233D+01 -0.13196890319902D+02  0.74966854462790D+01 -0.21648528247304D-03 -0.41689696674778D-03 -0.71558306362907D-03
 -0.28767970389941D+01 -0.12656816417080D+02  0.10412700785516D+02  0.91161651649215D-04 -0.10624590014475D-03  0.14430704203266D-03
  0.61308300155057D+01  0.14177055048400D+02  0.21088532149410D+01 -0.39216097396831D-03  0.37273467911593D-03  0.35116057415523D-03
  0.87243064010449D+01  0.11938963670189D+02  0.32769589813507D+01  0.36323124746278D-03  0.56388297317708D-05 -0.71940823123169D-03
  0.64368446194637D+01  0.13138979288185D+02  0.53491473767331D+01  0.31697406629984D-03  0.24904099640068D-03  0.38601054032239D-03
 -0.38689484300095D+01 -0.51273359089372D+01 -0.49409932908112D+01 -0.69606867698636D-04  0.23402435624304D-03  0.40081148654765D-03
 -0.50694998980186D+01 -0.66300785743185D+01 -0.21786691521506D+01 -0.11525867455360D-03  0.70262278526366D-03 -0.50667141412722D-03
 -0.20381706821182D+01 -0.73981572348130D+01 -0.32231802275691D+01  0.32256150900528D-03 -0.28223299749792D-03  0.26004595817247D-03
 -0.88266895798103D+01 -0.36379467033985D+01  0.32376182322984D+01  0.45089705617566D-03  0.11439403366502D-03  0.50357172849821D-03
 -0.71853967667868D+01 -0.49574876403866D+01  0.58960209202983D+01 -0.75719047651079D-04  0.38274470105208D-03 -0.15063831657460D-03
 -0.63833007188382D+01 -0.60275198763712D+01  0.26259725193168D+01  0.61670183336239D-03  0.25066911691828D-03 -0.70798114140145D-03
 -0.14049663445683D+02  0.17841415793394D+01 -0.54300646786304D+01  0.11191594815587D-03  0.16025312293986D-03 -0.31956328838450D-03
 -0.13357705504135D+02 -0.35110865279743D+00 -0.77409908128951D+01 -0.61169745512424D-03  0.23592599843194D-03 -0.24134687217924D-03
 -0.11653867354709D+02  0.26324320525633D+01 -0.79260337968524D+01  0.24257969000534D-03  0.80393039651581D-03  0.46579843567938D-03
 -0.22324838724993D+01  0.66469667520974D+01  0.71737093992863D+01 -0.16753572622762D-04  0.46120393719021D-04  0.26825846290769D-03
 -0.29542244067058D+01  0.41318022602598D+01  0.74217110671562D+01  0.45239511313577D-03  0.35254915813128D-04  0.21743278314403D-03
 -0.13583771464559D+01  0.28593120678762D+01  0.93678586814877D+01 -0.97492050702445D-04 -0.51007683484844D-03 -0.36494002041004D-03
  0.83351265467126D+00  0.39494344530587D+01  0.10580661398904D+02  0.21342077066541D-04 -0.24892478492023D-03 -0.60930501440249D-04
  0.13949526708358D+01  0.63825299817133D+01  0.10093434478333D+02  0.33420237275817D-04 -0.26357995267011D-03 -0.51395245109471D-03
 -0.74407027484059D-01  0.76495102173228D+01  0.83899365700808D+01  0.18388080446469D-03  0.83295045466538D-04 -0.14309071827370D-03
 -0.22175679004255D+01  0.55961517417462D+00  0.10426964263038D+02 -0.95930875988558D-04  0.33865731662780D-03 -0.16111903015965D-03
 -0.34349673476143D+00 -0.94248887111536D+00  0.11482936121692D+02 -0.12428700221874D-03 -0.34807826720272D-04  0.35855949561781D-04
  0.21402891672790D+01 -0.17653295354714D+00  0.11864784449987D+02 -0.22965223782595D-03 -0.23843572158893D-03  0.15601395340062D-03
  0.26105525635707D+01  0.23899055420417D+01  0.11780643593777D+02  0.12655268517799D-03  0.37784535271727D-03  0.75241874090787D-03
 -0.47219520754962D+01 -0.33393141903539D+00  0.10778131428426D+02  0.72050801802708D-04  0.27691883472607D-03  0.32832006686436D-03
 -0.51997542787051D+01 -0.29582847246815D+01  0.11293989806494D+02 -0.81833897560097D-04 -0.91248440324798D-04 -0.76895025560690D-05
 -0.32735862894639D+01 -0.45636801871401D+01  0.11910307027152D+02  0.93618694248887D-04 -0.27472407700772D-03  0.18663447623126D-03
 -0.10295435002339D+01 -0.34682042364123D+01  0.12164594421166D+02 -0.30830726364729D-03 -0.50080297568808D-03  0.15166215628234D-03
  0.83145204535307D+00 -0.50712259902847D+01  0.12971351935786D+02 -0.18792035008510D-03  0.97866269575774D-05  0.37195567727205D-04
  0.33419319888897D+01 -0.43445995953204D+01  0.13289486663856D+02 -0.57683496493499D-04 -0.99649828806483D-04  0.74709106866658D-04
  0.39255626372034D+01 -0.19629618805862D+01  0.12595300742897D+02  0.54250178882868D-04  0.27804564227827D-04 -0.16223379561932D-03
 -0.66812335134213D+01  0.14987010678539D+01  0.11104310354136D+02  0.16711556861635D-03 -0.20724476228163D-03 -0.45527346022823D-03
 -0.90437599231471D+01  0.49643697883873D+00  0.11678717263293D+02  0.61726364933737D-03  0.15581956787897D-03 -0.23138275854211D-03
 -0.97002573878961D+01 -0.21270563173966D+01  0.11980434980894D+02 -0.27516918345206D-03 -0.33316180495375D-03  0.26467892357058D-03
 -0.77521058324604D+01 -0.37874848232369D+01  0.11658755951008D+02 -0.25911519082467D-03 -0.34614803074790D-04  0.17140984339291D-03
 -0.60996018581542D+01  0.40438275544887D+01  0.11468772568162D+02 -0.54172090624199D-03  0.63141710172966D-04 -0.33033289811788D-04
 -0.48908386530336D+01  0.27735359788913D+01  0.63214735102923D+01 -0.32443059064098D-04  0.24994386266140D-03 -0.21438822478712D-03
  0.69749394631950D+00  0.10259303427872D+02  0.74744286634934D+01  0.28829258636471D-04 -0.22283370545812D-04 -0.25666107578885D-03
 -0.12353674571122D+02 -0.29244684666675D+01  0.12621182905514D+02  0.13845537886008D-04 -0.36166896283111D-03 -0.14256734105160D-03
  0.30180750798236D+01  0.72438472813084D+01  0.11046441067112D+02 -0.13425837863228D-03  0.71700124647507D-03 -0.73723098089418D-03
 -0.32122277699238D+01  0.75764827775285D+01  0.57880300822718D+01 -0.34409589939685D-03  0.63242226000083D-04  0.43022592399208D-03
  0.59464144584972D+01 -0.13749405282278D+01  0.12898101274839D+02  0.11614270480311D-02 -0.85997404816025D-03  0.11255530143315D-03
  0.19710840281522D+00 -0.70013971965079D+01  0.13275305088674D+02 -0.10249311126515D-03 -0.18445355936523D-03 -0.57663395131245D-03
 -0.82546150375583D+01 -0.57203516192682D+01  0.12259760973486D+02 -0.30674968019803D-03 -0.42006022664758D-03  0.23241065018866D-03
 -0.10524748931896D+02  0.19385551440254D+01  0.12222638943549D+02  0.15349247278422D-03  0.25970513098658D-03  0.41170823535750D-03
  0.24435401630448D+01  0.11422921454907D+02  0.84755887608502D+01 -0.10164151749886D-03  0.10009482121937D-03 -0.21776586890858D-04
 -0.66343956717867D+00  0.11173145737789D+02  0.54466898536695D+01 -0.22149620766066D-03  0.12491428110225D-03 -0.16550651100632D-03
  0.11114128038745D-01  0.13901553335036D+02  0.50521447593416D+01  0.18013343428393D-03  0.79109576941433D-04 -0.19760681982634D-03
  0.51498047612856D+01 -0.59457126675382D+01  0.14717032814750D+02  0.47467294464305D-03 -0.10102780382302D-03 -0.10521083832304D-05
  0.73074073807685D+01 -0.59133843103219D+01  0.14231032762196D+02 -0.11595466878419D-03 -0.26238074784442D-04  0.14867884673174D-03
  0.39732680170664D+01 -0.73128699268093D+01  0.16723396872787D+02  0.14827333814110D-03  0.22904475137819D-03 -0.90354467583625D-04
  0.59864522697910D+01 -0.84790769736644D+01  0.18395113058920D+02  0.42510604431238D-03  0.13507829330515D-03 -0.15191605912865D-03
 -0.12743777553619D+02 -0.47054332728734D+01  0.13994177135778D+02 -0.44019819092424D-03  0.98859002039659D-04  0.25820061385943D-04
 -0.14193567772921D+02 -0.15167421270364D+01  0.11527563402351D+02 -0.11890049313874D-03 -0.49008757603864D-04 -0.35067152317825D-03
 -0.16513865678523D+02 -0.25452766796780D+01  0.12297714405962D+02  0.35421670032587D-03 -0.18203875084457D-03  0.26401448758646D-04
 -0.79662513338260D+01  0.53912969644336D+01  0.12771415029996D+02  0.49448097740989D-04  0.11592304121741D-03 -0.39383298591332D-03
 -0.64802348392718D+01  0.44366358714065D+01  0.50793752461134D+01 -0.18939549672065D-03 -0.13794088423834D-03  0.21263187814126D-03
 -0.16692389929558D+02 -0.46600834375578D+01  0.11877606811154D+02 -0.42494509443646D-03 -0.32835829129119D-03  0.14971287540812D-03
 -0.18030587260035D+02 -0.15019391824868D+01  0.11260261642584D+02 -0.15368203805285D-03 -0.10728890158190D-03 -0.53071870462266D-03
 -0.16660127905133D+02 -0.24042254201365D+01  0.14335742076019D+02 -0.25380498121633D-03  0.63090930774330D-03 -0.30599965184489D-03
  0.77824052707043D+01 -0.88608037075587D+01  0.17369597260568D+02  0.65283433178851D-04 -0.50405194921618D-03  0.10167878304794D-03
  0.51537575510217D+01 -0.10252529760114D+02  0.19466379471451D+02  0.29874333671785D-03 -0.17642173632180D-03  0.10267735588055D-03
  0.63615981220864D+01 -0.71714275610730D+01  0.20043896024216D+02  0.18274489907509D-03 -0.70506223102624D-04 -0.58670409601549D-05
 -0.56998038585253D+01  0.53104354309912D+01  0.32884374726749D+01  0.30906787616575D-03  0.34170654988964D-03  0.24979598116772D-03
 -0.66410282348753D+01  0.59911443735048D+01  0.63235714293452D+01  0.29810328834884D-04 -0.90029684815784D-04 -0.92572362482141D-03
 -0.82532244897053D+01  0.36328907685208D+01  0.46626962856664D+01  0.11699877643264D-03  0.29947568963979D-03  0.95276975528216D-04
 -0.96579174714068D+01  0.55724760250605D+01  0.11427417564068D+02 -0.12233270928243D-02  0.37926231464133D-03  0.24038662837097D-03
 -0.68635500705920D+01  0.71850235810835D+01  0.13453301815352D+02  0.33899350878408D-03  0.36558973977884D-03  0.60716044143406D-03
 -0.85637589890792D+01  0.39995491219150D+01  0.14221799538066D+02  0.11456467588862D-03 -0.10877293611454D-02  0.18373465643341D-03
  0.19714039825636D+01  0.13824824298396D+02  0.45526075914791D+01  0.40437617820699D-03 -0.60481518288490D-03 -0.33272600973803D-03
 -0.22207031213721D+00  0.15038694442909D+02  0.68464456570967D+01  0.54858954511830D-03  0.36145512180656D-03 -0.28736408333426D-03
 -0.12054817127670D+01  0.14910285960758D+02  0.35996104122923D+01 -0.23588611135469D-03  0.39374233318146D-03 -0.46295294586179D-03
