 -1.0
 -0.72063622602487D+01  0.32504714601621D+00 -0.22733796836002D+01  0.12842974153533D-03  0.38697223901762D-03 -0.55480741496163D-03
 -0.56469388761328D+01 -0.78610978556523D+00 -0.46461813919693D+00  0.64615739514664D-05 -0.19275384094722D-04 -0.65456077066771D-03
 -0.40754707910062D+01  0.95527331239813D+00  0.10559502545283D+01  0.32302424604491D-03  0.35829663588850D-03 -0.14438911691118D-03
 -0.38726022578978D+01  0.35762556170791D+01  0.26930861204797D+00  0.42838105500139D-03  0.10821278401568D-03 -0.27357515258324D-03
 -0.56198117435953D+01  0.43263401168968D+01 -0.16514650454394D+01  0.74139496240416D-03  0.23529768827782D-03 -0.53996011636079D-03
 -0.71650284030019D+01  0.27856842963993D+01 -0.31078866702897D+01  0.17116461628116D-03  0.14518447674503D-03 -0.49451243177813D-03
 -0.21780955518942D+01  0.15974262514090D+00  0.27826479149694D+01  0.32188175081339D-03 -0.17566980837411D-03 -0.24651771854332D-03
  0.38819328208276D-01  0.16227336846467D+01  0.30091746840873D+01  0.35531022414697D-03 -0.96038245433862D-03 -0.59193732120348D-04
  0.11900753094149D-01  0.41719560210860D+01  0.21773003502413D+01 -0.12307446634482D-03 -0.18018581792988D-03  0.30787806559890D-05
 -0.21408880035656D+01  0.53857555208071D+01  0.12914538033691D+01 -0.98108190535318D-03  0.10783745860993D-03  0.15847365805499D-03
 -0.21180790220144D+01 -0.19599764984813D+01  0.44947542879996D+01  0.24110024189786D-03  0.16490484483036D-03  0.58147607326392D-03
  0.10965319236008D+00 -0.28349864291074D+01  0.57461154239894D+01 -0.30502167397372D-03 -0.16961294439673D-03  0.29920158720298D-03
  0.20329047282096D+01 -0.13910904408637D+01  0.57813280405963D+01 -0.47722803058851D-03 -0.97196178942995D-04 -0.27086221678722D-04
  0.21567188275215D+01  0.78579261718268D+00  0.43662291231642D+01 -0.33904539758901D-03 -0.98767423441845D-04 -0.64571794286997D-03
  0.43665706625004D+01  0.24837698570656D+01  0.43908318244215D+01 -0.57511339524816D-03 -0.41198146298608D-03  0.39676469034006D-03
  0.42481736236545D+01  0.49050984452623D+01  0.35094739461166D+01 -0.11024827408546D-02  0.39019156932943D-03 -0.72465365266891D-04
  0.20099224890060D+01  0.58776138340127D+01  0.27765187690077D+01  0.16391062212480D-03  0.87010214619345D-04  0.46750553191268D-04
 -0.42064143133361D+01 -0.37264840798918D+01  0.48033288582625D+01  0.34338927034074D-03 -0.85704275640096D-04  0.12167636447605D-03
 -0.41168660472989D+01 -0.60794741986943D+01  0.59483381163629D+01 -0.14983282826545D-03 -0.21956497433030D-03  0.17340805666842D-03
 -0.17709180158756D+01 -0.67475772119320D+01  0.70522507379927D+01 -0.60402245195016D-03  0.84588136145355D-03  0.14410901572566D-03
  0.17819118479309D+00 -0.49693793538151D+01  0.70491025857019D+01 -0.56978863898817D-03  0.35166333637495D-03  0.52210222934128D-04
 -0.65787524470008D+01 -0.27425970212355D+01  0.39796122795390D+01  0.36825073633451D-03 -0.39304107334183D-03  0.18806450580915D-03
 -0.49831408631824D+01 -0.35703133890276D+01 -0.57096303644465D+00  0.43351018449272D-03  0.17342576197801D-03 -0.10452575333926D-03
 -0.83507684155573D+01  0.37305290862201D+01 -0.54486783705991D+01  0.74427670112498D-04 -0.48401092525439D-03  0.15075801961856D-03
 -0.95600730794360D+00 -0.95623146735158D+01  0.73374168201148D+01 -0.24049945772721D-03 -0.52205200338755D-03  0.86522709311649D-04
 -0.54479172125555D+01  0.61663086342972D+01 -0.26785879104543D+01  0.99301121196512D-04 -0.24190795338413D-03 -0.23198922729360D-03
 -0.87532195622565D+01 -0.76431179643040D+00 -0.30484031169637D+01  0.62708692186139D-03  0.33265340897511D-03 -0.41183726303757D-03
  0.20140344126701D+01  0.77502962413985D+01  0.20757116977233D+01 -0.69804831803607D-03  0.66095862714824D-03  0.43409306518359D-03
  0.62433667995752D+01  0.19096264384390D+01  0.49973511147848D+01 -0.66251440079599D-03 -0.93653159700028D-03  0.10764241940421D-03
  0.18351304396765D+01 -0.54326042031779D+01  0.81646873361791D+01 -0.91498436217065D-03 -0.22779844208998D-03 -0.61920050909628D-03
 -0.55620621676631D+01 -0.75406346571796D+01  0.58692770045546D+01  0.28738673400258D-03  0.10988776838536D-03  0.58907858400145D-03
 -0.84746584169787D+01  0.19317527980645D+01 -0.68432466585219D+01  0.13404406675782D-03 -0.69436540466900D-04  0.23483606201108D-03
 -0.89435632580258D+01  0.61490761800305D+01 -0.59342680001520D+01 -0.36525198715763D-05 -0.23722819465808D-03  0.43405083175173D-03
 -0.99212853668939D+01  0.62719124607837D+01 -0.85046086858882D+01  0.14824227363560D-03 -0.61068127453293D-04 -0.30250937424708D-03
  0.65009397937956D+01  0.65068813704722D+01  0.35266811347906D+01  0.40154147593787D-03 -0.23426777681136D-03 -0.18570898709846D-03
  0.66376734736460D+01  0.82223262563841D+01  0.19266292187305D+01 -0.26909129150817D-04 -0.92836384744228D-04 -0.45982484445112D-03
  0.86320386742042D+01  0.58130972658302D+01  0.49346133967950D+01  0.29079040629228D-03  0.65022640596029D-03 -0.22062110669399D-03
  0.99870190903199D+01  0.79843227720290D+01  0.58104991739713D+01  0.49155962994507D-03  0.35376429302045D-03 -0.47829415316191D-04
  0.11356308650180D+01 -0.99343339858539D+01  0.82290933017041D+01  0.32566901752574D-03 -0.78479563110386D-04  0.15335012785918D-04
 -0.26335223263368D+01 -0.11164162595317D+02  0.62097303239795D+01  0.88958989093910D-04 -0.41817534189976D-03 -0.12749691318948D-03
 -0.24131914185170D+01 -0.13516880970024D+02  0.75516180621544D+01 -0.87615959026352D-04  0.50710543077833D-04  0.41567899413965D-03
 -0.88347174495572D+01 -0.43785476368439D+01  0.44938840257216D+01  0.94374365888598D-04 -0.65770195609767D-03 -0.13105096520276D-03
 -0.46153449078036D+01 -0.42757087725140D+01 -0.30959530234122D+01 -0.37825563026237D-03  0.28905947899719D-03 -0.57569258586554D-04
 -0.34346786070620D+01 -0.15161718948041D+02  0.67854961124578D+01  0.14177051126853D-03 -0.51172858165217D-03 -0.30487344345864D-03
 -0.27949577488013D+01 -0.13158468296039D+02  0.95098256172594D+01  0.49084816232330D-03  0.72177083771956D-03  0.72087598449305D-03
 -0.35713149816327D+00 -0.13754112202823D+02  0.70877462279735D+01 -0.43707665554615D-03  0.78877872087154D-03 -0.75943538663044D-03
  0.11176681409656D+02  0.72821120852954D+01  0.73696621213024D+01 -0.29642132394161D-03 -0.55627800986187D-05  0.51060533765156D-03
  0.84900139457150D+01  0.92526360481193D+01  0.64526965733326D+01  0.39824772151116D-03  0.49905655697114D-03 -0.50080704318944D-03
  0.11157116060672D+02  0.91351766346564D+01  0.44394608816373D+01 -0.12720513245290D-03  0.12289543872224D-03  0.11783618281944D-04
 -0.28502393905261D+01 -0.32870262497063D+01 -0.37810392247221D+01  0.71491291812730D-05  0.37231607711764D-03 -0.19046518298430D-03
 -0.60591809103690D+01 -0.39281202706746D+01 -0.43096505987889D+01  0.65376629803621D-03 -0.30872947570396D-03 -0.35189263100196D-03
 -0.40808669947296D+01 -0.62094520650897D+01 -0.32088391283953D+01  0.84082957711549D-03  0.22219364125798D-03 -0.46037060754919D-03
 -0.10306997028589D+02 -0.31199314460164D+01  0.37515624410953D+01 -0.74151200167751D-03  0.87360929049817D-03  0.57235086380524D-03
 -0.86707549878303D+01 -0.54419440768307D+01  0.61679406526613D+01  0.72528530962725D-03  0.53722402458270D-03 -0.13017192358553D-03
 -0.83666133259307D+01 -0.57583558733999D+01  0.30339013184663D+01  0.38274243970955D-03 -0.16830828912580D-03 -0.31322175380055D-03
 -0.93967870118233D+01  0.44900136871976D+01 -0.90938611380422D+01 -0.63728602952875D-03 -0.17357264823326D-03  0.10570902312295D-02
 -0.89709828567332D+01  0.76982329667986D+01 -0.94903700041148D+01 -0.24131742918865D-03 -0.50032977694287D-03  0.19893665156128D-03
 -0.11974592088512D+02  0.67281350611598D+01 -0.88594887887643D+01  0.94010429754088D-03  0.45162912632727D-03  0.11544780870298D-03
 -0.10713396035151D+01  0.68299528456431D+01  0.76352083874647D+01 -0.56766037454321D-03  0.44149193087992D-03  0.23222701601754D-03
 -0.24940920409981D+01  0.47119018232604D+01  0.84836618066732D+01  0.33908606127708D-03  0.28210107287426D-03 -0.21821527968760D-04
 -0.11292009363926D+01  0.27845801715654D+01  0.99476392560968D+01  0.28891821008571D-03  0.17714711770873D-03  0.46998522963616D-03
  0.15056394752851D+01  0.31517059773509D+01  0.10473790983747D+02  0.61228945112688D-03 -0.21260819319326D-03 -0.37004585349863D-03
  0.25504428881637D+01  0.54029486100295D+01  0.96892417960267D+01 -0.37082790809065D-03 -0.31054372707936D-03  0.20697744039752D-03
  0.13809583174247D+01  0.72952327472231D+01  0.83593871479229D+01 -0.46654204867347D-03  0.37644046829146D-04  0.28312667859794D-03
 -0.21137573179136D+01  0.40136997957949D+00  0.10918625720198D+02 -0.39347817827887D-04  0.91939096196124D-04  0.46903840957428D-03
 -0.42641522654283D+00 -0.14458824599747D+01  0.11549842613207D+02  0.23633224828963D-03  0.33998302871928D-03 -0.36216487067983D-03
  0.22898598195768D+01 -0.83466792414111D+00  0.11680230691772D+02 -0.18834752745555D-03  0.29890757470350D-03 -0.34350201346339D-04
  0.31615712501125D+01  0.14179672083432D+01  0.11364272096555D+02  0.45294421729859D-05  0.88610094357203D-04  0.15789776992236D-03
 -0.47042867966214D+01 -0.15403535086855D+00  0.11227463369219D+02  0.16068988736332D-03  0.24197770886765D-03 -0.23176236786893D-03
 -0.56540422764137D+01 -0.27483693131505D+01  0.11046275713360D+02 -0.92204719254064D-04  0.19554404679605D-03  0.10522009312220D-03
 -0.40053392666095D+01 -0.44169804822672D+01  0.12074934219154D+02  0.31356240683370D-03  0.13267288897231D-03  0.97948094815566D-04
 -0.15465946069435D+01 -0.37201005176978D+01  0.12512747253829D+02 -0.22333570738135D-03  0.38046908651780D-03  0.82337368823302D-04
  0.27850223090460D+00 -0.53532980435515D+01  0.13731416614907D+02 -0.10808281574568D-03 -0.28048741501160D-03 -0.76282916755488D-03
  0.30476003848326D+01 -0.49803592621620D+01  0.13600295937012D+02  0.37655256014305D-03  0.31225416802916D-03 -0.97929875053337D-04
  0.39721097392314D+01 -0.26661650736191D+01  0.12811337572161D+02  0.54512612537068D-03 -0.42528901474207D-03  0.35171550040104D-03
 -0.66951738626678D+01  0.18940627385438D+01  0.11439112325424D+02  0.31195680495209D-03 -0.22774263855058D-03  0.34432949142855D-03
 -0.92755466802092D+01  0.11649823807120D+01  0.10955713322682D+02 -0.17915735651156D-03  0.85060770031526D-04  0.98037415573481D-04
 -0.10081049078037D+02 -0.12086796698241D+01  0.10431243522258D+02  0.52462060814591D-03 -0.12011020492952D-03 -0.80240524990039D-05
 -0.83281165412224D+01 -0.32240737540214D+01  0.10417635582912D+02 -0.81221477315568D-03 -0.10181919426729D-03  0.51849518659367D-03
 -0.55560193796591D+01  0.43062342499260D+01  0.11985102409725D+02 -0.13142744517042D-03  0.51761016452502D-03  0.20873287949172D-03
 -0.51852695184005D+01  0.46034224331192D+01  0.74445374633196D+01 -0.33844039811334D-03  0.41479349634589D-03  0.27181886733799D-03
  0.26533024117929D+01  0.95340495756831D+01  0.72700662349206D+01  0.91457798891677D-04 -0.85504917264755D-04 -0.67032950522044D-03
 -0.12835165989961D+02 -0.20062876234618D+01  0.99385331124485D+01  0.38023039404174D-03 -0.32958331232457D-04 -0.33286043019752D-03
  0.47734126379832D+01  0.52231030294596D+01  0.98196896597050D+01  0.33362336533788D-03  0.85910481337421D-03 -0.49334114744506D-03
 -0.15113884380465D+01  0.81566234457530D+01  0.60562112036502D+01  0.43378707829052D-03  0.18950976944267D-03  0.22191328276834D-03
  0.59902292169412D+01 -0.22275459125169D+01  0.12707664000317D+02  0.74733572731409D-03 -0.47759375952523D-03 -0.10850468566739D-02
 -0.22608610744800D+00 -0.73356956806560D+01  0.14199107700507D+02 -0.31825841755185D-03 -0.77306416585872D-03 -0.75937441035724D-03
 -0.90879112641218D+01 -0.48898796123108D+01  0.97482338892649D+01 -0.48767875018977D-03 -0.13992608569065D-03 -0.87398461205322D-03
 -0.10486539919423D+02  0.27181252220814D+01  0.10305946309945D+02 -0.88488327115691D-04 -0.11092999616762D-02  0.32457553631691D-03
  0.48150409197310D+01  0.99859386540484D+01  0.79585016200893D+01 -0.35121702340167D-03 -0.99895224517543D-04  0.63897594261942D-04
  0.11735420805569D+01  0.11039141348176D+02  0.56499446845405D+01  0.22756804545034D-03 -0.11675432172515D-04 -0.58417432950154D-04
  0.25924319538584D+01  0.12905320433778D+02  0.45731353479419D+01 -0.32948736070055D-03 -0.79976134927636D-03  0.12640747970047D-04
  0.50381849750805D+01 -0.68657774404373D+01  0.14515109244352D+02 -0.30623161915747D-03 -0.17409070702825D-03  0.12753176753288D-03
  0.44442400361589D+01 -0.89403989085363D+01  0.15311642658699D+02  0.69564619069070D-04 -0.26939867913016D-03 -0.23183998186092D-03
  0.74612806457466D+01 -0.61104772961192D+01  0.14831927658156D+02 -0.88781653776786D-03 -0.22567811865829D-03  0.12496087192513D-03
  0.92021520072137D+01 -0.80774344247775D+01  0.15766581965686D+02 -0.25811238641153D-04  0.40077246286918D-04  0.56947172232758D-03
 -0.13421962294991D+02 -0.30763165453186D+01  0.80461749190104D+01 -0.21673832079608D-03  0.52041194011350D-03  0.14610876928180D-03
 -0.14706391099426D+02 -0.11632581388555D+01  0.11792751432547D+02  0.22817056958508D-03 -0.11924162330308D-03 -0.11865166830326D-03
 -0.16881869763919D+02 -0.95808410833038D+00  0.10652052761157D+02  0.14512546972817D-03  0.30884613164836D-03  0.37433081321515D-03
 -0.66876345022987D+01  0.55063003602477D+01  0.13925798477737D+02 -0.24234876755716D-04 -0.47066430179860D-03 -0.20921922366415D-03
 -0.60127648700967D+01  0.65712477345539D+01  0.60586618460255D+01  0.25237617942353D-03 -0.50608430108916D-03  0.54622238335414D-03
 -0.18437204327871D+02 -0.61843970566257D+00  0.11878082451467D+02  0.50467099144003D-03 -0.30027791739482D-03  0.32425330861700D-03
 -0.17152073324421D+02 -0.29954936689893D+01  0.99272947674424D+01 -0.42283028148559D-03 -0.37270379927945D-03 -0.79557977669089D-04
 -0.17021408244887D+02  0.48207152474461D+00  0.91614615265725D+01 -0.60250185846006D-04  0.79938328035071D-05 -0.62759357258917D-04
  0.92892900769810D+01 -0.74934122095279D+01  0.17723365705038D+02 -0.21889745424726D-03  0.43821030783392D-03 -0.96057102408960D-04
  0.10586833433304D+02 -0.81963884459524D+01  0.14148633979052D+02  0.68636070425745D-03  0.26772293402652D-04 -0.32427213913175D-03
  0.80281480059242D+01 -0.98783008847806D+01  0.15411791216860D+02  0.99273409023802D-04 -0.92421936264147D-03 -0.42669414533575D-04
 -0.58345130079429D+01  0.84948870402479D+01  0.70691330126626D+01  0.24782856183242D-03  0.99806728508864D-03 -0.12799495730885D-03
 -0.79934564223670D+01  0.64217215077698D+01  0.58795213227048D+01 -0.99885808044028D-03  0.49539543241900D-03 -0.69970150798625D-04
 -0.51325926002060D+01  0.64440809392776D+01  0.42977000099436D+01  0.68852028321710D-03 -0.44031556095690D-04 -0.50305592287098D-03
 -0.54406481967328D+01  0.57279188528222D+01  0.15407778388040D+02  0.91128632809863D-03 -0.78188110189297D-03  0.82854783575363D-03
 -0.81021885336712D+01  0.40786709544016D+01  0.14579246481406D+02 -0.55530931433243D-04  0.10236359810804D-03 -0.17896328605260D-03
 -0.72955528132131D+01  0.73313728189644D+01  0.13355150949329D+02 -0.78006738549591D-04  0.28099800077769D-03  0.59639361310055D-03
  0.21318365011747D+01  0.12782141195253D+02  0.25595828784561D+01  0.29306274739354D-03  0.71518185732039D-05 -0.16079148267717D-03
  0.46704923449606D+01  0.12953186859662D+02  0.48254220611447D+01 -0.56526079499231D-03  0.19260353991600D-03  0.22896932709047D-03
  0.17288315059885D+01  0.14720304450145D+02  0.49619718164855D+01 -0.81310582039653D-03 -0.66579313410279D-04  0.21373874880002D-03
