$coord
       -5.14640719205131        3.12249241711729       -0.44972317674797      C
       -3.80717293183795        0.95028202794080        0.13350069010743      C
       -1.44764532118967        0.99979052865047        1.48932999495128      C
       -0.16868182769989        3.37023835715244        1.37293425215631      C
       -1.56505236243448        5.56501801155515        1.10466378139616      C
       -4.10791183344456        5.38178375228676        0.14153957087122      C
       -0.11448504094320       -0.99461398810942        2.84634987397617      C
        2.50347152732493       -0.60763338263451        2.92858913242977      C
        3.64204482702649        1.64501434705736        2.11669396290614      C
        2.35611916478518        3.64525638956909        1.52146600233016      N
       -1.03082893342320       -3.14421442178236        3.96275038810424      C
        0.59629500555741       -5.02267565850908        4.83032273797999      C
        3.29244638394236       -4.66098989704468        4.72528356497367      N
        4.01233807433507       -2.45127377770339        3.95436574128582      C
        6.67465029889310       -2.35656359575745        4.03060881085647      C
        7.84675250671616       -0.18445323488113        3.06116956509965      C
        6.37014294432242        1.79727491804560        1.74741188582765      C
       -3.66800234543195       -3.19955329553482        4.63495800747032      C
       -4.68065225884598       -5.42233539434157        5.71740861389847      C
       -3.06791171151340       -7.54223855690850        6.20020237158282      C
       -0.45669106926956       -7.23826649539331        6.04181869448500      C
       -4.96691512311624       -1.10848372425930        4.33839318353250      O
       -4.50675204122039       -1.33402480358713       -1.03625722845191      O
       -5.31132437490021        7.78529750433581       -0.79459410254617      C
       -3.77505938054872      -10.10829090178090        7.15514728547212      C
       -0.64864033544610        7.37699537695632        1.32444705005714      H
       -7.04633020901284        3.17661164318212       -1.35091431069677      H
        7.20429598075613        3.60565848947026        1.59636774574629      H
        7.72599408569577       -3.82547169649983        5.17141563096823      H
        0.77778583635726       -8.76150549226315        6.45345717187615      H
       -6.69110832847685       -5.52091615307892        5.99356770701364      H
       -7.52445569582868        7.95970961708880       -0.38167751125723      O
       -4.06321735513921        9.57411373022083       -2.16230027833895      O
       -5.41993917391116       11.88393195816890       -2.37631038675168      C
       10.58835352553655        0.09380208649082        3.19054381115818      C
       11.80408748976311        1.88110605108028        2.40719428542673      O
       11.77107587390428       -2.07869850506828        3.84546050755550      O
       14.41278880414346       -1.94834313337785        3.35320028576394      C
       -6.04496677064628      -10.56873155773952        7.18473963379685      O
       -1.88849620136887      -11.51512460096405        8.07041895400257      O
       -2.63034420680047      -14.18801486738715        8.29081240037496      C
       -7.59662301377124       -1.45648416775702        4.32938342945390      C
       -2.46170598040580       -2.69149674729054       -2.11724704129229      C
       -3.71367068481462      -14.56043497933144        6.66882540574574      H
       -3.77938124513009      -14.38136782177590        9.93829048609406      H
       -1.00833236511086      -15.47191821930931        8.34980855687496      H
       15.13797023002052       -0.19608858145406        4.22079298631405      H
       14.63897322282429       -2.13709741440701        1.27212596901528      H
       14.83856179419764       -3.65137432153479        4.47216124216756      H
       -1.90583354034373       -1.44084146763006       -3.74884222345612      H
       -3.38760512518115       -4.37825041418375       -2.94271028500913      H
       -0.86079544244681       -3.01823805439151       -0.96297769325691      H
       -8.40101343740622       -0.81811193300702        6.17205953383865      H
       -8.05627664311861       -3.32823431788271        3.84337230858138      H
       -8.10357749369797        0.06192917904541        3.01650714457533      H
       -7.28147553088640       11.85976117952071       -1.34221582422886      H
       -6.06488904479372       12.06408057571610       -4.29942371434591      H
       -4.43266829511322       13.67156827128015       -1.67744089388037      H
       -5.03331855547337        7.77922386188480        6.35361637058470      C
       -5.70544596663734        5.33025041103515        7.11593699175423      C
       -3.62104461411382        3.87780980478674        8.43249539866046      C
       -1.08860971868871        4.80344229111853        8.20347755041770      C
       -0.57346393776057        7.21652807918030        7.09701357391961      C
       -2.52097639763299        8.66691385054503        6.22727577711615      C
       -4.07660583341866        1.68193250951447       10.01233109580371      C
       -1.95095652277785        0.17243242453431       10.56632557192160      C
        0.52138664574550        0.99097955056988        9.72691780835091      C
        0.91823153006565        3.24365252882125        8.67884102157061      N
       -6.30359329414949        0.88533104770942       11.16748674113546      C
       -6.63665602114961       -1.73404746906207       11.85364872370448      C
       -4.64444440926960       -3.35377193860910       12.13323562563755      N
       -2.30810793902591       -2.48508478746024       11.37860519887344      C
       -0.24074174623030       -3.89835068248016       11.88321785987944      C
        2.23081761388303       -3.20169596486860       11.10487265597447      C
        2.57465984130151       -0.73798163936114       10.27325692694787      C
       -8.26119797338446        2.59197512740121       11.84584718415880      C
      -10.66028466126999        1.57664482463306       12.54624458144232      C
      -11.01069857769266       -0.88797248466068       13.45492690934509      C
       -8.87662183621449       -2.46822518423968       13.42790496423680      C
       -7.76995537500608        5.31826793693681       11.95336278442878      O
       -8.02051299934841        4.15483049407334        6.68639851348479      O
       -2.01629622602659       10.81991419074602        4.50868067015185      C
      -13.36138635880380       -1.86669001210288       14.62513608503092      C
        1.35183367161209        7.94201491199940        7.03767307953227      H
       -6.43650915179286        8.66650121459882        5.03200469470385      H
        4.17360747359905       -0.69191463875461        9.06557538273944      H
       -0.36334525164309       -5.62262131336824       12.93605140700979      H
       -9.32504170683543       -4.43018254583321       13.87605921192489      H
      -12.48556465979905        2.72876270964685       12.25473069785171      H
       -3.74038722786887       11.97917062214135        3.39291567305822      O
        0.48095440527120       11.46041319870558        4.61092675625272      O
        1.07833273805432       13.42291412929272        2.88765001794648      C
        4.51629918250042       -4.86654509023730       10.80806456489900      C
        6.35999250413438       -3.73655726667431        9.87749572279152      O
        4.41928452857358       -7.31637945247089       11.50112648211944      O
        6.73197753929783       -8.49815364650158       10.91207819237246      C
      -15.31996039801061       -0.65351680740572       14.48138363393589      O
      -13.13790486179116       -4.16099655041632       15.77927563296767      O
      -15.50064066646719       -4.74362757834358       16.75864853108237      C
       -9.96297556845540        6.75715204265761       11.75566136272790      C
       -9.80930395408133        5.44907099287281        5.17897253200892      C
      -15.17914557862457       -5.22231564177569       18.75019673641120      H
      -16.36773586190247       -6.55130769556785       15.91827662059001      H
      -16.57492069383098       -3.04745105705039       16.68906572538860      H
        8.50955153682006       -7.47222655068384       11.36641893330338      H
        7.19703986306576       -8.93678418366093        8.79466029243224      H
        6.76778761759054      -10.16812606030789       12.07283364951658      H
      -11.63469282135348        4.54836138616645        5.40378676962660      H
       -9.02258403862305        5.51808242439596        3.28004375453024      H
       -9.80948620439033        7.42423932927239        5.82370901184901      H
       -9.43156270257065        8.82520747392373       12.05675867539781      H
      -11.33902497703880        6.48643367622130       13.33730863371456      H
      -10.60252707892207        6.61227562661188        9.92262542482615      H
       -0.57701370491708       14.07556503531984        1.71079304574230      H
        2.82256712938679       13.20172906977204        1.75118636774643      H
        1.54466134279789       15.01576040910404        4.07675494945067      H
$end
