$coord
       -4.59428104614525        1.94097118792042        1.63290847019159      C
       -3.20605748739255       -0.31495999409772        1.91160088072725      C
       -0.62145622616659       -0.30448472419177        2.73442192285481      C
        0.52473689531248        2.06759726840088        2.81100790196731      C
       -0.73380911176021        4.34339754447184        2.09882442460965      C
       -3.33698285188740        4.23797935797984        1.60377696435548      C
        0.87182168665455       -2.37590136085357        3.33291224784703      C
        3.51783013304497       -2.25984359050937        3.02735558632278      C
        4.52422368099375        0.14073750793437        2.90310950932282      C
        3.02085622201628        2.22804103203155        2.94262552046670      N
       -0.07693604117976       -4.88813740162987        4.02373251035969      C
        1.63736975047600       -6.97279954118500        3.76150317068951      C
        4.14712955757780       -6.75431926752358        3.26902347762573      N
        5.04643909164943       -4.43429408855739        3.55745834030758      C
        7.67540481005870       -3.93002021609240        3.58559354936195      C
        8.69874434455318       -1.52590469690560        3.14275173032199      C
        7.01049003792232        0.48283640658003        3.00809243432156      C
       -2.51020969167425       -5.44669972553437        5.40003654758242      C
       -3.22363726188626       -7.93379234344835        5.69309062391472      C
       -1.55980157299305       -9.86614580668499        5.35293654329435      C
        0.72311654244321       -9.48737248637633        4.33014526754338      C
       -3.96086733459108       -3.47426394254521        6.18390917988723      O
       -4.15133951444961       -2.77234929359971        1.37266704314923      O
       -4.54148395808142        6.49383482610274        0.43300544220607      C
       -2.50681438423920      -12.52773958564688        5.54784425844181      C
       -0.03680169179665        6.20226286977825        2.08655417446396      H
       -6.47304826694619        1.88187250837169        0.87164485978823      H
        7.75887474167720        2.38679720898451        2.60518653156840      H
        9.05447418398796       -5.51372935985001        3.62548937831982      H
        1.81866717200670      -11.13677107589947        3.70751472206860      H
       -4.91750810320400       -8.31261909029708        6.32499110903776      H
       -6.85381857714532        6.50838404027915        0.36426386049036      O
       -3.11421690696196        8.40777461992533       -0.27935841685345      O
       -4.54498774863266       10.37705055501223       -1.15065608733101      C
       11.44518694373331       -0.98465994944917        2.96149703485438      C
       12.18399421129646        1.15177721013925        2.71350269427149      O
       12.93165043208372       -3.21744347863120        2.48932797424722      O
       15.63039415604117       -3.23561349606156        2.18212633354453      C
       -4.54531994078539      -13.16346850686681        6.50350479357339      O
       -1.12087702354017      -14.19268245727578        4.14009391787142      O
       -2.44235454234970      -16.37268144403092        4.27567551437085      C
       -6.62678893657256       -3.82852406220653        6.41115423767626      C
       -2.83676523193797       -4.25278399941237       -0.42359858401475      C
       -4.34149311346211      -16.11189353934580        3.17220765254245      H
       -2.55849945825918      -17.09541303806112        6.12617460432181      H
       -1.20268368431285      -17.87389292577722        3.24006898879135      H
       16.23475597258821       -4.31316375588592        0.52059382339753      H
       16.57626422671267       -3.80929501569680        3.78296512223136      H
       16.04476034267580       -1.41035761601627        1.45813938593279      H
       -1.81496997090031       -2.92327558614668       -1.74061845572021      H
       -4.57609077340975       -5.17181129000166       -1.16433443456889      H
       -1.72049061244598       -5.64132254582896        0.27530167018128      H
       -6.89767763969753       -4.87742628022302        8.22314651526937      H
       -7.42433963028719       -4.84892456607327        4.86141332422409      H
       -7.20612776185692       -1.85048646230100        6.53448286604926      H
       -3.54243839488620       12.02282798109400       -0.38836618417086      H
       -6.66271265429151       10.78180001369081       -0.66009542339344      H
       -4.21233098800448       10.21660796455011       -3.13589289751480      H
       -6.30069685672280        9.13845602421900        5.45257383706798      C
       -6.66646183497878        6.80192416957599        6.65357220901377      C
       -4.75149342144527        5.69105659097551        8.35023208014049      C
       -2.27491887882803        6.41182054547287        7.48152268353417      C
       -1.84411770933655        8.55403069631752        6.10251580737997      C
       -3.80243400967849       10.08441557225881        5.03429291090531      C
       -4.96261207561964        3.60329503238488       10.13725559263757      C
       -2.68228140068538        2.09962025563982       10.34739685647750      C
       -0.42371419628687        2.99597363392512        9.44151400437965      C
       -0.39532583064851        5.10649683890347        8.02158018315206      N
       -7.17551635667412        2.66028529889405       11.32444626826357      C
       -7.16200850045047        0.16448472542325       12.28967771148327      C
       -4.97073542684800       -1.29700629445641       12.46299875837974      N
       -2.85186592852874       -0.37095640349858       11.49441090611689      C
       -0.69336420121459       -1.81881077691463       11.29505442991415      C
        1.47841768860758       -1.05215831863874        9.96830939295533      C
        1.79729707191863        1.59413703044834        9.48247923375820      C
       -9.28437063346363        4.14264775399478       11.69008692335462      C
      -11.37436904978368        2.96671789394197       12.64637514445636      C
      -11.47026700253996        0.58316051721334       13.92457331858054      C
       -9.18604698978576       -0.77808681091405       13.75163746142927      C
       -8.84984719543154        6.81475640374791       11.40157932479687      O
       -8.89596141110033        5.44874978187276        6.27847408465308      O
       -3.29138554311237       12.63653442380022        4.05066838653115      C
      -13.74585252595046       -0.61546454702396       15.10740813618364      C
       -0.04580577109585        9.31393188480827        5.60317168779745      H
       -7.95836667735264       10.14540577622622        5.08437138604748      H
        3.33656600274549        2.15920905732198        8.22622700931682      H
       -0.90260274406153       -3.77452718786370       11.68635959236689      H
       -9.16110894704412       -2.64925775900612       14.52660698876367      H
      -12.92975134416343        4.11885823119937       12.84382850308751      H
       -5.04709978013061       13.79149945886673        2.94785274250257      O
       -1.06836702129577       13.63367852973650        4.93656052736195      O
       -0.97488710348338       16.29107059097867        4.20628236023385      C
        3.66751457408919       -2.66984580226177        9.49960702438621      C
        5.65429442856622       -1.49826608545489        9.40960037390502      O
        3.34780511766674       -5.24090619310177        9.13238882734465      O
        5.44838650674781       -6.51350406231881        9.64736161354759      C
      -15.68646416195122        0.56924308378444       15.53468030097227      O
      -13.38158390762933       -3.07363920720127       15.98870580556719      O
      -15.70679155154971       -4.03235915572445       16.86000976028109      C
       -9.41889219940018        8.24301246943411       13.73211420757860      C
      -10.63767306651031        6.35170660921184        4.50760102663555      C
      -15.74694672416753       -6.12780616927885       16.24525139837959      H
      -17.46114189903707       -3.09692850221508       16.12521956313736      H
      -15.52381997664811       -3.93798710822456       18.92026080716867      H
        5.42591308945602       -6.73848479492443       11.85405527770806      H
        7.16224307412487       -5.59729905239962        8.54092341575015      H
        5.34457895482723       -8.30715014120544        8.78373412915157      H
       -9.66556925553993        6.94937295819901        2.91636511281348      H
      -11.53374399757626        7.95548056512641        5.68834961554448      H
      -11.93517004110692        4.75907144219071        3.98561809418354      H
       -8.11235653454021        9.71333156525387       13.72391084320965      H
       -9.39833062596787        6.90263696096729       15.26362258476792      H
      -11.37749358245641        8.99367189260659       13.36226743233038      H
       -0.84417256985765       16.28348159913474        2.03823395169245      H
        0.61245958750717       17.08040351432095        5.04904533938689      H
       -2.95257712570192       16.79596855290225        4.64525371933901      H
$end
