$coord
       -7.92956690772668        1.90544719464894       -2.63761500225141      C
       -6.74188894949271        0.45470807264240       -0.74517814934780      C
       -4.53653488597288        1.45447210111154        0.59070739662299      C
       -3.59274272611822        3.76339639180043       -0.07451964501357      C
       -5.02023248921362        5.17905090435185       -1.77222178948633      C
       -6.95881324404071        4.22104199571011       -3.06621564871013      C
       -3.28080429736787        0.39911433322861        2.77910882532648      C
       -0.78670454306550        0.91290715500799        3.22566446006510      C
        0.19556570514759        3.23958808786970        1.91070028543437      C
       -1.28178225477737        4.81444514220684        0.58070156611756      N
       -4.21660252436924       -1.70156257536159        4.10764135132851      C
       -2.49715948546791       -3.44573728779497        5.35266040624331      C
       -0.06161803162922       -2.88754566056545        5.79618313033866      N
        0.84636233256836       -0.78666066588517        4.52491953441143      C
        3.37740221475548        0.14499972836561        4.79828714528514      C
        4.39241982031402        2.23054326044759        3.58671704279529      C
        2.70890344183509        3.79159303279631        2.24258479000532      C
       -6.73907351493410       -2.08094957960976        4.46062331414328      C
       -7.68638019740487       -4.51665395075183        5.21043362464005      C
       -5.96309177836253       -6.53493151450951        5.76730446366537      C
       -3.38408061504647       -5.81014552134953        5.91010158006857      C
       -8.30021441507964       -0.07007180379855        3.99038571840155      O
       -7.71872421585984       -2.13155820679836       -0.45743954453957      O
       -8.24101090252183        5.47802823675796       -5.29452157587855      C
       -6.77397156168990       -9.07805629639191        5.99273733913194      C
       -4.73468647637949        7.16285232750097       -1.95026973405092      H
       -9.46322462910933        1.09103381738928       -3.81129233132561      H
        3.19042367925388        5.58985073065066        1.52032548891599      H
        4.80988686441171       -0.96614654692599        5.96020027962637      H
       -2.09326778478772       -7.19365420206327        6.61782113391859      H
       -9.68457181932419       -4.90258382919620        5.63716941828996      H
       -9.83435070946352        4.33600186586109       -6.48703742341182      O
       -7.54208749136745        7.99512478695139       -5.52004909021014      O
       -9.07506938088619        9.16952958973126       -7.40520524710896      C
        6.90560150745338        3.17556563937954        4.44795818607036      C
        7.72856749407568        5.06278307552051        3.40304819370308      O
        8.28635949616821        1.46685127011882        5.88036269177366      O
       10.51096892246340        2.45477121166044        6.45871349133963      C
       -9.04413626595378       -9.46736856637879        5.74655985747186      O
       -4.96015543905885      -10.70474607429373        6.64491400823007      O
       -6.29854492701428      -12.83101913095585        7.56068007591296      C
      -10.70796656413397       -0.17063595500466        5.18724325557816      C
       -7.15457364862082       -3.90468533440562       -2.44174867401431      C
       -7.04402336235979      -14.05491770757683        5.91473427805043      H
       -7.96957085224983      -12.06685337530233        8.59726596529727      H
       -5.38634718700308      -13.92264454407017        8.98707844593618      H
       11.56415048420847        0.95427308040287        7.56495934411589      H
       10.02170603804558        4.06380226726496        7.77890773353112      H
       11.61030940055727        2.87317274727552        4.69908295669057      H
       -8.88624203028681       -4.02794887679769       -3.57346253129266      H
       -6.03110013442391       -5.53217762077017       -1.93355905397668      H
       -5.65412996908891       -2.65232654939069       -3.56955892887214      H
      -10.59346377785404       -0.87735046051810        7.11554219284256      H
      -11.76249930137180       -1.42715893723522        3.95149984123176      H
      -11.62418776821304        1.81076404691742        5.50477849092213      H
      -10.96454597949411        9.17198506260102       -6.58858336791718      H
       -8.92732921352347        8.20437469965932       -9.24527029144788      H
       -8.43861901305978       11.13126783670479       -7.41875613561580      H
       -1.10802846807732        7.17910952510492        7.06378548269978      C
       -1.71589432693510        4.90840505761874        8.28273815656823      C
        0.13283845235820        3.34413863216359        9.60587685981530      C
        2.74134078252610        4.06918067065387        9.17409777549912      C
        3.31202313876910        6.36718647459090        7.88206836833325      C
        1.44864325576342        8.01937179281498        7.18588322493939      C
       -0.47179006622066        0.80305477790156       10.46867139525053      C
        1.57083571570813       -0.96571085619777       10.58933302958565      C
        4.04394297527318        0.01713228225979       10.47081792039764      C
        4.68232912593684        2.56360407580359        9.76240020568641      N
       -2.93038910294318        0.07794800151259       11.13847391725793      C
       -3.48303094979581       -2.66197610587786       11.06518625276694      C
       -1.44766599693451       -4.33529020944170       11.43911715101662      N
        0.90099965960480       -3.38885837671997       11.43909246343176      C
        2.84143352195799       -4.99317299437231       12.22717217514892      C
        5.27321262280809       -4.07662912194770       12.34439621239892      C
        5.78049775200688       -1.65463992283512       11.46381390318498      C
       -4.88313419688323        1.64204777995682       12.00062614102446      C
       -7.27167311282742        0.83407338284719       11.92378294654327      C
       -8.06045308912950       -1.65125913250501       11.32545881230158      C
       -6.18933479393352       -3.39123853545031       11.07128428028204      C
       -3.90348488785464        3.88491122034356       12.95740676408106      O
       -4.12505570010164        3.63892471276784        8.11395523672823      O
        1.94643229543951       10.60256661214389        6.13794538765773      C
      -10.79347136773601       -2.62993732170367       11.58096623381973      C
        5.30915808710693        6.60477801876674        7.49737863211274      H
       -2.40038972114375        8.50883789376805        6.44632633354167      H
        7.45150521223158       -0.79721356428700       11.80387422387551      H
        2.69646347834372       -6.99114515763789       11.99864084655353      H
       -6.32022076099450       -5.34733825593837       11.21019629099804      H
       -9.00618179329278        1.76614795716250       12.58006327348176      H
        0.31382994651911       11.71568593421171        4.96849604702542      O
        4.32688445525929       11.58056220699465        6.62453630756008      O
        4.53238480880175       13.77885467012413        5.22264687303809      C
        7.29266232782510       -5.59701299871248       13.61091853023019      C
        9.51953151830772       -5.24423932152292       13.04372045092135      O
        6.48778267383039       -7.55980427155592       14.98705687183424      O
        8.42173715644633       -8.59576757950172       16.56253836776710      C
      -12.75800601978918       -1.58086491468670       11.23060972243034      O
      -10.56620955744141       -5.20106039633864       11.97056582964707      O
      -12.79626652539227       -6.35075222305499       12.36655602772819      C
       -5.11746554012883        4.99794319042989       15.04665087824114      C
       -6.10810303518632        4.97654086257047        6.78782245657867      C
      -14.02464229571154       -6.03356146844620       10.66870636584070      H
      -13.41283858452059       -5.20337252388813       14.04884608768232      H
      -12.57276877338160       -8.18876114547902       13.22273057836130      H
        7.86611810941758       -8.24947439715778       18.44563610465545      H
       10.11931766275407       -7.48977972524686       16.04728513573334      H
        8.96722986351555      -10.71303799324532       16.58884645996977      H
       -7.33869773490052        3.34157442940789        6.04145773556497      H
       -5.14292420613127        5.87085691782269        5.12461670142762      H
       -6.98614539603547        6.58013507409322        7.86279159514600      H
       -4.10840936318846        6.78001280133467       15.13534599320405      H
       -4.82784266798225        3.79789294395204       16.75269959619426      H
       -7.02405565236437        5.25187736004376       14.59250978722755      H
        6.56255969852263       14.33110869142455        4.93963934355256      H
        3.39046641765080       15.17975392171437        6.16253304546685      H
        3.87922518907747       13.53877367491759        3.24762448069806      H
$end
