$coord
       -6.45062449430213        2.13815653650041       -1.22624856029088      C
       -5.17696788658283        0.18876995784577        0.05155621325458      C
       -2.78941147095789        0.85869334898324        1.13320080968569      C
       -1.83269582240266        3.31489001481787        0.99603724630380      C
       -3.24102728603768        5.05214860225108       -0.33337270817225      C
       -5.55369582616036        4.45557347779518       -1.33305513193065      C
       -1.36693709914470       -0.68526635254954        2.67924834062087      C
        1.25004923480289       -0.26236535183388        2.82573751792335      C
        2.16356103943162        2.19099607413579        2.68472746473658      C
        0.54995343616652        3.94549941464359        1.87077088350326      N
       -2.16269475177599       -3.11313438291097        3.77928390407526      C
       -0.40541015906386       -5.07582965250557        4.22382047187784      C
        2.09492529254588       -4.63408512649578        4.26463487055431      N
        2.94678124820506       -2.37809514161102        3.37336959867328      C
        5.42358202009764       -1.86429725130741        3.96065930631665      C
        6.37388447391045        0.50639352014994        3.53587937683830      C
        4.74649610853055        2.51513180894204        2.65108639405905      C
       -4.69437471833301       -3.49467606943337        4.68180267934380      C
       -5.38606239556269       -5.75677371325057        5.83551734108036      C
       -3.70577687917837       -7.69984475738013        6.19379355492981      C
       -1.21715720194372       -7.41297228818448        5.28398598874736      C
       -6.05129152869171       -1.22131119004617        4.82574824753686      O
       -5.86419332319192       -2.37733443880060        0.09387684082403      O
       -6.83902033817600        6.50362222041866       -2.73192386988980      C
       -4.38441357380601      -10.08887745330597        7.41898841147893      C
       -2.34829822442048        7.05477913779991       -0.46282500181180      H
       -8.49776288717646        2.02606678744323       -1.71356179845290      H
        5.62049990748938        4.38357318153435        2.49848295628781      H
        6.63266821475690       -3.33700417040574        4.37631901102235      H
        0.22185404975763       -8.73625770469812        5.68573332186050      H
       -7.34373144155053       -6.18691587724335        6.55673251748759      H
       -8.84841926505877        6.16246940883005       -3.85227950634774      O
       -5.82686569197594        8.89289081274314       -2.76468463315313      O
       -7.62135627179132       10.56848955164003       -3.18949877223948      C
        9.08103177143722        1.20170199509264        4.00851741618917      C
        9.79452894890438        3.50257416610939        3.91297271013695      O
       10.66729510109253       -0.70196551415216        4.63858395338656      O
       12.77518593731805        0.47387695992948        5.78418671859740      C
       -6.33351563257653      -10.44381145783481        8.37402689558013      O
       -2.68614839359687      -12.03340318929679        7.11338289677309      O
       -2.96975893576502      -13.90517701223502        8.90111303489744      C
       -8.59247335015270       -1.61420620683301        5.37685505015336      C
       -7.23530481977224       -3.21038627922833       -1.90855161246373      C
       -2.75957140591457      -12.97962040846275       10.72001144856498      H
       -1.58529298569623      -15.36380846785120        8.51538863354147      H
       -4.97391547588321      -14.40943597068946        8.84266359712009      H
       14.28431868500653       -0.96820443786165        5.89127564008559      H
       12.54429330708724        0.90235908498078        7.76266189005252      H
       13.48032665378760        2.15814611454750        4.64956956135894      H
       -8.68326260978816       -1.65069229752008       -2.34194937795774      H
       -8.30668634781740       -4.86824844533097       -1.61310246227188      H
       -6.12822301929888       -3.44779478603198       -3.46395692497881      H
       -9.64462926206239       -2.99409597937268        4.09078877278707      H
       -9.45656911216125        0.20873951004632        5.49142008028679      H
       -8.45576523337855       -2.44636133332420        7.36957411980743      H
       -7.00424839433290       12.46781234302218       -2.92830804994161      H
       -8.96954794118785       10.23155264765567       -1.65320113275424      H
       -8.69115432844498       10.39203132533017       -4.92660336237361      H
       -3.21045362883789        7.81974238245095        6.52745059151795      C
       -4.12179122591667        5.49177760881843        7.61205217616997      C
       -2.21143166930385        3.49729610902885        8.22790792729274      C
        0.39471627434250        4.00203723679133        7.66730220484823      C
        1.18131091680061        6.46407234749252        6.86789881532323      C
       -0.66815627601097        8.24719272105311        6.33067339791366      C
       -2.69378899442575        1.43228527467929       10.07504650872507      C
       -0.68032757569927       -0.14539673065547       10.54266550523580      C
        1.69362029629532        0.35117455504859        9.46946954962840      C
        2.23243024987899        2.39532736336308        8.22803070937820      N
       -4.87768728961373        1.10201915212879       11.52082589785539      C
       -5.29376288281619       -1.48072722078988       12.19583334745546      C
       -3.34299439833189       -3.12867863886226       12.74251990499511      N
       -1.02531330170463       -2.32056936205257       12.00640564942166      C
        1.23574207431997       -3.87565516190660       12.67645352709258      C
        3.57009946850951       -3.18322847843632       11.56277174658955      C
        3.69820364706022       -1.24555362549791        9.88544139815005      C
       -6.61076332347013        3.00030812773817       12.07828040696352      C
       -8.98211162900057        2.21048784628185       12.77364720879994      C
       -9.73524470405768       -0.28353330771885       13.01507847625933      C
       -7.88536812878507       -2.18433201273091       12.89155505566267      C
       -5.56335184063578        5.33955216187540       12.18692632772750      O
       -6.81089210900220        5.05672292538912        7.40299165979225      O
       -0.08817039587599       10.86075383357656        5.33266797107540      C
      -12.38640309438039       -1.20657000089093       13.06173670732362      C
        3.07379441262048        7.04376794024199        6.69361855106768      H
       -4.60343223529350        9.13072685884416        5.80874984323736      H
        5.51600125666050       -1.28998205363001        8.87713814046308      H
        1.12005070858431       -5.36650790267132       13.92663403824466      H
       -8.38881031556695       -4.06632015222334       13.35479353908429      H
      -10.31501013204300        3.66023253181483       12.97409457534029      H
       -1.47194099352856       12.02056841053014        3.85229589257232      O
        2.31665982062931       11.83728422233890        6.02332291383365      O
        2.63232968198211       13.98496529079347        4.60693964462347      C
        5.49332831960176       -5.19703060100705       11.23829292820541      C
        7.73622650336515       -4.60591409180503       10.63115863263647      O
        4.85072468268358       -7.63173181304275       11.90198369197662      O
        7.09726949741268       -9.16092219659124       11.59209565259554      C
      -13.94504986549823       -0.03636076328830       14.27986719931346      O
      -12.87922079817347       -3.45291829386892       11.70171549956188      O
      -15.30882878803753       -4.44419282581013       12.00724300939148      C
       -6.90479482976514        7.44517386309799       13.25783510956528      C
       -7.63776097045767        5.03144491781902        4.91686725195547      C
      -15.39556345386235       -6.48695624530728       11.60528236374196      H
      -16.55587021255756       -3.70689566766635       10.46374461652909      H
      -16.19198925631548       -4.11685413545701       13.80249718985525      H
        7.80440351351725       -8.79370094838606        9.79819876369751      H
        6.69806199109039      -11.08700437140679       11.92349897629150      H
        8.40673997102849       -8.89007169025263       13.10644603359681      H
       -6.92723614114873        6.67410881570010        3.70887330960561      H
       -9.65916151229509        5.25663867123655        4.95177411310828      H
       -6.91907582904608        3.40819919867846        3.90626374899492      H
       -6.85726421230061        7.36060207659496       15.19662266245854      H
       -8.90901639265682        7.47958334507723       12.84482125713074      H
       -5.93155990810417        8.96432773906562       12.17961456879376      H
        1.24309301749480       15.53318618894158        5.23367123105410      H
        2.48739869781901       13.81188006567239        2.67508105192962      H
        4.49853071567966       14.66316805181396        4.91082344317177      H
$end
