 -1.0
 -0.76005462527542D+00  0.44887131253441D+01 -0.49884713313952D+01 -0.16725259706695D-03 -0.57397859561201D-04 -0.40989200453393D-03
 -0.30043738765327D-01  0.24711098211759D+01 -0.34346316075660D+01 -0.26635075969375D-03  0.51990659887901D-03  0.16012418802540D-03
  0.56390964601325D+00  0.29638338338430D+01 -0.88927702552763D+00 -0.73865639925393D-04  0.64599909183685D-03  0.30633378881471D-03
  0.15952373116190D+01  0.52437135455348D+01 -0.12233874436317D+00 -0.22052038910849D-03 -0.26111249478852D-03 -0.63917710211329D-03
  0.11040251469697D+01  0.72669200080876D+01 -0.17603470730278D+01  0.28726343580257D-03 -0.19384154175653D-03  0.28933420268710D-04
 -0.29211395875916D+00  0.69701757772123D+01 -0.40329849768657D+01  0.55461088060898D-04 -0.32938511840975D-03 -0.73284504911553D-04
  0.93834231826126D+00  0.74004009158868D+00  0.83791493064471D+00  0.26829311655526D-03 -0.39933388449762D-03  0.92673043752523D-05
  0.25529712398548D+01  0.11429724327251D+01  0.29236463292470D+01  0.15314875254051D-03 -0.36015292688514D-03  0.70926671764613D-04
  0.35185784271895D+01  0.35989634244405D+01  0.35381764656062D+01  0.46935632426722D-03  0.18109563520829D-03  0.90268794109360D-04
  0.29082199714402D+01  0.54740311254126D+01  0.19994131435280D+01 -0.72937026920666D-04 -0.65741300108879D-03 -0.15766898075355D-03
 -0.14893564601217D+00 -0.16899794596801D+01  0.69360379736086D+00  0.37399119410081D-03  0.32513165384552D-04 -0.40766463818525D-03
  0.97357614672278D+00 -0.37337272497460D+01  0.21495955167490D+01  0.28166989493445D-03 -0.12051973378565D-03  0.68114629260395D-05
  0.28985714067442D+01 -0.33709677538930D+01  0.38879250204870D+01  0.20159486012892D-03 -0.25829182810433D-03  0.64081732325155D-03
  0.35521854952002D+01 -0.93449275778782D+00  0.41836727189878D+01 -0.86408303200699D-03  0.27229345081596D-03 -0.55156251870448D-04
  0.55439873668097D+01 -0.41827055797178D+00  0.60567191006702D+01 -0.12190270268971D-04  0.42145191088951D-03  0.34437398215790D-03
  0.65709170350730D+01  0.19638386175297D+01  0.64600424025372D+01  0.43462472847617D-04  0.37508478994409D-03 -0.42002167326077D-03
  0.54680196655272D+01  0.39766221984332D+01  0.52338345103352D+01  0.52311471696971D-05 -0.27347357928644D-03 -0.31414979757734D-04
 -0.27448053325916D+01 -0.22047746165449D+01 -0.69765400071203D-01  0.28150417015241D-04  0.18706955946488D-03  0.24581563910681D-03
 -0.36510654103893D+01 -0.47398917262583D+01 -0.32426640682067D+00  0.25099248543359D-03  0.46268337827689D-04 -0.42660045511850D-03
 -0.23203740185184D+01 -0.66782700434921D+01  0.64064311750046D+00  0.20791284853924D-04  0.37160031135363D-03  0.20876677671895D-04
 -0.11865329148034D+00 -0.61633639590728D+01  0.20048457992525D+01 -0.17050392143068D-03  0.17306950285521D-03 -0.12645962778285D-03
 -0.41161160149846D+01 -0.11463425303090D-01 -0.57275462405991D+00 -0.35292975369151D-03 -0.17656207702255D-03 -0.40144553170957D-04
 -0.28639990675702D+00  0.76870266766086D-01 -0.44499472633434D+01  0.42603166251263D-03  0.27879159982384D-03  0.16456131242253D-03
 -0.73633150002260D+00  0.90993030432482D+01 -0.58372594926964D+01 -0.11024486847827D-03 -0.24126264017508D-03 -0.38040053190416D-04
 -0.29656283172448D+01 -0.94417978480312D+01  0.51855998678218D+00 -0.14055737054528D-03  0.28625644690862D-03 -0.24302865369974D-03
  0.14621527315289D+01  0.91313726567326D+01 -0.10026763771625D+01 -0.58745862784242D-03 -0.71285235182653D-03  0.45116980682208D-03
 -0.79786881956350D+00  0.42600579309372D+01 -0.71211002739391D+01 -0.39000242003677D-03 -0.33734902668685D-03 -0.10323981338137D-03
  0.61054052332148D+01  0.58315045010947D+01  0.58101529611643D+01  0.17519080620030D-03  0.94408596290591D-04  0.32414664278584D-03
  0.61957733341234D+01 -0.19025835983540D+01  0.71672407049218D+01  0.18687327412159D-03  0.11073270459058D-03 -0.21102795235915D-03
  0.58425572285883D+00 -0.73893015377278D+01  0.33895741296621D+01  0.92425986692724D-03  0.22754737458729D-03 -0.77185125619877D-03
 -0.52376385361143D+01 -0.54910181243519D+01 -0.14330529240913D+01  0.51683868210806D-04  0.14381920983743D-03  0.25267215683446D-03
 -0.17166285672348D+01  0.87115831931286D+01 -0.78136170348667D+01  0.17534726506654D-03  0.15726008817305D-03  0.18555716074239D-03
  0.19887381913293D+00  0.11440005599140D+02 -0.49482791077370D+01  0.34558022650230D-04  0.46738238761808D-04 -0.39156256232533D-03
  0.60072238667548D+00  0.13162453452509D+02 -0.70970928084374D+01  0.43229000265402D-04 -0.66102495693933D-04 -0.11700364218990D-03
  0.84152963609527D+01  0.28664477947731D+01  0.83746933049060D+01 -0.31226170984489D-03  0.27810071554461D-03 -0.32392343761396D-03
  0.92626348995714D+01  0.14724827134139D+01  0.99413500163566D+01 -0.52963955442248D-03  0.33677131916533D-03  0.39568667633427D-03
  0.86827426659052D+01  0.55812788130518D+01  0.87822601699982D+01  0.27479112108759D-03 -0.48161308827716D-03  0.78923289735910D-04
  0.94290428336929D+01  0.59193430453824D+01  0.11367073197877D+02 -0.27618734808075D-03 -0.35572126660959D-03 -0.59046439738632D-03
 -0.43109925100098D+01 -0.10179470426260D+02 -0.12712293004257D+01  0.21342271314671D-03 -0.23592237196332D-03 -0.63697799788276D-03
 -0.18449343068055D+01 -0.11059404055289D+02  0.22074444884300D+01  0.11498302961977D-03 -0.21732811006626D-04 -0.35617793898987D-04
 -0.15137150555265D+01 -0.13460777265767D+02  0.12390474799398D+01  0.12586639205027D-03 -0.16356217564445D-03  0.13674871128828D-03
 -0.63594399774880D+01 -0.30538657040638D+00 -0.19574668020581D+01 -0.37396050140988D-03  0.11397952515912D-03  0.22460606176061D-03
  0.21152505115438D+01 -0.91604377996835D+00 -0.51014936847262D+01 -0.26304317305140D-03 -0.68835901794348D-04  0.48497199848907D-03
 -0.66459128016257D+00 -0.14450351992613D+02  0.27609151739027D+01 -0.84717150416224D-03  0.25486275413847D-03  0.76634137424363D-04
 -0.37654738288557D+00 -0.13369251793551D+02 -0.54437040023058D+00  0.23485554613722D-03 -0.23397869888997D-03  0.12104562195424D-03
 -0.32242822566461D+01 -0.14425078986550D+02  0.61737547496858D+00  0.42680609863195D-03 -0.31002418812723D-03  0.11254179080032D-03
  0.11112904097056D+02  0.45642015591042D+01  0.11734190232232D+02  0.11676530771787D-02 -0.46865409175528D-03 -0.47179418387450D-03
  0.75442894234413D+01  0.56240729954290D+01  0.12344999452464D+02 -0.45416199047587D-03  0.10075932341681D-02  0.63431461752723D-03
  0.99253313191664D+01  0.78578820081128D+01  0.12079496743186D+02 -0.10522874261724D-02 -0.87284347216051D-04 -0.22826039737548D-03
  0.22403923602580D+01 -0.25839308952642D+01 -0.39770441354905D+01  0.22462160837698D-03  0.31375374332769D-03 -0.46611534577592D-03
  0.35574991876742D+01  0.64703166783082D+00 -0.45321761793205D+01  0.11299607531834D-02  0.10981612377340D-03 -0.57409254363362D-03
  0.22941019456497D+01 -0.12783271547230D+01 -0.72435548396514D+01  0.17683981053707D-03 -0.72586461682426D-03 -0.29413874410237D-03
 -0.77652674640851D+01 -0.17043227013094D+01 -0.16792862832650D+01 -0.17308063609515D-03  0.10286814834117D-02 -0.21197703859185D-03
 -0.57197698990681D+01 -0.69770642233840D+00 -0.39172143694764D+01 -0.89654708239534D-03 -0.25968279264381D-03  0.30275862319604D-03
 -0.72061174993788D+01  0.14342633963730D+01 -0.15916568811690D+01  0.65960390733074D-03 -0.93173064303527D-04 -0.14463741153134D-03
 -0.40562967775777D+00  0.14828001564306D+02 -0.68002307239793D+01 -0.42017632122501D-03  0.18998805384821D-03  0.11252721358162D-02
  0.11411143466282D+00  0.12552892557815D+02 -0.90277111044053D+01 -0.74362379209962D-04  0.70205969085822D-03 -0.54034666555930D-03
  0.26841243196141D+01  0.13301578865703D+02 -0.75961788642436D+01 -0.56196974670401D-03  0.38944723560111D-03  0.12388669078029D-03
 -0.93969067290345D+01  0.29581975479905D+01  0.75349762168946D+01  0.26702009974474D-03 -0.42481996205601D-03 -0.63477036317938D-04
 -0.89218079413493D+01  0.12857284706319D+01  0.94777995651979D+01  0.69632414882340D-04  0.28548654343664D-04 -0.39184520050286D-04
 -0.64173723719356D+01  0.38001972839286D+00  0.98382898396966D+01 -0.19623935227253D-03  0.71716895677553D-04  0.39505217141342D-03
 -0.45244030581837D+01  0.55763735321323D+00  0.78034766157968D+01  0.10432031228092D-03 -0.11043076595012D-03  0.17074312834446D-03
 -0.51852289595002D+01  0.21503079496652D+01  0.58302510855316D+01 -0.19100212852367D-03 -0.39453211289251D-04  0.63311541551581D-03
 -0.74610211598155D+01  0.33353264894225D+01  0.57407406602292D+01  0.34865113506841D-03 -0.17510799808639D-03 -0.13072703922131D-04
 -0.54650607777263D+01 -0.78104384424906D+00  0.12136419474755D+02  0.44127556517473D-03 -0.10591622667274D-04  0.42355026276637D-03
 -0.31231449000159D+01 -0.19986589736025D+01  0.12262508628685D+02  0.29903856369267D-03 -0.39160208754905D-03 -0.29243411679769D-05
 -0.16442646950195D+01 -0.15350963413177D+01  0.99849782011708D+01 -0.33023274903317D-03 -0.45283773460030D-03  0.12771328780380D-03
 -0.21661551989893D+01 -0.47217915386442D+00  0.77802806059508D+01  0.58062267974055D-04  0.33119483059272D-04  0.96982196922235D-04
 -0.66418277532150D+01 -0.22733843599767D+00  0.14443926358141D+02  0.27233727340917D-03  0.22050045469700D-03  0.36129903391186D-03
 -0.57172356683178D+01 -0.17581780557896D+01  0.16609625470949D+02  0.29635582603205D-03 -0.22393949391377D-05  0.72904061056140D-03
 -0.38170821967939D+01 -0.34138941584919D+01  0.16575527073049D+02 -0.37326267669999D-04  0.76672993114186D-04  0.78329704707083D-04
 -0.25046841278677D+01 -0.36825652723190D+01  0.14324848622816D+02  0.25165932344459D-03  0.58435844437643D-04 -0.35425248484634D-04
 -0.78634047768680D-01 -0.46600326108117D+01  0.14193668056529D+02 -0.12188180915720D-03 -0.34330695788000D-03 -0.46632635008182D-03
  0.14927481995164D+01 -0.42593100850836D+01  0.12060681770522D+02 -0.26521719496680D-03  0.23409657657261D-03  0.29242721775098D-04
  0.63898926870767D+00 -0.29121709762515D+01  0.10098189070994D+02  0.74709121417883D-04 -0.11478133914762D-03  0.29991689081245D-03
 -0.76904635879202D+01  0.21313415264520D+01  0.15153705900237D+02  0.34751305341619D-03 -0.34191716923009D-04  0.91040778537283D-05
 -0.87233306014647D+01  0.25952043126096D+01  0.17523316987376D+02  0.55288252791601D-03  0.29472290365804D-03 -0.17472817326030D-03
 -0.85945568991382D+01  0.59225829146507D+00  0.19235709605090D+02  0.17979598631311D-03  0.12726442419295D-03  0.10298218375172D-03
 -0.69705316686771D+01 -0.14411716443184D+01  0.18817146724950D+02  0.79812193799416D-04  0.10520101118092D-03 -0.29475850367719D-03
 -0.76817297658870D+01  0.43011921331767D+01  0.13451306014497D+02  0.72171115859465D-05 -0.69694854246829D-04  0.50951231651776D-05
 -0.10697757888676D+02 -0.16592943617645D-01  0.10756376338227D+02 -0.38042499509627D-04  0.25157837465810D-03 -0.12345292800153D-03
 -0.83398946391438D+01  0.53478714423273D+01  0.36872983841961D+01 -0.45730099119668D-03  0.73635814936338D-04  0.47935637725995D-03
 -0.99948800352300D+01  0.23726903680026D+00  0.21700586697636D+02 -0.63115272682536D-04  0.19870315778684D-03 -0.38557154559199D-04
 -0.37336792995689D+01  0.20946441235560D+01  0.44326056618564D+01 -0.46820975542563D-03  0.84622230885548D-03 -0.59341783563829D-04
 -0.11097115025458D+02  0.35202963449498D+01  0.67689873264081D+01  0.38712782948921D-03  0.80105542016554D-04 -0.23332693187794D-03
  0.20912842491726D+01 -0.28774055775466D+01  0.86167170728651D+01 -0.20077205744695D-03 -0.27595419742113D-03  0.17178816751553D-03
  0.83698816077661D+00 -0.53185872212932D+01  0.15981057978877D+02  0.85454670216217D-04  0.79087161447132D-03  0.80391022912167D-03
 -0.62976995899417D+01 -0.26077386665375D+01  0.20424985472890D+02  0.76101426535048D-03 -0.55402185011844D-03 -0.39983338144208D-03
 -0.10295015519925D+02  0.38513108444225D+01  0.18142312139356D+02 -0.72659533868738D-03 -0.20042018370304D-04  0.21215476961396D-03
 -0.74793025716557D+01  0.74565352621911D+01  0.34690719525111D+01 -0.18996521541079D-04 -0.12823501870079D-03 -0.18755711128785D-04
 -0.94745948255426D+01  0.40136214677243D+01  0.16356167817140D+01 -0.61974023859258D-05 -0.24558476693908D-03  0.92101275593167D-04
 -0.93227681501701D+01  0.52889860237655D+01 -0.61786516167039D+00 -0.18784117317577D-04  0.53130024947601D-03  0.57018333279291D-03
  0.40668445951902D+01 -0.54318162616908D+01  0.12097454124293D+02 -0.36065879037263D-03  0.28218361426189D-05 -0.39881467097316D-04
  0.54885945918254D+01 -0.56962312467402D+01  0.13944312141028D+02  0.34266084440386D-04  0.26848711439384D-03 -0.21803517988038D-03
  0.46873087505812D+01 -0.62626709605644D+01  0.97258359736909D+01  0.13140227404507D-03 -0.10859754182425D-03 -0.28831402147635D-03
  0.72663397509053D+01 -0.68751088003295D+01  0.10017424176851D+02 -0.45663486325092D-03 -0.38529070999524D-03  0.52351267647880D-03
 -0.92394949595668D+01 -0.95900077945475D+00  0.23549912323412D+02 -0.17077918802919D-03 -0.10386260616986D-04 -0.44437329718812D-03
 -0.12574794158848D+02  0.96429569662115D+00  0.21762529219977D+02 -0.17951144346746D-04  0.28397018997166D-03 -0.39082689867304D-03
 -0.13791455843321D+02  0.19650481652521D+00  0.24132825046968D+02 -0.40176052872289D-03  0.26690418761274D-03 -0.44216787287409D-03
 -0.50503686433049D+01  0.50391227915420D+01  0.12870517085093D+02  0.30733706752272D-03 -0.47871213287780D-03  0.12928738353904D-03
 -0.13137207602278D+02  0.66656027688830D+00  0.10010623606758D+02  0.38864086100113D-03  0.26537808719381D-03  0.19416051894308D-04
 -0.14642609248775D+02 -0.16959436908529D+01  0.24153823829096D+02 -0.55092091050647D-03 -0.48566099966863D-03  0.19964730140180D-03
 -0.15444500069257D+02  0.13542407726790D+01  0.23889682045824D+02  0.12107367296936D-03  0.10152359741513D-03 -0.14646798390041D-03
 -0.12774677437570D+02  0.33686340983934D+00  0.26086695996751D+02 -0.46431810123141D-03  0.11145650359115D-03 -0.24619485461092D-03
  0.82961415403126D+01 -0.54297236588432D+01  0.11014042105761D+02  0.95704705949354D-03 -0.80783088800892D-03  0.26701191893042D-03
  0.84061558996426D+01 -0.71295494346460D+01  0.81690153082812D+01  0.67307779619966D-03  0.27043597852722D-03 -0.68333554856498D-04
  0.70872797641864D+01 -0.87945695085688D+01  0.10831556702655D+02 -0.51376925487004D-04 -0.12491028706269D-03 -0.35274880944997D-03
 -0.14373030591395D+02 -0.36535642055835D+00  0.11300562751048D+02 -0.85614308065922D-04 -0.80770464575102D-04  0.74017190464539D-03
 -0.13558841863777D+02  0.26172619005213D-01  0.80137300981558D+01 -0.75747104160826D-04 -0.36091504725923D-03  0.69879139510224D-03
 -0.13303829550726D+02  0.27540212157403D+01  0.10198420257204D+02  0.61919660784561D-04  0.11307512701382D-03 -0.22030181147055D-03
 -0.47110630548748D+01  0.70604373723179D+01  0.12738576525656D+02 -0.11608327836022D-02  0.28913576238173D-04 -0.37490365305980D-04
 -0.52588640659074D+01  0.43289799281004D+01  0.10728290156779D+02 -0.11270044282271D-02  0.30965233198138D-03 -0.27162522523857D-03
 -0.34865379828443D+01  0.41249949793962D+01  0.13956709709157D+02 -0.33644356589703D-03 -0.88158204640549D-03  0.40873003204238D-03
 -0.10988496552320D+02  0.47018713205179D+01 -0.18216713788682D+01 -0.90613775247381D-03 -0.25217939199674D-03 -0.57616290944090D-03
 -0.75383837803908D+01  0.46077331230810D+01 -0.15706322077342D+01 -0.25476595993110D-03  0.65695937316520D-03 -0.14077886978480D-03
 -0.93561520961108D+01  0.73830449363544D+01  0.89756176160761D-01  0.10421561852211D-03 -0.15918069951575D-03 -0.76514696480557D-03
