 -1.0
 -0.66446378069216D+01 -0.58502650314851D-01 -0.13879017915387D+01  0.24500778703825D-03 -0.26113015169037D-03 -0.54323612956543D-03
 -0.47819916138764D+01 -0.16744254657258D+01 -0.54040700809584D+00 -0.79542604787103D-04  0.24903779471138D-03 -0.18185635413905D-03
 -0.25833942146160D+01 -0.50789274932699D+00  0.37265925662714D+00  0.30293825732395D-03  0.22763516439891D-04 -0.93631812357880D-04
 -0.21713468648786D+01  0.21388197023687D+01 -0.42168877136788D+00 -0.57215459464491D-03 -0.32046520265653D-03  0.96115806016529D-04
 -0.41363339949955D+01  0.38438868802374D+01 -0.83776238462646D+00 -0.29322654500977D-03  0.39319735027494D-03 -0.10045658751763D-04
 -0.64878180732532D+01  0.26587840822552D+01 -0.11921859951853D+01 -0.45876667535908D-03 -0.65395095745907D-03  0.59081979204710D-03
 -0.10164427738599D+01 -0.18031375069084D+01  0.20243785744781D+01 -0.59785570512238D-03 -0.60724346897138D-03  0.18242046796535D-03
  0.14169001058304D+01 -0.58945830123332D+00  0.23508064600744D+01 -0.17854992553027D-03  0.40395335731656D-04 -0.38477619500747D-03
  0.18853649222308D+01  0.18351572129421D+01  0.14888467994588D+01  0.43772895946588D-03 -0.25733951146487D-03  0.22758594288306D-03
  0.27546928416995D+00  0.33012723532104D+01  0.16056139432816D+00  0.25221243338261D-03 -0.27574382656360D-03  0.12323667149071D-03
 -0.18304917546107D+01 -0.36566248181600D+01  0.36558022327352D+01  0.57840522013858D-03 -0.23261923372225D-03  0.65864650842974D-04
  0.27683489223748D+00 -0.51160144966333D+01  0.46304983512134D+01 -0.58338278403143D-03  0.39710375351190D-05  0.34764118638640D-03
  0.27069030867852D+01 -0.44981013204801D+01  0.45945887774539D+01  0.47136281869507D-04  0.15557078280751D-03 -0.21030538596450D-03
  0.31626333845650D+01 -0.22015387539444D+01  0.36792452606770D+01  0.14213712187703D-03  0.24674909009753D-03  0.38108935487036D-04
  0.52095201753258D+01 -0.95350650878005D+00  0.47403322388209D+01 -0.19704909873294D-03 -0.64932885142610D-03  0.65057899533269D-03
  0.59726836993231D+01  0.13563400971647D+01  0.36588334861158D+01 -0.24780171419043D-04 -0.87193964616418D-04 -0.28334326983677D-04
  0.43980132508434D+01  0.26232727239594D+01  0.19113662904106D+01 -0.17536681033298D-03  0.39423887831975D-03 -0.52289306661569D-03
 -0.42756466313811D+01 -0.38547527485073D+01  0.42641615064984D+01  0.96398610317008D-04  0.31523202727559D-03 -0.22391359467603D-03
 -0.48438465035704D+01 -0.62999179191066D+01  0.51714634796654D+01  0.94411895705871D-03  0.36324987658664D-03  0.15440128767631D-03
 -0.31933619838451D+01 -0.81436448781836D+01  0.58433168505130D+01  0.12986534606663D-04 -0.37790569729250D-03 -0.52483425831017D-03
 -0.75259116222298D+00 -0.74418103552592D+01  0.57130742297504D+01 -0.32536070484914D-03  0.13994233907860D-03  0.41960538365982D-04
 -0.60870219696598D+01 -0.20357824742230D+01  0.34126284625097D+01 -0.28411748310141D-03  0.52285991372771D-03 -0.23111921423214D-03
 -0.54684336156101D+01 -0.42297153266220D+01 -0.12671914579084D+01  0.44900497106661D-03  0.11506775028224D-03 -0.45125789887120D-03
 -0.91017145894462D+01  0.42883824846249D+01 -0.11400359086002D+01  0.23356025309035D-03 -0.41241500687818D-04  0.42895780317282D-03
 -0.39533118799154D+01 -0.10118392924452D+02  0.77902391894782D+01  0.55218757310029D-03  0.31624111645828D-03  0.37512422352859D-03
 -0.36520870957841D+01  0.56056954436706D+01 -0.18868497252117D+01  0.95655853884870D-04 -0.32767774249008D-03  0.77070344213360D-04
 -0.83507244554812D+01 -0.12760105222561D+01 -0.13954019719990D+01 -0.62803443444171D-03  0.12260613237667D-02 -0.10170321066515D-02
  0.47864467548459D+01  0.45343648905891D+01  0.16301226512126D+01 -0.43154292534567D-03  0.55522136403903D-03 -0.33655315514772D-05
  0.66442690739087D+01 -0.18485202070721D+01  0.57679672398027D+01 -0.25448552370481D-03  0.23298134717114D-03 -0.10303223951425D-03
  0.55332127224713D+00 -0.79475849044799D+01  0.69112306586086D+01 -0.94509900714530D-03  0.44234206824334D-03 -0.60158423599735D-03
 -0.68697325228173D+01 -0.63813094202776D+01  0.55523096504814D+01 -0.20471095514141D-03 -0.35665481243189D-03 -0.73361044939211D-03
 -0.11096756121294D+02  0.32154892807399D+01 -0.97548820336717D+00 -0.70358230257933D-03 -0.12372779408097D-04  0.47283804598721D-03
 -0.86759836213458D+01  0.66055120079557D+01 -0.80520685455005D+00  0.82710734116997D-04 -0.24254248653003D-03  0.20362639604046D-03
 -0.10699343204126D+02  0.81027540995670D+01  0.90739399335390D-01  0.21601022988615D-03  0.28439180995615D-05 -0.54539475171609D-04
  0.82292316718674D+01  0.24441195661901D+01  0.45214838949218D+01 -0.40970652438096D-03 -0.44972486032917D-03  0.23847524420393D-03
  0.82532636272191D+01  0.47934577336753D+01  0.45849476829406D+01  0.34018924864431D-03 -0.54659227959436D-04 -0.37859811890798D-03
  0.10089773744004D+02  0.96732415897430D+00  0.52498144863147D+01 -0.38165076897496D-03 -0.30138242519761D-03 -0.72964681969517D-05
  0.12020797236038D+02  0.21517354031289D+01  0.66527928238045D+01 -0.27074108404909D-03  0.81119647074028D-03  0.51312464131958D-03
 -0.62494930999805D+01 -0.10846984240207D+02  0.77938022476322D+01 -0.17695394769404D-03  0.59119552003537D-04 -0.18416388321718D-03
 -0.20409000856686D+01 -0.11265523767557D+02  0.92336540558987D+01 -0.26045419267764D-03 -0.38870389306619D-03  0.40093301830025D-03
 -0.33486957923992D+01 -0.13302548312568D+02  0.10225545653285D+02 -0.23242823589929D-03  0.29418487527551D-03  0.63433041478379D-04
 -0.84375514948439D+01 -0.24693377369344D+01  0.47905004082186D+01 -0.53340379774223D-03  0.30010433527643D-03  0.56729886539080D-04
 -0.34687784344838D+01 -0.57899039280324D+01 -0.18738109243495D+01  0.40702723750896D-03  0.19513354499353D-03  0.30061127979698D-04
 -0.49241453974543D+01 -0.12510126319065D+02  0.11486277625273D+02 -0.30047712119863D-03 -0.36521528022586D-04  0.65566397662490D-03
 -0.17566569635622D+01 -0.14382345196365D+02  0.10818236068405D+02  0.49374358786624D-03  0.75647881452231D-03 -0.43200662717186D-03
 -0.38354537208098D+01 -0.14134514833506D+02  0.83415754226907D+01  0.46659641085085D-03  0.68130253462022D-03 -0.24381907601481D-04
  0.13885236761676D+02  0.14002451419475D+01  0.62319493598112D+01  0.55503665463622D-03 -0.15915892457928D-03 -0.42293904502102D-03
  0.11951180377849D+02  0.13451524224872D+01  0.86841138427944D+01  0.47926533068141D-03  0.20533621337271D-03 -0.39854603908662D-03
  0.11363736160023D+02  0.42228150577109D+01  0.66148791208194D+01  0.49564559978238D-04  0.57091207244348D-03  0.56109365031178D-03
 -0.43657430691419D+01 -0.74492852608023D+01 -0.26100350384027D+01 -0.21635506510814D-04  0.13807163126269D-03 -0.10905496054596D-02
 -0.22917262898129D+01 -0.65533800454529D+01 -0.31307385428130D+00 -0.49632605688794D-03  0.42458407074818D-03 -0.18671194407972D-03
 -0.21227100704966D+01 -0.52546409030968D+01 -0.33658218200408D+01  0.27130076116383D-03 -0.48512504578206D-03 -0.63714354957906D-03
 -0.80421207184759D+01 -0.31233572841302D+01  0.67221238350122D+01  0.15595218758634D-03 -0.70191804329477D-03 -0.34855390046202D-03
 -0.98198638892678D+01 -0.38921810940586D+01  0.39998835631881D+01  0.23478845365643D-03 -0.10961542056218D-02  0.57112517213457D-03
 -0.92833658228302D+01 -0.66833218799281D+00  0.44594927348602D+01  0.55770393357364D-04 -0.18932869090498D-03 -0.10926187599156D-03
 -0.99402935779083D+01  0.10017303157397D+02  0.41213039088979D+00 -0.94822348104405D-04  0.34287468700728D-03  0.34119423656037D-03
 -0.11673847187916D+02  0.74480552233550D+01  0.18142944484325D+01 -0.16344028668740D-03 -0.84614568120992D-03 -0.15845985246059D-03
 -0.12153268593101D+02  0.83516200761826D+01 -0.14646845018111D+01  0.79222355705495D-04 -0.28154862161795D-03 -0.43741168066062D-03
 -0.18248211241227D+01  0.72626939863942D+01  0.51112297531116D+01 -0.29112793959922D-03  0.36606073479019D-03  0.13559638204142D-03
 -0.29873603869224D+01  0.53784049946054D+01  0.65861890466762D+01 -0.30859427186587D-03  0.33230661001092D-03  0.12275862874782D-03
 -0.14046337475752D+01  0.35201514974726D+01  0.78427642465324D+01 -0.14005497350376D-03 -0.28327951076156D-03 -0.10463350221409D-03
  0.12675205242777D+01  0.34774239426965D+01  0.77515264610953D+01  0.29959270014048D-03 -0.11245688083873D-03 -0.30081026958552D-04
  0.23246376845560D+01  0.56738071266096D+01  0.66619880145110D+01 -0.43407970919509D-04 -0.19833574025379D-03  0.20836765940267D-03
  0.10761624262859D+01  0.75057426517507D+01  0.52029796292929D+01 -0.95565911063611D-04  0.23991164715534D-03 -0.33110984102374D-03
 -0.26335072955893D+01  0.17342986905112D+01  0.95171869608379D+01 -0.29039576884709D-03 -0.44682242807675D-03  0.80755780108691D-04
 -0.13403431529095D+01 -0.22816022681546D+00  0.10569171669483D+02 -0.20180698993883D-03 -0.57813154073312D-03  0.60609948412574D-03
  0.12734073281148D+01 -0.74499866638092D-01  0.10228901742487D+02 -0.36996798502687D-03 -0.92910996494050D-04 -0.74087045153462D-03
  0.27750059943729D+01  0.17392293499260D+01  0.88111973516247D+01  0.77013906093418D-03  0.15007361844319D-03 -0.34447421208178D-03
 -0.48699176388327D+01  0.22636125226791D+01  0.10787958586038D+02  0.26624603337986D-03 -0.22024043396709D-03 -0.24797506120921D-03
 -0.60809983473707D+01  0.56452671713833D-01  0.12092620020760D+02 -0.41737385998890D-03  0.33714499959263D-03 -0.31712548438758D-04
 -0.48725354168749D+01 -0.20608238202454D+01  0.12612679678546D+02  0.25939929047999D-03  0.45759903041853D-03  0.17106507679611D-03
 -0.25482501070818D+01 -0.20552181766507D+01  0.11902631910621D+02 -0.69188243516855D-03  0.48478878175321D-03 -0.16332843538570D-03
 -0.10336170255681D+01 -0.41709324970564D+01  0.12826609092470D+02  0.16847989939367D-03 -0.11005547942123D-02  0.38083516321549D-03
  0.14642554893742D+01 -0.45539949439444D+01  0.11919590559310D+02  0.18277947627784D-03 -0.16439403744484D-03 -0.10997681060788D-03
  0.25606158501993D+01 -0.24747213199925D+01  0.10821971819993D+02  0.19445824342443D-03 -0.24466341693103D-03  0.58351403929495D-03
 -0.52734025476844D+01  0.47857072472005D+01  0.11680336675119D+02  0.58748438017072D-03 -0.33618811584922D-03  0.62690005231117D-03
 -0.76133070893591D+01  0.52580687903440D+01  0.12967944670245D+02  0.75558748787982D-04  0.36553447359978D-03  0.12798427448504D-03
 -0.89931868537155D+01  0.31203479344808D+01  0.13741949229861D+02  0.20320636304426D-03 -0.38901670828025D-03  0.11971952318999D-03
 -0.83523394712160D+01  0.77060308994967D+00  0.13526721052739D+02 -0.23815587348298D-03  0.12761184650592D-03  0.76122769009235D-04
 -0.34115178363084D+01  0.66405985393237D+01  0.11213466480401D+02  0.44210844799969D-03  0.24146852187412D-03 -0.11367548381957D-03
 -0.56755625798228D+01  0.51615466416192D+01  0.69386221879523D+01  0.31274030931198D-03  0.38308438382655D-03 -0.32216783938938D-03
  0.24992251764805D+01  0.95116233122247D+01  0.39252947792876D+01 -0.96597192655209D-05 -0.38301054796217D-03  0.84062612964174D-03
 -0.11674016671912D+02  0.38280586582766D+01  0.14699364966556D+02  0.12414374532944D-03  0.13858553302787D-03 -0.48284480028574D-03
  0.43846670118789D+01  0.54847990635995D+01  0.67314529859324D+01  0.62301215201696D-03 -0.40510389780584D-03  0.89690099024733D-03
 -0.27886510526577D+01  0.87850337889622D+01  0.41974722410748D+01  0.53710129389201D-03  0.62095812088421D-03 -0.78979418813242D-03
  0.42397490422668D+01 -0.26094581230439D+01  0.97110568156445D+01  0.24019152948694D-03  0.94122095403028D-04 -0.20042277834790D-03
 -0.16386972537021D+01 -0.52153301087874D+01  0.14346292726026D+02 -0.48483890197396D-04  0.34690521988579D-05  0.35547908278035D-03
 -0.96898564641183D+01 -0.47833969003485D+00  0.14535837864110D+02  0.79365424042982D-04 -0.44052410136027D-04 -0.32163068329148D-03
 -0.82372787510472D+01  0.70393420980937D+01  0.13792208907309D+02 -0.14141308625408D-03  0.88136853608290D-03 -0.16291039347801D-04
  0.12384230726222D+01  0.11354294360714D+02  0.30444470010779D+01 -0.13501609925803D-03 -0.15070148430192D-03 -0.29483461427409D-04
  0.50370250802497D+01  0.91666275597507D+01  0.34861729393869D+01 -0.78256042374464D-04 -0.66588192955973D-03 -0.11365478880749D-03
  0.56908093421134D+01  0.10540578765524D+02  0.11319499424448D+01 -0.13527427718981D-03  0.41556472654864D-03  0.29698581990558D-03
  0.24368979756844D+01 -0.70719155916121D+01  0.11087561815511D+02 -0.76293141346907D-03  0.26373465504957D-03  0.31856064895912D-03
  0.39484764966994D+01 -0.69891248796180D+01  0.92156003243613D+01  0.31626123948853D-03  0.60303698310360D-03 -0.84953400141258D-04
  0.21595669194721D+01 -0.93163023531591D+01  0.12462035413031D+02 -0.32763535181633D-03  0.69356640891652D-03  0.43078615344901D-03
  0.38187690292735D+01 -0.11120414770236D+02  0.11368316641125D+02  0.55112628389268D-03  0.29545169053772D-04 -0.95073098741984D-04
 -0.12030071705833D+02  0.59425772359768D+01  0.15642848476922D+02 -0.88571442891695D-06 -0.90081059466924D-04 -0.22841867497816D-04
 -0.13489007110887D+02  0.22289697695887D+01  0.13957131658045D+02  0.86252862017368D-04 -0.21139491526634D-03 -0.61970794238115D-03
 -0.15948417311292D+02  0.30876319739568D+01  0.14511319805719D+02  0.13864893310518D-03  0.71333395766085D-04  0.21795067453020D-03
 -0.39997042073246D+01  0.91038288139806D+01  0.10603068303127D+02  0.81718418749869D-03 -0.25432051408270D-03 -0.11305178368004D-03
 -0.70662863459510D+01  0.52399007447064D+01  0.45972031645022D+01 -0.29653872208735D-04 -0.50447332511108D-03 -0.16504321166358D-03
 -0.15728886545781D+02  0.34451409994562D+01  0.16405341432835D+02  0.11634851171282D-03  0.33607592146800D-03 -0.72267896699853D-03
 -0.17627120558374D+02  0.17043729005127D+01  0.14670290155186D+02 -0.96240096184153D-04 -0.15308748701044D-04  0.58067011582851D-03
 -0.16444009601474D+02  0.51877236276260D+01  0.13988257444440D+02  0.84725277865918D-03 -0.59021708319113D-04  0.28580753910812D-03
  0.55505902873203D+01 -0.10465559806099D+02  0.12251878441748D+02 -0.46752976064186D-03  0.14738461384802D-03 -0.16957973504513D-03
  0.38736453557693D+01 -0.11593648412150D+02  0.92411977060694D+01  0.66079633732645D-03 -0.90080531497448D-03 -0.88750574417801D-03
  0.36216961313482D+01 -0.13195090920848D+02  0.12088134215854D+02 -0.88068208011570D-04 -0.23896508431355D-03 -0.45663007109664D-03
 -0.90821124390397D+01  0.57204460990877D+01  0.49907520514296D+01 -0.62884009026042D-03 -0.10403594624065D-02  0.71822614459399D-04
 -0.72429319681972D+01  0.34207987373199D+01  0.38294159415646D+01 -0.26883160893992D-03 -0.15139154520285D-03 -0.19492414734974D-03
 -0.68868097557366D+01  0.64658276474879D+01  0.28473912152361D+01 -0.14265926076780D-04  0.55684044266908D-03  0.23726118813649D-03
 -0.21131210140523D+01  0.10005495016426D+02  0.10807739058869D+02 -0.24723699803480D-03  0.48717761599664D-04 -0.26348388537236D-03
 -0.50299107549898D+01  0.96070541692940D+01  0.12422550519519D+02  0.12516569868962D-03 -0.24964078023236D-03 -0.28008138273666D-03
 -0.49266000461956D+01  0.95707972599757D+01  0.88612538026717D+01 -0.21847479224475D-04  0.46103483581907D-03 -0.25465537597581D-03
  0.76036817863163D+01  0.11152843181119D+02  0.12059415240663D+01  0.28191074910246D-03  0.26890484779685D-03  0.47212444918056D-03
  0.42741113625986D+01  0.12171481538637D+02  0.83789061385311D+00 -0.20718830559565D-03 -0.14316015861381D-03 -0.48973774988138D-04
  0.51613432557712D+01  0.90916934340054D+01 -0.22801463111061D+00 -0.50833676048500D-03  0.98842190282745D-03  0.32884673776763D-03
