 -1.0
 -0.50337139079161D+01 -0.46700468386258D-01 -0.23014991522272D+01 -0.10509932661102D-03  0.48556397148644D-03  0.24129891313206D-03
 -0.34821673211093D+01 -0.11129108791893D+01 -0.30751862023543D+00 -0.12291448471486D-03 -0.24797981889535D-03 -0.27588098917897D-04
 -0.21132051193656D+01  0.48998109235958D+00  0.15627415394761D+01 -0.26176056486766D-03 -0.47259099495378D-04 -0.77371494053484D-03
 -0.19963112385789D+01  0.31799733298284D+01  0.85906791060489D+00  0.26412150540887D-04 -0.30249565788247D-03  0.29236870675465D-05
 -0.39155759351334D+01  0.41907879141459D+01 -0.77281617750978D+00 -0.69757199070285D-03 -0.85219537592741D-04 -0.42349556234010D-03
 -0.52591287485219D+01  0.26558664375333D+01 -0.23549480838518D+01  0.18682261622389D-03 -0.12199333534959D-03  0.21264866307076D-03
 -0.14587504257478D+00 -0.45729725977505D+00  0.31888147917192D+01  0.44615402988078D-03  0.36825412218688D-03  0.33426446768199D-03
  0.20031590337285D+01  0.10104250014035D+01  0.35171680100635D+01  0.11909295242930D-03 -0.55061420729998D-03  0.49006246009653D-03
  0.19114033768479D+01  0.36912134430002D+01  0.28552991293926D+01 -0.61184512648965D-04  0.41460095568358D-03  0.26380102947958D-04
 -0.75714246915721D-01  0.48196622055968D+01  0.16801598575043D+01 -0.31650378593833D-04 -0.66936477466552D-05 -0.60731487407325D-04
 -0.20566809282186D-01 -0.29139723325718D+01  0.42667376779766D+01  0.44456997370653D-03 -0.45384250947297D-03  0.15839185948487D-04
  0.24293395758407D+01 -0.37516839149938D+01  0.49967291344245D+01  0.10231687849779D-03  0.32306123787333D-03 -0.23033747266087D-04
  0.46105241252791D+01 -0.23892381202609D+01  0.47841006016604D+01 -0.29539313071443D-03  0.31931741886380D-05  0.25937182487733D-03
  0.42831693518337D+01  0.46541641779466D-02  0.46441269714516D+01  0.17764867123557D-04 -0.20849231022364D-03  0.34432959134431D-03
  0.63072363981540D+01  0.15464324944992D+01  0.47768470022000D+01  0.34535792413358D-03 -0.20655942187186D-03  0.20030863944012D-03
  0.62227327772039D+01  0.41003054262339D+01  0.43422212896956D+01 -0.15041585390739D-03 -0.20165129253469D-03 -0.80418743420298D-04
  0.40468330261836D+01  0.51066160194298D+01  0.32649536491209D+01 -0.64896105475071D-04  0.38601327578497D-03 -0.11759126969740D-03
 -0.21460822945461D+01 -0.45009307028946D+01  0.44878760006169D+01  0.12595220741761D-03 -0.46608807232239D-03 -0.10784892960658D-03
 -0.16939055382554D+01 -0.67739325417057D+01  0.54930487293906D+01  0.42876829760743D-03 -0.71788900663828D-04  0.59002548123539D-04
  0.58942598948160D+00 -0.76281007765175D+01  0.64957245001687D+01 -0.22277871709631D-03  0.11270380983436D-03  0.35344761509078D-03
  0.27199038955096D+01 -0.61137714501687D+01  0.60294471059565D+01  0.66756506797350D-03 -0.21464826072519D-04 -0.62287509010207D-03
 -0.46846218135768D+01 -0.38719639820555D+01  0.41234574629103D+01  0.54971796971414D-04 -0.10025410928690D-03 -0.27485124400236D-03
 -0.27250636780637D+01 -0.36583028036861D+01 -0.49860882518374D+00  0.14717474670446D-03  0.38700103826859D-03 -0.40274605154669D-03
 -0.68764955980756D+01  0.39884232256790D+01 -0.41872049444951D+01  0.19276802106603D-03  0.50214190538835D-03  0.13740924762122D-03
  0.62789836930552D+00 -0.10161440788105D+02  0.76699719236185D+01 -0.28048141802338D-03 -0.33085003916639D-03 -0.40853317902412D-04
 -0.42429362767855D+01  0.61633249394653D+01 -0.10047438416966D+01  0.11248443105423D-03  0.24510552923488D-03 -0.30562351889117D-03
 -0.61637928785124D+01 -0.11859478719715D+01 -0.35265930586828D+01  0.44143071752186D-03  0.58101705390342D-03 -0.22305358085541D-03
  0.41515378263972D+01  0.70619801302558D+01  0.29511091345831D+01  0.66265648815739D-03 -0.80562267368099D-03 -0.30287477628311D-03
  0.77228649121373D+01  0.93499223656527D+00  0.59276433941525D+01 -0.10622131997536D-02  0.24817640533349D-03  0.11449098179764D-03
  0.46490920444849D+01 -0.66026278559524D+01  0.67161183249934D+01 -0.35794258387122D-03  0.56715238313303D-03  0.98559253888225D-03
 -0.33248292859334D+01 -0.79372840368664D+01  0.57638624164523D+01  0.31397815291524D-03 -0.30298091732406D-03 -0.76252105450628D-03
 -0.88890183462645D+01  0.30730986536205D+01 -0.46419407630570D+01  0.23498191591491D-03 -0.43091635268016D-03 -0.59628120815045D-04
 -0.63782662466379D+01  0.62277286379052D+01 -0.55210232076532D+01  0.95005389520319D-04 -0.58947183149609D-03  0.37523397546439D-04
 -0.85372572396658D+01  0.78511571369444D+01 -0.57073970266480D+01  0.18606503983814D-03 -0.10387026986991D-03  0.12797342521879D-03
  0.86549286642529D+01  0.54542075767146D+01  0.45839482850681D+01  0.56112400164662D-04  0.11926238330239D-03 -0.41833019955968D-03
  0.10000152958757D+02  0.48874431011903D+01  0.63376977647569D+01  0.24824731216766D-04  0.14858790290513D-03  0.80906193667748D-04
  0.93245046635962D+01  0.68842581665143D+01  0.24749705483287D+01 -0.53935331636819D-04 -0.29118441240694D-03 -0.14201588657339D-03
  0.11517586843936D+02  0.82348296647019D+01  0.30293805786512D+01 -0.43174735107628D-03  0.25786094603239D-03  0.34752942258148D-03
  0.23544065463066D+01 -0.10951487791396D+02  0.89332439084020D+01 -0.39771902239262D-03  0.20114344544150D-03 -0.16661817813769D-03
 -0.15496213484150D+01 -0.11526991410826D+02  0.73220978876002D+01  0.14666051503695D-03  0.10004232189259D-03  0.48772551888945D-04
 -0.10514420004020D+01 -0.13898662131975D+02  0.84035753094645D+01 -0.27472130814748D-03 -0.13821004770494D-03 -0.20817389256522D-03
 -0.54482355354455D+01 -0.17091560063310D+01  0.54000441591404D+01 -0.10205749992429D-03 -0.20576602475696D-03 -0.41815460713708D-03
 -0.17787519914156D+01 -0.43638351472447D+01 -0.30052412890319D+01  0.22032439507186D-03  0.14493278565201D-03  0.20348725639988D-03
  0.47445195972463D+00 -0.14592173384665D+02  0.71671567879453D+01 -0.38578676314999D-03 -0.15922689826685D-03  0.84619950220991D-03
 -0.28636939459722D+01 -0.15069692430852D+02  0.83021162010161D+01  0.35640550360602D-04  0.96465669298339D-04 -0.20339893927597D-04
 -0.29216260214712D+00 -0.13338267150406D+02  0.10215886232223D+02 -0.10471800052479D-03 -0.88886002909316D-03 -0.20221062150645D-03
  0.12747392370232D+02  0.77968212598497D+01  0.13403352194386D+01 -0.89423176112768D-03  0.78648124260291D-03 -0.13370172622042D-03
  0.12425507734061D+02  0.73060417985460D+01  0.46807575559343D+01  0.30030745855943D-03 -0.44327873651986D-03 -0.83270612444558D-03
  0.11223848880532D+02  0.10231498841388D+02  0.32909627698226D+01  0.86721727407846D-04  0.17901744846875D-04  0.24823569722827D-04
 -0.27403229608752D+01 -0.33631171294193D+01 -0.46865205438013D+01 -0.27169210635677D-03 -0.51437885299131D-03 -0.17121972963563D-03
 -0.22540886139082D+01 -0.63712067353037D+01 -0.32678387951891D+01 -0.65222218334243D-04 -0.55497451980894D-03 -0.47115816979516D-03
  0.27011746418951D+00 -0.37878718863573D+01 -0.27937583791765D+01  0.76359917479507D-03  0.38350574232082D-03  0.15167392958268D-02
 -0.42287457550795D+01 -0.28212318662474D+00  0.47590514145293D+01  0.15084544584115D-03  0.78370001314438D-03  0.42652462799690D-03
 -0.51114064773661D+01 -0.18279545531858D+01  0.73145849748910D+01 -0.21746661638631D-03  0.89562772402538D-05 -0.35982368477757D-04
 -0.76549947158112D+01 -0.13733673588533D+01  0.50464019213236D+01  0.15180352710620D-03 -0.66547770077382D-03  0.56843159676050D-03
 -0.83709328137822D+01  0.91058353072517D+01 -0.74570125700677D+01  0.56290502717612D-03 -0.28822232652644D-03 -0.34554439915258D-03
 -0.83061838742395D+01  0.92121631623145D+01 -0.40509090750777D+01  0.18301060618617D-03  0.14693146714896D-03  0.10306472712452D-02
 -0.10421629162481D+02  0.67751454453516D+01 -0.58465752528906D+01 -0.13338341142589D-03  0.97001601850174D-04  0.25262907814691D-03
 -0.37080577623577D+01  0.67703284259083D+01  0.61575437307412D+01 -0.37298828360888D-05 -0.36349864357319D-03  0.43131781159271D-03
 -0.46720140191455D+01  0.45561142735572D+01  0.72293420114389D+01  0.12374366300155D-03 -0.18413761253029D-03 -0.23057063502638D-03
 -0.31506129563932D+01  0.33695326343279D+01  0.89308001235540D+01 -0.16247218694196D-03 -0.30858921878166D-03 -0.54144441427873D-03
 -0.58466833869046D+00  0.40088204862630D+01  0.92702419287886D+01 -0.57073759742028D-03  0.12742447715966D-03  0.11837600607624D-03
  0.36923539898258D+00  0.63934310440691D+01  0.82794149805117D+01  0.34247845770514D-03  0.13665896523484D-03  0.28396313767666D-03
 -0.12195085806986D+01  0.78025122337807D+01  0.67696696472495D+01 -0.58415031752590D-03  0.23724574819604D-03  0.13991998810368D-03
 -0.40037328639847D+01  0.13763049748345D+01  0.10395819656234D+02 -0.31915422916818D-03 -0.16427181194830D-04 -0.80106894676677D-04
 -0.21627460276558D+01 -0.28158962750368D+00  0.11380974116111D+02 -0.26684248792348D-03 -0.38233883809837D-04 -0.18519741798118D-03
  0.36686619700347D+00  0.32101971869267D+00  0.11164582018786D+02 -0.10369715974416D-03 -0.22099586016116D-03 -0.56237778120895D-03
  0.12875484319618D+01  0.25673746960804D+01  0.10269032178049D+02  0.12738068095154D-04  0.22739926809476D-03  0.24394883536347D-03
 -0.66355500165952D+01  0.84154685763600D+00  0.10973214304009D+02 -0.25862692383124D-04  0.32340373861926D-03  0.18128281690472D-03
 -0.72664266887184D+01 -0.14592504615449D+01  0.12019712718627D+02  0.50927710111605D-05  0.53791289962442D-04  0.48687986575244D-04
 -0.53931785203389D+01 -0.31986001509121D+01  0.12645746154475D+02  0.30809316568054D-03  0.21112202792048D-03 -0.41841117152656D-03
 -0.29463385711292D+01 -0.26893403507093D+01  0.12313025049996D+02  0.31590740215430D-03  0.53889312082299D-04 -0.35747636923757D-03
 -0.11041065343599D+01 -0.43435594181474D+01  0.13105714772726D+02  0.12865966398966D-03 -0.82130026705742D-04  0.42805627735430D-03
  0.14154709324674D+01 -0.36114189931707D+01  0.13026851535000D+02  0.21342827025190D-03 -0.18634211791687D-03  0.44616470245873D-03
  0.21231912135457D+01 -0.14549126035798D+01  0.11844953138065D+02 -0.40388183727944D-04  0.41936952409508D-03 -0.32377565379113D-03
 -0.86075324805926D+01  0.26239536120345D+01  0.11030107714839D+02  0.15064082707797D-03  0.32263981764533D-03  0.22339360120167D-03
 -0.11125528218606D+02  0.19246093262676D+01  0.11066346878692D+02 -0.22595907187305D-03  0.96734654907674D-04  0.69101233839298D-03
 -0.11682027805408D+02 -0.69789990062904D+00  0.11368014523806D+02  0.36483356411997D-04  0.49327465877680D-03  0.17399975738031D-03
 -0.97103946250961D+01 -0.22078012607007D+01  0.12228169548008D+02 -0.15568425491725D-03  0.64221597885976D-04  0.81366372742489D-04
 -0.85052900830463D+01  0.51596336857461D+01  0.11415848624359D+02 -0.14998679037712D-03  0.13872227945642D-03  0.30446342862910D-03
 -0.67095181535323D+01  0.33156821481167D+01  0.62685940391545D+01  0.17650666763878D-03  0.29050264900021D-03  0.11256762654887D-03
 -0.70260295837231D+00  0.10252506610245D+02  0.54065802206423D+01 -0.31638314319186D-03  0.20882346197783D-03 -0.46108000321892D-03
 -0.14278261433123D+02 -0.15897040019815D+01  0.11673943171832D+02  0.19113195886192D-03  0.26142080815851D-03  0.72288206657748D-03
  0.21937701902998D+01  0.70165926792661D+01  0.87320173841606D+01  0.36759215499483D-04  0.37227914988413D-03 -0.49331988811296D-03
 -0.48016803322724D+01  0.72389621053700D+01  0.44533444972938D+01 -0.76479466326887D-04 -0.29111463392234D-04  0.60632931870103D-04
  0.41582884928891D+01 -0.10506557734443D+01  0.11697089841596D+02  0.35046863980653D-04 -0.59278439749166D-03  0.36040685977456D-03
 -0.14584538003117D+01 -0.59976014961065D+01  0.14171397901416D+02  0.25980961265959D-03 -0.11760508709842D-03 -0.15883404451217D-02
 -0.99979301769245D+01 -0.41638815238921D+01  0.12828391185617D+02 -0.39284672844573D-03 -0.57286559713617D-03  0.49745808566508D-03
 -0.12837440563074D+02  0.30847825184640D+01  0.10789414806567D+02 -0.90330093722414D-04 -0.50467165974282D-03 -0.12329056397529D-03
 -0.87226838550621D+00  0.12355607021551D+02  0.64362399220562D+01  0.10895755330781D-03  0.59617247460023D-05 -0.28036290439345D-03
 -0.46369189020301D-01  0.99063174267446D+01  0.27547559516596D+01  0.45728953428438D-03  0.44043100831220D-03 -0.17700299924930D-03
  0.79383949187041D+00  0.12206953382474D+02  0.18416417105597D+01 -0.35349943479062D-04 -0.24469187292618D-03  0.20072194850103D-03
  0.32929291591178D+01 -0.56773416134601D+01  0.13753101154238D+02 -0.58392647895071D-03  0.14762048750922D-03 -0.32997199135634D-03
  0.55627265961111D+01 -0.52612763064959D+01  0.13329344272080D+02  0.29005974450236D-03 -0.21939553994706D-03  0.72789469790097D-04
  0.23179828041464D+01 -0.75784906226973D+01  0.15149726477495D+02 -0.11902564601788D-03  0.41712813696808D-04  0.14830567443223D-03
  0.41274766145250D+01 -0.94932050444143D+01  0.15763428546102D+02  0.38546946274370D-03  0.16153417561726D-04  0.17269256589512D-03
 -0.16195374480050D+02 -0.44480778997679D+00  0.11000339173237D+02  0.87494245021739D-04 -0.47837450193430D-04 -0.71890959573329D-04
 -0.14559561553404D+02 -0.39369962742899D+01  0.12691671821892D+02 -0.12106204556702D-03 -0.26723726496583D-04 -0.89894772352373D-04
 -0.17022448740923D+02 -0.44078434318906D+01  0.13517274905371D+02 -0.10877374444358D-03 -0.25481506889832D-04  0.51755918818110D-04
 -0.63415226246678D+01  0.60944910142771D+01  0.12634505593383D+02 -0.32859443748436D-03 -0.12900447422786D-03  0.16378786996043D-03
 -0.86018687138631D+01  0.46923701360099D+01  0.48253557780853D+01 -0.39576123160070D-03 -0.26046280900220D-04  0.70643062345452D-04
 -0.17775527154410D+02 -0.60342043757136D+01  0.12405934932071D+02  0.38663260799093D-03 -0.22367068183350D-03  0.43267559474324D-04
 -0.18116017970423D+02 -0.27086906392848D+01  0.13525480868430D+02 -0.24564280872226D-03 -0.73915081793566D-04  0.38951140738378D-03
 -0.17305587033167D+02 -0.49629624319357D+01  0.15485113259657D+02 -0.44988149738679D-03  0.92851439003231D-03 -0.27150931526277D-03
  0.61181771362155D+01 -0.88921997587773D+01  0.16371452138909D+02 -0.16416872140086D-03 -0.64061668626165D-03 -0.19496078596032D-04
  0.43314359314411D+01 -0.10859890922257D+02  0.14166742531979D+02 -0.44707061118880D-03 -0.50345355595283D-03 -0.97251682795696D-03
  0.35777399880034D+01 -0.10535101082383D+02  0.17526115921345D+02  0.16458667534564D-03 -0.40667505461552D-03 -0.11554782739421D-03
 -0.97857957070610D+01  0.32199393434876D+01  0.43386552085980D+01 -0.20736052754332D-03 -0.17616480035876D-03 -0.30953798451159D-03
 -0.78856116109662D+01  0.54173023822094D+01  0.31541485382867D+01  0.44502268014603D-03 -0.97321046521610D-04 -0.18355537453946D-03
 -0.91554565560209D+01  0.61509162236359D+01  0.62383643551585D+01  0.55327588502413D-03 -0.51196596366743D-03 -0.26783377329143D-03
 -0.45759861300089D+01  0.56402834920339D+01  0.11659958996542D+02 -0.10231974655556D-04 -0.20560572722480D-03 -0.43161051602877D-03
 -0.61930816931566D+01  0.47021776933131D+01  0.14194856617450D+02  0.44892572982166D-03 -0.66347733978249D-03  0.59231641353302D-03
 -0.64830003614170D+01  0.81060443497198D+01  0.13329405355794D+02  0.93304791287874D-03  0.15848349571552D-03 -0.14046965805986D-02
 -0.10196031830769D+01  0.13376216262981D+02  0.21214648452485D+01  0.31701822349820D-03  0.45779137168141D-03  0.20071704346288D-03
  0.94563697823305D+00  0.11755178665339D+02 -0.20362488414075D+00  0.10345617867607D-03  0.68930643095571D-03  0.10361947810079D-02
  0.24513810018664D+01  0.12844369546436D+02  0.26397217781866D+01 -0.11430036628254D-02  0.19423716207763D-03  0.21325921596408D-03
