$coord
       -6.79171680262944       -0.22803354599842       -3.19495655789663      C
       -5.38457054361422       -1.14270803180093       -1.18732874971668      C
       -3.58778145843667        0.52398132240236       -0.02932736308885      C
       -2.85723754923568        2.77740546101074       -1.27988405268737      C
       -4.35430938838181        3.79508732931536       -3.28064876518835      C
       -6.36679699873742        2.18285937669464       -4.09592494118047      C
       -2.51588411766744       -0.31268361911675        2.37036015931255      C
       -0.22850925637360        1.02044647700217        3.02777202135866      C
        0.14834777654814        3.31818030297200        1.67099058728977      C
       -1.01695617286492        4.17117380717517       -0.35069083683218      N
       -3.16894441396933       -2.45564241298518        3.90057015579432      C
       -1.08122228574384       -3.58241590491331        5.06145365798042      C
        0.93508034142084       -2.27961759905776        6.01481061521910      N
        1.44933643205715       -0.05299474870675        4.86529052557913      C
        3.54872130809930        1.41592649400637        5.53415524883724      C
        3.77670679046049        3.83317288933617        4.48772336397242      C
        2.07870084435896        4.86848426165891        2.67529828883652      C
       -5.72172431844829       -3.21251783326722        3.95612141494460      C
       -6.11401048263555       -5.73519318765466        4.73944499619952      C
       -4.07277555833869       -6.99952786350340        5.66789148624655      C
       -1.72451392635390       -6.02642946215228        5.90689214586067      C
       -7.54558851866445       -1.40976134901506        3.20711147906877      O
       -5.33800631693436       -3.81099150479699       -0.98509304244593      O
       -7.98440724298887        2.79595118161705       -6.30229646253598      C
       -4.54169358278838       -9.48464439445889        6.82658285669513      C
       -4.19584239236914        5.63122569282689       -4.14139240238745      H
       -8.58821207227512       -1.07740817615804       -3.73804239082116      H
        2.15071635995415        6.84671506849178        1.89002334468843      H
        4.80730783362891        0.54745066631895        6.89995137374567      H
       -0.38299270904102       -7.36266022748801        6.60408593570854      H
       -7.89599182060473       -6.77247147703160        4.94629003167750      H
       -7.24695581921814        4.20583513365449       -7.92856677777533      O
      -10.35578968895643        1.65282745427313       -6.49212313852426      O
      -11.31199030800013        2.16219449454636       -8.97577053340635      C
        5.70640999569526        5.62405704553214        5.15404269609259      C
        7.31089365462547        5.04094312359465        6.65163615413939      O
        5.59876146914680        7.92257516922739        3.90168350042124      O
        7.53073771132783        9.57453793437275        4.63099394712451      C
       -6.67391412328869      -10.37443558097326        6.43523516898205      O
       -2.67976646333819      -10.60030135352198        8.29983660809090      O
       -3.73302915168220      -12.88305684928459        9.29123445877732      C
      -10.10389144883886       -2.30427881769337        3.42475941030665      C
       -7.41542106440507       -5.05727868044452       -2.12846042036029      C
       -4.39308151276473      -13.82154565107758        7.54963132381446      H
       -5.22371745408663      -12.21006465868532       10.61015534804548      H
       -2.54545661541108      -14.12128968336372       10.28267480434667      H
        7.00576314692252       11.38730600124942        3.77073193619527      H
        9.39493771403168        8.83965258189874        3.95757354257788      H
        7.30274117098995        9.82414738239730        6.59299161968891      H
       -7.33530563346385       -7.06066137111012       -1.76851239054149      H
       -7.23418724944965       -4.60018481610006       -4.14806970436504      H
       -9.25511649929214       -4.60867060401077       -1.07236846611962      H
      -10.72521771425133       -2.36752313328641        1.44560153940867      H
      -11.02324299927919       -0.81072510026115        4.57635683632034      H
      -10.54996284290089       -4.13258836241565        4.50952953989338      H
      -10.65434829383209        1.15601054882447      -10.53007013584191      H
      -10.93842717474739        4.25759452013207       -9.31176893228845      H
      -13.37438651289535        1.98818723012367       -8.89909213055968      H
       -1.63106587808298        7.32586534744731        7.49191944213136      C
       -2.08209647936522        4.76056106660771        8.11170080108198      C
       -0.42978338475771        3.69319966382968        9.86978448016741      C
        1.69732923050397        4.97773961076973       10.76079859791249      C
        2.12548117494560        7.38231043205877        9.86407992278741      C
        0.42205024843983        8.68481080172030        8.53437861659001      C
       -1.14853744196327        1.34745741609078       11.12614249060879      C
        0.94888396844418        0.00609820490938       12.16273486629289      C
        2.95508204802450        1.54674860000040       13.05130440320586      C
        3.32078630120043        4.10239499832139       12.57517979376445      N
       -3.53914321407743       -0.00393291995378       10.99128213355472      C
       -3.36713491165425       -2.71347002705664       11.53971107898693      C
       -1.16948596206614       -3.93884736174697       12.05361119196440      N
        0.90848227000703       -2.56731976722474       12.67082805175717      C
        2.86099387100355       -3.65364616658172       13.87218397800445      C
        4.97744437787003       -2.21962372915254       14.49567997644410      C
        5.06893962105816        0.38805528094544       14.09876596444624      C
       -5.90390373772424        1.15856267047688       10.98747132342876      C
       -8.06016273243254       -0.22563407653002       10.80045474006739      C
       -7.91802082267704       -2.76439528381986       10.68779629494636      C
       -5.67335150146326       -4.01364875578498       11.13136979891855      C
       -5.74617455759543        3.85145420580688       11.76950553924937      O
       -4.01369300365499        3.43130381694040        7.22974418840795      O
        0.99749706288970       11.43203674771588        7.90126181204546      C
      -10.01285826914908       -4.55135470747607       10.43125197335022      C
        3.62700920298279        8.41750899719031       10.77812416670436      H
       -2.63810153621163        8.12572321462738        5.97094856654675      H
        6.77409435916455        1.23975016029153       14.36923513222659      H
        2.62398922372291       -5.73589531077023       14.03283248707092      H
       -5.47418055935818       -6.11239676271861       11.04050497030548      H
       -9.86094349234632        0.58680740381240       10.68929341159451      H
        2.99331518031697       12.37162198046932        8.52397463337600      O
       -0.69719304324589       12.72936390207512        6.42288640623193      O
        0.38182372029580       14.98499256576159        6.05682865734087      C
        7.18467059210557       -3.53246841872457       15.46288123023237      C
        7.02045396003575       -5.73293964640896       15.97379381728464      O
        9.38388095672229       -2.20804336695592       15.51444260898870      O
       11.16347151402663       -3.66296604219281       16.55990084249352      C
      -12.10574724061320       -3.54973787936913       10.00373109830734      O
       -9.51390209420286       -7.09354302787028       10.51481917183479      O
      -11.56654123417321       -8.51318147998734        9.78030029360007      C
       -8.01993028144362        4.99666954620217       12.09022616370009      C
       -5.30072136354007        4.34801554047784        5.02273661828159      C
      -10.74612080404646       -9.60489131798291        8.19918381152491      H
      -13.25753577477112       -7.56317335978903        9.10769088867956      H
      -11.90528592500563       -9.96457497168919       11.31960392325107      H
       13.00152140572255       -2.50225820208776       16.51520378150282      H
       11.31886714157890       -5.34421232715435       15.50020616107090      H
       10.50405764370661       -4.20980591126936       18.51176059739002      H
       -6.72123538410334        5.72138264612374        5.60595016422246      H
       -6.15544982377630        2.55202303205624        4.29925789039505      H
       -3.92420591065608        5.18756943608802        3.82477708611052      H
       -7.84131398770176        6.84075573338922       13.17025258352839      H
       -9.08749545857877        3.74012568535477       13.24968799055831      H
       -9.07266983526076        5.18802107533141       10.33415504805923      H
        1.97705157065207       14.49563040021803        4.74856650961160      H
        1.08161556926237       15.85457672404651        7.90933047042802      H
       -0.83950866405781       16.28451464741320        4.88203256827854      H
$end
