$coord
       -6.41377404441192        1.48311324494259       -1.75464620498615      C
       -5.27845961273480       -0.11123662087160       -0.10246252390450      C
       -3.45172005295701        0.79692613257438        1.61923180149955      C
       -2.39809589722609        3.24975229236358        1.15654576449989      C
       -3.63232751731987        4.88872140129954       -0.54456906254139      C
       -5.46518319678651        3.96327801421659       -2.09059512554283      C
       -2.16018880897463       -0.67347544323896        3.38640829199544      C
        0.33906598881501       -0.03520540816766        3.86506694318584      C
        1.21280129517065        2.55800673545700        3.38163705950984      C
       -0.35628834885921        4.18872324454615        2.36057605339959      N
       -3.21489031423850       -2.87629763560581        4.83482400510506      C
       -1.26984514911426       -4.46025602492425        5.88592940329428      C
        0.87475166425567       -3.63841273514046        6.71924281455201      N
        1.70623046734482       -1.46575212483885        5.68306873366426      C
        4.01752739285619       -0.63773891622993        6.50096942321315      C
        5.04293367659775        1.65243921669072        5.57596346843595      C
        3.49419213874040        3.39363902937550        4.44790631446913      C
       -5.78673745222863       -3.55114622344533        4.94963282900176      C
       -6.23257726817651       -6.04088463081218        5.48225585716537      C
       -4.35644041150674       -7.70546199901742        6.11347594782968      C
       -1.85672688829103       -6.99795324257499        6.44298645261285      C
       -7.62825276968792       -1.62912515331471        4.77144907674961      O
       -5.70611438208299       -2.80617951761379       -0.11501549645808      O
       -6.71299590645530        5.91239160254707       -3.81641416072306      C
       -5.16254798781915      -10.42188450732018        6.72794795547631      C
       -2.90992106264366        6.89654786950380       -0.58948538324614      H
       -7.79778952885354        0.78675196890546       -3.10680645112264      H
        3.98548497357871        5.30684500306274        4.36804816063341      H
        4.99174077745180       -1.88569757153291        7.71813021322037      H
       -0.37835532660974       -8.21033708566717        7.22582644184077      H
       -8.13207575058553       -6.71705369648569        5.51125654212747      H
       -5.54487889004531        7.66844616018208       -4.63504724010294      O
       -9.12416425314698        5.32333990828951       -4.61434312596378      O
       -9.73292667766546        6.58690042153106       -7.02425762263640      C
        7.49285995092514        2.33206762163802        6.50699145176140      C
        8.65137087227231        0.85438643514185        7.93632763641502      O
        8.27089595332113        4.72303855561168        5.85857087731435      O
       10.79404087161743        4.80467529150298        6.54279584106688      C
       -7.44319835545028      -10.91310223246452        6.51831168086453      O
       -3.25488156616615      -11.82244991844314        7.66547544133584      O
       -4.04632995450097      -14.24370251206578        8.20472481960114      C
      -10.12400086042578       -2.68475445114880        4.23266814336533      C
       -4.00428680567992       -4.11365494986301       -1.85219950737094      C
       -3.17296565160662      -15.32171398946220        6.64657859595471      H
       -6.13319900673216      -14.26884066130909        8.23393148123663      H
       -3.36260387017454      -14.69533437768089       10.16898043675908      H
       10.97223864699563        4.46377560082403        8.57006946027200      H
       11.31237343285176        6.79585402514229        6.28653808927031      H
       11.70921151235355        3.40404794607533        5.45369841993639      H
       -4.74815187618165       -3.84704180382102       -3.76398142268719      H
       -4.15757818638453       -6.14657359445779       -1.26938238945622      H
       -2.07543315429831       -3.39497381840354       -1.71630459612379      H
      -10.18042132445131       -3.79517521514855        2.51964322187493      H
      -11.29714821592549       -1.10575457900470        4.11551013337605      H
      -10.86268381260137       -3.96867362616316        5.71197517541822      H
      -11.61426046112898        6.20231062208497       -7.81836890638696      H
       -7.94387604765525        6.37959783871441       -8.29886392536761      H
       -9.65226521615686        8.61931057317457       -6.71036523453414      H
       -3.91490434993429        7.03225446257724        5.98914701513900      C
       -3.87765119051697        4.70784150029548        7.12947994737279      C
       -1.94761279290753        4.09445990573406        9.05721940312449      C
        0.15685597714553        5.84066056903490        9.17034919843128      C
        0.05246379399488        8.24023366424466        8.06576789863611      C
       -1.88064155156307        8.62624810386092        6.37136606437185      C
       -2.05972609555773        2.08150114370862       10.74211166812888      C
        0.22585354243749        1.34788963747232       11.57143928103942      C
        2.45748754882317        2.73375045306506       11.01683776751087      C
        2.38917713566070        5.11093732968555       10.15968572473738      N
       -4.23285725141370        0.48623485112029       11.25452213695680      C
       -3.68775950534052       -2.00353217397734       11.82510478808794      C
       -1.35248229853282       -2.67712516516574       12.69019527896555      N
        0.63491832826024       -1.05129083650669       12.49602752166104      C
        2.93791013198694       -1.69491960554744       13.67815438866028      C
        5.08951036637014       -0.25165239448183       13.42252429794626      C
        4.76730709783090        1.96683593188889       12.02109535539338      C
       -6.87248972444204        1.11884209367860       11.11565719569320      C
       -8.62577244639572       -0.72018708181128       10.59603223868011      C
       -8.11665236862530       -3.23499304382880       10.99989916781946      C
       -5.65957933816422       -3.86409441771731       11.60376561414468      C
       -7.91286191891099        3.52806239248149       11.18675931856183      O
       -5.79383657970170        2.99664001764430        6.64409539923085      O
       -1.33134665592005       10.70949171130419        4.43270744311248      C
      -10.04842631130222       -5.12438824262007       10.68629634489947      C
        1.54871747313558        9.76277187362921        8.16727796512971      H
       -5.29267373082046        7.56838249661874        4.66779820959255      H
        6.33401476580590        3.23386053981743       11.82141512449395      H
        2.97659265513200       -3.60603394855980       14.47529191444836      H
       -5.06891238706857       -5.78715013379282       11.70664422330266      H
      -10.62069767246503       -0.30019960207777       10.19724060463693      H
        0.77758366795180       11.65488926313143        4.58479453215580      O
       -2.97833108625677       10.80838122688475        2.41439384314541      O
       -2.28768766699191       12.38843328935765        0.58399402788660      C
        7.61703032705434       -1.43716983209175       13.79328224065298      C
        7.59527635466738       -3.69847522374902       13.81899493164917      O
        9.75859463772971       -0.05589332517424       13.70214767288963      O
       11.93811279213516       -1.56399464192847       13.53133688721784      C
      -11.81782127475617       -4.57719279640990        9.26778858759705      O
       -9.70731245088206       -7.50839830218865       11.56175071137553      O
      -11.35869644474517       -9.31876311338260       10.54485002550612      C
       -6.62506036960102        5.53378660040219       12.68280018344155      C
       -7.54738273591431        3.83802782023308        4.70118125812604      C
      -10.46355846203067      -10.28813474235935        9.08440011597028      H
      -12.85315535250254       -8.13855627317328        9.64798908707598      H
      -12.06723918790071      -10.44790926630564       12.10011410226279      H
       11.95738761578211       -2.91183437250957       15.28656467491453      H
       13.69915076177888       -0.43629290603885       13.45006739186177      H
       11.75440756363381       -2.61077063211109       11.72667731287805      H
       -8.87614035099459        5.30519188296666        5.19487538979373      H
       -8.51704958245522        2.09514647931524        4.18775248797958      H
       -6.28519260062205        4.33599370762798        3.12288950340302      H
       -7.34278360498148        5.27912498392146       14.52421548274072      H
       -7.13830493881829        7.36302676048725       11.99633367228363      H
       -4.63096797580046        5.27253497072799       12.06497273959605      H
       -0.24790511944741       12.92914748108991        0.56364421935906      H
       -3.33317737418044       14.27781795816912        0.73823260810219      H
       -2.70662299876071       11.42034002669525       -1.24148057070176      H
$end
