$coord
       -7.15438685085658       -0.17181335438745       -2.77296224946731      C
       -5.29121637781144       -1.48272165880722       -1.59278964775601      C
       -3.50188029213443       -0.07569502804081       -0.24257133066502      C
       -3.35411462437386        2.60088789333534       -0.68920632165721      C
       -5.26557449107556        3.85057538714099       -2.17626494684814      C
       -7.34889521476030        2.41922257238366       -3.11309467686143      C
       -1.90483094036929       -1.03156027790929        1.70019612532495      C
        0.01026168506982        0.46416525497018        2.59451728238885      C
        0.35052829418972        2.99780584068868        1.60963255580883      C
       -1.24634563018393        3.99391635378620       -0.03755834428822      N
       -2.46251234254455       -3.25711257037685        3.19206300061921      C
       -0.52594651645218       -4.26220624730673        4.74052100701692      C
        1.56602044940946       -2.92577214151908        5.38914921519728      N
        1.64798420736632       -0.52928790382578        4.45240617470798      C
        3.53761264818295        1.18691368068469        5.33580237616033      C
        3.81335314299450        3.63599918250784        4.57765388822193      C
        2.23243111209205        4.49229903614644        2.64155800061901      C
       -5.06456151694137       -4.09002075485659        3.64836668503976      C
       -5.66278585096290       -6.16058245909460        5.04769336415672      C
       -3.65562345946199       -7.32263864976263        6.41913640244639      C
       -1.29200213143509       -6.25147334785429        6.46596510573128      C
       -6.95093151035973       -2.40612986194976        2.67924899766707      O
       -4.91047760106600       -3.99869988892609       -1.78123701430562      O
       -9.34795310671715        3.84029920269501       -4.72063217933988      C
       -4.35182996264647       -9.59974709506986        7.87863570761039      C
       -5.18011282443106        5.79480433886848       -2.79277045724826      H
       -8.68648095566995       -1.33023726232383       -3.41177172093840      H
        2.36799637753518        6.38715576136303        2.18087790867065      H
        4.89295135688696        0.52180709631623        6.57824675510110      H
        0.09692907288636       -7.10326256493043        7.57407791923728      H
       -7.57097202566129       -6.57578907938931        5.76823595252209      H
      -11.08752588331329        2.65910556547637       -5.46992569573817      O
       -9.12896535339722        6.48417917992551       -4.69713235564173      O
      -10.41006648483066        7.70514304628025       -6.68091783525145      C
        6.03467495648046        5.02565679524552        5.44202138947780      C
        7.46696724798588        3.86330589406832        6.80711773310204      O
        6.06431236238129        7.60092854237714        5.07046846124467      O
        7.76637056823000        8.83163629927090        6.71439616541297      C
       -5.82144449561132      -11.22479079591365        7.15364822328078      O
       -3.23144417972504       -9.73109958894963       10.29657534889180      O
       -3.84987660437572      -12.03567503209403       11.19637599034204      C
       -9.54647767703876       -2.92751735247929        3.28397373614434      C
       -6.19605722813298       -5.09411425867626       -3.94783655067503      C
       -2.99555882735092      -13.70583294912403       10.27395347979657      H
       -5.77109597560048      -12.18204732546697       11.18358852798507      H
       -3.27924641706726      -11.98279355952106       13.16239863979873      H
        9.64159513164978        8.29013303998403        6.07396154299509      H
        7.44865663840908        8.31076007682695        8.73556324049936      H
        7.35072445031641       10.88736142637932        6.79427228107557      H
       -5.42250710045622       -6.96102428990858       -4.16900724211896      H
       -5.70526557808224       -3.82022783775783       -5.42321005728926      H
       -8.22013783213288       -5.16477002097771       -3.90309727664731      H
       -9.82208577656140       -4.82929674328320        2.62388775502764      H
      -10.93394711724292       -1.66951560431206        2.59142802894953      H
       -9.76527778358693       -2.95614150782520        5.27792362936692      H
       -9.69208324013804        9.59905873836876       -6.69333313954966      H
      -12.37271744415610        7.76981634866344       -6.27076384210959      H
      -10.42761023784613        6.79957856331305       -8.50050297662242      H
       -1.86500943428474        7.04207692415598        6.35731852587768      C
       -2.43316893045897        4.75824828454942        7.37561644918358      C
       -1.10039114333768        3.95889474120342        9.77158031843308      C
        1.16891776297742        5.21243366121447       10.50970149507114      C
        1.86744308253356        7.40170424469390        9.08693617847054      C
        0.07203044778186        8.44585814408939        7.41663945209064      C
       -1.57686709215570        1.61303735295761       11.06989326150247      C
        0.47946480074020        0.41118241827629       12.30751567985267      C
        2.66781834894361        1.92822354057211       12.84875972856160      C
        3.00662263419989        4.25952556361988       12.04952587835689      N
       -3.94008172712985        0.30784444514368       11.11871157000966      C
       -3.93970958840986       -2.27244440524713       11.78424057329486      C
       -1.87502709659294       -3.57291059081488       12.66134699570403      N
        0.26825514231511       -2.18005782940369       12.98336497752693      C
        2.42899405650884       -3.20526614109154       14.01680061142015      C
        4.52151767091547       -1.89865746722093       14.57861179207249      C
        4.76545611654515        0.58278444367821       13.99286045158372      C
       -6.40260610713105        1.39064243837080       10.64964322972440      C
       -8.58391615202636       -0.10886291909463       10.14840833449368      C
       -8.36937210154057       -2.75014387830405       10.60522317379120      C
       -6.09725692870621       -3.62226964518913       11.44397771551001      C
       -6.73565038546459        4.09029730828284       10.98747021621394      O
       -3.87589431967793        3.08861470479630        6.01007054986879      O
        1.15794678243276       10.45423970261403        5.74720215921303      C
      -10.58414514537259       -4.44125922942813       10.09955384230268      C
        3.68692471635746        8.09032321138200        9.61556585505590      H
       -2.83556224849132        7.88287952969361        4.81745174261316      H
        6.40533821414853        1.83088031808149       14.36825878181642      H
        2.50594807637271       -5.11406450683608       14.17662444321026      H
       -5.91760364808205       -5.71413170554832       11.70596593023607      H
      -10.11815279852247        0.75667503147606        9.04586724151119      H
        2.13489730366205       12.33998930133121        6.64865909956081      O
        0.77686818763725       10.28582454916555        3.23666394763530      O
        2.47273964611390       11.75466252383823        2.04225148528119      C
        6.74296355613515       -3.11954539435953       15.73938186256985      C
        6.55208204403413       -4.87191040133939       17.34306419536853      O
        9.12980678558328       -2.39291304631716       14.90368057014774      O
       11.07935461492120       -2.93237740493868       16.79360123234155      C
      -12.24101282423888       -3.49006133030328        8.84680186254745      O
      -10.51573284251321       -6.98690254575765       10.65412104074103      O
      -12.63815367797805       -8.31868284102961        9.65543700228585      C
       -5.82861350051624        4.86488536819221       13.29554658826023      C
       -5.60222488431939        4.05238093735852        4.31360042197827      C
      -13.70312946057039       -7.10128220740288        8.55807553406167      H
      -13.63285121692395       -8.96713934051822       11.45286925820753      H
      -11.87259692272008      -10.08675178766837        8.82284862788995      H
       10.94107957194476       -1.75538075895975       18.46564888242527      H
       12.94428654876149       -2.39783485522977       16.12300604841189      H
       10.96638755223084       -4.82331889633576       17.23725385427346      H
       -6.91173835773722        5.29796775227322        5.39963390815015      H
       -6.32762745776337        2.27598757550388        3.45957487605586      H
       -4.60527973229009        5.07478942881986        2.90950477659210      H
       -5.73731039186050        6.91385063303407       13.21863806931693      H
       -3.97182471522735        4.23273096679442       13.94267489068719      H
       -7.21016109070501        4.37719805837739       14.76465136177578      H
        1.81242054153225       12.06115528886354        0.09112068224526      H
        4.29988242302785       10.62781274329247        1.90353657062716      H
        3.12537003120438       13.52276378537577        3.11760889580411      H
$end
