$coord
       -6.31917340111981        0.37108599891691       -3.85365084038172      C
       -5.28414680376919       -0.84424455076514       -1.74948927003406      C
       -3.46995916697115        0.51425722150775       -0.20591864412372      C
       -3.09043850293414        3.14776942134049       -0.85098916688308      C
       -4.19481459603294        4.22917227226500       -2.98881199319189      C
       -5.91303155962300        2.92722083672023       -4.37494420561956      C
       -2.46422369064360       -0.57866544872490        2.11570757721559      C
       -0.56278400823955        0.87430497667426        3.23216983802699      C
       -0.13319407245188        3.40814441628747        2.40184797494498      C
       -1.43227284111982        4.57508684605900        0.48667612970286      N
       -3.18296778558091       -2.70352785450514        3.55723636577779      C
       -1.39576734799402       -3.90596200173939        5.21740528907277      C
        0.72325165643501       -2.85169985145068        5.90811644944262      N
        0.97099635632511       -0.43089658104462        5.05547541870155      C
        3.23209218897950        0.86308666311799        5.83515152132245      C
        3.78717375554093        3.22528137078434        4.86576402019356      C
        2.01772982037069        4.59574807302065        3.39146282533663      C
       -5.94693583332119       -3.52232283777987        3.83853375705878      C
       -6.24472035660600       -5.91882550316593        4.86266119660834      C
       -4.32317790027136       -7.27701551356465        5.95770288837094      C
       -1.92645103640694       -6.23700847603947        6.28319221463430      C
       -7.74093042780199       -1.70884417199014        3.13976598677438      O
       -5.42016123395972       -3.50340646842345       -1.81527686516373      O
       -7.37201880400695        4.37947184435448       -6.27834027954003      C
       -5.06400662775667       -9.48906099716851        7.39952251185250      C
       -3.45051441307463        6.06081059008869       -3.49511895387580      H
       -7.13531443087303       -0.76227452324179       -5.43016793290256      H
        2.43041318944813        6.62874364972523        3.21900730941060      H
        4.49659719327495        0.18846750475917        7.27633982019899      H
       -0.64170576471457       -7.10347722786878        7.62325093494023      H
       -8.14851921246258       -6.58369378808439        4.82900731255452      H
       -8.09058195685207        6.54358383459651       -5.96837435535546      O
       -8.02098410620724        3.08362154210223       -8.45029531707663      O
       -8.91887604597513        4.65527969883157      -10.26792247543646      C
        6.11119758280456        4.42989564955062        5.96760572096640      C
        7.28216798662740        3.29619030082794        7.59740369613209      O
        6.88977039914699        6.73548481652923        5.25077860792428      O
        8.83643828384050        7.57283864831758        6.88945552129401      C
       -7.13832948748242      -10.52760847426276        7.25051332311008      O
       -3.19307418829947      -10.02761017011678        9.24942228030241      O
       -4.14693192218556      -11.79092131948491       11.08967958217199      C
      -10.27293553478223       -2.20794685544780        3.78372609502564      C
       -4.07722315633692       -4.54296723834917       -3.86006297133377      C
       -6.16736935003370      -11.48983898184065       11.05038393798067      H
       -3.21737618843352      -11.11215426913314       12.88548286128695      H
       -3.60168787847739      -13.94066353449638       10.86387606058563      H
        8.28836340849377        7.62979764695197        8.81308793185699      H
        9.42557948816171        9.50550371930807        6.22646200140847      H
       10.31983841926611        6.12230514028751        6.76270000454201      H
       -3.83366168161705       -6.59587386857207       -3.54172291076016      H
       -2.04610833543440       -4.00106017290508       -3.58943069501636      H
       -4.72423759484138       -3.91475907454663       -5.76710036294273      H
      -11.54774096486988       -2.88108797255041        2.27632266954377      H
      -10.92772239772578       -0.32981568450077        4.39707961640567      H
      -10.44681996894238       -3.45087936587669        5.42112457780798      H
       -7.80354450046537        6.22493015697341      -10.62363358812360      H
      -10.66789605079731        5.38333118407481       -9.46455640105131      H
       -9.03927885962963        3.48427510228968      -12.05316731295446      H
       -2.66484685553164        6.75485262561392        7.00200175145026      C
       -3.04728375972946        4.50572724708499        8.12203892172088      C
       -1.10652892999559        3.81734112132091        9.92757373369412      C
        1.19856682725135        5.14430544804680       10.34845078575187      C
        1.18653398394483        7.46729352704617        9.25765835337283      C
       -0.59313505513836        8.35215001143165        7.48423438658194      C
       -1.30788518128998        1.43441492555823       11.28634919702230      C
        0.85370368445721        0.40740772315010       12.25159698818776      C
        3.15462759266527        1.79371100847426       12.44919644982669      C
        3.17954836350965        4.31549695865143       11.71956757461083      N
       -3.63862910708593        0.02228414176519       11.74510837576457      C
       -3.32140890881934       -2.56287857025534       11.88487503044682      C
       -1.15013981114879       -3.76099048812738       12.47368765433248      N
        0.90396065863347       -2.28160864185723       12.63034578335446      C
        3.20754076176642       -3.31679921758108       13.15276057935527      C
        5.53889599893074       -1.97740953591057       13.32955039369490      C
        5.51408444298820        0.56220282114377       12.75833376145893      C
       -6.06018994834650        1.11566438172858       12.12703052688889      C
       -8.14537730686495       -0.51428698169075       12.41583901135457      C
       -7.97252255989980       -3.15008359277231       11.86718626883397      C
       -5.53824846775653       -4.09353257806185       11.85813883927177      C
       -6.26005753256270        3.69918831799423       12.12635415613926      O
       -4.94697859509600        2.82230670974561        7.32066443351121      O
       -0.18343924724876       10.91044008434530        6.43474049974153      C
      -10.30458871843459       -4.67675564039781       11.87210014074076      C
        2.84157327601580        8.69606396380718        9.77802235123863      H
       -4.08522245942601        7.47541230814602        5.79632170948226      H
        7.46662083000190        1.35923833178596       12.62106394293080      H
        3.39373991208496       -5.31727938317678       13.39621755031970      H
       -5.29340586755047       -6.20036281538114       12.25627397536767      H
       -9.99094398624410        0.27687363268399       12.84483697437970      H
        1.11774843448483       12.56625001000215        7.41932120753655      O
       -1.64819883857306       11.42531072958021        4.41234866423689      O
       -1.65622765657360       13.93459385975105        3.59537153331575      C
        7.82933717116901       -3.34695602598667       13.82650529583474      C
        7.78341646307208       -5.63471793052177       14.23207004338394      O
       10.11296136095220       -1.89786915465111       13.73510738464262      O
       12.33067495843007       -3.18110192934732       14.00479678778986      C
      -12.15542982714414       -3.82045485484449       11.06688705467380      O
       -9.95578320390529       -7.08479165153049       12.71928421828160      O
      -12.13697909945255       -8.60408895764520       12.20583206238785      C
       -8.76864309777667        4.76511589962025       12.18986983641470      C
       -5.95641687477135        3.34580930794821        4.84695567423612      C
      -11.58566541422818      -10.51769011151788       12.95722835772454      H
      -12.34916958412257       -8.58112000523099       10.18282772696325      H
      -13.82707591047370       -7.79148151649778       13.01451500974743      H
       13.54925451073018       -1.83899784881270       14.90870061051490      H
       13.13911601592321       -3.42805907335330       12.08113225139778      H
       12.15508564073562       -4.91224206732066       15.25781280294888      H
       -6.98239287432915        5.17638246402857        4.97871665792485      H
       -6.77546890929175        1.69425657612193        3.94457253623558      H
       -4.22784926561301        3.94814495028957        3.81026663056683      H
       -8.43153641540856        6.75551344470176       11.98845872949211      H
       -9.73792925847058        4.42127053153214       14.02017131743215      H
       -9.86704719569535        4.10055319010296       10.58252586530336      H
        0.33795308877048       14.42481544093226        3.37463251910800      H
       -2.42360781995153       15.03532304091286        5.05843472729002      H
       -2.65843739897173       13.91324868463995        1.79270178017083      H
$end
