$coord
       -6.00415029769160        0.94046685906762       -2.00795747893655      C
       -4.55434880832584       -0.83172759808792       -0.58979914209982      C
       -2.75382349363412        0.28869700503266        1.13241229710723      C
       -1.76287145065750        2.81037322849650        0.67401922125313      C
       -3.16680072258651        4.32048672665710       -0.86335788763613      C
       -5.39902357980759        3.51012498476731       -1.89158311127178      C
       -1.72304169657168       -1.01511033339997        3.24467675917003      C
        0.51616126740333       -0.03927139364039        4.09316787500742      C
        1.68678095588940        2.21567681965394        3.26105814956171      C
        0.50439672185426        3.73823634925196        1.56801104766889      N
       -2.72666013856066       -3.38600707023531        4.41246719511315      C
       -0.96944250892685       -4.81628028471099        5.91004996395966      C
        1.33558478575805       -4.09220393748021        6.51563954064949      N
        1.92437423520278       -1.68827350440926        5.90555692885980      C
        4.28110784341038       -0.83663720044694        6.71374495731013      C
        5.25287670884184        1.49470638928778        6.11026065902251      C
        3.95014598391464        2.96084454482630        4.24805617184260      C
       -5.39737670901957       -4.00555320689638        4.30007333391224      C
       -5.87395999463758       -6.50856820883243        4.93055651947036      C
       -4.10592255751376       -8.09702539329487        6.11730393972046      C
       -1.67025790053711       -7.25211774440032        6.61834923973991      C
       -7.35287499305840       -2.21108251209375        3.69097601872063      O
       -4.70389404937771       -3.34047974316997       -0.59801148958845      O
       -7.06959918940777        5.23884635880670       -3.17234513621623      C
       -5.05200904738769      -10.72024496657185        7.11428641521494      C
       -2.49406559625657        6.26214531321533       -0.87813591442971      H
       -7.54038058103818        0.30365531171004       -3.24266857216553      H
        5.16801780937137        4.41546252933301        3.43075455466590      H
        5.39510193070384       -2.25669330803565        7.68363144346874      H
       -0.27026059868574       -8.63151256533650        7.30404150946683      H
       -7.73059324757680       -7.24092592829779        4.42885365977532      H
       -6.64748700796666        6.18642848282679       -5.24697399467228      O
       -9.38214933255298        5.61306700329336       -2.17009316618481      O
      -10.99049449738438        7.06589442532042       -3.78340606946489      C
        7.91291428798690        2.36004862367955        6.82230715707922      C
        8.80701009036376        1.15437982213157        8.53018501026164      O
        9.10389057854453        4.37561863344755        5.58936270295313      O
       11.34046988628546        5.31136441816809        6.76414418984266      C
       -7.05922734404981      -11.27736922443083        6.26594239607839      O
       -3.77406198504577      -11.88638667166249        9.19492990143719      O
       -5.24818856053367      -13.63877525784994       10.31727946427187      C
       -9.91201474513855       -3.00044670446332        3.81993588985449      C
       -6.76425204340865       -4.46056068721865       -1.97761134711490      C
       -5.83120575277688      -15.00761330745449        8.95351879634606      H
       -7.02384385773897      -12.75351031146967       11.17031663439774      H
       -4.19497864281734      -14.55857190550947       11.88733288935048      H
       11.34748895601189        4.58387363294279        8.80388757254174      H
       11.51899731908859        7.36419711678510        6.41600709451224      H
       12.85139614340688        4.25830820777160        5.79854856831780      H
       -6.45505323376352       -4.47098245647080       -3.93142630018496      H
       -8.55010448286742       -3.54044379369400       -1.66812469076127      H
       -6.89703532815102       -6.38536870369756       -1.27743842738447      H
      -10.23025617406652       -4.44601386007592        2.49809502701350      H
      -10.87433749611111       -1.32644370193087        3.52512738010649      H
      -10.30309251998603       -3.71857333458726        5.68316341483545      H
      -10.83621115186958        6.18097717197161       -5.72895928446777      H
      -10.45236728461593        9.14470656107114       -3.69910881171746      H
      -12.96646072779023        6.79145928799909       -3.59619650678782      H
       -3.49094122723160        7.35242537304624        5.39241096869400      C
       -3.64558855415000        5.09128175538989        6.66242958103043      C
       -1.77921687930048        4.32627740997234        8.46206843275235      C
        0.48904181254525        5.76796196298312        8.81628486676986      C
        0.49278938905046        8.14515253564460        7.54355266342719      C
       -1.43391484974179        8.86613227089422        5.98109307400901      C
       -2.04516372395465        2.04976923498928        9.86374705050212      C
        0.35061973131581        1.05632981971592       11.00403989340840      C
        2.40247436173790        2.76014554541453       11.18719228839191      C
        2.35111038987260        5.15566922214530       10.46275791422162      N
       -4.18472242964050        0.61563485500650       10.69383500742768      C
       -3.81923650252723       -2.05123041216977       11.31038077646082      C
       -1.52954254529408       -3.10644564972010       11.83501001265472      N
        0.52759961308139       -1.59436217973609       11.84034850577869      C
        2.80517191530669       -2.43903302996717       12.76180428808191      C
        4.62177633834727       -0.63540068169002       13.27524244583307      C
        4.47947993480802        1.92383710846546       12.55566241741102      C
       -6.75805401354841        1.40983391827098       10.56794915112739      C
       -8.67372388591659       -0.32741498574729       10.15113731888302      C
       -8.22990359188947       -2.89268425357539       10.52026295510369      C
       -5.86450574882877       -3.74684417816400       11.32156965652867      C
       -7.65529688294947        3.89452703427527       11.02994450283167      O
       -5.51518240203274        3.38383777729515        5.99457328375542      O
       -1.39854691261328       11.28683387141735        4.46233247181426      C
       -9.97949285456077       -4.73714576363727        9.59528941523052      C
        2.28175758784452        9.20688390876458        7.93517280612055      H
       -4.77982427956218        7.64828451611628        3.80744863193763      H
        6.10331806405220        3.18070587058710       12.75694691756461      H
        3.25647132981729       -4.20871296780077       13.69334849923695      H
       -5.51544612134359       -5.60132817069923       11.61238373136040      H
      -10.48563909655328        0.54316236194328       10.01255037332091      H
        0.16408389301884       12.72878965093037        5.26724570122008      O
       -3.19423128301399       11.66260101424010        2.63313480454075      O
       -2.73615148082926       14.15627569854601        1.74257133581457      C
        7.26938561177414       -1.37471288447717       14.41588813517447      C
        7.60663003862533       -3.53996955844554       15.29200990315617      O
        9.26578383193250        0.29681299000428       14.46476082649280      O
       11.49639468633795       -0.99192216200671       14.81537676358133      C
      -11.96582301774490       -4.06086099812569        8.73196943764042      O
       -9.40359715074606       -7.23711444081752        9.97246268619842      O
      -11.61248332785854       -8.78347733368614        9.18629973740785      C
       -5.85552682089043        5.61677601886289       11.97550786118704      C
       -7.21642765690720        3.85492269201747        3.91109556652505      C
      -10.98447728865797      -10.24873791449170        7.83551910887174      H
      -12.63178363358320       -7.33170114222726        8.16530934612034      H
      -12.66745605248520       -9.35969872978187       10.92735612196732      H
       11.56793169081234       -2.08313584604672       16.50157626221027      H
       12.92145583648480        0.28416507118846       14.48682919829998      H
       11.68768535064131       -2.34991489058099       13.32615887860557      H
       -8.31371113558198        5.63742990775327        4.18941218342403      H
       -8.38077178351637        2.23543820696551        3.79825506027205      H
       -6.38057094876654        3.96735975091165        2.10032033379053      H
       -4.80332892493312        4.67909537090816       13.52219668807165      H
       -6.95597307334955        7.15895208613304       12.77478161134102      H
       -4.67525541186209        6.16271276063191       10.44705587236008      H
       -4.57167968464423       14.82401476922579        1.03268915376244      H
       -1.55464334463763       14.17157001405928       -0.03829903181776      H
       -1.84653805887809       15.53893017674928        3.02274883449410      H
$end
