$coord
       -5.78578528441339        1.35553373454151       -1.82604444837623      C
       -6.87793061246770        2.77455397508473        0.10497126602358      C
       -7.57920099535949        1.59364216762957        2.49820452387063      C
       -7.21391132252749       -1.17511432849088        2.68952815300415      C
       -6.32835457696672       -2.38374024831757        0.70379821881128      C
       -5.56742403369522       -1.27910588088628       -1.48596376844159      C
       -8.80918612235392        2.62749140557239        4.61134457030319      C
      -10.21411476287965        1.10146843897554        6.39985332511722      C
       -9.69689438077018       -1.53802843177356        6.42763060540751      C
       -8.46280451549532       -2.65204630432084        4.39807634691259      N
       -8.35892156582996        5.00305580038535        5.62698104084758      C
      -10.21672306835904        6.08570396518096        7.04973179340968      C
      -12.03690705778996        4.75982566335327        8.41936781217599      N
      -11.53985680415833        2.20281278261592        8.20785347971768      C
      -12.42894867606058        0.66446206923062       10.15070735376481      C
      -12.72541011153555       -1.94812156289141        9.51997847920413      C
      -10.93658806301226       -2.96427784709555        8.09359104105313      C
       -6.42237644206586        6.86909468222006        4.75575183619259      C
       -6.36858832925743        9.27768070380434        5.79457105595251      C
       -8.19556388653842       10.29053147113488        7.42403771887881      C
      -10.24787667633875        8.79962159757265        7.63357589797670      C
       -4.17332768547143        5.78205775790039        3.83695607606639      O
       -7.87538439997717        5.21454163949619       -0.47575152117173      O
       -4.18220274449570       -2.95607530699184       -3.43110977062840      C
       -7.44608941330290       12.35916264020588        9.27420642181027      C
       -6.41819646015325       -4.43335210966115        0.45753494049010      H
       -5.09595238727564        2.55514144054350       -3.37464929401121      H
      -11.00414768233715       -5.11649614983236        8.04318466666019      H
      -13.24340621051926        1.44464100018387       11.79542662359490      H
      -11.80113903095267        9.73790781813876        8.87874750945016      H
       -4.61822799587625       10.40638723865831        5.72640617411315      H
       -3.32889982843141       -1.91746286312506       -5.36043104237024      O
       -3.67576080606401       -5.49045165638421       -3.04010089474395      O
       -1.52989996149549       -6.36866633981895       -4.30619487187599      C
      -13.54137872394210       -3.58845619472300       11.75679655087768      C
      -12.73465388320009       -5.85261145590641       11.95455039546377      O
      -14.45006585256506       -1.90564916445899       13.93901060126023      O
      -15.12546434286826       -3.22241864261793       16.14414863978523      C
       -5.32843382003022       12.12519154046018       10.48077668364297      O
       -8.87136165906423       14.51057077912666        9.18861792966405      O
       -8.30033688348920       16.29032096379057       11.10527090568686      C
       -2.33056704044416        5.23309661835808        5.58674831355067      C
       -8.37840567819099        5.43626655795451       -3.11035215075858      C
       -9.46448275717494       17.89481282583253       10.82567431930503      H
       -6.13773447512853       16.53920260934520       10.73793462981153      H
       -8.65264846417746       15.12927919173543       12.98374953876900      H
      -15.77739479711277       -5.15433226652232       15.78996452009222      H
      -16.54736018053560       -2.02879958888525       16.95394654697509      H
      -13.33987978975901       -3.53649178999289       17.58998949855172      H
       -9.95925062713427        6.88857459807936       -3.88884117388894      H
       -9.17661530757259        3.63318040262248       -3.86559513059626      H
       -6.67429615737692        5.96604451519373       -4.20497491882737      H
       -2.13333863354459        3.29850526052631        6.35966986054220      H
       -2.72384818775535        6.68606470749422        7.32154567217923      H
       -0.30961605692769        5.53923350656068        5.11858586954737      H
        0.36583487873512       -6.17544688832749       -3.37124282219413      H
       -1.30743559773342       -5.43117648325074       -6.19841938539737      H
       -1.81397483038234       -8.25300777837363       -5.01396964670510      H
       -0.82065006440774       -4.79853980084259       11.54351520940347      C
        1.42827470141292       -4.10308131095112       10.56243449090305      C
        1.50258539949994       -2.70366415902348        7.94517567124442      C
       -0.72072711636430       -2.56410982369953        6.60939778697146      C
       -3.11419409695165       -2.99233603962910        8.05638749940182      C
       -2.98915021761693       -3.87765250649006       10.61807412996517      C
        3.88186189310147       -2.01805604974567        6.99050292927483      C
        3.88382349813262       -1.65203561541290        4.38185319938636      C
        1.63639350508325       -2.18292904637199        2.87611534188397      C
       -0.75139995692700       -2.55242427509737        4.04429595529926      N
        6.22757850173428       -1.64259483493990        8.21564230105904      C
        8.32345187919895       -1.46583938441846        6.56616422185411      C
        8.23520239315273       -1.59647024081246        4.00252568523861      N
        5.92090982741695       -1.34377726283881        2.80763194342582      C
        6.00790759529208       -0.51010627320501        0.24695036888537      C
        3.94115609879060       -1.22304360399764       -1.13657948145753      C
        1.75961138814516       -2.27677857930713        0.19505446869977      C
        6.54106570921250       -1.02039461862618       10.81659042120899      C
        8.68447557618778       -1.21575278536498       12.10967099007069      C
       10.85743657140770       -1.52547244642106       10.58677838665888      C
       10.63346085422607       -1.35470911940525        7.68714461509652      C
        4.13947562502959       -0.35840353343994       12.08210145478072      O
        3.68160290234161       -5.14987397768914       11.26717262690180      O
       -4.98340209069648       -3.49839319028041       12.46086315870647      C
       13.39706038187217       -1.07751465175113       11.49933335645040      C
       -4.82558204170806       -2.48373475233790        7.02283196990344      H
       -0.84684148300673       -5.94417220764954       13.12985152336623      H
       -0.00944402761228       -2.46603964280421       -0.99717320438770      H
        7.90636215092531       -0.46534604453596       -0.73138441709112      H
       12.52888269869488       -1.12405141863244        6.79264703919419      H
        8.97767161018196       -1.59839551266359       14.34584387247071      H
       -5.57709833708642       -4.68209001063968       14.43166686742623      O
       -6.22369856420012       -1.31038935302670       11.92404116754749      O
       -7.54105221582937       -0.20244066658160       14.11040825624754      C
        3.37257167684197        0.04830689359248       -3.76053239150321      C
        4.34865018872205       -1.02172255135963       -5.62213033453014      O
        1.40748181701685        1.98938596598350       -3.94275751305842      O
        0.80903169032597        2.99445088000678       -6.40014373878071      C
       15.06926179867393       -1.65481240138155       10.12372110609867      O
       14.07175286292162       -0.02438993874596       13.99655114811161      O
       16.47315015116917       -0.27718979120164       14.29485330295760      C
        4.04928735989797       -1.00130908134377       14.75734494271851      C
        3.59691191468613       -7.77030430274191       11.67020367424235      C
       16.73880867211880       -2.31797762719696       14.49333694840201      H
       16.85226267306690        0.81720726280365       16.04164921554316      H
       17.44365024701691        0.57524812788085       12.61274695242141      H
        2.49858247771548        3.43980586176987       -7.48934753467555      H
       -0.44666385042305        4.75178103006967       -6.04203634228390      H
       -0.00557091764319        1.44973256691591       -7.35763168691584      H
        1.54336015473700       -8.24043784045749       11.66829337984930      H
        4.54358540776339       -8.22758466258077       13.52851354258130      H
        4.58188990840243       -8.72250032904335       10.02337992666900      H
        5.82464065924057       -2.04188548814430       15.22414075637435      H
        2.44536835799799       -2.36312525615561       14.94807503908090      H
        3.71043747560017        0.34899724475923       16.24495373584916      H
       -6.18161752653611        0.56911035331840       15.46224780778040      H
       -8.39151466162607       -1.91349216881862       14.96078703930038      H
       -9.23288283928939        0.79739935045889       13.57115115778462      H
$end
