 -1.0
 -0.57775850817260D+01  0.31747386675714D+00  0.25833760537735D+00  0.39932247275073D-03  0.33709701067168D-03  0.22265110311649D-03
 -0.36306804834444D+01 -0.12570853864475D+01  0.33146383943684D+00  0.18970677272293D-03  0.48563947305091D-04  0.34557796763375D-03
 -0.14554352245982D+01 -0.59317269171815D-01  0.13688118585769D+01  0.29899365207377D-03  0.55922162940638D-04 -0.11101658373290D-03
 -0.11712364256754D+01  0.25122672736282D+01  0.11282345801893D+01 -0.43726969238054D-04  0.16648852480718D-03  0.51381368120241D-03
 -0.30910027555857D+01  0.40828072690317D+01  0.75113718048396D+00 -0.14037927981473D-05 -0.30470852571020D-03 -0.13928532358945D-03
 -0.54059985794624D+01  0.30326257552841D+01  0.47270344799731D+00  0.78595946196308D-04 -0.20528654697968D-03  0.25782405885650D-03
  0.48175789532925D+00 -0.16759718530466D+01  0.23899983106927D+01  0.29907546876035D-03  0.30096568505699D-03 -0.15764494342943D-03
  0.28603656087496D+01 -0.44071632382046D+00  0.25387768089461D+01 -0.48081579686971D-03 -0.28715875603359D-03 -0.75823270185442D-04
  0.31754126831358D+01  0.21939074760794D+01  0.19579151266356D+01  0.46983845164574D-04 -0.97321239457097D-04 -0.55551954778247D-03
  0.11513621236861D+01  0.36816899777128D+01  0.16048472289096D+01 -0.27831981545802D-04  0.27029155360192D-03 -0.68146003795707D-04
  0.35188689929055D+00 -0.40992134003337D+01  0.37624784681062D+01 -0.27871152900958D-03  0.11363784543092D-04 -0.50261338757370D-04
  0.26919871453754D+01 -0.54056119051138D+01  0.40854907111990D+01  0.18340886179910D-03  0.12583741840116D-03 -0.32430023675299D-04
  0.49631619721325D+01 -0.40692379056230D+01  0.40082435015193D+01 -0.22794125051372D-04  0.14438427871250D-03 -0.64472812276307D-04
  0.52011516368807D+01 -0.16991618924965D+01  0.34579916995835D+01 -0.19087340665044D-03  0.11602074964919D-04 -0.93187676901773D-04
  0.76077817488839D+01 -0.47642371829807D+00  0.36203013161809D+01  0.19630363712510D-03  0.37383598765929D-03 -0.24337228961377D-03
  0.77860022797442D+01  0.21131282344986D+01  0.33957942500615D+01  0.15745023707053D-03 -0.10589462312581D-03  0.16063954667288D-03
  0.55087113940273D+01  0.34273709421608D+01  0.26892591526039D+01 -0.11637096438658D-03 -0.18848615863930D-03 -0.36184880833173D-03
 -0.21132022390676D+01 -0.52858422165913D+01  0.42882268406875D+01 -0.41012633273110D-03 -0.78079831831003D-04 -0.16198453418100D-03
 -0.19031392880087D+01 -0.77698919371319D+01  0.50503890493190D+01 -0.11854575608925D-03  0.36270985442726D-03 -0.28654911560160D-03
  0.44662072512786D+00 -0.88274875154009D+01  0.59506814443412D+01  0.21434652402653D-03 -0.21093993692697D-04 -0.38597726873114D-04
  0.27163107919533D+01 -0.76972668546704D+01  0.52999557155731D+01 -0.49809846768220D-04  0.15776796587601D-03 -0.38597325822556D-03
 -0.44925955518836D+01 -0.39806051992597D+01  0.41922541672468D+01  0.31631391751511D-03 -0.16752134187795D-03  0.44922932018852D-03
 -0.34798600683758D+01 -0.37957787841702D+01 -0.69980288198743D+00  0.15232368704581D-04 -0.37010428122480D-03 -0.13388893811916D-03
 -0.73051644269269D+01  0.52209495865774D+01  0.26942147453624D+00  0.81341565925328D-04 -0.22725673039210D-03  0.62290859893235D-04
  0.56661663342503D+00 -0.11169151059449D+02  0.75356001354514D+01 -0.14513364956955D-03 -0.31051238952008D-03 -0.28333167891414D-03
 -0.29167054135294D+01  0.61685804608736D+01  0.75565343341210D+00 -0.86311151111674D-04 -0.27206398954567D-03 -0.15961283692825D-03
 -0.76199902968775D+01 -0.37723886897184D+00  0.21434266849910D+00  0.39320987610134D-03  0.64239598689831D-03 -0.15244253638077D-03
  0.55700840074147D+01  0.55512023448639D+01  0.27255917819298D+01 -0.48114295542659D-03  0.10711603470578D-03 -0.22636319964032D-03
  0.91231769836420D+01 -0.17292103924958D+01  0.38098518059004D+01 -0.49973442822903D-03  0.29372568148319D-03  0.24072284407027D-04
  0.44660711002808D+01 -0.85527248473026D+01  0.61638408564659D+01 -0.43089239627269D-03  0.38780124994269D-03 -0.55751981777079D-04
 -0.37327134936008D+01 -0.85993794106278D+01  0.54828866394320D+01  0.21818154468175D-03 -0.26065189668737D-03  0.37375273186681D-03
 -0.63808418373328D+01  0.73538129416032D+01  0.37115263695575D+00  0.92671543764378D-04  0.19590357876564D-03  0.36199033070086D-03
 -0.97181276976775D+01  0.46632400228399D+01 -0.26429614148688D+00 -0.44592236269559D-04  0.16169944313843D-03  0.27017171642311D-03
 -0.11053614063545D+02  0.68557215839556D+01 -0.81590022648164D+00  0.20354065258544D-03 -0.20393417965211D-04 -0.29758931385982D-03
  0.99045461791628D+01  0.33701059924763D+01  0.46408145999047D+01  0.33753121768310D-03 -0.35107741395149D-03  0.44287726578132D-03
  0.11600171354811D+02  0.20201047661179D+01  0.54700717386114D+01  0.93456603119517D-04  0.77780520170709D-04  0.35609637627274D-03
  0.98406842128054D+01  0.58868418880777D+01  0.52358562339461D+01  0.12958893663581D-03  0.11626684168746D-03  0.10579131384199D-03
  0.12122289738636D+02  0.68042340260882D+01  0.63326672439085D+01 -0.21487611854411D-03 -0.22745027691368D-04  0.22606637188004D-03
 -0.11397576312698D+01 -0.11859340194975D+02  0.89292994521856D+01 -0.10869371639515D-03 -0.30489878261963D-04  0.13175802071840D-04
  0.26837600079141D+01 -0.12654768830065D+02  0.68289116221596D+01  0.43328262962661D-04 -0.12471961543914D-03 -0.85312766218948D-04
  0.25923375953297D+01 -0.14804486308426D+02  0.82641223785014D+01 -0.41170327859502D-03  0.23435752596823D-04  0.39294600145153D-03
 -0.50896945747633D+01 -0.23609018704173D+01  0.62586993858552D+01 -0.20554053126721D-03 -0.19453805514296D-03  0.10398240103793D-03
 -0.56851646708006D+01 -0.48501443335416D+01 -0.17355576100997D+01 -0.29247707117772D-03 -0.18727375400409D-03 -0.20558325754310D-03
  0.34564929887970D+01 -0.16520028435875D+02  0.74680504273799D+01 -0.97873373028598D-04 -0.12420941520717D-03 -0.17722363867723D-03
  0.56431181041644D+00 -0.15481302663020D+02  0.82918050037780D+01 -0.53454973457385D-03  0.13096893753028D-03  0.46040270773242D-03
  0.33687733567887D+01 -0.14510985758001D+02  0.10242167348927D+02  0.32289081147672D-03 -0.53585396007827D-03  0.45127997634578D-03
  0.13357160011814D+02  0.76350592012458D+01  0.48474612983530D+01 -0.35781319557794D-03 -0.24373879600774D-03 -0.71048169779390D-03
  0.13181746302419D+02  0.50773767174726D+01  0.71660571306305D+01 -0.86641312802102D-04 -0.63691385143904D-03 -0.75138623789530D-03
  0.11749286732104D+02  0.84385671463869D+01  0.75889988943179D+01 -0.22152644362809D-03  0.36989866241224D-03 -0.30889796384348D-03
 -0.50315797741693D+01 -0.60444275788420D+01 -0.33624689984802D+01  0.88331673360403D-05 -0.32074676661751D-03  0.67495875402644D-03
 -0.69988452444310D+01 -0.33400374521954D+01 -0.21968281651178D+01 -0.10235998585805D-02 -0.55586606328916D-03  0.57196176556006D-04
 -0.67745001185823D+01 -0.60915489850643D+01 -0.55645973957593D+00  0.34897508683889D-03 -0.65012799940782D-03  0.83601064405758D-04
 -0.41323789781070D+01 -0.56725334130865D+00  0.59125422948739D+01  0.11942591379814D-03 -0.33842267964896D-03  0.22911758242210D-03
 -0.42420958321921D+01 -0.32542005027742D+01  0.80280393129890D+01  0.14446445860102D-03  0.31482469551525D-03 -0.11773983935421D-03
 -0.71183700252948D+01 -0.22285360096978D+01  0.62237618338335D+01  0.29681384154211D-03  0.11941232214588D-02 -0.27618417943100D-03
 -0.97554439988339D+01  0.82114310243597D+01 -0.17329472682688D+01  0.44769993873791D-03  0.18901017722729D-03 -0.23282606091363D-03
 -0.11848384624142D+02  0.76135898583553D+01  0.96942491184571D+00  0.25794984681667D-03 -0.16650192742246D-03 -0.89418567537766D-04
 -0.12439900374277D+02  0.63644763775044D+01 -0.20990097485844D+01  0.45052777090892D-03 -0.24395475203826D-03  0.40667811755666D-03
 -0.44767009312861D+01  0.76882774795029D+01  0.58327227702161D+01  0.27373706790329D-03  0.39399049649999D-03 -0.62231211770284D-04
 -0.55411806526679D+01  0.54868973558565D+01  0.72074654919180D+01 -0.15500122350447D-03 -0.24855839454480D-03 -0.52940272739820D-03
 -0.36158467890862D+01  0.42145972033414D+01  0.88174555998049D+01  0.21307872825189D-03  0.15309482490708D-03 -0.11096469551494D-04
 -0.10500679025031D+01  0.47928632743427D+01  0.86673923861776D+01  0.17943926106730D-03  0.57083114220593D-03  0.15458255626793D-03
 -0.28089435362428D+00  0.71559389750473D+01  0.75147041033147D+01  0.13580165153232D-03 -0.30601537681059D-03 -0.14725753879009D-03
 -0.20384467207350D+01  0.85064690823639D+01  0.61440808284510D+01 -0.17267968035373D-03  0.21947191430474D-04 -0.24212462176852D-03
 -0.41645367119275D+01  0.20689935943474D+01  0.10158393097599D+02  0.60006088940252D-04 -0.11633935230254D-03  0.15161295911163D-03
 -0.21344341155725D+01  0.49408277586848D+00  0.10664007123361D+02 -0.18433531203468D-03  0.14637934124242D-03 -0.31536096886560D-04
  0.41372120833430D+00  0.12893670205775D+01  0.10422399065954D+02  0.31885641516691D-03  0.14438588148802D-03 -0.24765224877374D-03
  0.97994863395705D+00  0.35288160615206D+01  0.96306906136421D+01  0.17956372250579D-03  0.33358035030911D-03 -0.15661250569457D-03
 -0.66723585106538D+01  0.11938415155047D+01  0.10839596349769D+02  0.95493691018638D-04 -0.10936944402605D-03 -0.88545822167822D-04
 -0.70691772871551D+01 -0.13468358019201D+01  0.11174113416315D+02 -0.66942685906775D-04  0.23810960846521D-03  0.55365410020403D-04
 -0.51379696083803D+01 -0.30702000056616D+01  0.11571798269933D+02 -0.22459617190407D-03 -0.44782275732082D-03  0.48286988901307D-03
 -0.27746776893792D+01 -0.20659107656937D+01  0.11411233878425D+02  0.29392064664016D-03  0.41314674232791D-04 -0.39589517944320D-04
 -0.71496156245505D+00 -0.36166437933788D+01  0.12000252965615D+02  0.85546537149528D-04  0.32085816286332D-03 -0.18879059148453D-03
  0.16630516625396D+01 -0.29685924494155D+01  0.11767685631309D+02 -0.27547297461730D-03  0.15689830637286D-03  0.32875105230483D-03
  0.22859084098829D+01 -0.48611226473842D+00  0.10994374257685D+02  0.54643866413757D-03  0.26790054984431D-03 -0.26302311187467D-03
 -0.86895355708756D+01  0.30166674344815D+01  0.11192749183080D+02 -0.36887129560142D-04  0.24829157681443D-03 -0.64714809491168D-03
 -0.11195561233769D+02  0.21458035479225D+01  0.11324899887671D+02 -0.20295585441846D-03 -0.30209039235695D-04  0.20110095679643D-03
 -0.11714126561642D+02 -0.45931866018751D+00  0.11690880222719D+02  0.39894530795009D-04 -0.18724319652249D-03 -0.30897695127377D-03
 -0.96325880811624D+01 -0.20384371767346D+01  0.11563265686581D+02 -0.48199821088300D-03  0.32765872007874D-03 -0.14951676587753D-03
 -0.83008876425089D+01  0.56320510273828D+01  0.11342064458954D+02 -0.37015164901171D-04 -0.30671914903203D-04  0.50128286240785D-04
 -0.77272455988622D+01  0.41216182066799D+01  0.65534310931292D+01 -0.14861124151208D-03 -0.61936820652752D-04 -0.24647627998344D-03
 -0.10690764024318D+01  0.10578150030683D+02  0.45157742107891D+01 -0.35505660299277D-03 -0.84783277301739D-04  0.31670983409773D-03
 -0.14394040923561D+02 -0.14782917516213D+01  0.11252294503890D+02 -0.17473289671896D-03 -0.25682022884755D-03  0.25945328341841D-04
  0.15459872943577D+01  0.79406592708039D+01  0.75285669238241D+01  0.49568517485567D-03 -0.73193696315447D-03 -0.65198914035683D-03
 -0.53690927489459D+01  0.84463130649857D+01  0.40569298111118D+01 -0.74947343630209D-03  0.23069563394076D-04 -0.14643804392173D-03
  0.42050813639528D+01  0.15398702669256D+00  0.11065029964565D+02  0.44621642257040D-03  0.54905872137889D-03  0.39114969522726D-03
 -0.13853567336310D+01 -0.54328144969970D+01  0.12759187095455D+02 -0.69671271836368D-03  0.31666745652809D-03  0.53891041275524D-03
 -0.10033514870167D+02 -0.39122875105496D+01  0.11614929846825D+02  0.10262535029937D-02 -0.37453082457224D-03  0.49826110193742D-04
 -0.12710448624987D+02  0.35194257403798D+01  0.11758177023694D+02  0.25322614189363D-04  0.45305098758199D-03 -0.12983957680708D-03
  0.10117082066121D+01  0.11445287935034D+02  0.52625025075689D+01  0.19558100207251D-03  0.17270316693779D-03 -0.52651250165905D-04
 -0.23923633750630D+01  0.11535818350099D+02  0.25062809976336D+01  0.19493958901928D-03  0.33934780169916D-03 -0.72925807341798D-04
 -0.17061477617380D+01  0.13823515716416D+02  0.14488002412918D+01 -0.78649376828430D-04  0.43213906240740D-03  0.25646472405111D-03
  0.34480917728010D+01 -0.50305135071735D+01  0.12033591029366D+02 -0.30402345124968D-03 -0.59066715228179D-04 -0.39080143354216D-03
  0.32528784039858D+01 -0.65790420462684D+01  0.13750667070359D+02 -0.29036516432149D-03 -0.23013793089182D-03 -0.31046090038667D-04
  0.52098296808293D+01 -0.51187145947932D+01  0.10237630175398D+02  0.24400758212964D-03  0.74467484388274D-04  0.41371584926521D-04
  0.70410407931772D+01 -0.71246946192839D+01  0.10635694071502D+02  0.18589841910600D-03 -0.12479668287870D-03  0.68449095098170D-04
 -0.14877708209888D+02 -0.36196882939358D+01  0.10787384942907D+02  0.36377261008227D-03  0.59696592065966D-04  0.50551721770450D-05
 -0.16301832205170D+02  0.26276465340534D+00  0.11157195525445D+02 -0.24987522455172D-03 -0.18359388109969D-03  0.16976821037640D-04
 -0.18630571030507D+02 -0.84265015479428D+00  0.10876199947491D+02 -0.65439117239301D-04 -0.24034176624162D-03  0.21724378913573D-03
 -0.66384329313710D+01  0.67462425056605D+01  0.13185896739937D+02  0.47200602235675D-04 -0.10781755807838D-03  0.76197656963147D-03
 -0.97607424504539D+01  0.58476111808486D+01  0.63203160348338D+01 -0.17968999250373D-03 -0.79475401900871D-03  0.40926893228125D-05
 -0.18436151090044D+02 -0.21559347890148D+01  0.94115869346853D+01  0.47117015886756D-03  0.63151620453500D-04  0.39305331871047D-03
 -0.19991822274116D+02  0.66205931846411D+00  0.10195165844865D+02 -0.11241107149856D-03 -0.47624630782740D-04  0.73536839368599D-04
 -0.19351974887619D+02 -0.16207373198305D+01  0.12527622880476D+02 -0.36699300949368D-03 -0.86952994922414D-03 -0.25178623402928D-03
  0.85454912632389D+01 -0.70636615902315D+01  0.91021914675122D+01  0.13257572905716D-03 -0.38120561856104D-03 -0.25063859269223D-03
  0.60958557382320D+01 -0.88969817506013D+01  0.10044121891259D+02 -0.76882652365653D-03  0.38815648673452D-03  0.45494794589702D-03
  0.81257038395506D+01 -0.67056557135629D+01  0.12405085614516D+02 -0.36998315925625D-03 -0.39356549636493D-03 -0.75524551595447D-04
 -0.11605512448871D+02  0.49621801186551D+01  0.59200862574849D+01 -0.10246945352423D-03 -0.40369653299915D-03  0.34756338976248D-03
 -0.94031913860043D+01  0.71988195524762D+01  0.48103171944430D+01  0.56746341943536D-03 -0.41504115798106D-03 -0.53999785034541D-03
 -0.98840473718404D+01  0.71543801351122D+01  0.81281042443128D+01  0.70422291930082D-04  0.51786737690443D-03  0.68342291429616D-03
 -0.72423162306994D+01  0.87139065442572D+01  0.13206720002365D+02 -0.12732027246155D-03 -0.34002156885918D-03 -0.21091299713437D-03
 -0.47479797776716D+01  0.62091994038040D+01  0.12526655543270D+02  0.38897130620164D-03  0.19040005315788D-03 -0.50641927369466D-04
 -0.66283611178204D+01  0.57757067636476D+01  0.15053497356060D+02 -0.72010139034439D-03  0.62214980544797D-04 -0.18571138249805D-03
 -0.24648307123107D+01  0.14097108117785D+02 -0.47468372957556D+00  0.53702589609032D-04  0.69794214258499D-03 -0.45857992363403D-03
  0.40538879359828D+00  0.14354817999921D+02  0.17118207868573D+01 -0.11233090706413D-03 -0.34334096807381D-03  0.13524993935307D-03
 -0.26318735315295D+01  0.15203930245524D+02  0.26921680744310D+01 -0.46294394834767D-04  0.19651732146653D-03  0.18738424912805D-03
