   -0.03383818
    0.11993920
    0.00961038
    0.09401453
   -0.03442881
   -0.00613077
    0.03683771
    0.00065076
    0.09812716
   -0.27291002
    0.01318370
    0.09676848
   -0.26549486
    0.09374461
   -0.02138913
    0.00173604
   -0.02673480
    0.12849241
   -0.03046592
   -0.00346082
   -0.01486661
   -0.34374820
   -0.35869472
    0.37508431
    0.38716837
    0.12746452
    0.09650163
    0.12824383
    0.13430823
    0.12717554
    0.11579658
   -0.48954846
   -0.39415264
    0.02801175
    0.38914110
   -0.47706592
   -0.37679305
    0.02167991
   -0.48464052
   -0.37854196
    0.02312914
    0.01533598
    0.02243166
    0.11665684
    0.08496179
    0.08599585
    0.08262905
    0.09798932
    0.11659969
    0.06779267
    0.07492033
    0.07339142
    0.08597514
    0.08944522
    0.07994069
    0.07702261
    0.08841854
    0.10658866
   -0.02842167
    0.13493641
    0.01153513
    0.09646777
   -0.02586580
    0.00422005
    0.03881788
    0.00349717
    0.09475561
   -0.26951027
    0.01347452
    0.09172108
   -0.26563582
    0.09550942
   -0.02322506
   -0.00071764
   -0.02472297
    0.14431624
   -0.02827906
   -0.00668954
   -0.02140549
   -0.35619985
   -0.34860257
    0.37951866
    0.37597302
    0.14428728
    0.08411576
    0.13367734
    0.12101276
    0.12406057
    0.10135937
   -0.49494720
   -0.39831914
    0.03638749
    0.36225910
   -0.47127619
   -0.38517677
    0.01282033
   -0.50540612
   -0.38758205
    0.00535578
    0.01204737
    0.02519609
    0.13424214
    0.07421744
    0.09052384
    0.13499179
    0.09890151
    0.09512284
    0.08725716
    0.06691474
    0.08432384
    0.08714225
    0.07798810
    0.06148754
    0.10412358
    0.08086712
    0.11655710
