$coord
       -6.09478750759510        1.67270628229197       -1.90150496126419      C
       -5.61973529114585       -0.38222634538772       -0.45734113181732      C
       -3.73545284282205       -0.08989844106267        1.52318200310099      C
       -2.09340799017249        1.98457594010442        1.36739121132296      C
       -2.94754536096419        4.18406047829320        0.03367657298912      C
       -5.01893773065064        3.96039525906867       -1.51554685966818      C
       -2.77582430472516       -1.92742060078250        3.21148854165224      C
       -0.25939992967211       -2.10956611980447        3.88487314550545      C
        1.09849049294409        0.27891478209332        3.69214230067129      C
        0.29217068690100        2.14504134749917        2.13957706020297      N
       -4.31785596009494       -4.14408552981507        3.82567895655506      C
       -2.80299412793334       -6.28960814037191        4.28693100230906      C
       -0.38901648586145       -6.34505246445931        5.13633991949419      N
        0.87310693867905       -4.20643496692467        5.11944659131927      C
        3.25943441408132       -4.00273314044896        6.27034711175521      C
        4.58364715522010       -1.72668242798823        6.14218275762607      C
        3.44950903246406        0.27297822157270        4.97866732445735      C
       -7.03491058839079       -4.29006617000616        3.85942579787911      C
       -8.14829451185654       -6.54358110908812        3.80081496551268      C
       -6.74087553133428       -8.75964570267858        3.82615425425332      C
       -4.20801950586264       -8.54622900802417        4.27706870850749      C
       -8.54267606871128       -2.10257545684358        3.67683601864069      O
       -6.62096129434800       -2.73891271910653       -0.91520866731998      O
       -5.60806917939200        6.44678329123200       -2.99581004002211      C
       -8.04684029213143      -11.22259379602545        3.94829353312599      C
       -1.56793187110642        5.60052824553593       -0.47171367075173      H
       -7.54420634606699        1.74588343160808       -3.34694737201306      H
        4.21211589063738        2.15628380909528        4.97673470483490      H
        4.07140828035979       -5.65476989535006        6.74006285097709      H
       -3.28831424784030      -10.35658787369281        4.53514947704927      H
      -10.18658414350391       -6.75417156139506        3.69078384228077      H
       -7.82886055791601        6.87039783981754       -3.51462691123568      O
       -3.72987636856743        7.99799002696307       -3.77666686932553      O
       -4.82620051642264       10.10198089796132       -4.82756489315528      C
        7.26925865878077       -1.38053063049079        6.97045218859910      C
        8.37196713422022        0.55458623751707        6.30802985839486      O
        8.55991291742669       -3.17449249942065        8.25579784086881      O
       10.97816864181946       -2.35753749792941        8.60407078412134      C
       -6.80335747906090      -13.13348116054264        4.40151625538111      O
      -10.63392975478457      -11.01328841113421        3.26566002699175      O
      -11.90729482199099      -13.41940571247937        3.46776949718208      C
      -11.05501994789370       -2.57755058047969        4.36486804756744      C
       -8.72656343772396       -2.90430597583118       -2.77307139468899      C
      -14.02058790750830      -13.34074163643326        3.43507222717290      H
      -11.25146962299090      -14.62059310438091        5.15595173807032      H
      -11.03221791401105      -14.54229238635078        1.74519062319405      H
       12.20831964843233       -4.13201853160300        8.48396899324283      H
       10.89963381610882       -1.34981814149958       10.40916771076598      H
       11.73627004026847       -1.28573882293792        7.10180813831796      H
       -9.18721037160660       -4.86141388156500       -3.41734516068089      H
       -8.07919784374315       -1.74462331578558       -4.47544677418023      H
      -10.37470778430797       -1.92800008610877       -1.98746254956350      H
      -11.25028578144868       -3.61178760640204        6.21655567000555      H
      -12.11067785965487       -3.85633358026409        2.98280114865013      H
      -12.18310726075285       -1.06759951043061        4.35364040722971      H
       -3.26358960105166       11.53069360073887       -5.16212672392048      H
       -6.30131940067845       10.83655849399549       -3.40840936920351      H
       -5.60253658161423        9.81579987075207       -6.81754595794762      H
       -5.06100834239271        7.97665429806855        7.22407595109100      C
       -3.89952150511954        5.57483547029597        7.69838811864005      C
       -1.54724758660754        5.17696066925875        9.02744526891495      C
       -0.28733123922265        7.46694626974888        9.50139440707848      C
       -1.25367253730338        9.87954131692791        9.17225127624213      C
       -3.57057718412070       10.12535240230268        7.92398247037976      C
       -0.85043685221438        2.75801263186764        9.96336637702212      C
        1.57214964391755        2.68301122515416       10.82379781471450      C
        2.81558042567648        5.09946399717113       11.18110908784107      C
        1.92770128278106        7.36423191324491       10.72032936467107      N
       -2.43880532012095        0.54008185208996       10.09133131647189      C
       -1.10692162798735       -1.78020134584040       10.29312029474159      C
        1.37118081615042       -1.84152160076109       10.80344861764848      N
        2.72895242552089        0.27585377272185       11.26187007005356      C
        5.22595739892569        0.29770007936128       12.32031050115301      C
        6.45018980911915        2.71427981909040       13.02533932068841      C
        5.24967943944525        4.97486514955759       12.49018266348970      C
       -5.21781364024660        0.34934707041367       10.48544612966341      C
       -6.42949599318708       -1.88865056109655       10.08642359861484      C
       -5.06092122163806       -4.05653848348945        9.65533574931964      C
       -2.52996076020693       -4.05200682763245        9.94388357084547      C
       -6.79438324786654        2.38376229051671       11.33926012652511      O
       -4.70310591238433        3.49932462480753        6.31094007033753      O
       -4.53181852124407       12.58560111808067        7.05109678883165      C
       -6.35869986432713       -6.53733493332176        9.77451382143417      C
       -0.13803220722867       11.48585904845746        9.76556748304070      H
       -6.82452735445783        8.05749501837240        6.48106943287185      H
        6.39745840591246        6.60420195648086       13.09322735370790      H
        5.89389484627043       -1.50632789094799       12.74533200134848      H
       -1.39363768228866       -5.76518912073985       10.05803042235310      H
       -8.40119439170190       -2.35695857391290       10.08943036666317      H
       -6.14207626841083       12.44851794239518        5.31729979718447      O
       -3.65388053713776       14.78671977937705        8.04624240744892      O
       -4.85620402630442       16.88898474665875        6.81084509785370      C
        9.04771899289912        2.61449117474064       13.82435918912869      C
       10.26333923885675        0.71016474414032       13.06007360813475      O
       10.15337597215333        4.56624295571773       15.15282677655507      O
       12.78040190116340        4.11944870890785       15.74297468657473      C
       -8.70067446672816       -6.63599624619432        9.76444739110781      O
       -4.82753786917714       -8.44191534833866       10.15460944398921      O
       -6.30241531487993      -10.64978067641521       10.45402505826618      C
       -5.75250815278808        3.52900106470902       13.53167076817098      C
       -7.06467888855691        3.51044641781190        5.31264173612559      C
       -5.17522442072811      -12.28155699574817       11.21529787078561      H
       -7.03252260578987      -11.21627679247491        8.57532601879774      H
       -7.59980382857203      -10.32671662850128       12.04036481934489      H
       12.55083499154051        2.00124888462267       16.13835725040238      H
       13.35922304836532        5.23449410826664       17.61509940411585      H
       13.78261737265072        4.46022174278660       13.92751333310654      H
       -8.55837918951805        4.39313546218887        6.59174221076328      H
       -7.41949272332453        1.48095564809772        4.76563278675747      H
       -7.06454039098255        4.92272011186221        3.84420701143789      H
       -3.85552473893690        3.92007078219256       13.23647858153380      H
       -5.98110028441893        2.51340649314804       15.34790146123721      H
       -6.74659168549088        5.39364703002714       13.62789396381356      H
       -5.59064264987466       16.04555357868866        4.90659132749860      H
       -3.53350603754866       18.28881819365495        6.25788163825697      H
       -6.47964746450528       17.45796805563884        7.77377887537598      H
$end
