$coord
       -5.83261523366225        1.91280291802104       -1.52387801929973      C
       -5.33834732336725       -0.32404143069784        0.16894076204713      C
       -2.95569993839942       -0.52800458924314        1.44178369987797      C
       -0.81643788532990        0.61137850535826        0.13389540840829      C
       -1.43519401712381        2.28706303024865       -1.97598774838442      C
       -3.69817971242211        3.18605018422778       -2.74670985175412      C
       -2.49126359867969       -2.17586518634926        3.50773798357204      C
        0.09395760003232       -2.40952392281834        4.18002097366100      C
        2.07070107468245       -1.17230788791306        2.75194898060060      C
        1.58239408516618        0.30567091553982        0.82176454637118      N
       -4.09322692852019       -3.48503948160078        5.36640147406383      C
       -3.18792250804418       -5.41516678259969        7.18690526947368      C
       -0.64533906658694       -5.78287108581547        7.37243412710540      N
        0.90822960199668       -4.19983756395103        6.11712195791904      C
        3.55719303494917       -4.48657608102395        6.51174962713995      C
        5.26748617227466       -3.37280287363865        5.14901272418583      C
        4.66137478811313       -1.45092890313633        3.50863456112614      C
       -6.58085708583903       -2.42400637213456        5.67985365149105      C
       -8.21469917848717       -3.43982625373640        7.33789224266838      C
       -7.44673948199704       -5.33576285455514        8.89869373542700      C
       -4.96554651445426       -6.34529479857466        8.78220929035867      C
       -7.11873040427647       -0.02125911540879        4.57484151157499      O
       -7.05801143490547       -2.32503776158971       -0.31075866228180      O
       -3.92195025531454        4.84531406359736       -4.91419067696805      C
       -9.23288403896503       -6.70859317756448       10.50310713945037      C
        0.18055433886206        3.11807204692294       -2.69168137067182      H
       -7.82189775276362        1.85861580353156       -2.34886345579326      H
        5.97998116267877       -0.17554561340887        2.57491199245205      H
        4.14293662024128       -5.84922210877644        7.96284651693246      H
       -4.57287638181615       -7.51002343324370       10.30644067438275      H
       -9.93159634696156       -2.53225793982215        8.16916393602736      H
       -6.16540062463184        5.50750257232873       -5.29803568027512      O
       -1.89272747390558        5.40088412851788       -6.46700578919411      O
       -2.77943776328928        5.90720843423373       -8.96340299675579      C
        7.74999541950831       -3.52397678967633        6.30131458792637      C
        8.96097436861763       -1.62550571474762        7.13304043596849      O
        8.81039398917198       -5.90630863342954        6.04411711140633      O
       11.07311011245468       -6.24935986387777        7.12446801754123      C
      -11.25623546259737       -5.74483189494500       10.94613334648740      O
       -8.41165303185587       -8.84199374822188       11.77091782492867      O
       -9.54154573445658      -10.00680383162195       13.83019935263217      C
       -9.79096994454540        0.54138311089092        3.61134271081466      C
       -7.20492091809894       -3.60819911519112       -2.57954302095556      C
      -10.88606938052899       -8.67308863835063       14.67820633909305      H
       -7.71284738909616      -10.12342104585783       14.91728089640071      H
      -10.49329464939020      -11.85824346049488       13.20214282115786      H
       10.58629564596770       -6.81028430457517        9.14003725049312      H
       12.63150431080528       -4.85657725089308        7.20674894412170      H
       12.01921748222151       -8.00058025469885        6.44039559054088      H
       -5.77751066752968       -5.07086155568711       -2.42023699058091      H
       -6.64857371013188       -2.21827362878361       -3.80076052153879      H
       -9.17027656792142       -4.04648771720214       -2.44214835774082      H
      -10.09964459483564        2.30928053844075        4.02055988922319      H
      -11.37112385767596       -0.37890793042740        4.67502542058500      H
       -9.85099731463334        0.33631334890663        1.57516651828540      H
       -1.01007162415810        5.51287500140354      -10.34776042081670      H
       -3.80254775264976        7.65356482767861       -9.02677308224534      H
       -4.24017881375503        4.53931965750738       -9.43589774270062      H
        0.26024329513787        7.73992933729645        5.35618167502642      C
       -1.43542172257812        6.13890601170645        6.56318784091497      C
       -0.37372835466524        4.67359441158931        8.59248451692330      C
        2.27504700897794        4.45515573514701        8.72996590799911      C
        3.80216496764264        6.35536148588136        7.48756243240199      C
        2.89981562898238        7.85199448403637        5.60742420763959      C
       -1.66298271750817        2.80326680566463       10.13941610772802      C
       -0.34759499117612        0.58999285584736       10.88559213519680      C
        2.31039377812907        0.61830704202040       10.64850191362367      C
        3.64025258915474        2.73153212047152       10.00522363515566      N
       -4.33503894587586        2.87754826222317       10.42769661597096      C
       -5.64302085327380        0.55606977494147       11.12687014965722      C
       -4.43353234680713       -1.58140329992818       11.98874608912354      N
       -1.79249989395251       -1.37972177275961       12.04129161293282      C
       -0.30027789273309       -3.20556265224762       13.22790099855871      C
        2.32650728356476       -3.25824352428463       13.07417418241205      C
        3.59919318243176       -1.39392855234281       11.64691894703979      C
       -5.62945310234799        5.16511770170477       10.62942527576053      C
       -8.33954956214240        5.21344347847163       10.54066798940652      C
       -9.71435681140599        2.93182266562064       10.45738733197668      C
       -8.34075298243957        0.76822676545481       11.10739708166737      C
       -4.17189209194092        7.50073722471111       10.69570848864908      O
       -3.89315946573321        5.98590774261857        5.88047115239535      O
        4.23002607800413        9.93639359919228        4.29366693670128      C
      -12.54002731956355        2.78946511553426       10.43398618928569      C
        5.77659229884050        6.09228452783325        7.98226095315750      H
       -0.45942554857100        8.82139266466515        3.84641891106444      H
        5.40306985717027       -0.99150082496561       11.51736056860649      H
       -1.70088652898410       -4.68210301649411       13.68542076176002      H
       -9.18823459738033       -0.96492128877214       11.81008366594634      H
       -9.23758790103023        7.04661179761569       10.90412754815156      H
        5.78388924811041       11.14479492758616        5.54739189767258      O
        4.19622048446393        9.83188150022077        1.64275755645541      O
        6.01066203514052       11.19355174808456        0.58707540379778      C
        3.72789968986232       -5.42747303254112       14.09012332720026      C
        2.84494267467979       -6.93431245279724       15.63775774976837      O
        5.81769536699651       -6.11910789750193       12.67422388424571      O
        7.51962980217153       -7.69617428307129       13.85589139597748      C
      -13.48998484312255        3.17138613553630       12.52956427106823      O
      -14.08217432032814        1.88205931855798        8.52414405618882      O
      -16.77813308923363        1.83021105456114        9.00255816041405      C
       -5.33141584776029        9.60124818593644        9.90022075084413      C
       -4.18278055198695        4.85163226567053        3.44985062978075      C
      -17.69983652544474        2.64650519621394        7.48951022895219      H
      -17.13752522382923        2.99308309776292       10.79312453027595      H
      -17.42234051662339       -0.06874253069007        9.26689071914162      H
        8.14310265596144       -9.49199625128305       12.99269146117954      H
        6.78529944142921       -8.12739247829179       15.63105908487390      H
        9.24098393932214       -6.69225995692271       14.28919842548732      H
       -2.87456632393536        3.32711098901677        3.64411973351542      H
       -3.16289172571617        6.11079736550509        1.85111173551170      H
       -6.01008558604971        3.96174890715752        2.68488676238918      H
       -6.99798992780564        9.05505790727121        8.62840769371190      H
       -4.08871536070990       11.11721894067333        9.03126985642863      H
       -5.83845421993236       10.58082157664923       11.78877028795087      H
        6.76178222802151       10.11474671929339       -0.94443678949164      H
        7.46908263645474       11.89072190051457        2.05871311027543      H
        5.15232300733254       12.87564118893969       -0.22395527269976      H
$end
