$coord
       -4.35132610844127        0.70121170037606       -1.93393810822754      C
       -3.82298656853752       -1.17631898242980       -0.14250562953782      C
       -1.43034965860025       -1.10745965073375        1.37918793081633      C
        0.35632696558256        0.74132014740775        0.90482707957133      C
       -0.29803495745322        2.60385605665326       -0.92205880635509      C
       -2.55998841853216        2.58015216265308       -2.11737370372943      C
       -0.90027131863850       -2.61270349165709        3.53660077126788      C
        1.59902761770074       -2.81881660633322        4.38589963403056      C
        3.49898492685060       -1.05985608361014        3.43852543949827      C
        2.71914658895650        0.85832021939177        1.90819501143210      N
       -2.74614735355441       -4.09660449353027        4.75434054149719      C
       -1.81592793727399       -6.06012579966428        6.36071404517902      C
        0.70422237924994       -6.47896274626851        6.87419323649143      N
        2.39944053428875       -4.78012083417905        5.98254082677591      C
        4.90098167807041       -4.67172174030452        6.62094512994148      C
        6.78205759565555       -3.14874697601495        5.60778431265972      C
        6.02555568809944       -1.24554143283569        3.98473332778431      C
       -5.47174829371362       -3.38907277187057        5.07569839655504      C
       -7.11563284176598       -5.01557432319232        6.56708437630444      C
       -5.93154874432784       -6.67325221434910        8.29335038705835      C
       -3.44027481289767       -7.17035079205311        8.03358144843974      C
       -6.68950467024499       -1.50741952983730        3.74000946745386      O
       -5.32428676926679       -3.44795847556288       -0.46052681417382      O
       -3.26386157658489        5.16018813864671       -3.34323702332517      C
       -7.93096936840153       -7.86089907026724        9.93940543886467      C
        0.65194979022221        4.30688769727261       -1.47283606730512      H
       -6.23175797052472        0.60655975966784       -2.69029508905736      H
        7.34857305686761        0.11596690357904        3.18006724182046      H
        5.48143660856213       -6.23519486732754        7.81173962745071      H
       -2.85634880648279       -8.51807659272565        9.39585061898371      H
       -9.12214678552493       -4.44675317997931        6.76921341614704      H
       -2.29977356692433        5.51892115713903       -5.44918436723131      O
       -4.99521742009719        6.71177136248343       -2.31642448146317      O
       -5.42916348489047        8.70034175295281       -3.92965684112180      C
        9.33759150148015       -3.39522143819213        6.58909342738494      C
       10.96565864161257       -2.06402682839767        5.50068448627658      O
       10.06015432008294       -5.23950450007477        8.26490648170251      O
       12.55404866815427       -4.96749571295855        8.73304736685857      C
      -10.06537378519031       -6.85732821792301        9.85267060996470      O
       -7.38074081313645       -9.81832981750771       11.29053065780599      O
       -9.32290609403303      -10.82075294995783       12.54205178155710      C
       -8.72582790963482       -0.66203833080673        4.86936449986499      C
       -6.44796648404710       -4.02648214436045       -2.85000498191533      C
       -9.42239905541927       -9.54373000941345       14.15089381584196      H
       -8.99626166659483      -12.87640028993497       13.17537363461952      H
      -10.99707831164642      -10.82312050392603       11.03236085826507      H
       12.72552608021783       -2.98809318695628        9.07874953448233      H
       13.74799049368467       -5.45859766936259        7.09927628467624      H
       12.99756159441133       -6.00628738403478       10.49203106936532      H
       -6.55246029662218       -5.85321022436474       -3.13368388358575      H
       -5.62586914550014       -3.18945926566474       -4.52569949785442      H
       -8.46204453050862       -3.54116458820796       -2.68916525415985      H
       -8.67315610534303        1.37031987929552        4.86684308534461      H
       -8.70042680481425       -1.03868045275170        6.88000998141734      H
      -10.21234541785102       -1.05105194672554        3.69325218788124      H
       -3.52511959056746        9.60675531304691       -3.35140239623356      H
       -7.24118850206375        9.70661472941697       -3.73591360938961      H
       -5.23330597626334        8.01693813693465       -5.85932148056877      H
       -0.73912253092420        6.55153638431561        3.30713294412684      C
       -2.47033941918207        5.39371554751101        5.00087970520606      C
       -1.38586322687325        3.70696970774610        6.81571681594201      C
        1.30177804466024        3.40396577918638        7.01961880326485      C
        2.90276803850899        4.62846374324942        5.24458467191956      C
        1.84775631814657        6.65132884308955        3.77360969298202      C
       -2.88767718970077        2.31956550405539        8.49131957743319      C
       -1.67382331073470        0.43367849239131       10.05502419290603      C
        0.87165004910009        0.04560672843642        9.84174961001639      C
        2.34871253322803        1.66375057751859        8.69562806661460      N
       -5.23539408649341        2.90528571774577        9.82560842668720      C
       -6.72282001559090        1.04491303184336       10.96714842867243      C
       -5.71772979202887       -1.28359360138809       11.42460937928255      N
       -3.06816883675424       -1.22687211115623       11.62811233619892      C
       -1.88595052154854       -3.09362625081398       13.16655592399655      C
        0.75146837472450       -3.09338511091933       13.06356990896683      C
        2.06398963580149       -1.68459942699915       11.32996671130737      C
       -6.11491420890475        5.52261881843044       10.11188748884758      C
       -8.68343888200792        5.83950771129793       10.61132495176797      C
      -10.36569136777040        3.68755118429715       11.10354799967696      C
       -9.27584172597941        1.36931387061973       11.41033024724973      C
       -4.42189078400363        7.42962081450219        9.65660424122550      O
       -5.08609619079459        5.61705036415551        4.51747468303987      O
        3.53312218823914        8.19953414599912        2.14791853197104      C
      -12.89763309980369        4.17497038898156       12.25853485447812      C
        4.88249370649065        3.97979070385123        5.21747688221531      H
       -1.52025745938652        7.38226657237853        1.63051733269367      H
        4.35775849453467       -1.88534667204333       11.44148189974014      H
       -2.91091580656544       -4.31760706101311       14.30501998594222      H
      -10.30754294016777       -0.21546185608011       12.19681685673883      H
       -9.55950457757477        7.64191496050470       11.21127069017539      H
        5.81707009889746        8.47044931966874        2.64213732562264      O
        2.44240164391399        9.30357957287480        0.10332242860609      O
        4.31557394525232       10.90145759583012       -1.16729232439184      C
        2.42649153513578       -4.76128183169382       14.56170630489646      C
        2.62724922917907       -4.74956147372164       16.94533880404538      O
        3.70287653144906       -6.67268942916200       13.12346920215614      O
        4.75062094465809       -8.40319664778161       14.74870981924258      C
      -14.25009137931881        2.43447191439626       12.93619889674088      O
      -13.54398500290650        6.88202964430131       12.19769141198870      O
      -16.07590960169649        7.07643527557855       12.73414354665670      C
       -5.77862061213075        9.77713769250204        9.34348411730189      C
       -5.85829017498113        7.71515765915070        2.93235403134371      C
      -16.65762096165307        9.06389345700880       12.94538518024602      H
      -16.56157749588788        5.96197576675655       14.23571692538823      H
      -16.87603921681410        6.19800240710934       11.12181980875966      H
        3.30691143897516       -9.76245286587058       15.24242083431246      H
        5.11175141473652       -7.49719356043545       16.65146037238116      H
        6.48853486775429       -9.41983446806450       14.01365436004716      H
       -5.70161389868541        6.89994332983759        0.80734993367873      H
       -4.80419631482259        9.48046619714260        3.44440812606308      H
       -7.88909914100399        7.80900235855332        3.45380863493133      H
       -6.26256651048764       10.86718279175994       11.10937334232479      H
       -7.59354289610829        9.42396725343701        8.20157969380353      H
       -4.59813451389049       11.15052624695191        8.30209240369763      H
        5.42866018620838       11.79276268919032        0.30615969388309      H
        3.35176225722181       12.18658093721331       -2.34328330550592      H
        5.76923233047945        9.92413900995134       -2.32205593474901      H
$end
