$coord
       -7.03958513579208        0.91343119846455       -1.40955580465872      C
       -6.19430678137896       -1.38451275046938       -0.31647608699683      C
       -3.67454390174773       -1.33936617281618        0.84108183265932      C
       -1.86099515824993        0.57135340674866        0.26345204485837      C
       -2.69538577231514        2.65184123718084       -1.01414392207670      C
       -5.25722667598851        2.82576799697828       -1.59221685143170      C
       -3.28533530454680       -3.05328321403696        2.92876980940957      C
       -0.87156496816863       -3.59933438077814        3.47202706527768      C
        1.05780679124052       -1.90204758359598        2.34433459716238      C
        0.58215256991225        0.03838720413971        0.77779741885707      N
       -5.15019298716984       -3.93250166499641        4.61556317463297      C
       -4.43871468301219       -5.86251974829432        6.42677510696963      C
       -2.02506567089541       -6.66992840230753        6.61746942739587      N
       -0.11854423400008       -5.58280975410030        4.96096962636477      C
        2.42709144045496       -6.46127155325162        5.41834872240140      C
        4.22346509555142       -4.55130383835223        4.76286547396344      C
        3.49537938781455       -2.40880611796621        3.16370868088627      C
       -7.71838650318647       -2.86315017449855        4.91753379858203      C
       -9.35514675506002       -4.15153277779986        6.57448913494285      C
       -8.41658287544552       -6.14197856113642        8.06388640027932      C
       -6.14257638735533       -7.24887314657942        7.85956180839440      C
       -8.37508408421967       -0.77631646619709        3.64105677216467      O
       -7.84868889083697       -3.42893858908077       -0.11466177489948      O
       -6.23519792921950        5.31864697970158       -2.64850988487038      C
      -10.23676748166904       -7.21128326621045        9.88584378766574      C
       -1.58674695136981        4.26613910382286       -1.51508277244953      H
       -8.66668171155386        1.28467566171866       -2.42691828818053      H
        4.83626214607523       -0.90753206534793        2.91290053728959      H
        3.10835366937353       -8.29233245016390        6.01570792860776      H
       -5.48735647551222       -8.51433723028287        9.26089696963053      H
      -11.02754233308051       -3.45490714112696        7.28747991817108      H
       -8.46847716685716        5.38626110493710       -3.30102700178480      O
       -4.73586577899292        7.22880367915752       -2.57940796842032      O
       -6.12444382311314        9.26266595810405       -3.56316929759616      C
        6.75260119985107       -4.55390031245178        5.68682741733189      C
        8.12219680383197       -6.34512947485942        6.39698035901991      O
        7.68277484855573       -2.08346305626465        5.82955611421998      O
        9.83344300457996       -2.16568214770057        7.35103895646502      C
      -12.52239856052622       -7.11297251649325        9.76319145702520      O
       -8.47695012201361       -8.35555474584384       11.81648642676670      O
      -10.11265326549062       -9.29618544253366       13.76089562199066      C
      -11.12249111830292       -0.23592334716260        3.46362887435476      C
       -8.04545632950759       -4.31685179349252       -2.68275073918713      C
      -10.95809980179179       -7.54172106218627       14.62201886350423      H
       -8.94480035391869      -10.52498883752077       14.98024600043541      H
      -11.41719915487671      -10.36528401339042       12.54194132058616      H
        9.27183698774828       -2.68177497491618        9.40605619207420      H
       10.18693802642659       -0.09230739119080        7.57291195646530      H
       11.13784216244022       -3.16483775298081        6.11978829161594      H
       -7.89779789888430       -6.32453773780184       -2.41161427085271      H
       -6.58054916175968       -3.76634630330498       -4.08438283008789      H
       -9.93505357861652       -3.79355201317474       -3.54794846262579      H
      -11.58471551345375        1.41661809249239        2.59135131605865      H
      -11.95548668986635        0.05250087464161        5.30982003571057      H
      -12.01020218106173       -1.67268793039137        2.58181502767358      H
       -4.79801426547725       11.02333301081214       -3.43501048073212      H
       -7.46908167635868        9.26063142453184       -1.99034374776761      H
       -6.98683266551806        9.22368610143024       -5.58949736331230      H
        3.58820212598372        7.54518055582117        6.09409849333951      C
        1.40025956303796        5.88593771315492        6.44731003224889      C
        1.53701808157742        4.34118217466677        8.75022265797713      C
        3.85275637302935        4.00330544140724       10.06393060311085      C
        5.72367377966936        5.95676874521994        9.99302054924795      C
        5.48963300468056        7.69749791630105        8.03830965548873      C
       -0.57743536354395        2.76631607650779        9.29712042025485      C
        0.22650065784643        0.43605223043376       10.23590913891147      C
        2.64092673352144        0.15540750473005       11.34851754837092      C
        4.28069306932365        2.07748685878330       11.59081335954348      N
       -3.12175850333950        3.21358261755882        8.65703036016767      C
       -4.61745986641707        0.98872627955212        9.03296357103696      C
       -3.88556587568293       -1.42477613017329        9.61104613774014      N
       -1.47086356959698       -1.59078993685121       10.08860237486616      C
       -0.89869833077702       -3.92701652268119       11.68592005172744      C
        1.43431434883888       -4.17258352696806       12.77498553455978      C
        3.20788275635444       -2.07788772680203       12.70850941457389      C
       -4.21570531263883        5.69146552982885        8.43021475997488      C
       -6.79267738503345        5.77971112936542        7.54060394360269      C
       -8.23784625905682        3.54548374224770        7.68824313301836      C
       -7.25014197518184        1.33023573941054        8.68110270809447      C
       -2.70351415426932        7.81473399729449        9.06921061356477      O
       -0.34687881392345        5.43763910185945        4.61659088400174      O
        7.46602739850367        9.69069978107417        8.12752371106250      C
      -10.94644299123081        3.92783640532196        7.16953835044372      C
        7.39693652375206        6.28196787501460       11.27793855101614      H
        3.79772710115670        8.95374181630842        4.56547349792362      H
        4.69735902910565       -1.76714275447923       14.21594299349661      H
       -2.04990402793864       -5.46067974810581       11.65119921515106      H
       -8.18982097110746       -0.31091652326478        9.14797737700996      H
       -7.84748013709857        7.38294270198084        7.58355061288528      H
        9.00355744437330        9.87704523954625        9.78099366287545      O
        7.39954335909187       10.93934449946494        5.80285383770652      O
        9.58075569605150       12.48077552332845        5.54569089346439      C
        2.55533852808931       -6.63332844188371       13.36252787376982      C
        2.08429971380268       -8.31099285952128       11.91481774013486      O
        3.83045592136570       -6.91626891492306       15.54484199311635      O
        5.22421861515308       -9.17775945365816       16.17167390018224      C
      -11.60036500861483        5.04685429199596        5.23877170161973      O
      -12.94780108941571        3.01520861181569        8.63326086361775      O
      -15.29749675423249        3.61488956337762        7.71607917913764      C
       -3.72710184123878       10.12633383359021        9.49067448522196      C
       -1.41428396322054        7.12809748521296        2.66252311029085      C
      -15.02313826426506        5.32387452735643        6.63282887256400      H
      -16.58249290497035        3.87023854504285        9.27511232128969      H
      -15.58649429344290        1.70322146199812        6.69906094799830      H
        5.71977304955585       -8.90091491511645       18.03576781498228      H
        6.58195811362658       -9.43388595577820       14.91523259635244      H
        3.90601667761788      -10.57163534622627       15.92885571797475      H
       -0.00966380964418        7.79792136909680        1.27125544083498      H
       -2.30114618954979        8.55656330092172        3.74116937547312      H
       -2.90441000642459        6.04988247195906        1.87121956179724      H
       -4.60475059095195       10.33128316921166       11.48097595948979      H
       -4.93799126123455       10.64371735833544        7.82228263213961      H
       -2.30203211576707       11.55333427243960        9.56847562052004      H
       11.28927680143575       11.46463360419060        5.32253824765225      H
        9.60321031979153       13.72913859442404        7.38221871051216      H
        9.50066256871716       13.58469852222943        3.83633168363881      H
$end
