$coord
       -5.43703581772965        3.30771894961752       -1.35390179506873      C
       -5.16282061245811        0.96844647648844        0.11487184810793      C
       -2.60150412106196        0.34430092850894        0.89220080399601      C
       -0.70234385744962        2.14178515648272        0.13676214241684      C
       -1.32315250893747        4.55300913891903       -1.00136251235769      C
       -3.71772295692796        5.05990874047202       -1.92378490361995      C
       -1.80696117156689       -1.49904553636630        2.72314796670561      C
        0.76192470629199       -1.98293080011863        2.96375273611874      C
        2.53068338453454       -0.25337471646930        1.55716599165490      C
        1.81751064540501        1.80685291200653        0.20401042291914      N
       -3.15595865608209       -2.52570028838798        4.78688248018649      C
       -2.01976176611905       -4.26984969789741        6.56107808322059      C
        0.45236168554031       -4.58008096925940        6.76716733067845      N
        1.91932884170723       -3.41179575668412        4.94916681815505      C
        4.55237658019699       -3.92787589561568        4.56580235131978      C
        6.10148746220968       -2.67433662751136        2.78379091503520      C
        4.96908152699210       -0.97645864167875        1.07558015227791      C
       -5.77230436627599       -1.79214777936117        5.25591211769897      C
       -7.24655308763093       -3.63756473524625        6.67291497492745      C
       -6.22900716543258       -5.36903483977373        8.17439511706496      C
       -3.65486053327943       -5.55547682673776        8.27684043462002      C
       -6.81315205345216        0.56205842561254        4.74358627726362      O
       -7.02359749793662       -0.84046656171529       -0.27403483177723      O
       -4.51438508143191        7.61923383920916       -2.96122009756519      C
       -7.76059307328183       -7.19231982243237        9.64330794165502      C
        0.11618712926136        5.87177939626245       -1.55273969769966      H
       -7.22890946337631        3.18561793630167       -2.31561875930680      H
        6.22455724936058        0.32200357966899        0.11501069897514      H
        5.44214382113075       -5.29209922669308        5.60980193075197      H
       -3.06525913687867       -6.47665849342041       10.07933109970104      H
       -9.08483940608207       -3.95433932789913        6.21070906159030      H
       -6.53654662662878        8.10301210136432       -3.85605110224621      O
       -2.57850966858738        9.25013324430671       -3.10310841261827      O
       -3.47717360194409       11.41746645194496       -4.49139339399164      C
        8.76634756276080       -3.35667614514850        2.15547019489733      C
        9.78421961213234       -2.68238119521176        0.25883260221823      O
        9.86868527933222       -4.36056729087978        4.27186749884520      O
       12.34061640027929       -4.64853042784886        4.10244603896178      C
       -9.84496819441559       -7.97099250243890        9.29336119613810      O
       -6.48038355672233       -8.02531576900791       11.79402561090304      O
       -7.31698889949990      -10.17756014248107       12.86390486908435      C
       -9.33033243184190        1.25430739248601        3.84149070450170      C
       -6.31496465998940       -3.35811367731417        0.04167890182069      C
       -8.70423596803116      -10.98615494408763       11.56514390260948      H
       -8.36897113933807       -9.30637721931858       14.53885819363294      H
       -5.46458606523213      -11.26287687141556       13.13901442399784      H
       12.65513150423478       -6.62283471986775        4.93861990378208      H
       13.28481208395345       -3.43940924589614        5.39763568065081      H
       13.00945034282059       -4.57110152942632        2.23137419069540      H
       -6.51214250316025       -4.42095449307017       -1.67119863961410      H
       -7.51560032364238       -4.02766296984755        1.29489525445637      H
       -4.46037277371412       -3.52124224587749        0.85193869586576      H
       -9.62895335376622        0.55436946636553        1.90119362566814      H
       -9.23906844740675        3.30216626890972        3.88489322285995      H
      -11.06250682463962        0.54650323315613        4.72055882483286      H
       -1.91460182994952       12.60029145699532       -5.12323290909200      H
       -4.69562926396257       12.53361229222618       -3.13298036967209      H
       -4.51028007139758       10.76315972973022       -6.30807394844558      H
        1.10902141721757        5.93489069449197        4.99188837626904      C
       -1.00673670626136        4.83487501231911        6.26579514784215      C
       -0.40032707412388        2.87680796671803        8.19468317558108      C
        2.11839418385226        2.27473290267052        8.73161144691679      C
        3.80224146096876        2.95169846663411        6.91292688578069      C
        3.56427043214407        4.86005232999006        5.09052557555394      C
       -2.16916564831673        1.81486568490554        9.89681549167490      C
       -1.33563835326785        0.10163685250522       11.58736263435216      C
        1.15921635075251       -0.44036999284115       12.09609250747189      C
        2.91741730385675        0.74369729622803       10.68610440055760      N
       -4.87768631517838        2.23749944261648       10.01571645024786      C
       -6.64200205186003        0.39870573515549       10.85352573737679      C
       -5.68082426642984       -1.55906101049549       12.17236292171674      N
       -3.18986468745803       -1.48245897045175       12.77814721158103      C
       -2.67021871830324       -3.37642142784384       14.61488963598261      C
       -0.07582796551958       -3.65682988665793       15.28587333798693      C
        1.78529780639546       -1.99185350457475       14.22689718098614      C
       -5.95672080489159        4.60239713818110        9.29130715570886      C
       -8.81235801778725        4.68833741775183        8.74499213715815      C
      -10.34882922372545        2.60298471138114        9.44644837622154      C
       -9.27960823183819        0.66973034752272       10.64302859761132      C
       -4.49447418679641        6.80324777849164        9.77961893607625      O
       -3.33796268889650        5.10929257485979        5.12431437308385      O
        5.43603724859610        5.17605767697021        3.26143025024147      C
      -13.21311011916743        2.38151259650706        9.13778560457189      C
        5.83232923984194        2.35525077468023        6.73645604492267      H
        1.14996786894623        7.95711653444134        4.44168822704266      H
        3.86808260365116       -2.41669139954300       14.46626246203796      H
       -4.15630983530106       -4.58700298159887       15.20864371879485      H
      -10.44869517414416       -0.86930492646177       10.97247881097016      H
       -9.45480404770406        6.24864577979856        7.63046905977191      H
        7.50584146460026        4.22551421714627        3.48910086888084      O
        4.61820301677993        6.33313914962188        1.00534340440192      O
        6.50161766892255        6.31246257778252       -0.88270519368188      C
        0.83346237666304       -5.30822994469170       17.38369905320810      C
       -0.81222763810697       -6.50882768361646       18.55974113166241      O
        3.32958014157267       -5.30039929021294       17.98000821902477      O
        4.11098310158400       -7.24247670958112       19.46915468740815      C
      -14.14186712501710        2.98548289320788        7.22498250128914      O
      -14.56786275807176        2.06369589542365       11.31490012112400      O
      -17.04172734789576        1.27746457963576       10.58587209379656      C
       -5.37956927565555        8.57829660635916       11.32423660507701      C
       -4.01034387032407        7.40070381317166        3.71660246517129      C
      -18.45532298938080        1.54114996683660       11.95988690346099      H
      -16.97889627426075       -0.70405535474539       10.02627408719352      H
      -17.31565162306266        2.50050146296367        9.01289066371562      H
        3.05860935326640       -7.45139749031773       21.22257814054047      H
        6.03511791902240       -6.85093810737346       19.90968471701648      H
        4.08747807000753       -8.80806735880356       18.40667537220046      H
       -4.38868607034667        6.78124925995010        1.72052310498747      H
       -2.53134634461845        8.90208168346742        4.00143287544440      H
       -5.90267779325072        7.97023650817410        4.49035384720886      H
       -4.48643723669267       10.48616014034204       10.82431199668749      H
       -4.66518039680304        8.61207219961414       13.40581744631379      H
       -7.49677683403466        8.80213378734732       11.43188010453000      H
        5.90358973148357        7.33718621353475       -2.61360028880490      H
        6.81193182843789        4.27483527271549       -1.72243025738922      H
        8.12917398521967        7.04112735019402       -0.22263972334850      H
$end
