 -1.0
 -0.83964493908515D+01 -0.37600819811505D+01  0.13386892760294D+01 -0.54344119659743D-03 -0.86682322777438D-04  0.15748526860679D-03
 -0.58817084504018D+01 -0.42071217432217D+01  0.16297464904025D+01  0.15627707963856D-03 -0.12922483254599D-03 -0.18591004762012D-03
 -0.41689547342647D+01 -0.22701417352566D+01  0.26929230522684D+01  0.41777544169241D-03  0.10166470211731D-02  0.16576912582799D-03
 -0.51085031950308D+01  0.20825628433044D+00  0.22117067545391D+01 -0.78579968488752D-03 -0.10878304992160D-03  0.49845239775375D-03
 -0.74135162645120D+01  0.81913519869848D+00  0.12773101550002D+01  0.58066404670628D-03 -0.23219171097777D-04 -0.44036145761558D-03
 -0.91928911849136D+01 -0.12718284889654D+01  0.10593606428756D+01  0.13157489293987D-03  0.35854129523862D-03  0.27313168039604D-03
 -0.15399822003116D+01 -0.26861017886304D+01  0.33357166249831D+01  0.62886907809236D-03 -0.35702868375077D-03 -0.49042808621555D-03
 -0.16151805935033D+00 -0.52456953200155D+00  0.33581353706173D+01  0.18404573535625D-03  0.59275806698722D-03 -0.43920039157232D-03
 -0.13395107647334D+01  0.19550733942511D+01  0.30877574751601D+01 -0.10741567786777D-03  0.30537340817483D-03 -0.31490275739530D-03
 -0.37304481027197D+01  0.22873209006415D+01  0.26247922426146D+01 -0.69192315226038D-03 -0.88882773214754D-04 -0.28538651774695D-03
 -0.46368038188445D+00 -0.51452274434440D+01  0.39575610433155D+01  0.27551594541137D-03 -0.37771875645737D-03 -0.18655669552210D-03
  0.21364614797494D+01 -0.51730594397993D+01  0.37051198828567D+01 -0.27359633045243D-03  0.45490017648647D-03  0.33086290461706D-03
  0.36082193890073D+01 -0.32400303795425D+01  0.35965624305968D+01  0.40380504521815D-04 -0.87477859202407D-04 -0.26788582695647D-03
  0.23557632808539D+01 -0.99240599430614D+00  0.35943554097048D+01 -0.28994477972084D-03 -0.25724624614737D-03 -0.28629370071835D-03
  0.38161407890040D+01  0.12206399065539D+01  0.38396702211376D+01 -0.18627127034973D-03  0.78916529460373D-04 -0.46624840048432D-03
  0.30983801989867D+01  0.38344172548004D+01  0.37836329428860D+01  0.23679037560442D-03 -0.49201036253468D-04  0.11060015738021D-03
  0.31022189999690D+00  0.39921211178734D+01  0.30825106721861D+01  0.23454845098900D-05 -0.13660822686864D-03 -0.13182587731371D-03
 -0.18099922365142D+01 -0.73336937625642D+01  0.44819549456826D+01 -0.53329140725985D-03 -0.82122502135367D-04  0.58698093856835D-04
 -0.67595702512933D+00 -0.96513903934459D+01  0.41917636537281D+01  0.30348914068668D-03  0.54461404245738D-03  0.13126472585743D-03
  0.18554151411420D+01 -0.99379934093856D+01  0.39034925476073D+01  0.53363587769658D-03  0.58879776789619D-04 -0.40652302779450D-04
  0.33211864496015D+01 -0.76660741164459D+01  0.39493022510563D+01 -0.18105626416739D-03 -0.53354869456060D-03  0.10130461658648D-03
 -0.42237815439513D+01 -0.70879552010353D+01  0.52027227460610D+01  0.11670645798785D-03 -0.33350449537596D-03  0.85057787668507D-04
 -0.51836332783114D+01 -0.61103290719290D+01 -0.33503874405214D-01 -0.34801436964744D-03  0.41198286906049D-04 -0.46630678555685D-03
 -0.11731788628937D+02 -0.56443676842884D+00 -0.23381889498500D+00 -0.33711041410253D-03 -0.39198115951913D-03  0.17026703814104D-03
  0.26984602625992D+01 -0.12484996873658D+02  0.40970026635501D+01 -0.52865220733928D-04 -0.83916681153253D-04 -0.18063465161359D-03
 -0.81556794900212D+01  0.26119259740064D+01  0.46035006856960D+00 -0.42162728166049D-03  0.11270314425333D-02  0.44724915553672D-03
 -0.98926783232690D+01 -0.52040777827889D+01  0.12525669697904D+01  0.52052452663746D-04  0.54834968611097D-03 -0.89305934412658D-03
 -0.16933295380418D+00  0.56678207830285D+01  0.20003517438747D+01 -0.60116667349603D-05 -0.10498155686140D-02 -0.77103296785917D-03
  0.56444070007895D+01  0.52621378425042D+00  0.43783169974664D+01 -0.36789438107801D-03 -0.49647961766829D-03 -0.51709185737469D-03
  0.53291313975237D+01 -0.78244541575139D+01  0.43018754783397D+01 -0.51175219606959D-03  0.16577323642786D-02 -0.10244671161039D-03
 -0.16461347441503D+01 -0.11319320193572D+02  0.49388943146151D+01 -0.13557797349179D-02  0.24026923021171D-04 -0.12894606482272D-04
 -0.13480798747920D+02  0.51872991182154D+00  0.87469016474909D+00 -0.10571237669680D-03  0.17310754750539D-03  0.72750310188960D-04
 -0.11699779726580D+02 -0.98013173856617D+00 -0.28600167941549D+01  0.59423020204759D-03 -0.28736856127421D-03  0.16669067874422D-03
 -0.13839411049017D+02 -0.30365285913136D+00 -0.40745587902993D+01  0.73934866582228D-03  0.30039775903756D-03  0.23852231153485D-03
  0.43857780746842D+01  0.62074855975445D+01  0.42326377698483D+01 -0.19433547159868D-03 -0.34240247753715D-03  0.10307417155880D-03
  0.28672705060790D+01  0.79383660629055D+01  0.46878206644440D+01 -0.24115581094030D-03  0.68709814101312D-04  0.30117846160631D-03
  0.68902727366946D+01  0.62111629408659D+01  0.47791839510150D+01  0.61792624048488D-03  0.24301523901329D-04  0.99676740690139D-04
  0.73201088546765D+01  0.82839895510846D+01  0.63575039867109D+01 -0.48442470533462D-03 -0.11494038028921D-03 -0.18096769225426D-03
  0.46772476161925D+01 -0.13495626137982D+02  0.30945438691699D+01 -0.18416755616227D-03  0.30178094169592D-03 -0.17536311004428D-03
  0.83359896651052D+00 -0.14093679089019D+02  0.51167708719925D+01  0.17955603818948D-03  0.81577192554887D-05 -0.69324566777968D-04
  0.13934622723062D+01 -0.16437163098856D+02  0.38697224336654D+01  0.22205489113215D-03  0.28122190162678D-03  0.28894363816307D-03
 -0.51290756454240D+01 -0.84260002995756D+01  0.74719068749180D+01 -0.17988912128348D-03 -0.41255371536843D-03  0.83622722333677D-03
 -0.71352631368794D+01 -0.77514072641335D+01 -0.96211345441970D+00 -0.31609145706308D-04  0.10968479892683D-03  0.70295434913471D-03
  0.33817724203022D+00 -0.16872513194340D+02  0.19984962659421D+01  0.28214430057777D-03 -0.54418886485315D-03  0.14862933715582D-02
  0.35705496714200D+00 -0.17537161582504D+02  0.53864654878603D+01 -0.37224282753241D-03  0.93791864448958D-03 -0.44357552550194D-03
  0.33455221679373D+01 -0.17004514540304D+02  0.40983583096380D+01  0.69913561146747D-03 -0.73054455579065D-04 -0.88209370975801D-03
  0.78004521733717D+01  0.75396028441839D+01  0.82881395753694D+01  0.84365738649079D-04  0.60715506604638D-03 -0.22008994205590D-03
  0.58533446746513D+01  0.96675251617112D+01  0.60072820198675D+01 -0.12643079666361D-03  0.35935558556580D-03  0.48821556731514D-03
  0.89510879493800D+01  0.92938776758459D+01  0.58118287085791D+01  0.30595024794577D-03 -0.36684263469706D-03  0.36602213779449D-03
 -0.81738096008719D+01 -0.66429110300369D+01 -0.22899223181755D+01 -0.25142911622001D-03 -0.63650535328081D-04  0.41820696095602D-03
 -0.80732283896058D+01 -0.90679597850299D+01  0.35939087463068D+00 -0.53758051538110D-04 -0.11199296028447D-02 -0.78930534062433D-03
 -0.63912937774121D+01 -0.90627918566848D+01 -0.23588912166090D+01  0.16849022499790D-03 -0.34907381058389D-03 -0.10547402760249D-02
 -0.58892521743173D+01 -0.68405251567892D+01  0.85646165482446D+01  0.66503128776595D-03  0.15567927086922D-02  0.54308462796467D-03
 -0.36457549470647D+01 -0.95042234510115D+01  0.84588293048962D+01  0.37266488573552D-04  0.26291434312163D-03  0.19886424481480D-03
 -0.66859072706076D+01 -0.96394555862528D+01  0.68620913362242D+01  0.10449765720667D-02 -0.53643749780623D-03  0.17095114325587D-03
 -0.12975108127393D+02  0.63529697459546D+00 -0.59478001288937D+01  0.66006161170724D-03  0.20341586067325D-03 -0.45913107645352D-03
 -0.15275207480040D+02  0.11207664262037D+01 -0.33310631818706D+01  0.34789381148157D-03  0.38265655808947D-03 -0.41639360401897D-03
 -0.14900132070636D+02 -0.18523308438771D+01 -0.49623518409350D+01 -0.63346991479677D-03 -0.30358507539428D-04 -0.97899230393567D-03
 -0.34027689534310D+00  0.10308782062587D+02  0.94989910428828D+01  0.35827977076591D-03 -0.27488437834962D-03 -0.14633637648392D-03
 -0.16404610440636D+01  0.81042386505900D+01  0.86086934735063D+01  0.33281529847636D-03  0.45561770887881D-03 -0.34043776355320D-03
 -0.68466358980996D+00  0.55298818278387D+01  0.98402345125388D+01 -0.49654988985919D-04  0.12298370674280D-03 -0.31809022147022D-03
  0.16811745223042D+01  0.53933368373456D+01  0.11043144845617D+02 -0.33416751598201D-03 -0.42745274094645D-03  0.30972878653372D-03
  0.27947668625614D+01  0.78970168423660D+01  0.11605538492273D+02 -0.17359670694794D-03 -0.68548006732246D-04 -0.21066642531281D-05
  0.18273112724006D+01  0.10334670066903D+02  0.11026819014394D+02 -0.34909307347582D-03  0.23291108999728D-04 -0.31171729894798D-04
 -0.19021526329385D+01  0.32255595780824D+01  0.91712327143589D+01  0.15948607654326D-03 -0.48003433193729D-03  0.19334465430960D-03
 -0.62032072959222D+00  0.10559571066352D+01  0.94135496172586D+01  0.13394905709255D-03  0.26696171142817D-03  0.18566544871938D-03
  0.17987170512464D+01  0.12951414991379D+01  0.10387864230815D+02 -0.23903348780085D-03  0.61113389065029D-03  0.19522438483420D-03
  0.32454727435768D+01  0.33917655115061D+01  0.11169574190877D+02 -0.58719355822954D-03 -0.34594291202138D-04  0.41247884963766D-03
 -0.45092286911145D+01  0.29123746818557D+01  0.92707079359024D+01  0.13577965306223D-03  0.71692664886172D-04 -0.50040179576454D-03
 -0.58073196978364D+01  0.68211822547322D+00  0.85256854490230D+01  0.14888212572151D-03  0.12157320721442D-03  0.10464255574036D-03
 -0.44899635065364D+01 -0.15356352082183D+01  0.89277456143495D+01  0.39735350644806D-03  0.10653436313353D-03 -0.26240804804530D-04
 -0.19407505273931D+01 -0.12802186259515D+01  0.93172990571417D+01 -0.46960197437435D-03  0.18621608959529D-03  0.59282035232842D-03
 -0.58173228489658D+00 -0.33589054623310D+01  0.10010081042313D+02 -0.78591193260590D-04  0.55655008543374D-03  0.36950812623871D-03
  0.18956251685585D+01 -0.33617222551919D+01  0.10632069617063D+02 -0.29503635896743D-04 -0.35339505852426D-03  0.23554712270645D-03
  0.30907752845033D+01 -0.97700822332102D+00  0.10857634858014D+02  0.17556468667287D-03  0.82742747387007D-03 -0.45350037594746D-03
 -0.63724371790316D+01  0.50875032356439D+01  0.98843788102060D+01  0.48569798875239D-03 -0.94975793018630D-04  0.27938285732610D-03
 -0.88697296070271D+01  0.48184563549569D+01  0.90088460205359D+01 -0.31103400602311D-04  0.19794271882430D-03 -0.60435822853231D-05
 -0.97999941673952D+01  0.25628255891745D+01  0.82869939925351D+01  0.43115647955283D-03 -0.65810766147625D-03  0.51047558370464D-03
 -0.83150342575355D+01  0.47548821206651D+00  0.77572542030917D+01  0.60017673066992D-03 -0.41766155828261D-03  0.10821782671536D-03
 -0.56245182380097D+01  0.65840781275074D+01  0.11812776195362D+02 -0.16730908285449D-03  0.34619061972212D-03  0.11412248950984D-05
 -0.34870889616377D+01  0.81508095055555D+01  0.68023835182141D+01 -0.43118364044502D-03  0.46668364627972D-03 -0.19243687954862D-04
  0.31942830320744D+01  0.12737324372088D+02  0.11101822850884D+02  0.43531038622260D-04 -0.27790018428771D-03  0.34964374887074D-03
 -0.12654066211866D+02  0.24141739540663D+01  0.80388585757450D+01 -0.16412452302167D-03  0.33867597500000D-03  0.13395707066498D-03
  0.45079986349411D+01  0.79194734522208D+01  0.12786738353714D+02  0.63841987961874D-03 -0.50611268119632D-03  0.73800275973675D-03
 -0.73524503405160D+00  0.12020090885346D+02  0.84837940272134D+01 -0.23350155571385D-03 -0.40933858781096D-03 -0.63083694064324D-03
  0.51086167209861D+01 -0.91762829074755D+00  0.11432043842779D+02 -0.31921760027188D-04 -0.94588575777406D-03  0.66660633732650D-03
 -0.13036320289784D+01 -0.53169477843310D+01  0.10315533122414D+02  0.24614873488717D-03  0.14455410620704D-03 -0.62269815230262D-03
 -0.91934586237418D+01 -0.91160695046819D+00  0.67027378719910D+01 -0.74674662672135D-03 -0.72818017433463D-03 -0.97414518366788D-03
 -0.10279696995730D+02  0.63367965215132D+01  0.96146497689595D+01 -0.46916410025411D-03 -0.82109837619314D-03  0.79668513357010D-03
  0.23427225829454D+01  0.14804369672155D+02  0.10381381740422D+02  0.50697225934446D-03 -0.23013557020082D-04 -0.19145103045882D-03
  0.54811202432214D+01  0.12876701196443D+02  0.12059721271003D+02 -0.61418638818071D-03 -0.58448473139051D-03  0.88337191424100D-04
  0.64525437875563D+01  0.15636935975623D+02  0.11943267078375D+02  0.35329168197158D-03 -0.62430844477438D-04 -0.16658855656622D-03
  0.31222507856833D+01 -0.59632211935516D+01  0.11622899753473D+02  0.42776723509045D-03  0.65568106695807D-03 -0.12040101631313D-03
  0.15267149677010D+01 -0.72697373510378D+01  0.12699417892629D+02  0.21558878118813D-03  0.25758223343489D-04  0.29380612652040D-03
  0.56658041675190D+01 -0.63783603099000D+01  0.11231085971231D+02 -0.34588070356632D-03 -0.40107819128191D-03 -0.31873158351898D-03
  0.65131876666429D+01 -0.80359047518050D+01  0.13178010933424D+02 -0.33395382489701D-03 -0.30178767028080D-03  0.63074590059651D-04
 -0.13714917973746D+02  0.50348729664693D+00  0.87423659033636D+01 -0.49403088750495D-03 -0.14778494433190D-03 -0.83725944828862D-04
 -0.13813557600393D+02  0.45620848742108D+01  0.72921163721887D+01 -0.40649824639787D-03  0.10834049705344D-03  0.77396964063629D-04
 -0.16185353206258D+02  0.37139182594735D+01  0.65549985930983D+01  0.20962334258850D-03 -0.43909316680287D-03 -0.37103773764567D-03
 -0.61594076516723D+01  0.89662205166594D+01  0.11525755350582D+02  0.17052791721953D-03 -0.30141502889113D-03 -0.20934057671417D-03
 -0.38058056017196D+01  0.10567394074209D+02  0.58069226030576D+01  0.44416439597218D-03 -0.62671418369149D-03 -0.20932028301680D-03
 -0.16953682496673D+02  0.40441687516024D+01  0.85437026783335D+01 -0.43780529337565D-03  0.94643799134712D-03 -0.70024140917849D-04
 -0.16485698453651D+02  0.16162497899412D+01  0.61560611787500D+01  0.32689837842041D-03 -0.67412846784376D-03 -0.98215893909100D-04
 -0.17266086107030D+02  0.51220771222988D+01  0.55957976676951D+01 -0.63644546755484D-04  0.58440172015172D-03  0.93814675469391D-03
  0.59599787153504D+01 -0.71603691772838D+01  0.14802036162509D+02  0.43925362273277D-03 -0.38248909108847D-03 -0.18871725256755D-03
  0.84630120618827D+01 -0.85447378150684D+01  0.13447018791932D+02 -0.77424847498050D-03 -0.72718984789993D-03 -0.77662816264248D-03
  0.58438572378402D+01 -0.99821726103990D+01  0.12672781240215D+02  0.10378667747343D-02 -0.74448064873170D-03  0.87104825550112D-03
 -0.48756476581716D+01  0.12117755370728D+02  0.68462354110494D+01 -0.64272307003253D-03  0.19683739445675D-03  0.12180011916740D-03
 -0.50585439219730D+01  0.10661385223912D+02  0.42172375040895D+01  0.35286409977255D-03  0.52940334575475D-04  0.53082924824368D-03
 -0.20988040828655D+01  0.11403247848015D+02  0.49669680562869D+01 -0.88416412448307D-03  0.73696618702376D-03  0.31036507057265D-03
 -0.64826348709223D+01  0.99620037658582D+01  0.96597497705497D+01  0.28376746530610D-04  0.40879095972990D-03  0.92629472247713D-04
 -0.55016029108588D+01  0.10116397458408D+02  0.13142227621542D+02  0.29567385214721D-03 -0.32637190395102D-03 -0.68043188274224D-03
 -0.81867168306763D+01  0.94696843307589D+01  0.12132156278577D+02  0.49373263922102D-03  0.43426386214009D-03 -0.57755330126937D-03
  0.46953971022128D+01  0.17122172158101D+02  0.12030074381347D+02  0.16340533815334D-03  0.24589964796280D-03 -0.14079802092318D-02
  0.76880288248223D+01  0.16474759081641D+02  0.10698631846693D+02 -0.56620433123603D-03 -0.25705882113354D-03 -0.44986307950455D-03
  0.71025539316092D+01  0.15568967300796D+02  0.14107644308973D+02  0.17946670512079D-03  0.15233683418615D-03  0.12259284395139D-02
