   -0.02975203
    0.14665852
    0.00366579
    0.09843263
   -0.02545797
   -0.01053266
    0.02349071
    0.00908458
    0.10208149
   -0.26393905
    0.00483277
    0.09377638
   -0.26702778
    0.09844504
   -0.01621657
   -0.00096414
   -0.02312145
    0.11629570
   -0.02038033
   -0.00463040
   -0.02237935
   -0.35796863
   -0.36132659
    0.40210873
    0.36508514
    0.11659311
    0.10542167
    0.14503036
    0.10743735
    0.12239002
    0.11357357
   -0.48719062
   -0.39402565
    0.02624435
    0.40333652
   -0.51541117
   -0.40270670
    0.02006201
   -0.47993425
   -0.39460754
    0.01577668
    0.00540679
    0.01795833
    0.09166025
    0.13394832
    0.08319074
    0.14104346
    0.09333317
    0.07944433
    0.08372597
    0.07649862
    0.05980153
    0.06761028
    0.10059514
    0.10356471
    0.08022232
    0.10337794
    0.11636787
   -0.02616808
    0.16011607
    0.00789127
    0.10544985
   -0.02645229
   -0.00767852
    0.03858434
    0.00252042
    0.09960918
   -0.26930753
    0.01369548
    0.09493375
   -0.26568517
    0.09419970
   -0.01943055
   -0.00436070
   -0.02147131
    0.13262842
   -0.04063422
   -0.00290300
   -0.02584300
   -0.35997338
   -0.35878537
    0.35454240
    0.38318443
    0.11843479
    0.11410789
    0.12374512
    0.12682906
    0.12797697
    0.09898012
   -0.48074214
   -0.36630691
    0.01904652
    0.37881695
   -0.47959778
   -0.39970983
    0.03981689
   -0.49215089
   -0.38826212
    0.02717637
    0.01732288
    0.00698407
    0.07094745
    0.07870422
    0.11979204
    0.08406165
    0.10066954
    0.09679632
    0.08960690
    0.08910020
    0.10315325
    0.08184530
    0.05458200
    0.08245552
    0.11998077
    0.10067582
    0.07649884
