 -1.0
 -0.97818122009458D+01  0.24881166533524D+01 -0.34072015400046D+01  0.85801070071941D-03  0.80633403105012D-04 -0.65444438456646D-04
 -0.84964874246861D+01  0.35707240151648D+01 -0.11575182930949D+01  0.30079871501336D-03 -0.18902212283066D-03  0.31380694466449D-03
 -0.76505347496854D+01  0.17053169778107D+01  0.78815236556021D+00  0.29590031845109D-03  0.19611652557114D-03 -0.18754331224095D-03
 -0.84021769508570D+01 -0.94071481887446D+00  0.49680463074790D+00 -0.22335294379309D-03  0.53583391427311D-04 -0.14311919652411D-03
 -0.10006400282682D+02 -0.16513826995124D+01 -0.14222552610497D+01 -0.18801878203675D-03 -0.16535882305088D-03  0.46725837583052D-03
 -0.10485468623606D+02 -0.55275617281967D-01 -0.34590597452352D+01 -0.52636247121606D-03 -0.27836790758754D-03 -0.46656666382208D-03
 -0.61980939061380D+01  0.23053985200107D+01  0.32310151145808D+01  0.81621385433075D-04 -0.44231885359748D-03  0.88399897273302D-04
 -0.67257699724082D+01  0.48523088577404D+00  0.53404822437267D+01  0.92337691552002D-03 -0.39940186927681D-03  0.86425610628340D-03
 -0.80444969962788D+01 -0.17640147332657D+01  0.47743642709709D+01 -0.24887626831558D-03  0.92744885612735D-04 -0.33653247509791D-03
 -0.89513019581161D+01 -0.24265472240203D+01  0.25027895671175D+01  0.67309433845142D-04 -0.86394121630310D-04 -0.29527927423920D-03
 -0.45717173265626D+01  0.44741073195416D+01  0.36051004426370D+01  0.82835833368698D-03  0.46097278186590D-03  0.22962530875126D-03
 -0.43058777524318D+01  0.50102788850548D+01  0.62284658536950D+01 -0.37094822907845D-03 -0.25767344140913D-03 -0.38321528341523D-03
 -0.45943587030421D+01  0.32502555575195D+01  0.80644711493031D+01  0.78973220175426D-04  0.12650736538391D-03  0.53423591726897D-05
 -0.65514072273254D+01  0.14648886242382D+01  0.79231940277695D+01 -0.68275294217640D-03  0.19384920240995D-03 -0.52840697212312D-03
 -0.75711058972967D+01  0.14869383193883D+00  0.98351262658259D+01 -0.45838161188753D-03 -0.58736897029706D-04 -0.37502220581740D-03
 -0.87518573015034D+01 -0.21828026271393D+01  0.91940374263865D+01 -0.41662862186011D-03 -0.82685920423749D-04  0.45433431142093D-03
 -0.93009202117321D+01 -0.29475172304446D+01  0.67966939422136D+01  0.10247546963470D-04  0.24518099347012D-03  0.14332893614487D-03
 -0.34793754152382D+01  0.58234959781284D+01  0.15330568409413D+01  0.24089276934618D-03  0.30382414043191D-04 -0.21834447247318D-03
 -0.23590796450691D+01  0.79652644827535D+01  0.25053118594280D+01  0.51736762507027D-04 -0.35556024363832D-03 -0.32846498298245D-03
 -0.25042137997621D+01  0.89487976188945D+01  0.51079070328492D+01  0.12589816809857D-03 -0.74908160480085D-03  0.11886194341096D-03
 -0.32989676009316D+01  0.74956320120864D+01  0.69107257348055D+01 -0.32278101816611D-03  0.50578807783237D-03 -0.33405326346048D-04
 -0.36024460073970D+01  0.51573816936740D+01 -0.91675251292255D+00  0.30415360836376D-03 -0.15364571306916D-03 -0.19945915368464D-03
 -0.83636762326351D+01  0.61310133403167D+01 -0.71286075193347D+00  0.11222595650785D-03 -0.64275614486776D-04 -0.17568550515670D-03
 -0.11510608404272D+02 -0.91178402657013D+00 -0.56996684585497D+01 -0.59079455686614D-04  0.11320989077068D-03 -0.17936020091046D-03
 -0.99101018754408D+00  0.11136693588750D+02  0.57718706141009D+01 -0.15437920478914D-04 -0.14369263731055D-03 -0.42432891635656D-03
 -0.10766583991526D+02 -0.36142624570728D+01 -0.15265676012383D+01 -0.76256703259843D-03  0.37998751709701D-03 -0.35759670402309D-03
 -0.10370269386529D+02  0.37104012360081D+01 -0.50418844663668D+01 -0.64776485956600D-03  0.56773751648192D-03  0.10320828719387D-03
 -0.10844122684869D+02 -0.42074731090136D+01  0.62540045682117D+01  0.17628588525507D-04 -0.46211488874340D-03 -0.90112766464034D-04
 -0.70413313316638D+01  0.60740058725912D+00  0.11792120828839D+02 -0.60169774560616D-03  0.77241868956597D-03  0.27629606855959D-04
 -0.26223542672276D+01  0.76832478969796D+01  0.89049082362924D+01 -0.73823576886449D-03 -0.32705910913117D-03 -0.36353664801077D-04
 -0.19458787255516D+01  0.93558531456758D+01  0.89796407707349D+00 -0.54715596941366D-03 -0.45966088364137D-03 -0.49289282535143D-03
 -0.11117270639856D+02  0.75067043452205D-01 -0.77518156106186D+01 -0.14918014028740D-03  0.76448581320540D-04 -0.91988205334230D-04
 -0.13095699702952D+02 -0.30091717767674D+01 -0.58229895862255D+01 -0.18979929975291D-03  0.56796314159529D-04 -0.23457846398513D-03
 -0.14004075698493D+02 -0.37413149484659D+01 -0.79925427889776D+01 -0.64494057592653D-03 -0.14498166865236D-03  0.42687014927454D-03
 -0.97770987148099D+01 -0.33703872277132D+01  0.11561026175874D+02  0.14193565188249D-03  0.13559833296240D-03 -0.33416597288388D-03
 -0.11424402253193D+02 -0.48808875705332D+01  0.10917831787965D+02 -0.31610819672474D-03  0.42008645347004D-03  0.11231931716293D-03
 -0.93791726669975D+01 -0.27498504475153D+01  0.14151889141722D+02 -0.42372185337450D-04  0.28366652040954D-03 -0.95593502043302D-04
 -0.96933125961972D+01 -0.49115561612568D+01  0.15462872840688D+02 -0.29382783796928D-03 -0.76967398861361D-03 -0.64160222835271D-03
 -0.14506987150016D+01  0.13093230577758D+02  0.45442539409874D+01  0.57534786645914D-04  0.50882973047974D-03 -0.68842656753311D-04
  0.83026034898136D+00  0.11089643827496D+02  0.77609258373538D+01 -0.10854646474969D-03 -0.90112532037695D-04  0.31385690200322D-03
  0.28147633627318D+01  0.12823297928488D+02  0.74136877324605D+01 -0.10928981216086D-04 -0.43887730733695D-03  0.18941203904134D-03
 -0.13607180105394D+01  0.59364023687944D+01 -0.22757910349490D+01 -0.25009305128721D-03  0.58153392557928D-04  0.96327254146785D-05
 -0.72832016730304D+01  0.74368304700830D+01 -0.28326239416640D+01  0.11418055232709D-03 -0.32856001339687D-03 -0.17637039085212D-03
  0.45031150095069D+01  0.12308879116981D+02  0.84910004477337D+01 -0.16390268868729D-03  0.94215925917905D-04  0.92839778918043D-03
  0.22546652651164D+01  0.14760396420341D+02  0.81631653715024D+01 -0.45171962209202D-03 -0.73830266405742D-03  0.53305144064585D-03
  0.32732330291428D+01  0.12716799517544D+02  0.54718350371470D+01 -0.21040371469454D-03 -0.43624048444739D-04  0.95452481906060D-03
 -0.10831185268016D+02 -0.61894532208670D+01  0.14163542566599D+02  0.31201738948426D-03 -0.56837707076596D-03  0.23764980363039D-04
 -0.10490554852752D+02 -0.42767846507482D+01  0.17319604711133D+02 -0.44210189855149D-03  0.79422081176983D-03  0.48724277766607D-03
 -0.77428389484292D+01 -0.56941093453563D+01  0.15561434015671D+02 -0.10972908081815D-03 -0.51866996783638D-03 -0.43437089468924D-04
 -0.90635413020050D+01  0.82925203796087D+01 -0.39894208723071D+01 -0.55853011798433D-03  0.37797475364995D-03 -0.63514558348669D-03
 -0.66393767698594D+01  0.60061589171291D+01 -0.40041630917490D+01  0.33485718707345D-03  0.80573393072881D-03 -0.10007032818224D-03
 -0.58301413544739D+01  0.85856675517039D+01 -0.19776517842511D+01 -0.35726802992710D-03 -0.23447834391626D-03  0.20561837207323D-03
 -0.14189396328642D+01  0.52236186701621D+01 -0.40954598381319D+01  0.15574444725124D-03 -0.61768280735358D-03  0.77839811228051D-03
  0.32141559432189D+00  0.49207759479026D+01 -0.14042360681598D+01  0.43330793950707D-03 -0.26823782884912D-03 -0.17317874758967D-03
 -0.11306399680330D+01  0.81013821910381D+01 -0.20445263056217D+01 -0.20621387070225D-03  0.66708486702120D-03  0.16647331422136D-03
 -0.15904727331062D+02 -0.27799022798347D+01 -0.80679303040002D+01 -0.37957780892612D-03  0.27649424378829D-03  0.43795415214468D-03
 -0.14704693717123D+02 -0.59199445771844D+01 -0.79153630933756D+01 -0.30706681363922D-03 -0.53174590549592D-03  0.39609830834850D-03
 -0.12739903739908D+02 -0.34699975731300D+01 -0.95701880362249D+01 -0.56463205357862D-03 -0.87569362386924D-03  0.91161627002897D-03
  0.37193972807352D+01 -0.77690339544482D+01  0.12920673026448D+02 -0.37562014824084D-03 -0.15824933561762D-03 -0.85791675527016D-04
  0.43979794358129D+01 -0.53744582116131D+01  0.11883774461516D+02  0.31450900026854D-03  0.36444679796618D-03 -0.37270778372798D-03
  0.27087150582248D+01 -0.41651860705084D+01  0.10225787890122D+02 -0.11081917628225D-04  0.39254142160161D-03 -0.13232927194404D-03
  0.76690587549669D+00 -0.56015793770187D+01  0.93813560357697D+01  0.11469882168726D-03 -0.50357203296490D-05 -0.36218900841105D-03
  0.30711432372633D+00 -0.81624612607957D+01  0.10130852297645D+02  0.28240591413254D-04  0.82920901870680D-04  0.50957361784976D-03
  0.16594646024678D+01 -0.92345883626613D+01  0.11995982139019D+02 -0.57677629057644D-04 -0.18353096574197D-03  0.10699473099481D-03
  0.31114864493105D+01 -0.16319618825878D+01  0.92031582805779D+01  0.56092950701798D-03  0.41278429758279D-04 -0.37045616492238D-04
  0.21079223784029D+01 -0.11245018868944D+01  0.69052253272544D+01 -0.12565400599009D-03  0.91200856201575D-04  0.35500173104634D-04
  0.40365636538136D+00 -0.29134051520941D+01  0.58717373405756D+01 -0.32509043159165D-03 -0.25751923078577D-03 -0.21751697730563D-03
 -0.50660286027413D+00 -0.49687653582547D+01  0.72820679706078D+01  0.16400217403473D-04  0.94443875690259D-04  0.10169222423641D-03
  0.41603849203916D+01  0.65494719576613D+00  0.10468401957291D+02 -0.10759172966053D-03  0.13472659449038D-04 -0.21258829560082D-03
  0.48170290547391D+01  0.27985047431260D+01  0.90727200746065D+01  0.91648125774260D-03  0.59432973671551D-03  0.35796711102171D-03
  0.41424766465752D+01  0.29804811812322D+01  0.64739525577560D+01 -0.19532330729729D-03 -0.33860019545925D-03 -0.55178067236683D-03
  0.27965310847339D+01  0.10720162441193D+01  0.57092140230496D+01  0.59735717131030D-05  0.49987435563362D-03 -0.12760367204223D-03
  0.20385348874746D+01  0.11254481249572D+01  0.29574065886748D+01  0.28502611909842D-03 -0.34514400638656D-03 -0.84141343412969D-03
  0.40104948436811D+00 -0.61607438733017D+00  0.19147998187248D+01  0.21660692222737D-03  0.28826191905041D-03 -0.12856421866059D-03
 -0.52065816240553D+00 -0.26204587363535D+01  0.33330249342134D+01 -0.81523620291733D-04 -0.50575698117087D-03 -0.36901084015273D-03
  0.39904979488751D+01  0.95536660661881D+00  0.13069084536830D+02 -0.60931411274248D-03  0.24059540793869D-03  0.40126074260794D-03
  0.47660936932914D+01  0.31093823656355D+01  0.14130872566392D+02 -0.22730628173979D-03  0.10593089850027D-04  0.91277236169847D-04
  0.56866640605137D+01  0.52196817699625D+01  0.12899094575835D+02  0.20757057000576D-03  0.56323077537817D-03  0.21219301251689D-03
  0.59161216603679D+01  0.48487991313230D+01  0.10358183712246D+02 -0.39474844556847D-03 -0.33838281278064D-03  0.58847279666487D-03
  0.26941187863714D+01 -0.89739730438104D+00  0.14598174510511D+02  0.37823999709065D-03  0.43822499505173D-04  0.52086264352271D-04
  0.65542839143915D+01 -0.39945446991299D+01  0.12565874881280D+02 -0.19515913842012D-04  0.46343273108460D-04  0.21473751537745D-03
  0.99277095455050D+00 -0.11717157089411D+02  0.13482512484471D+02 -0.28287372729968D-04 -0.48076131264266D-04 -0.54965297492886D-03
  0.55220361675613D+01  0.76684554867686D+01  0.14020150041296D+02  0.32756474930680D-03 -0.44037063614741D-03 -0.12545514861396D-03
 -0.10806628213602D+01 -0.92392839927698D+01  0.90389029304596D+01  0.85613573888710D-03 -0.35780303882322D-03 -0.34989820727946D-03
  0.44443025399679D+01 -0.82737213978231D+01  0.14727521575812D+02 -0.18659328776759D-03  0.25835007196857D-03  0.95978759921414D-03
 -0.20263317910031D+01 -0.38631261777541D+01  0.28818288797783D+01 -0.41179411527411D-03 -0.65984129330103D-03  0.10957978793294D-03
  0.32720453778743D+01  0.23253226500983D+01  0.20970585429120D+01  0.19670294712453D-03  0.79311618718313D-03  0.38366675486551D-03
  0.61088248305973D+01  0.65726075005923D+01  0.89715212801260D+01 -0.54717713376757D-03  0.46902602807085D-03  0.11180231941990D-04
  0.41224605884015D+01  0.32258201494723D+01  0.16055407093973D+02 -0.53961664606471D-03 -0.67881777520453D-03  0.32362512378676D-03
  0.19296071829108D+01 -0.12270922475899D+02  0.15468311756634D+02  0.37737594955424D-03 -0.71782811719055D-05 -0.48119137842881D-03
 -0.65495316625843D+00 -0.13350402585013D+02  0.12035070882640D+02  0.26901476903551D-03  0.16212411467298D-03  0.33680307974556D-03
 -0.65355251779931D+00 -0.15681453034929D+02  0.13208564262932D+02 -0.47554680341381D-04 -0.31857363444903D-03  0.11558669703605D-03
 -0.36670144164077D+00 -0.22253061926202D+00 -0.76870041095142D+00  0.51252357420723D-03 -0.54968789974661D-03  0.36153075849133D-03
  0.10722763124170D+01  0.89035569755427D+00 -0.21950747556938D+01 -0.50723650978451D-03  0.95288178632428D-04  0.45723582569408D-04
 -0.24724315789012D+01 -0.16206673034071D+01 -0.16191334536427D+01 -0.26813138788486D-03 -0.13969281687652D-03  0.78211632475926D-04
 -0.29598354920749D+01 -0.21453080579527D+01 -0.42627275619267D+01  0.12801271777472D-03 -0.42307674786126D-04 -0.36870482642815D-03
  0.51843268160821D+01  0.97031924320389D+01  0.12759862127446D+02  0.64704379271629D-03  0.18685978797415D-03  0.20374383462848D-03
  0.49652605536055D+01  0.78254537217977D+01  0.16500028548903D+02  0.43214457423060D-03  0.22726720870937D-03  0.38031696580717D-03
  0.51534925029930D+01  0.10293398810602D+02  0.17594682338990D+02 -0.20155462873421D-03 -0.29215974611579D-03  0.10909976395380D-03
  0.15588698638451D+00 -0.44643134036053D+00  0.14270608327858D+02  0.30372751479347D-06  0.61186312927604D-03  0.51734104415732D-03
  0.73960723646589D+01 -0.43054476487861D+01  0.15074076735002D+02 -0.44653593009982D-04  0.99358203864304D-04 -0.79174777553827D-04
  0.39250873440454D+01  0.10807082502682D+02  0.19066208700043D+02  0.37620824926636D-03 -0.58137345032807D-03  0.38159600263420D-03
  0.44831373670923D+01  0.11603481206136D+02  0.16118282829920D+02  0.73779269904084D-03 -0.21311984076277D-03 -0.10539013673915D-03
  0.71376365455824D+01  0.11035126477152D+02  0.18102243719851D+02  0.92265416222015D-03 -0.87998339011808D-03  0.61821082760985D-03
 -0.48922212940009D+01 -0.28814264753653D+01 -0.41174261512397D+01 -0.10646393039678D-03  0.91246815788860D-03  0.34378727140483D-03
 -0.17947608330288D+01 -0.37022916650265D+01 -0.48401616012325D+01  0.78135812810742D-03 -0.90955206000973D-04 -0.39883957460401D-04
 -0.32555435457123D+01 -0.72132455993996D+00 -0.58668324750991D+01  0.44142019298469D-04  0.48716607340038D-03  0.24337562152400D-03
  0.93601162956773D+01 -0.52159832468603D+01  0.15124871636557D+02 -0.39814468569084D-03  0.55009495726836D-03  0.38504278379177D-03
  0.64713413927840D+01 -0.58117494121270D+01  0.16109987210076D+02 -0.91204602300743D-03  0.62201456390292D-03 -0.68665272508304D-03
  0.76506745396552D+01 -0.25360983414242D+01  0.16340851824482D+02 -0.48580601244506D-03  0.52568000554948D-03  0.67707792224534D-03
 -0.24428965865802D+00 -0.11546112335340D+01  0.12399313368664D+02  0.15323697952430D-03  0.31580580719300D-03 -0.71525155932238D-04
 -0.27343013840940D+00  0.14781517636216D+01  0.14681118483252D+02 -0.84233875116875D-03 -0.55655603307296D-03 -0.31670769843584D-03
 -0.79051568420136D+00 -0.16361214820382D+01  0.15597812023032D+02  0.32944017104844D-03 -0.43291100721275D-03  0.72761275415076D-04
 -0.14554410027955D+01 -0.17219574087294D+02  0.12098480192552D+02  0.11153323947527D-02 -0.18602788048538D-03  0.48484126932484D-03
 -0.19130307511776D+01 -0.15368319353990D+02  0.14986554938477D+02  0.23384898731985D-03  0.81502065173449D-03  0.43411160157272D-03
  0.12167905906420D+01 -0.16276201964593D+02  0.13795163348083D+02 -0.39428808099619D-04  0.59445586142935D-03 -0.49137172099825D-03
