$coord
      -11.94575368470587        3.81265850547467       -2.00876945242890      C
      -10.01324833109311        4.29399237121107       -0.17265812349390      C
       -8.74517223513544        2.21836283967269        0.90315237477883      C
       -9.68971393039763       -0.21666564038522        0.06689556120171      C
      -11.30278166374349       -0.74195686360886       -2.09097645190159      C
      -12.47204206221954        1.48051520038541       -2.99718190029484      C
       -7.20635615418166        2.40330617471014        3.02064238943044      C
       -6.98619567592813        0.46708924684005        4.67856290545458      C
       -8.25405122547421       -1.79732497179495        3.91126528360125      C
       -9.13357173377130       -2.38513830196531        1.51162614071082      N
       -5.51578481964538        4.61070487338354        3.65468182039084      C
       -4.57276725317562        4.78513642280031        6.16667153367755      C
       -4.75539962589338        3.12761833834497        7.98136341732846      N
       -5.78388767324643        0.80380071574552        7.18941926330329      C
       -6.61257287797780       -1.16791419590808        8.64224603331447      C
       -7.49168207611901       -3.47219588306581        8.11580190523163      C
       -8.26671470675543       -3.74801842778869        5.71227589286372      C
       -4.22283322778954        5.82113243642392        1.66692698852826      C
       -2.39054270049239        7.67951108729816        2.24685769165053      C
       -1.60740207795804        8.12357050011154        4.67617555858436      C
       -2.58840031177551        6.67922509434005        6.58143295798100      C
       -4.36109840824855        4.69080318288596       -0.92970497067622      O
       -9.72523730016731        6.75819107236916        0.37023282961591      O
      -14.42008624376873        1.12588058461099       -4.80811693609798      C
        0.54122257099627        9.89321516837039        5.22290814855794      C
      -12.12739215055018       -2.46749560959850       -2.47841360194354      H
      -12.22513580862801        5.51010212409189       -3.12219408842049      H
       -8.29693231060815       -5.62706188551751        4.87976616046454      H
       -5.66756254336633       -0.97090414292494       10.53068810832110      H
       -2.44478984444823        6.93591419548325        8.63307789929036      H
       -1.25847333107361        8.93315240332895        1.13794768231770      H
      -15.18661510329032        2.79510320198298       -6.13654052198873      O
      -15.84633481420224       -1.12841774811879       -4.41579668966659      O
      -18.36764236729995       -1.19557839324942       -5.53966942448856      C
       -7.22349313889603       -5.39334298790887       10.10960268426149      C
       -6.97228606253826       -7.58183615596778        9.35298852160540      O
       -7.20810376180649       -4.42006623336464       12.55111523993089      O
       -5.30152842042850       -5.87592497450097       13.86031046625309      C
        1.63129665317842        9.33853401739257        7.17146453339271      O
        0.95186567188756       12.00313000201525        3.53918563693993      O
        3.04928507565416       13.26061307530991        4.67746746968224      C
       -2.67983698635410        2.72393990306491       -1.67883630898501      C
       -8.85035739664107        8.00257760574826       -1.88970763823008      C
        3.66196869124492       12.23776575384617        6.49189111022359      H
        2.85583259771382       15.14533547692261        5.11088365576730      H
        4.82112465815996       13.22165821119305        3.51199965034585      H
       -6.33755863712564       -7.19450053924588       15.04545657572852      H
       -4.42889473816194       -4.60466809191816       15.23792933348693      H
       -4.35495349866048       -7.01316035261271       12.44722210116551      H
       -7.19713086360643        9.37062641228045       -1.89659259065487      H
      -10.49342937934090        8.84238799384669       -2.65471235137291      H
       -8.40825820622469        6.69382328442292       -3.43693142932682      H
       -1.02398279550409        2.85737914645411       -0.30177258434933      H
       -1.63120090683360        3.52171183684105       -3.22325130972592      H
       -2.97592479343421        0.71110802994360       -1.65546348362752      H
      -19.75679494130543       -1.61488093402947       -4.14947867537092      H
      -18.49066522068666       -2.27999285418667       -7.26422836744779      H
      -18.74090681612417        0.81565419003230       -5.98013812465831      H
        0.50290719694872       -6.48760910222045       14.16582536736185      C
        1.61879090906889       -4.40699215174564       13.33781608864981      C
        2.28293453523165       -4.07766396051142       10.66694778096563      C
        1.42660909887575       -6.06945816991583        8.85583219850989      C
        0.62548094833108       -8.39316547436293       10.08231871723288      C
        0.14471839970133       -8.66101835989254       12.63482397237400      C
        3.18073514162782       -1.79180905873721        9.57072199819670      C
        3.47891689835581       -1.94940519102096        6.96370179849033      C
        3.04434447185240       -4.04006106118841        5.30575798242121      C
        1.88644848584736       -6.08863378814092        6.39202297870888      N
        3.30420111428854        0.73420293936585       10.76161128888772      C
        4.89294484943472        2.39140991444681        9.53106188268189      C
        5.91601625045474        2.15661694503315        7.27280676660930      N
        5.14628547624075        0.15670206713384        6.01339855787729      C
        5.07912394010026        0.13002149523239        3.27949316753452      C
        4.48581531447945       -1.82994574481144        1.71294847891904      C
        3.78012076297765       -4.02701209721389        2.85435110039132      C
        1.38965866679497        2.08334083875502       12.36750689386825      C
        1.93717411276873        4.34385164216911       13.37010257639738      C
        4.24842848723563        5.40948592900792       12.97821850766853      C
        5.76588153681972        4.48596180432567       11.05624950120576      C
       -0.71613554438807        0.77381941128856       12.91423077351813      O
        2.69426531286376       -2.46939304863845       14.84707848146123      O
       -0.37793204431902      -11.39207057826878       13.15509203732276      C
        4.90617644341685        7.90537675931388       14.06906760456709      C
        0.28516608357526      -10.02832253635976        8.79789032705232      H
       -0.15401699667211       -6.61342418994232       16.07248015296013      H
        2.98682798972125       -5.42281311273868        1.71665339785932      H
        6.14615929450563        1.77902733219971        2.54026076909766      H
        7.31889879757355        5.59598344461640       10.65124643760868      H
        0.40368416021317        5.15640221680883       14.57233007741171      H
        0.64832653724032      -12.90230584018401       11.58244592783126      O
       -1.93349777364061      -12.21370783729043       15.08009907837097      O
       -2.16918968692088      -14.82770427501372       14.97827574427562      C
        4.53306129881989       -1.41081581629586       -1.10408472850036      C
        6.38252573135798       -0.42423513408881       -2.14524567941110      O
        2.58222717380053       -2.57738426508672       -2.11615809295890      O
        2.66802043963692       -1.92144229887013       -4.76116748796560      C
        4.69871287906204        9.86457387427611       13.03374076882669      O
        5.65204059180755        7.95675899002060       16.48054866210443      O
        6.42371133841536       10.31976964841593       17.40193865696512      C
       -2.79825540037319        2.24426815354040       13.95022116491975      C
        3.20444530872572       -3.49831987929219       17.49195933402004      C
        7.17204645829077       10.09424843620865       19.40425620853110      H
        4.72245828184483       11.46462255572009       17.29021952836392      H
        7.85512127197952       11.10774491547799       16.23898697178590      H
        4.63135150878054       -2.33259925213508       -5.30134709726210      H
        2.08000247559787        0.17447417213728       -4.52273642400269      H
        1.27579317737381       -3.14892440613469       -5.69340661509260      H
        1.29719674376782       -3.23463148584555       18.31649126883083      H
        4.22304651513891       -2.13499022688318       18.48057598006563      H
        3.94895690530514       -5.39769910263644       17.54747844144911      H
       -1.98684618345895        2.54064589925094       15.85442852726936      H
       -4.41253516033982        1.06769684507003       14.46971902761338      H
       -3.03539645600707        4.08338976878430       13.03468044362727      H
       -3.23784511120546      -15.41249321486503       13.39733976828787      H
       -2.87833972944201      -15.54937102275179       16.71797149022938      H
       -0.11750744556435      -15.25906481708090       14.82920024886870      H
$end
