$coord
      -11.44615617063880        5.54931634516110        0.07077000439327      C
       -9.21700965157668        4.80356300630766        1.15201584967827      C
       -8.81492129988404        2.22272393474849        1.57765217081606      C
      -10.89662011193981        0.51561471268377        1.57686578673880      C
      -13.21386828512533        1.33370209267211        0.65748009142874      C
      -13.39879161428778        3.73623844725959       -0.30390863175037      C
       -6.35101643542810        0.98607066219135        1.70882034543888      C
       -6.38941966135496       -1.01971485757622        3.58505726100608      C
       -8.70266983449550       -2.30837582321351        4.05511231125904      C
      -10.95366546392388       -1.63735816737166        3.19072744467701      N
       -3.96561688133633        1.93911089375570        1.07475700372978      C
       -1.79668134117433        1.40514737257269        2.79485925200436      C
       -1.79727347558880       -0.64236429647812        4.40338684942477      N
       -4.07645799110944       -1.73662895469245        4.89514833872057      C
       -4.32522367255483       -3.99507206546525        6.48900024748551      C
       -6.56395436018032       -5.37693326414440        6.72909099078179      C
       -8.78287205780869       -4.35151964339224        5.71400301263772      C
       -3.65031452215825        3.93859672818365       -0.70671109499774      C
       -2.01553306947105        5.87769726349942        0.04960983745624      C
        0.16660996383846        5.33435137534547        1.72186425239570      C
        0.43451902740487        3.15991982342103        2.93501760836150      C
       -5.44519395451638        4.92999065232638       -2.54421020261039      O
       -7.41051917917792        6.90532282414116        1.71391661420800      O
      -15.86789440047716        4.41116278126373       -1.96070084723158      C
        1.92610749534034        7.46571509264328        2.14480121154451      C
      -14.55677519321991       -0.09451797349134        0.78696528952987      H
      -11.47088889130138        7.31672498754742       -0.79727873230042      H
      -10.46171163111904       -5.36034433914031        6.01689561569228      H
       -2.67498072257871       -4.70466855717344        7.30406081713532      H
        1.92384928700200        2.98013284516213        4.22746451204350      H
       -1.77271717562415        7.31716794224164       -1.28891339282762      H
      -18.18218283401473        4.18798973957588       -1.26059410657642      O
      -15.28449376993614        5.12096855948454       -4.32761724818339      O
      -17.58744974684499        5.44538122648268       -5.78447640331674      C
       -6.42135752412434       -7.91824978076640        8.05161509233383      C
       -8.54071597366607       -8.71125827820488        8.18974935238606      O
       -4.18375489943444       -8.88247987002334        9.22148241440572      O
       -4.92737400235070      -10.66100571128480       10.95251738072723      C
        1.40473981974561        9.43011059893819        1.02158112967561      O
        4.03424035256193        7.24451681039273        3.65141712774620      O
        5.87993235467644        9.17078680547085        3.75539411722750      C
       -6.39829711165474        2.80194803499744       -4.20579174978366      C
       -7.24980807052613        8.98868298602440        0.14666117384537      C
        4.75994747872579       10.83129012545377        3.69025617874161      H
        7.32764850144110        9.35119881519828        2.20437487591503      H
        6.90197705701920        9.60706939360294        5.71084066164999      H
       -6.39186195951575      -12.01735919517905       10.28572655522333      H
       -5.68051848033235       -9.37466021100324       12.44210707807000      H
       -3.30441741063496      -11.81536757436943       11.65561295472122      H
       -5.35659042580618        9.72993382515633       -0.03677393085593      H
       -8.47031695749097       10.44448253447796        0.85553110053633      H
       -8.03732129938814        8.35864815776221       -1.59565799872176      H
       -6.46605433821369        1.12557580071312       -3.17935027247387      H
       -4.66178158977517        2.36544650153822       -5.25362703194941      H
       -8.07783983019467        3.28000689218640       -5.36924579552919      H
      -19.15088678341159        6.77599871848504       -4.92108865788020      H
      -18.11662135546891        3.47902025098978       -5.84389048546596      H
      -17.13729515824099        6.01312823081545       -7.73845039026121      H
        0.62560657265674       -6.04429180333139       14.87968779614397      C
        1.32117318746131       -3.61981643516803       13.92344951727107      C
        1.51072139055631       -3.36817381074622       11.24504929517874      C
        1.56514186877166       -5.61757146350190        9.71772601668135      C
        1.21640360024491       -8.00294196146564       11.01801425994932      C
        0.95847981906672       -8.21017923122102       13.52333662065931      C
        2.20443703997141       -0.98021144886588       10.08926255040274      C
        3.41659592145861       -1.29556631100469        7.93031710577478      C
        2.78045852051699       -3.34405264966552        6.33171067486804      C
        1.73253776205664       -5.39714064998262        7.28260794204370      N
        2.00613023010654        1.57493014350851       10.92546855155219      C
        3.59376948543993        3.56900907352405        9.94182642092222      C
        5.01464816533334        3.07068740851398        7.88957769580028      N
        4.78563199534516        0.83967577056147        6.74290240141430      C
        5.62960290262055        0.62740689144511        4.26931671450547      C
        4.93236582102887       -1.36550504247102        2.74264973744324      C
        3.32828325616611       -3.18746075207420        3.66900095292941      C
       -0.19874272319249        2.33369842404683       12.27740194748793      C
       -0.09983158993403        4.58786928915692       13.37952180486777      C
        1.56836698656360        6.46395927256687       12.75917184084958      C
        3.45310020793256        6.01485765537627       10.99145418776466      C
       -2.47501698234253        0.90297650972500       12.98432943225632      O
        2.98803250464906       -1.88187400296755       15.42831880634044      O
        0.56367087070721      -10.59284967719604       14.67624332962324      C
        1.76231657830107        8.84982547353587       14.34005652841986      C
        1.53034890197923       -9.77882537947209        9.84981109679278      H
        0.36901223535539       -6.48057138066053       16.77556468416313      H
        3.42238846846079       -5.05462147545417        2.56814302535661      H
        6.37727029823586        2.35412833288125        3.45095363685712      H
        4.54500829575717        7.55352305554832        9.98510533147141      H
       -1.64907849386722        5.09612895703596       14.54156692319953      H
        1.59353442586358      -12.48967526421022       13.70972921318296      O
       -0.98314853358212      -10.66726396292308       16.85312958448350      O
       -1.90192509380251      -13.06643228272672       17.56171647771944      C
        5.12637389379137       -1.28697552368506       -0.02078179223928      C
        3.72517478121754       -2.35896858846912       -1.44662680232471      O
        7.70614823298224       -0.35651005386848       -0.63392809180852      O
        8.56653283398033       -1.00836568624217       -3.07711391743175      C
        3.75584747460498        9.65262257356893       14.93848258944028      O
       -0.37120291359254       10.23891301570631       14.83574927495251      O
       -0.04850345948956       12.36336438849696       16.33793021508342      C
       -2.96470531455788        0.64385503461602       15.67388707501499      C
        3.31676242482777       -2.61566849443228       18.06365577941277      C
        1.83011686002215       12.79192565163795       16.83770629626717      H
       -1.55929551472299       12.03632122117271       17.79066801525848      H
       -0.92087135489603       13.79947451953199       15.14863272899539      H
        9.65459165896976       -2.67762133413093       -2.83917422809032      H
        9.58184602904431        0.66778377705330       -4.09220813015408      H
        6.65805753213502       -1.24595575031827       -4.04580234049339      H
        1.55867796196161       -2.21472080630420       19.06849473460631      H
        4.88409033887170       -1.74854188255600       19.06888138605165      H
        3.54654893228074       -4.62571016285880       18.28091426817575      H
       -1.38957290338100        1.68685528378746       16.93466049047829      H
       -3.17909047189398       -1.49453384506510       15.81048219411680      H
       -4.77355062517950        1.30881076548531       15.87962814060271      H
       -3.90783596970244      -12.43989442956988       17.86323740952271      H
       -1.02810192599850      -13.44439675455393       19.55926643759920      H
       -1.80842328718726      -14.33329170536729       15.89539290879434      H
$end
