 -1.0
 -0.31330335732991D+01  0.11434587467874D+00  0.52243430661158D+00 -0.20443830980398D-03  0.21605404765891D-03 -0.17041474135023D-03
 -0.23987121743126D+01 -0.25142791605414D+01  0.73363020657670D+00  0.11422846793758D-03  0.82188436595648D-03  0.60904986803588D-04
 -0.45108492625560D+00 -0.32283979420994D+01  0.26169483988436D+01 -0.17902509191931D-03 -0.62820410290941D-03  0.37216117473463D-03
  0.86636922549882D+00 -0.11613593521666D+01  0.33687014697092D+01 -0.58400083145370D-03  0.51553909449007D-03  0.35742236138953D-04
  0.33456959315198D+00  0.12588362113666D+01  0.29179812683333D+01  0.19111225711866D-03 -0.14063253130373D-03  0.45823744723640D-03
 -0.16581206675347D+01  0.20691430363697D+01  0.14381569251615D+01 -0.28904900096938D-03 -0.50426976209231D-03 -0.22339300322148D-03
 -0.57104012888481D+00 -0.54732369906656D+01  0.38964456646297D+01 -0.11652606838058D-02 -0.24916481675391D-03  0.61494919792508D-04
  0.17670259411035D+01 -0.61157597032415D+01  0.52181227596125D+01  0.15496930515149D-03 -0.35414030825536D-03  0.11277317136314D-03
  0.35007400888077D+01 -0.40308082777059D+01  0.57366060208730D+01  0.19960656724468D-03  0.19986815158171D-03  0.34618344635403D-03
  0.26359680550410D+01 -0.15125582960021D+01  0.51097398968988D+01 -0.50616904479666D-03 -0.10723609948122D-03  0.15564753885728D-03
 -0.24319680319468D+01 -0.73970530815129D+01  0.41283871938423D+01  0.18489582373364D-04  0.46270827031764D-04 -0.49190953600947D-03
 -0.15910172251022D+01 -0.98791432498479D+01  0.47631680947540D+01  0.27964607656959D-03 -0.36669860760021D-03 -0.31981616697834D-03
  0.70508595366679D+00 -0.10305379558413D+02  0.61127299111480D+01 -0.54455984585694D-04 -0.34030017707023D-03  0.36124885514004D-03
  0.24900193535158D+01 -0.85153745275158D+01  0.62847899865610D+01 -0.12883755247723D-03 -0.29432752037294D-03 -0.83497116447810D-04
  0.47805764351879D+01 -0.88276621333344D+01  0.77119483362257D+01  0.20037273751874D-03  0.52687249359105D-03  0.64340940441465D-03
  0.64549866239018D+01 -0.69356551237053D+01  0.78620958274755D+01 -0.25425464426593D-03  0.13554349603258D-03  0.58156786517122D-03
  0.57933600768270D+01 -0.47450196012061D+01  0.70041674867493D+01  0.26721506442950D-03 -0.90529489310238D-03  0.10678323819590D-03
 -0.49154487402088D+01 -0.72317372234872D+01  0.31637413265375D+01 -0.74340996071477D-04  0.80277276240689D-03 -0.18544657464754D-03
 -0.64833782197664D+01 -0.96048919981908D+01  0.30620115569150D+01 -0.38871134174576D-03 -0.27594255505184D-03  0.15648845060107D-03
 -0.55085800868135D+01 -0.11872528469328D+02  0.39807959296874D+01 -0.45079817342179D-03  0.54044146631538D-03  0.86173502445286D-05
 -0.31150487758377D+01 -0.12030186328204D+02  0.50170873385036D+01  0.41976600840199D-03 -0.13368473864023D-04 -0.81782716573110D-03
 -0.59398043265320D+01 -0.48597267199614D+01  0.28507740952541D+01 -0.80064197290432D-04 -0.67830114044750D-03  0.54955696272525D-04
 -0.30124115487567D+01 -0.41981244409909D+01 -0.12996349707939D+01  0.31872442151501D-03  0.22345377672347D-03 -0.72635017540212D-04
 -0.26271525720235D+01  0.47405960481849D+01  0.74897708582770D+00  0.56696081984916D-04  0.11021490918801D-03 -0.32150229479555D-03
 -0.71228059152855D+01 -0.14152109663900D+02  0.36481845494001D+01  0.28307679386699D-03  0.13125761878346D-03  0.38690497201281D-04
  0.18628329077339D+01  0.27187507185617D+01  0.33177822415087D+01 -0.85015195676958D-03 -0.30470010787088D-04  0.19355837881506D-03
 -0.43902672526552D+01  0.76083313240673D+00 -0.76602843006148D+00  0.83006584362111D-03  0.32327715804024D-04 -0.20749400261306D-03
  0.71089881479438D+01 -0.31528842586407D+01  0.72602466929664D+01  0.76554628042479D-03 -0.13617856439147D-03  0.71752243498428D-03
  0.54147344552874D+01 -0.10862912800163D+02  0.76438536572837D+01 -0.10588653097237D-02 -0.44485027645497D-03 -0.41059957578010D-03
 -0.23780090280734D+01 -0.13523865407478D+02  0.62364492052804D+01 -0.50447114513728D-03 -0.34130835681188D-03  0.23575042537150D-03
 -0.82113006724399D+01 -0.97164487857091D+01  0.22478388220129D+01  0.47004323964908D-04  0.72931221418744D-03 -0.26986368921616D-03
 -0.98034705456634D+00  0.62701455856740D+01  0.38021717126277D+00 -0.15635612647684D-03  0.15398672595203D-03 -0.35226074910751D-03
 -0.52544982486147D+01  0.50499561031343D+01  0.69428685198797D+00  0.51620463812753D-03  0.23475349244280D-03 -0.11782842513066D-04
 -0.59066990534626D+01  0.75108633581806D+01 -0.84623519883309D-01  0.92528439863015D-03  0.20928386061141D-03 -0.98288530442166D-04
  0.93188948205367D+01 -0.73771688989668D+01  0.83501109590147D+01 -0.11604636731679D-04  0.14181638200733D-03  0.12923906416067D-03
  0.98432724738201D+01 -0.89248503307231D+01  0.10120327802999D+02  0.32411812837381D-03 -0.97115995853688D-04  0.36925314900193D-03
  0.11348771060544D+02 -0.63062647586822D+01  0.68048961618612D+01  0.34702832132864D-03  0.11432989786040D-03  0.10819774489924D-03
  0.12593782925784D+02 -0.47292751182467D+01  0.85053806358225D+01 -0.10093569132199D-03  0.34277013477700D-03  0.44531116719192D-03
 -0.90983265080278D+01 -0.13777852304843D+02  0.23375054380737D+01 -0.10639075940924D-03  0.22367044544040D-03 -0.24005762076158D-03
 -0.65834987224104D+01 -0.16403766878602D+02  0.50467104351546D+01  0.24661183878442D-04 -0.10554083194370D-03  0.32302190628587D-03
 -0.76568220065468D+01 -0.18356615255350D+02  0.35194905195233D+01  0.39406596691345D-04  0.95360676778057D-04  0.17671091762182D-03
 -0.82106969879542D+01 -0.42504634302421D+01  0.36242106706005D+01  0.53056007573936D-04 -0.86056736250712D-04  0.44592462589663D-03
 -0.19730673829117D+01 -0.67617926984091D+01 -0.15708028626245D+01 -0.31815633152944D-03  0.25616681583297D-03 -0.58116523286145D-03
 -0.67075131140344D+01 -0.18801883768361D+02  0.15272824726186D+01 -0.32087818730394D-03 -0.16029324415165D-03 -0.16925061611987D-03
 -0.96576237227319D+01 -0.17888382808635D+02  0.32767329941490D+01  0.19122325570024D-03 -0.49234090596938D-03 -0.14247724894078D-02
 -0.75838153721350D+01 -0.20106069892075D+02  0.42791198811805D+01  0.73124886367357D-03 -0.60884608608206D-03 -0.27396108312272D-03
  0.12642778207204D+02 -0.30622826297415D+01  0.76527878007354D+01 -0.47938491112038D-03 -0.10104379691904D-02 -0.78588112083391D-03
  0.14644985642299D+02 -0.53110719230352D+01  0.86128826638481D+01  0.40022829838115D-03  0.58845298705949D-03  0.80208617310613D-03
  0.11580601770403D+02 -0.45346489627025D+01  0.10131695259119D+02  0.30650551832721D-03  0.30509595484676D-03  0.27358198357615D-03
 -0.83527078590902D+00 -0.71983541456305D+01 -0.31786320239439D+01 -0.18314373302513D-03 -0.27396124902208D-03  0.46520800521068D-03
 -0.36269722559647D+01 -0.78677127709270D+01 -0.19926328006999D+01 -0.35610693729462D-03  0.60254619599845D-03 -0.15337922236773D-03
 -0.99291941088931D+00 -0.78248109318906D+01  0.10850446617259D-01 -0.77710245087663D-03 -0.42939266482909D-03  0.20470589792797D-03
 -0.92327143280026D+01 -0.28058297931821D+01  0.26579459041082D+01  0.10405844447466D-02  0.75694624416464D-04 -0.49605755293077D-03
 -0.80639919571677D+01 -0.34467300020538D+01  0.57064196088239D+01  0.15889881941991D-03 -0.10084218461548D-02  0.77040927562120D-03
 -0.95824348848577D+01 -0.59737536329109D+01  0.36381177319999D+01 -0.32292652348953D-03 -0.28218835896649D-03  0.10653169202548D-02
 -0.78176011981482D+01  0.81907891578693D+01  0.11946863851582D+00 -0.71341425195897D-03  0.42296577014462D-03 -0.25553422669701D-03
 -0.58231894403136D+01  0.74914043238522D+01 -0.20759992529546D+01  0.45994611362083D-03  0.40262330100650D-04  0.96513107930073D-03
 -0.47406456342265D+01  0.87570196239979D+01  0.11006838929358D+01 -0.18631091975007D-03 -0.26443715943970D-03 -0.34835776762291D-03
 -0.84743696646353D+01  0.10428969899474D+02  0.64351376703182D+01  0.69315541064405D-04  0.35411996838316D-03  0.55890730551087D-04
 -0.73820682652590D+01  0.81821304689927D+01  0.69131133329919D+01 -0.77235481441302D-03  0.22798542023104D-03  0.45942583146761D-03
 -0.51050191186894D+01  0.82603014720366D+01  0.84829684880171D+01  0.96667097419955D-03 -0.92993862590146D-04 -0.29287074218036D-04
 -0.38740542997867D+01  0.10661633271399D+02  0.87727133809520D+01  0.18699790807894D-03  0.27034168737817D-03 -0.99014724075610D-04
 -0.51647362741140D+01  0.12826065609668D+02  0.78550463440765D+01 -0.34324765029371D-03 -0.12974550752440D-04 -0.34611437863387D-03
 -0.74128654484712D+01  0.12751027106532D+02  0.66379633721236D+01  0.41741437809732D-03 -0.62373147635786D-03  0.43687802618938D-03
 -0.34260222008612D+01  0.62180826480310D+01  0.86695977478100D+01  0.24344692119568D-04  0.97091768373690D-04 -0.46720142821246D-03
 -0.79198781114256D+00  0.65794024771199D+01  0.87529566579554D+01  0.51351974054173D-03  0.20166699464988D-04  0.49108502797333D-03
  0.24644583801120D+00  0.91374664563772D+01  0.88527190830162D+01  0.15164687595588D-03  0.28778684927449D-03 -0.35537745781558D-03
 -0.14988356833505D+01  0.11130164515286D+02  0.91939968530353D+01 -0.14192287795150D-03 -0.17701008233696D-03  0.26552533621172D-03
 -0.42415052595428D+01  0.36778585738364D+01  0.93330090060921D+01 -0.35567055456530D-03 -0.19507640466340D-04  0.18057949903169D-03
 -0.25093879682736D+01  0.16574095179924D+01  0.87311762219015D+01  0.10296589487823D-02 -0.15800735705713D-03  0.74952426371095D-03
 -0.12654034923350D+00  0.20909926225818D+01  0.83171862744395D+01  0.34426392570143D-03 -0.16473573141528D-03 -0.56757152720444D-03
  0.65870333103127D+00  0.44306975567889D+01  0.92084622474465D+01 -0.90078213959486D-03 -0.14259866625856D-03 -0.40433895288128D-03
  0.32314809406792D+01  0.50827369500374D+01  0.97627868532274D+01  0.20937246640272D-03 -0.68175325182986D-04  0.10176273076929D-03
  0.40608758607152D+01  0.74455223407754D+01  0.10041852659368D+02  0.34213319699017D-03  0.36653273865635D-03 -0.14799137399234D-03
  0.26377190493770D+01  0.97191821645325D+01  0.96757203895158D+01  0.21081489186610D-03  0.12336992402372D-03 -0.96658929731503D-03
 -0.63421393794240D+01  0.29461042179865D+01  0.10782915909340D+02 -0.23358851808124D-03 -0.86570331294937D-03 -0.28070175632732D-03
 -0.73803730612451D+01  0.65160065285061D+00  0.10649878969052D+02 -0.17310374553576D-03 -0.23289763346899D-03 -0.11314611435066D-03
 -0.58685575622389D+01 -0.16469827574555D+01  0.96117768557063D+01  0.83312264942518D-04 -0.24533232118782D-03 -0.33683472008193D-03
 -0.35007666957372D+01 -0.92973455521596D+00  0.86680939159661D+01  0.38089806213372D-04 -0.17064595083794D-03 -0.24208401430511D-03
 -0.76081392230193D+01  0.48216332055337D+01  0.12196453682152D+02 -0.24453615124893D-03 -0.38103821546236D-03  0.19126850627074D-03
 -0.78839679561732D+01  0.59545832694846D+01  0.52225853071207D+01  0.29680232523613D-03  0.72877728518958D-04 -0.14610537633268D-03
 -0.86233654658371D+01  0.15225538513424D+02  0.56334110418571D+01  0.15831205013456D-03  0.90347952532891D-05  0.68505882495391D-03
 -0.66872700355465D+01 -0.42279547247114D+01  0.10091647753465D+02 -0.27060846462909D-04  0.53134179511668D-03  0.26337594394924D-03
 -0.39615375855369D+01  0.14558067080390D+02  0.72607304735698D+01  0.36239600876666D-04 -0.38410540533012D-03 -0.29073326292724D-03
 -0.10562302758697D+02  0.10341319381922D+02  0.63741654393440D+01 -0.81582226035905D-03  0.33085147706754D-03 -0.20594143805069D-03
  0.32448264572575D+01  0.11757635820278D+02  0.10187765223567D+02  0.74856850430714D-03 -0.92975445484552D-04 -0.54913945114505D-03
  0.44798669594328D+01  0.34217524379441D+01  0.96749422970406D+01  0.15258327328929D-03  0.31660318492504D-03 -0.10466191785893D-02
 -0.24855689800576D+01 -0.24769793856860D+01  0.77676390955333D+01  0.15116691929108D-03  0.30649823708990D-03  0.27060877269408D-03
 -0.93488463850563D+01  0.84141778445188D-01  0.11070205361216D+02  0.10383061675839D-04  0.25484427092838D-03 -0.14790991382518D-05
 -0.10161602820697D+02  0.14848527270035D+02  0.41110629059892D+01  0.16643507381720D-03 -0.61722704999621D-03 -0.20096889332334D-03
 -0.74026766011872D+01  0.17356533423355D+02  0.65201725645895D+01 -0.94762179795958D-04 -0.17805803852379D-03  0.79148354256476D-04
 -0.80928240918477D+01  0.19679477917089D+02  0.52007812422079D+01 -0.49589969223216D-03  0.47096421136422D-03 -0.34188633828240D-03
  0.68158173868497D+01  0.75250557510676D+01  0.10736652363542D+02 -0.32645152057439D-03 -0.18019099348923D-03 -0.16652157857973D-03
  0.76585504541691D+01  0.58033544509364D+01  0.11930686518912D+02 -0.19760606069900D-03 -0.19856092552899D-03  0.49966460185150D-04
  0.81093667584979D+01  0.96622536078535D+01  0.97353812553722D+01  0.27292258135963D-03  0.28994701703554D-03 -0.41475173569192D-03
  0.10533783492152D+02  0.10701002386239D+02  0.10932443420970D+02  0.12570756260227D-03  0.47379891723985D-03  0.39928026387610D-04
 -0.53791171568075D+01 -0.58373796042871D+01  0.90772035857833D+01 -0.14443023752385D-03  0.97864034676592D-05 -0.31231158462266D-03
 -0.88295686062431D+01 -0.47905541487016D+01  0.11314912765890D+02 -0.17658133793740D-03  0.88344601913878D-04 -0.63066087743607D-03
 -0.93352051189931D+01 -0.72629522850907D+01  0.11982940511117D+02 -0.57764767800492D-03 -0.32115923806488D-04 -0.20006472545464D-03
 -0.59091598566326D+01  0.64115782608792D+01  0.13738855263884D+02  0.21300608112024D-03  0.39704444810565D-03  0.12748008188372D-04
 -0.10472132978266D+02  0.52418171247865D+01  0.48275387034067D+01  0.72627177518457D-04  0.32695212713173D-03  0.14547285470388D-03
 -0.77180624846549D+01 -0.82463377585346D+01  0.12913233894360D+02 -0.36693007902776D-03 -0.33687098096943D-03  0.47308810026942D-03
 -0.91663039678238D+01 -0.81847805750083D+01  0.10175175594982D+02  0.86633820828034D-03  0.47080239834068D-03 -0.23988119053330D-03
 -0.10974486784648D+02 -0.74196100227351D+01  0.13373777174640D+02 -0.38687501544872D-03  0.79628707501606D-03  0.10159495066073D-02
  0.10654758193708D+02  0.93229517857927D+01  0.12297682371642D+02 -0.41344317451173D-03  0.14895272514603D-02 -0.83485290032460D-03
  0.97728976985879D+01  0.12640106476534D+02  0.11704877075180D+02  0.42978106149311D-03 -0.69919646213507D-03  0.26622192246657D-03
  0.11984193627510D+02  0.10526011749494D+02  0.96934373350749D+01 -0.60775132043288D-03  0.10185843916395D-03 -0.64606671799651D-03
 -0.11065368546595D+02  0.42153727928437D+01  0.65230459379013D+01  0.40824459762097D-03  0.60289517021517D-03  0.22581465555711D-03
 -0.10413251397671D+02  0.34813750108236D+01  0.37646933287626D+01 -0.15046560832522D-04 -0.82228097023132D-03  0.12028248297472D-02
 -0.11915447713304D+02  0.64401896231623D+01  0.39361827023915D+01 -0.77923903191373D-03  0.17114130591688D-03  0.71597477870185D-03
 -0.40425148354160D+01  0.69199441865124D+01  0.13063146647749D+02  0.62200180414407D-03  0.42749996337327D-03  0.60750631042631D-03
 -0.52902658229316D+01  0.56488061356457D+01  0.15558071936735D+02 -0.13191551350022D-03  0.21204020989338D-03 -0.46930171103084D-03
 -0.67772814401514D+01  0.82612970163105D+01  0.13961995797910D+02  0.49703071462248D-03 -0.98081689246643D-03  0.20041311278082D-03
 -0.78525628251697D+01  0.19097821222109D+02  0.33804137378623D+01 -0.46184677900303D-03  0.41510509238062D-03  0.88076807113000D-03
 -0.65946686776435D+01  0.21081402428401D+02  0.57115303880441D+01 -0.64844285258262D-03 -0.76396679766683D-03  0.65106122314987D-03
 -0.99165010765833D+01  0.20482976040010D+02  0.52350375325325D+01 -0.46448548725612D-03 -0.15024193634765D-03  0.91134351050053D-03
