 -1.0
 -0.47693360727954D+01  0.15373711767908D+01 -0.36433923748990D+01  0.24195571022432D-03  0.20422893207131D-03 -0.17778657768279D-03
 -0.39160286239189D+01  0.22289084520641D+00 -0.16023814036252D+01  0.13263976886384D-03  0.31821943803839D-03 -0.61945744015287D-03
 -0.23332041737667D+01  0.18368276879322D+01  0.35791080521793D+00 -0.31676277428676D-03 -0.14756132433680D-03  0.34162201336732D-03
 -0.20094437521757D+01  0.45129567044084D+01 -0.10408086645436D+00  0.51589141381160D-03  0.65327819587423D-03  0.49008372897571D-03
 -0.30334824980881D+01  0.55243624713763D+01 -0.24114039008039D+01  0.45562627024760D-03 -0.29793906953664D-03  0.59201161726732D-03
 -0.46208356664919D+01  0.40807914277806D+01 -0.39387368181035D+01 -0.41406898860804D-03 -0.76070893863870D-03  0.36390823590307D-03
 -0.11730404793710D+01  0.83275070689740D+00  0.26536125201414D+01 -0.14660828416313D-03 -0.28694243156985D-03 -0.39638258718521D-03
  0.13885545464836D+01  0.18504331128786D+01  0.32138646841557D+01  0.61308619046496D-03  0.26236560690318D-03 -0.63049582998151D-04
  0.16759350739400D+01  0.45567111060986D+01  0.20028356666330D+01 -0.54295689014679D-04  0.16978454527214D-03 -0.36068455611260D-03
  0.26361337524622D+00  0.56147943371913D+01  0.28005639028810D+00 -0.41760218474451D-03 -0.10138320833572D-03  0.22572225025303D-03
 -0.21042550572654D+01 -0.14863794172070D+01  0.37315876444591D+01 -0.25048397849849D-03 -0.35980691304500D-04 -0.18688698267812D-03
  0.17686599201926D+00 -0.24349578075368D+01  0.52550503318680D+01  0.13512230077695D-03  0.37023290133267D-03  0.16385480661975D-04
  0.24309717403879D+01 -0.17488069161278D+01  0.55632216443530D+01 -0.19787172011101D-03 -0.82735940126721D-04 -0.73251606235616D-04
  0.30683323125271D+01  0.68958397893227D+00  0.48992043201187D+01  0.33922965004037D-04  0.47098551679686D-03  0.51113433612395D-03
  0.50804756020650D+01  0.20531679367927D+01  0.56925777129044D+01 -0.35909343214589D-03  0.65695440505721D-03  0.36208836787715D-03
  0.51670744267501D+01  0.46866483056351D+01  0.51406326082894D+01 -0.39074908341144D-03  0.17838862289553D-04 -0.12853835426911D-03
  0.37440040636246D+01  0.56529766911910D+01  0.31872925189195D+01 -0.24638197466268D-03 -0.21574418600768D-03 -0.16082294038900D-03
 -0.44806812548500D+01 -0.27069288061340D+01  0.38501036138261D+01  0.45423628592451D-04  0.12240419570027D-03 -0.37105559741261D-03
 -0.46019237982148D+01 -0.53210011759436D+01  0.43991537914282D+01 -0.16703424621050D-05 -0.66243683378551D-04 -0.44107561374191D-03
 -0.24796773665530D+01 -0.64083543326644D+01  0.53109640940436D+01 -0.64077276871009D-03 -0.72132646275976D-04 -0.39814710310227D-03
 -0.37783279240237D+00 -0.50047975556647D+01  0.60579626530778D+01 -0.10458165594701D-03  0.34721537401856D-03  0.10189041843398D-04
 -0.68697053252011D+01 -0.15899480483692D+01  0.37575159426468D+01  0.13564408239116D-03 -0.33613475913617D-03  0.50517796546667D-03
 -0.44821848951434D+01 -0.24134230887432D+01 -0.10936617138800D+01 -0.17839460762872D-03  0.34824067190505D-03 -0.25896203136271D-03
 -0.56536229714833D+01  0.51819592109389D+01 -0.63486093333897D+01  0.33194392843451D-05 -0.97401912652000D-04 -0.30441349986992D-03
 -0.26945124811557D+01 -0.91130028506520D+01  0.60061654119199D+01 -0.23271756956141D-03 -0.22311255944195D-03 -0.26394024055087D-04
 -0.28773426870319D+01  0.74501122475109D+01 -0.30819718181906D+01 -0.13441715296743D-03 -0.75954625777399D-03  0.14726303861389D-04
 -0.51721917636346D+01  0.71776907452395D+00 -0.54291458414027D+01 -0.50723157415234D-03 -0.10047055534311D-02 -0.36095215656228D-03
  0.40964984573152D+01  0.73948280412613D+01  0.21563660740641D+01  0.35280693908476D-03 -0.83578478377856D-03 -0.15700024764899D-02
  0.61242621730802D+01  0.10713023513919D+01  0.71692111854682D+01 -0.36705164837707D-03  0.10274503419019D-02  0.72608688596153D-03
  0.10790476389267D+01 -0.54939424535078D+01  0.73654320999087D+01  0.23130998109755D-03 -0.46275624776834D-03 -0.78628026235408D-03
 -0.62889214155457D+01 -0.62775750526128D+01  0.49599139257423D+01  0.86147983522810D-03  0.38457167368141D-03  0.90621386819630D-04
 -0.51029944464706D+01  0.39938099234920D+01 -0.81905244869862D+01 -0.10910156430382D-03  0.10316862969839D-03  0.28156150118305D-03
 -0.68432688632545D+01  0.73900925872971D+01 -0.58224593885737D+01 -0.76793267201048D-05  0.16576979525860D-03 -0.26258951560832D-03
 -0.72990994821096D+01  0.89669312770328D+01 -0.79589333127285D+01  0.32747188884651D-03 -0.18821153429978D-03 -0.29769749708546D-03
  0.68425035726735D+01  0.63883831432915D+01  0.66257091350290D+01  0.18351158264851D-03 -0.33596263689224D-03 -0.27730748646398D-04
  0.76379479126725D+01  0.61804811281363D+01  0.87650259073132D+01  0.47334662386050D-03  0.24671498284238D-04  0.21531039465752D-03
  0.75414246651533D+01  0.83785835229706D+01  0.51487223344161D+01 -0.36503893251026D-04 -0.21605898928581D-03 -0.27681762383513D-03
  0.97092555231916D+01  0.94884058988850D+01  0.63252317328628D+01 -0.14732538192331D-03 -0.92066953566539D-04 -0.62564499268596D-04
 -0.47269102411072D+01 -0.10082246904875D+02  0.56138457348623D+01  0.29981097372490D-03 -0.72617589368593D-04 -0.24399858814003D-03
 -0.38634848299168D+00 -0.98759717767238D+01  0.69270865232234D+01 -0.11921252651648D-03 -0.33285712530076D-03 -0.42178801956835D-04
 -0.76389000327731D+00 -0.12438112485066D+02  0.77889268273554D+01 -0.17234937233259D-03 -0.36059205041207D-03  0.47310838330325D-03
 -0.91702179460661D+01 -0.28337310360507D+01  0.32605563348725D+01  0.25045500256857D-03 -0.48905535886309D-03 -0.16420340074684D-03
 -0.56629390579377D+01 -0.34167116606693D+01 -0.32316147620904D+01  0.28669224411987D-03 -0.30191652354021D-03 -0.64036257406883D-03
 -0.69796614070162D+00 -0.13829500750052D+02  0.63810109820791D+01 -0.65875244807858D-03 -0.70893023523181D-03  0.33334826907342D-03
 -0.28197619587045D+01 -0.12423265077760D+02  0.82996976068141D+01 -0.12800605687804D-02  0.60839119480470D-03 -0.30008019852985D-03
  0.13165778761203D+00 -0.12892401730309D+02  0.95583460043859D+01  0.14459606924979D-03 -0.10104124244539D-02  0.23906078038711D-03
  0.10305681345484D+02  0.10903360952014D+02  0.48155247799503D+01 -0.68724310376292D-03  0.84583475255402D-03  0.85735207249645D-03
  0.11283970008438D+02  0.82624817811325D+01  0.72447102369579D+01  0.32785580833838D-03 -0.17855111941284D-03  0.13869813611718D-03
  0.88718527408139D+01  0.10732236140865D+02  0.78166675145776D+01 -0.26956028888509D-03 -0.58924270225029D-04  0.44249939674732D-03
 -0.44452456144703D+01 -0.31675999716169D+01 -0.46748278597443D+01  0.19975641315942D-03 -0.30971024905453D-03 -0.81356795513576D-04
 -0.75878983278944D+01 -0.23104204855845D+01 -0.32020634142421D+01 -0.67986701569899D-03  0.31626639659102D-03 -0.58572313963304D-03
 -0.57605578895058D+01 -0.52523809662701D+01 -0.28886149492131D+01  0.29847991205872D-03  0.29503912013157D-03 -0.22714207803087D-03
 -0.10385712443371D+02 -0.33245071907186D+01  0.49069669402714D+01  0.11055115780693D-02  0.13342850366740D-03 -0.11882219935354D-02
 -0.86658194197138D+01 -0.46127793517357D+01  0.22668698131552D+01 -0.53439727679726D-03  0.67910620627697D-04 -0.66816163786841D-03
 -0.10202780911485D+02 -0.18131830503337D+01  0.18070419180635D+01 -0.32461929694611D-03 -0.35886499651237D-03 -0.30842671384103D-03
 -0.54765465816047D+01  0.95316663227428D+01 -0.86047985907314D+01  0.10575958292406D-03 -0.25938515713471D-03 -0.64299879931224D-03
 -0.78229611315580D+01  0.10786762446988D+02 -0.69912738845610D+01  0.16216218869390D-03  0.10380187459850D-03  0.68906492731069D-03
 -0.86730681718604D+01  0.81880781871895D+01 -0.94295066463027D+01  0.13067002329946D-03 -0.15999132747932D-03  0.25187745077043D-03
 -0.37320008493045D+01  0.68177274177718D+01  0.78449970029024D+01  0.18428251077755D-03  0.35070987042187D-03  0.32309067722113D-03
 -0.46345072842610D+01  0.46321442665987D+01  0.91423363660818D+01 -0.37836132283011D-04  0.61996683976237D-03 -0.27035103117781D-04
 -0.26666606799389D+01  0.29841374484637D+01  0.10265542877158D+02 -0.11132931615975D-04 -0.13661453799369D-04  0.15201443605273D-03
 -0.88296514136748D-01  0.37167077569307D+01  0.10265972659814D+02 -0.13005968944322D-03  0.11079955484742D-03  0.41239296318835D-03
  0.71287229664751D+00  0.60614817226508D+01  0.91674069707521D+01  0.13598976300928D-03  0.28796221084015D-03  0.31261421008559D-04
 -0.10547563742004D+01  0.75819261845713D+01  0.80989853067220D+01  0.15999710473937D-03 -0.49698359504718D-03  0.63265628006225D-04
 -0.30619955257003D+01  0.60936897764176D+00  0.11598298724495D+02 -0.44544943534332D-04  0.36836453505485D-03  0.29893279220690D-03
 -0.97424647365932D+00 -0.65863167267309D+00  0.12463160537616D+02 -0.22644423579855D-03  0.42564421830290D-03 -0.37657475419641D-03
  0.16101188321791D+01 -0.22820894846668D-01  0.12069437198720D+02 -0.35479895638012D-03 -0.21837581213644D-03  0.16815414031923D-03
  0.18939089615479D+01  0.22200265664502D+01  0.10997623892644D+02 -0.21215357468155D-03  0.85815965434271D-04  0.35673540183734D-03
 -0.56090295975034D+01 -0.60279795636748D+00  0.11793002437398D+02  0.32266552968000D-04  0.43206455636033D-03 -0.30669595757243D-03
 -0.54912073335537D+01 -0.32964286650097D+01  0.11571053057592D+02 -0.27326990428638D-03  0.18441031804014D-03 -0.15897066444686D-03
 -0.34516414946706D+01 -0.46693505526033D+01  0.12373314140328D+02  0.85669621145728D-04 -0.18295660619822D-03  0.33652601612405D-03
 -0.13669654925804D+01 -0.33579009283478D+01  0.13026387288708D+02  0.11465498753771D-03 -0.65171753191469D-04  0.21993259209260D-03
  0.62147454024540D+00 -0.47520441090678D+01  0.13824612489157D+02  0.51641164474331D-03 -0.18775799630728D-03  0.52023273422639D-03
  0.32164570041098D+01 -0.39428935802817D+01  0.13516203635419D+02  0.13844936447345D-05 -0.39383795632174D-04 -0.29641079783790D-03
  0.36281419649835D+01 -0.15393386786751D+01  0.12627543985480D+02 -0.17516482553772D-03 -0.36740451524523D-03  0.52014284443052D-03
 -0.80409976357556D+01  0.48825451196869D+00  0.12319720227061D+02  0.13430158225058D-03 -0.58418845134754D-04 -0.21478386138538D-03
 -0.10151564941558D+02 -0.95603737159122D+00  0.12140193903032D+02  0.38431506813927D-03  0.54577882313941D-03 -0.43073706483575D-03
 -0.10150696002587D+02 -0.35365020417298D+01  0.11514396353442D+02  0.62061032860612D-04 -0.17589465845327D-03  0.26967501823527D-03
 -0.78920303444972D+01 -0.47400660540842D+01  0.11439189676070D+02 -0.57148230037000D-04 -0.33168400759162D-03  0.31105525401184D-03
 -0.82552118316827D+01  0.25889554302073D+01  0.14399380176874D+02 -0.95476989495980D-04 -0.10821166495083D-03  0.31387706810531D-03
 -0.73333092226725D+01  0.43224743420522D+01  0.88390024704328D+01  0.27293977114912D-04  0.19620887043499D-03  0.15976289260110D-03
 -0.38339916224514D+00  0.98450564972008D+01  0.64499629711443D+01 -0.79131490833969D-04 -0.18276588574693D-03 -0.29750539210101D-03
 -0.12638689305419D+02 -0.48732361300138D+01  0.10923597785625D+02  0.58356022886441D-03 -0.33530210006783D-03 -0.59112243733469D-04
  0.27622354652372D+01  0.61525862940519D+01  0.89135189131943D+01  0.58218656966115D-03  0.90296333827210D-03  0.20096746167293D-03
 -0.51984110174327D+01  0.79930007617484D+01  0.69801958240311D+01  0.11995075219924D-02 -0.28832942551420D-03  0.55332620524457D-04
  0.53948561499129D+01 -0.81356506897519D+00  0.11884137614377D+02  0.92983794789039D-03 -0.42979206071814D-03 -0.45604656645097D-03
  0.21518889466231D+00 -0.65836561069440D+01  0.14030212041351D+02  0.13780492432304D-02 -0.50798551019839D-04  0.85123656738128D-04
 -0.79577993095451D+01 -0.66470489803662D+01  0.11326437428607D+02  0.85262185373245D-03  0.73155443637104D-03  0.63731779257925D-04
 -0.11960911023591D+02 -0.14811474690173D+00  0.12267262300232D+02 -0.53651087886800D-03  0.39699649924790D-03  0.50502562490215D-03
 -0.19802073513166D+01  0.10858367385925D+02  0.52303313957030D+01  0.40878302103552D-04  0.28987530542870D-05 -0.31356571622142D-04
  0.21098172741806D+01  0.10328721914115D+02  0.68780982569075D+01 -0.44933074774078D-03 -0.42899038291183D-03  0.15072877260320D-03
  0.28190831886564D+01  0.12778886691878D+02  0.59001212857886D+01  0.75486893685847D-04  0.36359745492507D-03  0.22261479449342D-03
  0.56078348280279D+01 -0.51832315478157D+01  0.12658401372941D+02 -0.83648925097424D-04 -0.60925694960641D-05 -0.51513964366032D-03
  0.72815931466778D+01 -0.38884199018237D+01  0.11906989836160D+02  0.16385599504035D-03  0.90747713861872D-04 -0.33736996383545D-04
  0.58920016497777D+01 -0.78779818835463D+01  0.13145891191926D+02  0.25013769222241D-03 -0.84425267028587D-05 -0.22820353690299D-03
  0.83456124064639D+01 -0.84342163880776D+01  0.12575348487224D+02 -0.71286425732905D-04  0.13448067036339D-03 -0.22765915640375D-03
 -0.14029396264588D+02 -0.35589719174969D+01  0.97297618466831D+01 -0.74572922135314D-03 -0.15640889736200D-04 -0.14781773306854D-03
 -0.13212915480070D+02 -0.74172539215270D+01  0.11446750365230D+02  0.10878130493301D-03  0.40672672978992D-03  0.12200614704673D-03
 -0.15629379810415D+02 -0.81839396915477D+01  0.10741056277309D+02  0.19538857803201D-03 -0.56480436593685D-05  0.15761314836711D-03
 -0.60778789974365D+01  0.39694569001523D+01  0.14587233118237D+02  0.20199189781701D-03 -0.10080763972770D-03 -0.38199551794210D-03
 -0.76982162371209D+01  0.22536184279872D+01  0.70423554964224D+01 -0.41199623451699D-03  0.24081540994517D-03  0.16782463614917D-03
 -0.15146592436425D+02 -0.10034156081132D+02  0.99567124534450D+01 -0.33456709507134D-03 -0.46368066330708D-03  0.20452148485559D-02
 -0.16261292778710D+02 -0.70515625381586D+01  0.91463340833658D+01 -0.53984744381422D-03  0.72653721033998D-03 -0.14166706132665D-03
 -0.16890246091703D+02 -0.84204937342684D+01  0.12407848787340D+02  0.65504272308804D-03 -0.54679287579654D-03 -0.56131703406573D-03
  0.89279701237770D+01 -0.10438026560442D+02  0.13336778789457D+02  0.72150758501352D-03 -0.28314163360126D-03  0.65750689250340D-03
  0.98545317598044D+01 -0.72957109457240D+01  0.13256435787319D+02 -0.10519448397070D-02 -0.32634159671972D-03  0.21053260307394D-04
  0.84925302980716D+01 -0.85186634920030D+01  0.10584255272514D+02  0.31346736449858D-03  0.63357463056500D-03 -0.62797389586895D-03
 -0.79720648114169D+01  0.28243955112519D+01  0.50564139600580D+01 -0.26524414046543D-03 -0.27032866198961D-04 -0.28649545474227D-03
 -0.94183426883422D+01  0.11466543720881D+01  0.72471866428181D+01  0.25555864623890D-03 -0.12781000214818D-02 -0.77427058430216D-03
 -0.63174954113283D+01  0.62455499889904D+00  0.70940564658896D+01 -0.52001300648629D-03  0.51681325579540D-03 -0.74110168540372D-03
 -0.62507100328598D+01  0.54882753106907D+01  0.13452914849981D+02  0.31837734645321D-03 -0.18952254437729D-04  0.14104267690389D-02
 -0.40413189193712D+01  0.32479851837799D+01  0.14402020440793D+02  0.35160331230271D-03  0.23014215687276D-03  0.29544436792016D-03
 -0.64017058567226D+01  0.45410177868684D+01  0.16700502872080D+02 -0.10297680410748D-02  0.57990452159452D-03  0.39459714601335D-03
  0.18415183921788D+01  0.12575804232541D+02  0.40684027981385D+01 -0.65612357265231D-03 -0.45365074617760D-03 -0.14019847630726D-04
  0.48309784346363D+01  0.12955759748006D+02  0.56993097533531D+01  0.23267084379927D-03 -0.94767811974668D-04  0.33554571700364D-03
  0.19714810742356D+01  0.14528194509781D+02  0.70092102104955D+01  0.51098254623779D-03  0.26821408155353D-03 -0.17139635623846D-04
