$coord
       -5.06033762994916       -2.24887246018101       -1.11646696311407      C
       -2.42983931853475       -1.95112153523869       -0.52386312003900      C
       -1.82171612323512       -0.69987178178335        1.86971205776403      C
       -3.66054125416646        1.00254033829270        2.87503220503165      C
       -6.11457529556058        0.94617188819971        1.81374357515905      C
       -6.83788708241904       -0.88224945817991        0.18361979813471      C
        0.59779709365857       -0.97392420482053        2.87805117940199      C
        1.17173499775824        1.01017745078386        4.30756506825967      C
       -0.50710400725550        3.01707316617254        4.94140989764460      C
       -2.88764189133713        3.01944924793362        4.22640247930799      N
        2.34078446883152       -2.87619605488698        2.56977631803097      C
        4.91632634700238       -2.40892688231115        3.25617646548331      C
        5.74162856474563       -0.12358770191718        4.04491136466890      N
        3.90669653560872        1.51771561546716        4.73256654219310      C
        4.64752277076796        3.64434173456896        6.05399949770666      C
        2.95618756704022        5.49899776842793        6.24745223631339      C
        0.40449057038769        5.22637020484285        5.91378687761099      C
        1.54317530329427       -5.57589535984480        2.58833903305345      C
        3.39207726726840       -7.14061920289901        1.51078957563712      C
        5.97413781749443       -6.27306353080572        1.47767084741634      C
        6.74516231529270       -4.19190211295355        2.62700029928044      C
       -0.99972030478556       -6.06288920055672        2.36650077597542      O
       -0.66274541651878       -3.13308236793741       -2.07791916561704      O
       -9.55333857800418       -0.81211862033638       -0.74847931152866      C
        7.76347606439591       -8.32678655904753        0.80104498620225      C
       -7.10229795251366        2.51503767653139        2.58980564015684      H
       -5.44080083947393       -3.13150994228064       -2.79771598396851      H
       -0.79511476431445        6.75061342885552        6.59065351769930      H
        6.47993448585043        3.71493931890187        6.97871186016523      H
        8.69460676888832       -3.96956757638171        3.03065852363810      H
        3.07132787980903       -8.96185997791770        0.61880554103082      H
      -11.27892678047970        0.38873971478659        0.37567835577035      O
       -9.70477208500662       -2.15509943655821       -3.17024817723730      O
      -12.11843287839141       -2.17498894237375       -4.13511033420944      C
        3.68236986117267        8.15603301853181        7.21769249313771      C
        2.36286084320972       10.07058415738621        6.91575918592751      O
        6.13857729514746        8.48903063510213        8.21878966567125      O
        6.57855187709227       10.85327370588222        9.33322848287419      C
        7.00153135325466      -10.46546152232263        1.17648732579674      O
       10.38280002523116       -8.10968314099041        0.13846943710147      O
       11.73583099283420      -10.48742418185215       -0.09087965884984      C
       -1.66307802792362       -8.35360017310085        3.73156619198025      C
       -0.75453634750492       -2.30677890698393       -4.72264755956811      C
       10.26014362709929      -11.93360256360358        0.43870778844343      H
       13.59053346416498      -10.19026355709445        0.71144874045071      H
       12.04104166726844      -10.53578486998022       -2.17533321700447      H
        7.01969266463236       12.20316022848812        7.70062509665392      H
        8.23473642239194       11.03119551916915       10.44889512429600      H
        5.17923451901555       11.73050876848206       10.36370495608576      H
       -2.76353332523818       -1.66145343405092       -5.18464399681162      H
       -0.67473002020677       -3.89012980531219       -5.98983504438203      H
        0.65056142635026       -0.76506453393679       -5.00947831636782      H
       -0.22767936994068       -8.73203872083579        5.18750844553396      H
       -1.10472331869425       -9.81507412004278        2.42223728317545      H
       -3.68613891909879       -8.56370927987734        3.93318086236084      H
      -12.05121112270588       -0.94723000738971       -5.86021529988275      H
      -13.47160596589294       -1.60574062297158       -2.62898947553554      H
      -12.74070346507996       -4.15923980864485       -4.53092266063726      H
       -2.97440701728584        8.08222880250410       10.88970354723647      C
       -4.57247333375004        5.98360778780649       10.26535934287683      C
       -3.69013042762610        3.41170585299941       11.11155690728466      C
       -1.17526432178282        3.06485756456353       11.91836621665065      C
        0.29067674803674        5.22572540951926       12.46863317060558      C
       -0.49244217681703        7.72344437307953       11.76131902183289      C
       -4.92919065733352        1.19465068181000       10.36243641310238      C
       -3.60452950265496       -1.04902577540104       10.27700813871784      C
       -1.01399247764575       -1.12494622093848       11.06033781873283      C
        0.27150234093308        0.79984884374566       11.71258246537153      N
       -7.45796389621388        1.43517950902439        9.76092226230862      C
       -8.63652735650073       -0.90823311284352        8.85923510840151      C
       -7.30112472706590       -3.24173582209799        8.46150393016340      N
       -4.93738606742673       -3.17901925655047        9.09542192895948      C
       -3.54556071632399       -5.48070206307649        9.09126285355582      C
       -0.89541235744692       -5.58357892829806        9.61341356956118      C
        0.27094425550298       -3.37285314169239       10.58082505800509      C
       -8.94331543064243        3.22697123040409       11.17458864376091      C
      -11.49613318279425        3.21457276171284       10.59308013374384      C
      -12.62592414987991        1.00743178117413        9.67890219726240      C
      -11.27159620790566       -1.07341610483279        8.89333646479447      C
       -8.09672885936440        4.86169948603219       13.33382113050376      O
       -6.80529075175930        6.56051479537563        8.92151651365591      O
        1.23389971639049        9.96137665527995       12.47102375356194      C
      -15.37203365408629        0.66540007428286        9.38936023957577      C
        2.18922547444566        4.87824657137828       13.01847768096296      H
       -3.21575869067069        9.68627566489632        9.41657593749430      H
        2.13334338360199       -3.82848489395309       11.44113564800552      H
       -4.49781572771831       -7.01364371294862        7.95382410743098      H
      -12.11809161233660       -2.89186265872007        8.44320723612267      H
      -12.62946498022478        4.47930907918250       11.76719440240490      H
        3.17650500158847        9.46468995985442       13.56739970790102      O
        0.40158704429555       12.32241796371426       11.70249593200652      O
        1.28900047569619       14.61733643369798       13.26836298768973      C
        0.72896545811805       -7.81607698788577        9.36095629858784      C
        0.01111943717444       -9.90035165398633        8.74272637184798      O
        3.31921084535912       -7.06327311071777       10.13169102992475      O
        4.88267040494197       -9.07248679459227        9.75623262186856      C
      -16.24148168002379       -1.21303316428022        8.50584722830410      O
      -16.64884832935773        2.57463918973632       10.70458683494084      O
      -19.18889856500674        1.97585200359139       10.72074324485729      C
       -9.27872869743509        7.33027882171571       13.49317049715201      C
       -6.63000124185898        7.37411398908344        6.35543340031040      C
      -19.71194059978974        0.46566433522016       12.07971618399741      H
      -19.34962508375052        1.65657813425365        8.55785538285539      H
      -20.23151403606624        3.61615294783632       11.21593581681319      H
        6.42171799112374       -9.39339432989837       11.09215194608206      H
        5.85635205865665       -8.83759025540314        7.92763888949428      H
        3.67148996396016      -10.73171309201939        9.40619770539671      H
       -5.82655631889225        9.36230911267982        6.19187387057777      H
       -8.57702551618790        7.14816171678398        5.65981514638242      H
       -5.37847509185526        5.85432127889608        5.44283494197282      H
       -8.94380204424796        8.21524068935847       15.27140017588708      H
      -11.19486427013557        7.29010242033142       13.06558368515436      H
       -8.30401194588593        8.54400822345752       12.23291949001120      H
        0.39737022866515       14.40762547072870       15.30798515983633      H
        1.08688831063923       16.12534271698328       11.86328428648518      H
        3.30283848877389       14.15993811276217       13.82707960567837      H
$end
