$coord
       -4.57700131009079        0.38627940487646        0.71504966504826      C
       -2.23125109081530       -0.66777159570560        0.33219763193260      C
       -0.19033547183140       -0.18372650873790        2.06581559982125      C
       -0.64126565019047        1.74350262263234        3.95404361445600      C
       -3.28697715209487        2.54570757518553        4.32870442422085      C
       -5.24314927500662        1.88755555435349        2.78067402686870      C
        2.09104149340408       -1.36500099007446        2.12411174074660      C
        3.99980745874323       -0.04131057747811        3.24092785941692      C
        3.61944207584571        2.34552568943548        4.31095940204244      C
        1.24649226201707        3.06840455165993        5.05085118994577      N
        2.73551650834814       -4.10182471821888        1.55593227966784      C
        5.26883861257580       -4.70806963884123        1.29113777872034      C
        7.30629872934539       -3.11610182396800        1.64806559469461      N
        6.60079912269841       -0.78807790598033        2.50380300414185      C
        8.63266352213239        0.83568799833113        3.10374542448085      C
        8.17453084208566        3.16407294114117        3.98253236684482      C
        5.77765459345229        3.90258506247260        4.65836263229611      C
        0.54100118446053       -5.99290844030053        1.26215168684151      C
        1.51550683657556       -8.41740259797042        0.84337757908009      C
        4.02842471245824       -8.93137889957101        0.67792981560859      C
        5.94585090617098       -7.18282856175558        0.96100595548522      C
       -1.86424113583859       -5.41877352347429        1.99746838675287      O
       -1.90036577545801       -2.19774287234975       -1.89379923992191      O
       -7.90026467347642        2.82751777669577        3.08976170345287      C
        4.98806116062738      -11.58542462079700        0.50396650794989      C
       -3.90114361996292        3.40238857294496        6.08593431360599      H
       -5.96815224338589       -0.80605411148384       -0.27243970340903      H
        5.28604714210435        5.67245444868825        5.42794939151830      H
       10.49346842111664        0.19661235656116        2.75033635431425      H
        8.02802999313818       -7.57151242979940        0.99638509000935      H
        0.07079833272842       -9.72718045490560        0.51430641796812      H
       -8.66234865377749        4.70539966081159        4.25261132316267      O
       -9.46611765411987        1.62901590102213        1.46812666834961      O
      -11.86217480206738        2.69188591384826        1.48446903018873      C
       10.34231092827452        4.91547975416284        4.61546068144158      C
       10.28398447436780        6.21226171049154        6.68039166352581      O
       11.77031281992385        5.47133236986336        2.29151786412633      O
       13.81007555671256        6.92155123210137        2.92694883011419      C
        3.53120952543276      -13.14148213288843       -0.35169869245918      O
        7.35045686916297      -12.43231304432804        1.36230804764050      O
        7.61966699344257      -14.99712520009624        1.16130196700105      C
       -3.01986962834649       -7.13958643846790        3.91953022691504      C
       -2.18155372443915       -1.06627393206370       -4.49060651140866      C
        6.03049632193537      -15.84920327977649        1.81275147296356      H
        8.99625924702838      -15.59860893805961        2.54397990296764      H
        8.01911443334629      -15.76570662225311       -0.66270743076098      H
       13.09172795351363        8.73122076320637        2.29431521374341      H
       15.27150293946859        6.35224785668604        1.54319235904274      H
       14.13459896160683        6.95557755462311        4.98816334302438      H
       -0.77783858658731        0.42696103843872       -4.77934505838436      H
       -4.30099195245059       -0.82145663196511       -4.72094065707853      H
       -1.69480323580781       -2.45454929030759       -5.99063290080003      H
       -4.69277380962406       -6.36606114668361        4.86825466916999      H
       -1.32148010829155       -7.77357977835221        5.22001633877455      H
       -3.60535938752805       -8.80288977686483        2.98292241198375      H
      -12.80600419714278        2.93422132210774       -0.26595142168718      H
      -11.83919076975306        4.47497958379080        2.56457835167841      H
      -12.88131338857515        1.18163920354759        2.38323287659314      H
       -6.94736624508381        8.61396258708048       13.27831931940862      C
       -7.59683437066514        6.31049721459501       12.29544222259153      C
       -5.74979514589725        4.30177991857887       12.52947588170949      C
       -3.48687350728796        5.09872107030875       13.49903305159388      C
       -2.61945752788053        7.50311592636524       14.16676366688464      C
       -4.48977775307875        9.25555511245754       14.11658097640236      C
       -6.03171027902383        2.20384926102893       10.70408527590956      C
       -3.79942794688174        1.06712795502677       10.34261930368562      C
       -1.62301146385065        1.47460246547670       11.90954224271521      C
       -1.39634775194453        3.50675506997140       13.44316278550123      N
       -8.30143205229932        1.08746055478613        9.95442097674195      C
       -8.19473752891464       -0.92952211190739        8.01306023509974      C
       -5.86874847068673       -1.62832713799103        7.19882808918979      N
       -3.82769206276246       -0.97433648688547        8.57079500359893      C
       -1.45571418017158       -2.02776195186290        7.95612947858036      C
        0.68105100462724       -1.47527375576176        9.28344626853544      C
        0.57839624629099       -0.08686856749206       11.39414887772460      C
      -10.86482255005455        1.36137475103981       11.04937478975492      C
      -12.93874195841795        0.62844063866089        9.53586570146338      C
      -12.54808244359589       -1.14929429528895        7.66634013211400      C
      -10.30691040343799       -1.89064173539701        6.80307320320507      C
      -11.13739572775852        1.55410735075909       13.73231827665488      O
       -9.84862893627047        6.16019720522529       11.00935965289744      O
       -3.68197108906304       11.66107357824690       15.25969890729851      C
      -14.80405858737406       -1.81586408293484        6.24500041350268      C
       -0.88572573146581        7.80121804206992       15.25289354668577      H
       -8.22976026703365       10.09266256716060       13.19908761071077      H
        2.39402232073657        0.21830814087358       12.26658427431573      H
       -1.01584695176397       -3.56650407520658        6.56813758543200      H
      -10.07691575162054       -3.18345668179161        5.09687228458747      H
      -15.06558696481842        0.83242002169038       10.05196632825751      H
       -1.64142253060140       11.93941326437485       16.32764790574373      O
       -5.49242451849195       13.44221771585707       15.14627960285202      O
       -4.56387104810754       16.05880789266351       15.75047876695311      C
        2.82722138497516       -3.30814931548462        8.76271449762127      C
        2.77976696942047       -5.55276494287664        9.09671538854884      O
        5.01676176633532       -2.08534462449998        8.04443143992263      O
        7.11325897476979       -4.06739064228615        7.68886681223623      C
      -14.83681244469268       -2.63359922130880        4.18191046318372      O
      -17.13775432048654       -1.74332334922130        7.75223156532271      O
      -18.66248176395032       -3.78198517839156        7.18087493605049      C
      -12.51064710860503        3.52468716046156       14.47966352129077      C
      -10.49070449493597        7.75549020135941        8.83915108245078      C
      -17.95788230381832       -5.31352149899788        8.61442276741730      H
      -18.16448670858257       -4.44138783840990        5.16841957668169      H
      -20.72529007236330       -3.45202158045217        7.30079363647375      H
        6.57990081806305       -5.61322558183264        6.46458623487727      H
        7.02495661759353       -4.89176244099955        9.61359757724525      H
        9.13078495872004       -3.64768293761446        6.98400548229554      H
       -9.14877605686421        9.45961625844668        8.72166450565187      H
      -12.45596226875384        8.45287090450373        9.34433224595981      H
      -10.21435579515789        6.40917492514308        7.16385808360132      H
      -12.95706799081181        3.27771348502209       16.62553569079861      H
      -14.27566916646738        3.66608001090352       13.34541154032848      H
      -11.36243985634569        5.26918215097039       14.40949942934088      H
       -3.96639194209655       16.52563151459594       17.59187072860933      H
       -5.53886330304774       17.66566120380014       14.83722741214856      H
       -2.56991233897946       15.85049370427747       14.87009282456055      H
$end
