$coord
       -5.57383962155404        0.07532941181495        0.29982231960236      C
       -3.36407336317168       -1.33558086350081        0.43920714131934      C
       -1.39938163213337       -0.45716912331246        2.10254599327138      C
       -1.67908340303781        1.81536799134402        3.59367577025614      C
       -3.98838586971304        2.95863737102500        3.32357602482913      C
       -6.09027861578766        2.07042050331289        1.88561946440998      C
        0.97081483399053       -1.61942346959279        2.30324848702831      C
        2.94701098173214       -0.21496398710973        3.14540979746374      C
        2.70164909106489        2.33059306247543        4.10689774543995      C
        0.43432539240543        3.32563477353721        4.32564069570350      N
        1.47830972714955       -4.06157510618231        1.42359172029021      C
        4.12362635646207       -4.72227567727106        0.81059247625235      C
        6.03870254238818       -3.09808084400227        1.25437686208313      N
        5.48524511375498       -0.94559268379514        2.79109264486279      C
        7.56858511472579        0.34538501867487        3.72361002343791      C
        7.30561306708763        2.69644633272630        4.76207229295272      C
        4.85028318755890        3.61566022674790        4.82469878827851      C
       -0.36730384753471       -6.20204582401556        1.38243651703064      C
        0.45074058451702       -8.57769634661534        0.45457467994098      C
        2.98759644778101       -8.93099412225429       -0.27848537873732      C
        4.64758581224008       -7.11455811209928       -0.34464325129931      C
       -2.48753829002727       -5.94826189462030        2.98034391691646      O
       -2.75286057093171       -3.12720267632296       -1.22973482044797      O
       -7.99855598801715        4.09576276340701        1.43520475567353      C
        3.99209332872820      -11.47054343549027       -1.24632854154658      C
       -3.99033289104483        4.83082454309283        3.98588181305480      H
       -7.05244726656874       -0.52472579648253       -1.00639724168562      H
        4.84418239970613        5.56854236951618        5.59433643796782      H
        9.30391394171557       -0.54234330204926        3.45697875065980      H
        6.69037750232877       -7.25868008506462       -0.94618719383511      H
       -0.47633937685306      -10.34273120838040        0.49568807236034      H
       -8.04570338023647        6.20929252708060        2.51073332981441      O
       -9.72855717039600        3.31193108691076       -0.27513070238127      O
      -11.03952488756435        5.53479436076161       -1.19162003100564      C
        9.25517330049855        3.67740819226953        6.45136375391193      C
        8.94371516413819        5.59291688163374        7.63443491966936      O
       11.52864269347123        2.48955680214563        6.19078758075334      O
       13.36857051029284        3.59874953172910        7.63992418265322      C
        2.55602095137270      -13.19656932642929       -1.68816139620768      O
        6.57875613923767      -11.68380646213462       -1.59603868451086      O
        7.26446023779398      -14.22462731137350       -1.95944045211893      C
       -4.93432004388075       -7.03043893975600        2.20739446775311      C
       -4.69692393900197       -4.29197683468889       -3.05377428945441      C
        6.62855485702446      -15.68842583340558       -0.31564845440980      H
        9.35976718606328      -14.47460102286724       -2.28181726747685      H
        6.37238568705847      -14.89100269715254       -3.79429408412130      H
       13.50178490861052        5.47751398129684        7.69072207429290      H
       15.38543697145519        3.00849064308582        6.93506779610054      H
       13.19085686432321        3.09651846135073        9.61849310443693      H
       -5.48205941638106       -5.88797959379256       -1.94695650204926      H
       -3.35132925138045       -4.48100162508986       -4.85773107759279      H
       -6.47223730363014       -3.19859009430081       -3.46513811755435      H
       -6.12198429707496       -5.36162458560004        1.64383635601196      H
       -5.79460013031130       -8.29809396348254        3.56443170065944      H
       -4.71478726013351       -8.35141576063241        0.66251180739351      H
      -11.88089734375464        7.00348934867491        0.00512518340090      H
      -12.01897199661238        4.85088974664226       -2.97652494640672      H
       -9.73293022722348        6.71370999611000       -2.36780773903509      H
       -7.49763103264842        9.38195242706529       11.74615023263959      C
       -7.28752316445309        7.10551680461803       10.54380229053522      C
       -5.59141186073135        5.29681547934748       11.37449819082686      C
       -3.20964828098101        6.16677701656180       12.45003156142546      C
       -3.42132584679607        8.56728555511057       13.58600625170059      C
       -5.52482610726890       10.02009600840675       13.54394531217957      C
       -5.29429512497464        2.76753737576163       10.21988748357182      C
       -2.95730272382290        1.58376740798325       10.35101505451282      C
       -0.90415399549099        2.97058823486508       11.52931543583436      C
       -1.10109252988131        5.18909632096816       12.84934057158998      N
       -7.21808825521167        1.14016775363153        9.42382384177541      C
       -6.49848012370020       -1.01615096709374        7.90316190754050      C
       -4.20444721419754       -2.03467313332193        7.79043135294059      N
       -2.37783449908295       -0.90373546788117        9.19740323225712      C
        0.11785335818512       -1.90111138360671        9.41393415048096      C
        2.09795482954035       -0.32155528627972       10.47283650171490      C
        1.55899776655207        2.03843934119196       11.32183217370989      C
       -9.35281777096925        0.88394077725222       11.21915346813121      C
      -11.18437489967394       -0.48349959115654       10.26037934182219      C
      -11.03881105095530       -2.04649749814404        8.16614763359057      C
       -8.74945187424935       -2.33370834608862        7.05268655085265      C
       -9.79646748738025        1.89086791433988       13.68334224535420      O
       -9.01946416936356        6.34706455632904        8.51418059074149      O
       -4.74396100059574       12.52335902311911       14.34249076204398      C
      -12.88593308556552       -4.17655967412171        7.77402472942476      C
       -2.01237117929711        9.40168503612983       14.87033069872349      H
       -9.08783560139795       10.58422570253442       11.48325748232762      H
        3.15609961515238        2.72264811781399       12.50797413134048      H
        0.24898492361835       -3.54892510974967        8.41858395548561      H
       -8.68312469152769       -3.96815560733607        5.62988252429214      H
      -12.89115797990230       -0.19559193585395       11.40251721355032      H
       -2.55482630698755       13.07801928080696       14.78776678033656      O
       -6.79588691087301       14.08023903286515       14.80882993903343      O
       -6.21699527471054       15.75094167004739       16.68254320160226      C
        4.56243566499493       -1.74129432021472       10.23029179363045      C
        4.84676039405675       -2.97060520642464        8.44562269747539      O
        6.18993069215656       -1.66979123051178       12.36368875843413      O
        8.00016423908598       -3.49368037991437       11.82694057678982      C
      -12.00130120407459       -6.10525177712509        7.02540926497004      O
      -15.38595138799861       -3.90334869900672        8.64999608133923      O
      -16.54642192950723       -6.19593537628623        9.41209384223270      C
      -10.98236113897500        4.26926488366035       14.03392096414088      C
       -8.96153811870035        8.26469428945436        6.74888471134110      C
      -18.58368202448344       -5.93480230182329        9.29086656447234      H
      -15.99346054607233       -6.74121099217657       11.17135557277272      H
      -16.10325966545712       -7.88881182453495        8.05632584367573      H
        8.01958197705492       -3.94608775732990        9.71282124814740      H
        7.96364374864476       -5.01732440400158       13.31852644621554      H
        9.86518903556965       -2.63441735234842       11.87839198071966      H
       -7.00341925777372        8.51508283609874        6.19468832954355      H
       -9.43833650739432        9.99086234653868        7.78277638145730      H
      -10.05065794984768        7.64260817743406        5.18163777401091      H
      -12.63090276299373        4.18679180633300       15.52551269179186      H
      -11.73508344328502        5.05066825454917       12.35686123110643      H
       -9.58976685459752        5.64044802371798       14.61677543970186      H
       -7.42283363138192       17.38306302190010       16.46536470583913      H
       -4.16394352414150       15.93210053855282       16.47142279675450      H
       -6.47925239007701       15.39187134739489       18.80304707003807      H
$end
