$coord
       -6.37648714100037        1.89866124966493       -3.16122598757604      C
       -4.45816797873509        0.79771701219553       -1.88008700608984      C
       -3.09541803935989        2.33470271689008        0.07586900092498      C
       -3.23271031014169        5.01635785047967       -0.13420610357255      C
       -5.36305673881427        6.13605402411896       -1.46512910272759      C
       -6.92420551972945        4.48598700202307       -2.70693482809463      C
       -1.36086158640143        1.11868988148780        1.88043827939027      C
        0.55319837126052        2.62927703968563        2.90587416087450      C
        0.64543644785912        5.26867568832027        2.21981008606959      C
       -1.34595936272232        6.41058918747406        0.89772837662972      N
       -1.61596367166141       -1.50290749592957        2.90214374289321      C
        0.56912203156644       -2.53770463145765        3.90799112708778      C
        2.41245701018372       -0.92144051408341        5.10639149034310      N
        2.46919892281364        1.60023999660408        4.46632314902564      C
        4.44262770013899        3.08939206876574        5.12984482017220      C
        4.58450122014731        5.62926993249657        4.37265072552500      C
        2.72130607025641        6.78207310612616        3.02876642868774      C
       -3.76270203372315       -3.27840657916767        2.68306090624995      C
       -3.28842346500547       -5.87216606986876        3.11355647077442      C
       -1.04376156963339       -6.74979565928682        4.03180495837074      C
        0.84862014876652       -5.08673450526842        4.63141708919716      C
       -6.35131165283452       -2.29403546929883        2.90166560117569      O
       -3.87777951483700       -1.74934456375873       -2.13714084507896      O
       -9.28446109555647        5.22130808268880       -3.61165493608413      C
       -0.51511776361499       -9.42471877633139        4.85266019861527      C
       -5.60908563213037        8.05932899895638       -1.12609346376280      H
       -7.60516250372975        0.45727582255231       -4.20831582821267      H
        2.62971599480335        8.60731705378806        2.41273659755971      H
        5.72150825496512        2.29816610156814        6.43402881993340      H
        2.15688635169299       -5.84254655280817        6.14117295750168      H
       -4.72426574387904       -7.21533903095691        2.47962831583724      H
      -10.98502620438433        3.69862659230555       -4.10688355652840      O
       -9.66919756334588        7.63161832983093       -4.25798317329286      O
      -12.13533569143845        7.87880598406273       -5.05002749966825      C
        6.53081388711269        7.23329014655425        5.57420532305975      C
        7.49670609183345        9.07066831864829        4.53842624283518      O
        6.91797706448985        6.47931804174851        8.12735380397420      O
        8.32705837859899        8.33062743237086        9.73383976338175      C
       -2.31800230201379      -10.94132083882884        4.96412139256094      O
        1.87029717597572      -10.13135881526881        5.66526250532946      O
        1.60365184436465      -12.59271719220022        6.55624712913924      C
       -8.66932319328975       -3.27433966814147        1.92241688422236      C
       -5.03273481730883       -3.00896218148703       -4.22987787112093      C
        0.57901271853163      -13.49200719502114        4.90073611199440      H
        0.05374380379015      -12.73538913016047        7.96116294743680      H
        3.31453885320169      -13.58005011244627        6.75618802981923      H
        9.28093713255067        9.76187682124326        8.71103457670771      H
        9.52850463087296        7.44505268405409       11.06205202840484      H
        6.94920887646431        9.31896813250257       10.91649872897689      H
       -4.18514401530768       -4.91977277610146       -4.40459756609421      H
       -4.23459086101339       -1.84694445957985       -5.74229040439156      H
       -7.15289085705502       -3.04301802874116       -4.18731439497152      H
       -9.14626756238882       -5.19212133847406        2.44334732648886      H
       -8.50261817432734       -3.38018183233761       -0.03663223203391      H
      -10.26519914444301       -1.91261306623754        2.50419084082502      H
      -13.47940296207287        6.48591439324985       -4.19691937378241      H
      -11.92481891888468        7.31660430328596       -7.07464876788723      H
      -12.25216136884828        9.90018635039732       -4.48788507595288      H
       -1.77054152629186        6.86096533101031        9.40397910587640      C
       -2.81982415531805        4.36313102745397        9.30023917311462      C
       -1.76164902620284        2.45659660774607       10.69299729237600      C
        0.55842905465585        2.89046687187318       11.70394466095811      C
        1.70430879369580        5.25064711445770       11.53953341125209      C
        0.58157299413105        7.37092288956203       10.81950561981183      C
       -2.44513955618910       -0.22042022038534       10.53402504845306      C
       -0.82215105672867       -2.13512729315793       11.09447548989650      C
        1.60614966413927       -1.49834182546712       11.93147180306684      C
        2.16351309879824        0.99249836106598       12.41189371480323      N
       -4.98689012982970       -1.15385525716118       10.58896280051701      C
       -5.65346109672139       -3.70755375079228        9.88794869150041      C
       -3.78853876738881       -5.36786942853823       10.10012740854352      N
       -1.56247187550269       -4.70695162768098       11.12483251980508      C
        0.33604103546173       -6.41472055029915       12.02095293739995      C
        2.72899363300334       -5.58476475590053       12.59470407317269      C
        3.56066718857973       -3.29543894901666       12.22366396303441      C
       -7.44180569659467        0.15005706289983       11.16796244501439      C
       -9.61105681941800       -0.47126849690875       10.11500665028851      C
       -9.93744732326100       -2.65045168404352        8.93066867616508      C
       -7.99453407023746       -4.34866779294591        9.04109558970107      C
       -7.30350312923975        2.37984402015850       12.79118140584071      O
       -5.22017033586524        3.55925463651612        7.86886369145810      O
        1.61785246301629       10.06634675769928       11.13902802437370      C
      -12.29540365338315       -3.41396209730608        7.73390661900496      C
        3.68505257298292        5.47609714244094       12.37441760812463      H
       -1.81776718144051        8.14281619305492        7.91546721467694      H
        5.45051030061489       -2.82154087090876       12.73514254470166      H
       -0.30607624824414       -8.30700279810066       12.25224405714206      H
       -8.42870071611293       -6.25060940008020        8.35492934812937      H
      -11.19528609949563        0.85500476784533       10.14724666454050      H
        0.65930557400425       11.92659431142041       10.15521373576345      O
        3.73626373938770       10.32178898131864       12.60655779684811      O
        4.76598029105867       12.82273640249607       12.55873851477123      C
        4.65209071509812       -7.63470724855258       12.98342407994532      C
        4.20107507885338       -9.91345356833991       13.31378645096794      O
        7.13790120093126       -6.95226259101808       12.69923898547729      O
        8.71654534515249       -9.12043674111322       12.32131142134452      C
      -12.50055745269500       -5.49720426717132        6.90093155209513      O
      -14.38594176777506       -1.70971176180217        7.82295415113400      O
      -16.34469563606593       -2.59191725517696        6.33348030228648      C
       -5.95875434208970        2.57822906819949       15.18957460056829      C
       -6.99344421124759        5.56142495630134        7.52087351059258      C
      -15.70321563485247       -2.25315209110198        4.43760463924437      H
      -17.96764696857413       -1.39588094207674        6.88890146982215      H
      -16.44019146403910       -4.45946440477607        6.78011595110196      H
        8.62902489593978      -10.47180133558753       10.77230777194526      H
        8.53246913545271      -10.30234258649871       13.91525815784959      H
       10.72922393682417       -8.53199409018647       12.37843228504543      H
       -8.86812792424636        4.80681891217204        8.06564960673820      H
       -6.94469426528021        6.26945285151446        5.64644247739536      H
       -6.59146995720864        7.11108599424233        8.92598781984669      H
       -4.42589299322944        1.35356272845954       15.14908639431770      H
       -7.20761957341794        2.11247427802950       16.74982606272465      H
       -5.40058931962390        4.54401247297469       15.26399896931525      H
        3.46665015277373       13.89124694446195       11.16772899607300      H
        6.71277506873293       12.51328403841702       11.89000862578167      H
        5.01043490499381       13.61610505870142       14.37229443268667      H
$end
