$coord
       -5.88627685322679        3.54298562048447       -2.09954219607133      C
       -3.63070010740255        2.55103086381063       -1.13490655770439      C
       -1.98034857491416        4.19389287768978        0.22267131706974      C
       -2.44101314790564        6.85668083051951       -0.31382125615500      C
       -4.46910091642225        7.71121171546442       -1.94770273126435      C
       -6.40444982993743        6.14222423607583       -2.34517892887611      C
       -0.16503151454898        3.38714655816100        1.99504551849855      C
        2.02382399354684        5.00240282945382        1.88417166051423      C
        1.80876711225305        7.53329604880628        0.60680291494755      C
       -0.52440293286472        8.70922197192026        0.00226627011014      N
       -0.16355877108715        1.07305525020953        3.23352804238089      C
        2.22717047520928        0.24587226814788        4.20141366887740      C
        4.38534564873180        1.77503424324944        3.91394448682593      N
        4.34695177134976        4.13663855428546        2.90671027046830      C
        6.17767547973817        5.80372963670660        3.23217702466254      C
        6.04544533729289        8.22465846255575        2.30349582560657      C
        4.00612861586320        9.11544357992769        0.91283386879810      C
       -2.40878301117048       -0.54198103768959        3.75087045949727      C
       -1.88440258847763       -3.01328846717657        4.34619924627190      C
        0.61679553794296       -3.96984383662260        4.48194094305332      C
        2.59635132613655       -2.32984754634402        4.51903128796648      C
       -4.88187112074716        0.32549500612205        3.57208409247954      O
       -3.00005002107831       -0.00943470526612       -1.37781776423629      O
       -8.66392419500374        7.13317477498001       -3.46734162928540      C
        0.94596020952262       -6.71658959603941        5.07924385068234      C
       -4.62222525721491        9.67965117356842       -2.38522818011404      H
       -7.09769589779943        2.15262257721095       -2.94613648429971      H
        3.80152966471351       11.10759646755448        0.65319937277669      H
        7.91657649520748        5.28580892049090        4.24982067997969      H
        4.36700434814876       -3.13166127824429        5.03295569412029      H
       -3.56642952712120       -4.38734584489142        5.11679367705961      H
      -10.71932773270674        6.29772524312447       -2.78856971626337      O
       -8.26302292744433        8.93348451282658       -5.26111771536680      O
      -10.35333539228530        9.11373980300200       -6.64831885155416      C
        8.09598641671602       10.03503832492366        3.35525523120619      C
        7.82106991300035       12.34054737088472        3.13798585477394      O
        9.97579064104510        8.90877957817504        4.61176783294120      O
       11.24837027407122       10.57720910802407        6.10363534970816      C
       -0.64492154055329       -8.30965205754170        4.87774776865834      O
        3.36027859529613       -7.27834328111383        6.16487934427477      O
        3.86733984437860       -9.70914126429528        7.28577449254280      C
       -6.86511010998855       -1.62529073262044        3.74991045534973      C
       -4.45857835480109       -1.12751015036395       -3.18026480075281      C
        5.24789081019456      -10.85385510544555        5.98956548624516      H
        2.08851772789137      -10.77607932834860        7.89744370252926      H
        4.95094018950565       -9.39934644227020        9.10161585586431      H
       11.58998655222520       12.41651100569138        4.94672233141270      H
       13.03526646905697        9.63005965786455        6.86941638574917      H
        9.86532082646932       10.92998816048530        7.68668977651220      H
       -3.67066457487396       -2.70793461764513       -4.09370304328064      H
       -4.49135809017272        0.22968419072493       -4.84113575463010      H
       -6.20651699108200       -1.67419750864408       -2.28913014624935      H
       -6.85499257275183       -2.54611537847116        5.58295882529330      H
       -6.34169793064621       -3.10013909733316        2.41730554860355      H
       -8.71508899280203       -1.01817493813890        3.03405037819710      H
      -10.96110170460259        7.27467231126694       -7.35906075682980      H
      -10.33960850365585       10.60644538423458       -8.20385240270359      H
      -11.81818317546969        9.57220896597618       -5.28811137407989      H
       -3.07931743695986        4.13033669584540        9.47836962890517      C
       -4.10772286032170        1.86720326420153        9.60081111108996      C
       -2.75154558395573       -0.07257100426014       10.85655740941793      C
       -0.18612029093542        0.31564983993536       11.43858273134942      C
        0.70967065263772        2.71654184416596       10.86241366626294      C
       -0.62447918160729        4.71017448929017       10.11637720041630      C
       -3.82170715367452       -2.46482781476801       11.63364940310341      C
       -2.17801405585242       -4.54629953784097       12.33685887033763      C
        0.46506883344901       -3.98879307229045       12.61894904932353      C
        1.38714566704822       -1.63778187136724       12.21262958905935      N
       -6.50706013133016       -2.87955287928818       11.78581893392681      C
       -7.16731029910188       -5.51746999329570       11.70422247936553      C
       -5.60570865273218       -7.56132226907283       12.18875946176183      N
       -3.11467812933795       -7.07538416765252       12.62777982828774      C
       -1.69447853303945       -8.94587716344365       13.41021857767528      C
        0.82831042772150       -8.54744062868810       13.50481362672761      C
        1.72459766833899       -6.04322470710483       13.49451171830981      C
       -8.51261892131614       -1.08304623526150       12.25523527633390      C
      -10.88161599492753       -1.82126066898405       11.32366153545566      C
      -11.51902696498096       -4.26428109505649       10.66169729985699      C
       -9.57621486763290       -6.22194413491881       10.68819689105257      C
       -8.55649411232540        1.03559546896115       13.72547610549035      O
       -6.63929934200774        2.06290202760729        8.93258369018880      O
        0.82150739136801        7.00695681085683        9.15929897397047      C
      -14.09026126123078       -4.64734433819709        9.47590658658614      C
        2.71731158422406        2.87219425892543       11.34779968093758      H
       -4.68782990369770        5.64277088269522        8.83303900390647      H
        3.51597702717335       -5.27908925501571       13.89592749379945      H
       -2.20323624853666      -11.04936399118733       13.71169533201457      H
      -10.10611576677970       -8.02592914672850       10.04362112291021      H
      -12.36122137760937       -0.45128029169590       11.51613461431278      H
        3.02753440591333        7.16308268887723        9.80787453351208      O
       -0.58582020410207        8.59454224521788        7.72851212503237      O
        1.11837386505850       10.52879420853599        7.26772440140611      C
        2.74138121337650      -10.60920007604652       14.11197137631483      C
        2.23402148905621      -12.39545726416426       15.56262072198508      O
        4.93806701385589      -10.17793730723350       13.17332975213608      O
        6.56294222465623      -12.04038510058247       13.98493499902909      C
      -15.40152883012756       -2.74176650290130        9.64173536891130      O
      -14.64399988198241       -6.80525634569795        8.11667756386780      O
      -17.03288015039589       -7.05017883639544        7.45053220496145      C
       -6.37703215650888        2.04850037548253       15.25489627917486      C
       -7.05387638001373        3.69011966065723        6.56397058701834      C
      -17.90655553532843       -8.60698280844904        8.68195174986660      H
      -17.10423636608719       -7.68734630136995        5.52209716911153      H
      -17.95599827108827       -5.15095220336266        7.82416914374733      H
        8.58643216168409      -11.88266898490372       13.44111613704160      H
        5.73945476668884      -13.78886146873702       13.29687841850493      H
        6.76440659233066      -12.20724432351076       16.16887647654542      H
       -7.90840653887897        5.35774309298019        7.34532032400849      H
       -8.04631595389387        2.57880102639497        5.12841596648213      H
       -5.21955506594890        4.10651954505729        5.68563002348917      H
       -6.77142195040588        1.55099678904561       17.32513586927386      H
       -5.73620481508984        4.09159745828839       15.00670551399304      H
       -4.69333312334284        0.88015003385333       14.77027778940487      H
        2.78215505040132       10.38427705567730        6.16377671568571      H
        1.45061151692683       12.16303669475895        8.70632929904614      H
       -0.21928368953236       11.75531845693720        6.08191550409920      H
$end
