$coord
        2.18017102927773        9.64296641592292        5.80721146925201      C
        0.60716079350104        7.86431489565965        4.42731908161892      C
        1.52534566098405        5.39086534127476        4.32582950418952      C
        4.13559327018362        4.75596757196505        4.92159758818152      C
        5.82229086554937        6.82989622458579        5.53411311939754      C
        4.86527301538228        9.11665832942587        6.20679387278849      C
        0.11505074586379        3.39448243946894        3.33091154165113      C
        1.30732723481607        1.33406440558692        2.21112526396564      C
        3.80709743929046        1.07684826227136        2.77082723435875      C
        5.11067643326380        2.51522612991561        4.22085921745480      N
       -2.55616139343916        3.50119592466795        2.92317402867173      C
       -3.73294794449579        2.04278249650963        1.04637771285604      C
       -2.58746485223266        0.11431414803719       -0.16622433115055      N
       -0.34468036019437       -0.46086944033257        0.90181609003802      C
        0.79342351274989       -2.67123454631807        0.15365860647186      C
        3.21348880231394       -3.22674867560401        0.89336867577693      C
        4.71471342470905       -1.35132818741204        2.23198768356686      C
       -4.28798164283043        5.00431887147538        4.62078320462975      C
       -6.79837450645476        4.88929652777766        4.42501055626549      C
       -7.92388659779731        3.86216334605517        2.29247926057738      C
       -6.36674211695218        2.31804098667957        0.75566416131083      C
       -3.14474932286619        5.92683223613219        7.00699535546740      O
       -1.56737511902492        8.86088605600095        3.31118406748318      O
        6.58657918037987       11.24658916770310        6.96098167828887      C
      -10.77058226715291        3.58956657472616        2.29631979451592      C
        7.85506234040731        6.31907650183919        5.23283624725420      H
        1.63483118552370       11.34592902298397        6.65302846279422      H
        6.71364956631113       -1.99699796668147        2.03178774108687      H
       -0.11889545312996       -4.18504529218046       -0.72519485564240      H
       -7.04455768669115        1.92017077937018       -1.16988651690148      H
       -7.90499609069254        5.36105047335422        5.96505618239649      H
        8.86636700632570       10.80684492607040        6.99184122603192      O
        5.64986311925853       13.62026577290488        7.37176116244138      O
        7.58024525470835       15.49992092101481        7.70703194641494      C
        4.28236393692546       -5.70601992747096        0.44022935026183      C
        6.65261011171562       -5.92953778795724        0.62592730684209      O
        2.77582824373753       -7.61658541227394        0.29367422480072      O
        4.07103643162822       -9.75246806693342        0.48886331806816      C
      -11.71312653046002        2.05544113083478        0.88484152214658      O
      -11.86254807066431        4.44496751751534        4.49873998730876      O
      -14.17715445215468        3.31475179355672        4.59883659102771      C
       -3.60678636655674        4.44212773679814        9.33746529262838      C
       -2.74151964794017       10.85018697234009        4.71232033742546      C
      -15.38451930753485        3.58916531399429        2.78097813611516      H
      -15.45587545998471        3.86469876009029        6.30730430311562      H
      -13.67972922116378        1.27147245806996        4.75143622871744      H
        5.85759794980178       -9.83703475190808       -0.82973474656489      H
        2.68724884337114      -11.30400544016848        0.55036884405234      H
        4.81779582812312       -9.67535244085640        2.44045946918640      H
       -3.64425702469458       10.20572979448182        6.33020610726308      H
       -4.15861967769785       11.62491678325619        3.53060084771251      H
       -1.75268078736948       12.73670499048671        4.98543101412022      H
       -4.23006425958698        5.92653043926964       10.71030284901746      H
       -1.98806096678442        3.65788254264604       10.43752249571534      H
       -5.27223562807179        3.29282743292206        9.20866045817365      H
        8.99463745682777       14.77936730239049        6.51890372853581      H
        8.59908012742108       15.12599924476321        9.50828689950089      H
        7.47836757792093       17.51250271051097        7.24253911688549      H
       -7.50037803939455       -4.92415461756768        2.97626934878315      C
       -5.56519952990566       -4.12488938140923        4.59717247133536      C
       -6.15252620309524       -2.98168861659808        6.86434113767714      C
       -8.60124904126024       -2.53851809084675        7.46931785440794      C
      -10.69300062941808       -2.90847712106520        5.83913083242720      C
      -10.14507999884832       -4.08418180008790        3.40707413271653      C
       -4.28539969662607       -2.80884823970290        8.72076919542058      C
       -4.95448039159239       -1.21387775696461       10.82516641663003      C
       -7.59026610316050       -0.62519256437203       11.33027366037624      C
       -9.34900491421168       -1.43828269264185        9.68104508097015      N
       -1.49176345004263       -3.85681142850546        8.92730715316100      C
        0.26806229791529       -2.69943578757809       10.50229297353205      C
       -0.61859251740705       -1.25120740898466       12.37873403626278      N
       -3.17377797618174       -0.60757270385766       12.64063298566024      C
       -3.89327537005644        0.66742916814740       14.96439893387295      C
       -6.47219124194534        1.25264163005343       15.44315173853197      C
       -8.16129241027030        0.54261584739469       13.68068987816434      C
       -0.76408624458475       -6.33395727774456        8.38216330804693      C
        1.80426451409534       -7.08735825316318        8.38839886783791      C
        3.72263128864896       -5.19784945534117        8.85675840283678      C
        2.90148901266322       -3.14898471208700       10.34802809888700      C
       -2.23970122496391       -8.55728379729217        8.03237357106049      O
       -2.98393175684416       -4.49924544226614        3.81712347130424      O
      -11.84588850279823       -3.63518553587436        1.29555777765404      C
        6.60168276454303       -5.51350495811730        8.55546506222411      C
      -12.54741609494281       -2.02009297440312        6.19887060493590      H
       -6.80275346084907       -5.64572485075895        1.27474806300434      H
      -10.17126192040819        1.13686082767693       14.04631063780900      H
       -2.36200866430321        0.91641025328466       16.35461267226756      H
        3.92622156691081       -1.75817572130925       11.30585602232115      H
        2.50580114340325       -8.86293951273074        7.34427502211691      H
      -11.16458645633007       -3.96691701300158       -0.93003457493721      O
      -14.21510673161460       -2.73222415020989        2.02880562276318      O
      -15.56711624444517       -1.83180112829484       -0.07751214915212      C
       -6.82468639307508        2.26129459181183       18.06060778100439      C
       -8.48309992249746        1.86467361318283       19.62757986124370      O
       -5.30306102877196        4.27824822377883       18.49731208375232      O
       -6.45735418144944        5.83801269272544       20.16648164511957      C
        7.41367914442223       -7.69659993402030        8.66484901266041      O
        7.94638910023136       -3.24234842660835        8.09074253806492      O
       10.62224833021676       -3.65576901662134        8.14430521475455      C
       -3.71016888644381       -9.37405945936696       10.08807247618402      C
       -2.34047170417166       -6.89135720578364        2.68362214763536      C
       11.18604535668040       -5.13294765027382        9.35057253167214      H
       11.42117580606549       -1.95674126790150        8.66367212452510      H
       11.34929708465590       -4.13428471664777        6.12534737968278      H
       -6.77614059918801        4.53749086599414       21.89922773568660      H
       -8.31154928244269        6.46782933485991       19.42171154137349      H
       -5.58097614641957        7.62384717251477       20.56781829902784      H
       -0.24987427866309       -6.93000714592794        2.33909975296753      H
       -3.63424706813118       -6.85108756048364        0.81627146440290      H
       -3.02843431342459       -8.63358098099778        3.76363417469639      H
       -4.62177465961195      -11.12979800241385        9.40156506326149      H
       -5.20196666734294       -8.14681615937933       10.64189418465615      H
       -2.34757106189950       -9.48761158318473       11.78347096294593      H
      -15.25645875836765       -3.12314414282994       -1.76622559420509      H
      -15.00282296346179        0.01514165681937       -0.64174515029427      H
      -17.46670560918744       -1.59177367249749        0.49317436338621      H
$end
