 -1.0
 -0.69986178205507D+01 -0.17701879884809D-01 -0.29849758574691D+01 -0.39415866325579D-03 -0.61348447283231D-04 -0.11678691972180D-03
 -0.50790165842306D+01 -0.10890623638285D+01 -0.14604053252227D+01  0.54035592223660D-03 -0.37130660194071D-04 -0.31598133015270D-03
 -0.30882216839541D+01  0.27242381263591D+00 -0.15822190773445D+00  0.22911279338241D-03  0.10421140115079D-03 -0.24713756865114D-03
 -0.30043081488313D+01  0.28104114474887D+01 -0.84659288537603D+00 -0.19695907229038D-03 -0.13167979810207D-03 -0.41426442720980D-03
 -0.46359181379948D+01  0.38004459775510D+01 -0.23554545179337D+01  0.20113798933633D-03  0.39264936573552D-04  0.35754402590216D-03
 -0.67837973508676D+01  0.26402015095650D+01 -0.34294199545552D+01 -0.38045459033565D-04 -0.18627082571485D-03 -0.10881850483175D-03
 -0.12276657417313D+01 -0.47329145861123D+00  0.17452035790777D+01  0.75021267365660D-03  0.58059421339219D-04 -0.17016982857885D-03
  0.79939330050918D+00  0.11567459868888D+01  0.22544344928441D+01 -0.10949156886112D-03  0.23147949237908D-03 -0.10631032079511D-04
  0.86385466193100D+00  0.35762933623501D+01  0.12465881705882D+01  0.79802580637234D-05 -0.14470869987040D-03 -0.89858534987184D-04
 -0.11146292454883D+01  0.43870726341972D+01  0.17398460047566D-02  0.27896275622547D-04  0.90215172493119D-04 -0.33900246267378D-03
 -0.10598978659366D+01 -0.26365153358142D+01  0.36464576284020D+01  0.16457119762322D-03 -0.85485819829429D-04 -0.20144413681424D-03
  0.10389169574358D+01 -0.33791080967634D+01  0.49006564399748D+01  0.19809938854948D-03  0.56071536338162D-03 -0.30409923177164D-03
  0.29871803647680D+01 -0.17386160813133D+01  0.52773852733639D+01 -0.11476630374967D-03  0.33095969128814D-04  0.38061787362464D-03
  0.28521377936377D+01  0.44306295174258D+00  0.39375138057827D+01 -0.45926532127052D-03 -0.38377272736479D-03 -0.48774075911151D-03
  0.51863783273472D+01  0.18322240695061D+01  0.38278977438918D+01  0.41663135146789D-03 -0.14653151460943D-03  0.34388973542281D-03
  0.51168093014169D+01  0.41094805943377D+01  0.26962569675853D+01 -0.76502333254663D-04 -0.35488797022588D-03 -0.19000778608912D-05
  0.29717748504325D+01  0.51605404695951D+01  0.17399632822150D+01  0.19692904247159D-03  0.55451096919876D-03 -0.28537698169175D-03
 -0.33160283132601D+01 -0.41088521415787D+01  0.41158261788290D+01 -0.19195917057437D-03 -0.49489105888955D-03  0.24627136745763D-05
 -0.32489633074430D+01 -0.61316917903778D+01  0.58637434894691D+01 -0.29365544170176D-03  0.14245643971517D-03  0.46893802086369D-04
 -0.97181499363868D+00 -0.71060705105175D+01  0.67260213326575D+01 -0.23074088828977D-03 -0.30323880849787D-03 -0.82213752744042D-05
  0.11911950947371D+01 -0.55521170610573D+01  0.62052112038614D+01  0.34485806223853D-03  0.87666575873177D-04 -0.60136753934433D-04
 -0.56005989802772D+01 -0.31276724349247D+01  0.35826286736548D+01 -0.10318690386682D-03  0.66731909587792D-04 -0.12255674419835D-03
 -0.52600054003492D+01 -0.36446206972862D+01 -0.13403324750008D+01  0.26623761038021D-04 -0.87103796980803D-05  0.10543265975875D-03
 -0.87353226203924D+01  0.38169754337724D+01 -0.48766921615365D+01 -0.76215679512734D-04  0.41603912091084D-03  0.52355064452515D-03
 -0.10615072820492D+01 -0.96129817297342D+01  0.80140371644327D+01 -0.45257160841228D-03  0.41363443327716D-04  0.90024034512899D-04
 -0.43245477325290D+01  0.56684711405118D+01 -0.29895136887192D+01  0.52824141081901D-04  0.41640633030502D-04  0.49793389754015D-03
 -0.85458262742124D+01 -0.11257094897046D+01 -0.38481282462818D+01  0.46429239820451D-03 -0.39974494364361D-03  0.55116516300519D-03
  0.32047280197689D+01  0.67588869055464D+01  0.59374701257527D+00  0.40868622418479D-03 -0.28052384809103D-03  0.41384920434069D-03
  0.68761672144061D+01  0.10809370828114D+01  0.46952597583473D+01  0.68680062110085D-03 -0.17703976008493D-03  0.11700989478767D-02
  0.29962435841295D+01 -0.61126570379198D+01  0.70073124303424D+01 -0.29638936144873D-03  0.33906147132123D-03 -0.33277159042475D-03
 -0.48236586595591D+01 -0.74155368587420D+01  0.59488293808790D+01  0.15012708880900D-03 -0.81233603283084D-03  0.13833467183324D-03
 -0.10006155383253D+02  0.22982833081055D+01 -0.61341338775863D+01 -0.23312335879563D-03 -0.24113399391482D-04  0.14332128551752D-03
 -0.89708216239004D+01  0.64823946924585D+01 -0.50213868864348D+01  0.46927277327501D-04 -0.84517329507009D-04 -0.34107430204947D-03
 -0.10372057767399D+02  0.67183857312156D+01 -0.72202242162270D+01 -0.23630419388009D-03  0.37120822030703D-03  0.39957715464925D-03
  0.75512913238549D+01  0.56643067230123D+01  0.29894627826936D+01 -0.32999101830179D-04 -0.21220910132852D-03  0.27180803429849D-03
  0.74682517443091D+01  0.76781492109955D+01  0.20636094357374D+01 -0.31702036424162D-03 -0.38390210405178D-03  0.14085734767195D-03
  0.94971449973554D+01  0.48017685137961D+01  0.43241805103825D+01 -0.13707069590501D-03 -0.25567032766737D-03 -0.11609346740492D-03
  0.11369980677807D+02  0.67238819483425D+01  0.49264671099522D+01  0.22746488441544D-03  0.65844844310833D-03  0.79570719493368D-04
 -0.30016126553181D+01 -0.10664166332995D+02  0.86227797960239D+01 -0.26177817685616D-03 -0.19791793207072D-04 -0.54771414571460D-03
  0.13498383370207D+01 -0.10478876368647D+02  0.86857783340381D+01 -0.42025312463227D-04 -0.63189465534457D-03  0.41291137337133D-03
  0.13768799542476D+01 -0.12338981056257D+02  0.10277895375481D+02 -0.58513627511347D-03  0.27671975595743D-03  0.27484472404868D-03
 -0.77463656177252D+01 -0.34751297276800D+01  0.51524639110785D+01  0.53131227128978D-03  0.12781093148070D-03  0.25409817776987D-03
 -0.77274756608949D+01 -0.47120360346449D+01 -0.11588816231436D+01 -0.15466015864972D-03  0.24533641187641D-03 -0.14305619079226D-03
  0.18343662534686D+01 -0.13948120082511D+02  0.88625625912243D+01  0.38853912713157D-03  0.17512762484753D-03 -0.53998637521211D-04
 -0.53145745539451D+00 -0.12589471379456D+02  0.11066401637113D+02  0.15159186586384D-05  0.26916157607782D-03  0.12852367893785D-04
  0.30617007909419D+01 -0.12334318919338D+02  0.11554028959124D+02  0.41699322430424D-03 -0.67628870375286D-03  0.59589772892247D-04
  0.13294308972087D+02  0.57784414582648D+01  0.49694975045697D+01 -0.74471266078204D-04 -0.11734154767747D-02 -0.52002956411799D-03
  0.10928090666809D+02  0.78240705670758D+01  0.65804071454849D+01 -0.62777282910997D-03  0.24767047280063D-03 -0.79647834289732D-03
  0.11291458801455D+02  0.81488498806535D+01  0.34211312610426D+01  0.21971683262592D-03  0.47618415959200D-03  0.24731970177856D-03
 -0.83022152217059D+01 -0.54474988686224D+01 -0.29767933206456D+01  0.84373459446092D-03 -0.36189300592378D-03  0.61767042650742D-03
 -0.94022663377726D+01 -0.35408659398499D+01 -0.78771287276781D+00  0.10466748040421D-02  0.83189314432442D-03  0.46725078210219D-03
 -0.77605047766716D+01 -0.60173930182935D+01  0.44637888110900D+00  0.49453185348064D-03  0.14888699060166D-03 -0.42417469131557D-03
 -0.75232398740959D+01 -0.19772826881579D+01  0.65472456234613D+01 -0.18795860257741D-03 -0.52208247078176D-04 -0.28330556208905D-03
 -0.80601235068550D+01 -0.53933842873075D+01  0.58222333453279D+01  0.84784963729930D-05  0.11626464785396D-03 -0.20943341093375D-03
 -0.92584442803031D+01 -0.29126367918131D+01  0.36300274659945D+01  0.79875372804659D-03  0.70812262555555D-03 -0.74291418349052D-03
 -0.12253888677747D+02  0.57219844374780D+01 -0.70652239448714D+01 -0.28403191890657D-04  0.10481064312692D-03  0.10112723813668D-02
 -0.90699821141752D+01  0.63325740328806D+01 -0.88523442104350D+01 -0.23848614245781D-03 -0.19259633829450D-03  0.21495617352097D-03
 -0.10480394733693D+02  0.87415733787940D+01 -0.73234621897914D+01  0.11186268252085D-03  0.52870560473852D-04 -0.48708973481291D-03
 -0.28514254893096D+01  0.74014947543721D+01  0.72254800236079D+01  0.35946844303769D-04 -0.32110537478177D-04 -0.36786892479340D-03
 -0.35444818878817D+01  0.48554830142144D+01  0.77229311611760D+01 -0.25699877044905D-03  0.21679361080249D-03  0.75353622633813D-04
 -0.18038011468062D+01  0.35625691736028D+01  0.95284773636464D+01 -0.77464926822090D-04 -0.37682535678579D-04  0.60810624668785D-03
  0.84115701324120D+00  0.44927278316899D+01  0.99053042839101D+01 -0.28435552166424D-03 -0.15293971251745D-03  0.11510159407505D-03
  0.14037779956840D+01  0.70193719850091D+01  0.92382686719032D+01  0.15589293445182D-03 -0.19517523667653D-03 -0.37050781510894D-03
 -0.48791698192960D+00  0.84132238923116D+01  0.79914361713878D+01  0.35750611002882D-03 -0.42332062021053D-03 -0.43616379164554D-03
 -0.24385913366395D+01  0.10396881906805D+01  0.10611340680116D+02 -0.32509864472528D-03 -0.11749855269376D-03  0.49682043158938D-03
 -0.37700734669456D+00 -0.52914075513878D+00  0.11234960357999D+02 -0.20815226850483D-03  0.30284442442687D-03 -0.54662839171206D-04
  0.20316998208123D+01  0.49999613885326D+00  0.11681644576172D+02  0.23053176382686D-03 -0.13394327054903D-03 -0.97394780699270D-04
  0.25567960581807D+01  0.29310038188784D+01  0.11118714338943D+02 -0.73529669047702D-04  0.49225789776017D-03  0.11029859171952D-03
 -0.48644562114599D+01  0.23255217300835D+00  0.11127176949970D+02 -0.11746262455732D-03  0.28818586282225D-03 -0.59748551946147D-03
 -0.52766810714296D+01 -0.25817537274638D+01  0.11344756422381D+02  0.33120805604829D-03 -0.15216039793166D-03 -0.22563445627909D-03
 -0.34115171578656D+01 -0.43874357776569D+01  0.11673030194609D+02  0.10381687902389D-03 -0.45637844503533D-04  0.12218720708696D-03
 -0.10548844080568D+01 -0.31926499260151D+01  0.11624258608890D+02 -0.29589406978571D-03  0.30705477435208D-03  0.23343444667009D-03
  0.10807713102997D+01 -0.46707615736058D+01  0.12562588665564D+02 -0.92884746479424D-04  0.17108899798704D-03  0.84137819395349D-04
  0.34062804075158D+01 -0.38068211574696D+01  0.13053999090711D+02 -0.27213788940103D-03 -0.18841320070782D-03  0.33307003760036D-03
  0.38250004961239D+01 -0.11682795816977D+01  0.12869798953825D+02  0.78541546949622D-03 -0.17511367723643D-03  0.23321682653627D-04
 -0.69926070597228D+01  0.18143506338913D+01  0.11573166374966D+02  0.97149417052831D-04 -0.14004174688084D-03  0.37014041803567D-03
 -0.93461385157950D+01  0.85786928198914D+00  0.11465132042662D+02 -0.27804649728958D-03  0.30153926739061D-03 -0.46274704463731D-04
 -0.98112583854854D+01 -0.16791259311000D+01  0.10964705682242D+02  0.15681666506492D-04 -0.37330022667719D-03 -0.15684305779296D-03
 -0.79428541878858D+01 -0.33625985420681D+01  0.11116533227861D+02 -0.34502579767400D-03  0.17381175345490D-03  0.34697781597871D-03
 -0.62128769950431D+01  0.43006866700874D+01  0.12141163005462D+02 -0.43863278270588D-04  0.65941239687985D-05  0.29785872753333D-05
 -0.56533096313192D+01  0.37299410945463D+01  0.67629626970377D+01  0.22049022899062D-03 -0.11868527461250D-03 -0.47286146239691D-04
 -0.35364139677605D+00  0.11186719395429D+02  0.79352132689598D+01 -0.21001870912155D-03  0.58307897943297D-03  0.14614996104305D-03
 -0.12594034593350D+02 -0.22039248909277D+01  0.10780996804771D+02 -0.20870918154496D-03  0.17897599081280D-03 -0.42099360515569D-03
  0.33425328993116D+01  0.78724637528892D+01  0.94745306330635D+01  0.33168873804792D-03  0.47807266917242D-03  0.31920916470798D-03
 -0.43854195578092D+01  0.84965222818798D+01  0.64624603223784D+01 -0.25408559171504D-03  0.29052311164905D-03 -0.36457684780890D-03
  0.57067263927213D+01 -0.33852829839751D+00  0.13001475972278D+02  0.43361232711323D-03  0.36692187580289D-04  0.68771336680323D-03
  0.64441893991118D+00 -0.66334271636573D+01  0.12671199386504D+02 -0.38361452257421D-03 -0.47787689231608D-03  0.55915626859360D-05
 -0.81637209003346D+01 -0.53488148125821D+01  0.11281578500139D+02  0.97649172529939D-04  0.23896475623727D-03  0.57367160819899D-03
 -0.10784288893656D+02  0.23638131418126D+01  0.11764121478962D+02  0.98642276678164D-03  0.10108139452082D-02  0.38715077821774D-03
 -0.15422544737537D+01  0.12429688133580D+02  0.65329297330452D+01  0.24629874564729D-03 -0.36082762052507D-03  0.27237433175712D-03
  0.12763504201013D+01  0.12277802251189D+02  0.96267197139715D+01 -0.33252452919817D-03 -0.30201123288924D-04  0.15442032867612D-03
  0.18827636788789D+01  0.14692480972869D+02  0.87651089623459D+01 -0.36031520079603D-03  0.17652839522596D-03 -0.43625172042865D-03
  0.51193319384941D+01 -0.54138766608883D+01  0.14309321552529D+02 -0.95690100004190D-04  0.19712981119020D-03 -0.55675730381696D-03
  0.66411156534941D+01 -0.47073512082081D+01  0.15910872912052D+02 -0.15657308453264D-04 -0.27187182074544D-03 -0.40169479035199D-04
  0.48112837858847D+01 -0.79172273115839D+01  0.13509170765522D+02  0.28386793995316D-03  0.37470242885974D-04 -0.26888307552440D-03
  0.62485705351439D+01 -0.93876230581223D+01  0.15336462337455D+02 -0.32079998244732D-03 -0.82153878185301D-04  0.20906753207367D-03
 -0.13951862432071D+02 -0.31467458363971D+00  0.10799464553382D+02  0.64338332539603D-03  0.87266920023800D-04  0.35830166235149D-05
 -0.12815641253183D+02 -0.48159639043741D+01  0.10990786644413D+02  0.27474781713305D-04 -0.22577003655108D-03  0.37859132821883D-03
 -0.15374781113966D+02 -0.54103414278549D+01  0.11063755306581D+02  0.28295307595610D-03  0.90497758214137D-04 -0.35469145329472D-03
 -0.78343311253764D+01  0.61248258984749D+01  0.11342561864351D+02  0.19945603580909D-05 -0.41117696237778D-03 -0.85760334012430D-06
 -0.60842731182195D+01  0.43811602240835D+01  0.42380584694000D+01 -0.77145566843072D-04 -0.71536310419855D-04 -0.23305436906571D-03
 -0.16431323611488D+02 -0.49170290691590D+01  0.92893608768066D+01  0.26002380145188D-03 -0.39905889467348D-03  0.18322623711928D-03
 -0.16290599673400D+02 -0.50215224305855D+01  0.12870241439497D+02  0.21072482278582D-03 -0.20938911118849D-03  0.75262310221897D-03
 -0.15122282423214D+02 -0.74941035727130D+01  0.11172635812323D+02 -0.62888502725766D-04  0.38009504899468D-03  0.31959871897824D-04
  0.65817550734566D+01 -0.11256068918011D+02  0.14732358823573D+02 -0.12179967287266D-03  0.66022579519715D-03 -0.32905072841029D-04
  0.51903338392606D+01 -0.98600535729165D+01  0.17164631070227D+02  0.24691777268557D-04 -0.50680495404465D-04  0.29497353826728D-03
  0.81962569698253D+01 -0.83212210751570D+01  0.15516267132379D+02  0.67534168921772D-03  0.27064016912297D-03 -0.40114629231260D-03
 -0.68900131000803D+01  0.61457222263127D+01  0.41149590392427D+01  0.59408073992043D-04 -0.11117462564559D-03 -0.15568538478471D-03
 -0.76635981053226D+01  0.31670859404021D+01  0.34620970659174D+01 -0.44348308363858D-03  0.23799127593933D-03 -0.36550362647539D-03
 -0.44565250503991D+01  0.40691334410875D+01  0.30366323866269D+01 -0.63695273878856D-03  0.27897075194411D-04 -0.58107188614590D-03
 -0.91320598502886D+01  0.66950567985149D+01  0.12834039791967D+02 -0.26970290439417D-03  0.65933485712852D-03 -0.17861337868792D-03
 -0.90217304888563D+01  0.55556198185605D+01  0.96542517642721D+01 -0.18140171023467D-03 -0.99426424871796D-03  0.12645510565165D-03
 -0.66433636920432D+01  0.76447535143454D+01  0.10919296658629D+02 -0.25540886982016D-03 -0.26874129210796D-03  0.42130463281163D-03
  0.34172235052395D+01  0.15588635425891D+02  0.98346150344052D+01 -0.63173800400293D-03  0.63109265950490D-03  0.25689745262042D-03
  0.20755497721113D+00  0.15715323229346D+02  0.82203494902135D+01 -0.29184159988109D-04  0.54315056791231D-04 -0.94025422431708D-03
  0.26810297906147D+01  0.14524909815416D+02  0.68654932738387D+01 -0.52736305620836D-03 -0.23827999365978D-05  0.85406608512591D-03
