 -1.0
 -0.35257359267640D+01  0.11918509122518D+01 -0.18792726474041D+01  0.25666502527453D-03 -0.28638218384508D-03 -0.50110130649537D-03
 -0.22812598104770D+01 -0.57658388382306D+00 -0.44857556250646D+00 -0.94389938892291D-04  0.33648251494728D-03  0.20838824287694D-03
 -0.47585042745188D+00  0.51889408812364D+00  0.13010111923003D+01 -0.16620769080258D-03 -0.27375851656368D-03 -0.56448129031179D-04
  0.58417702080580D+00  0.30068226734668D+01  0.10608162337111D+01  0.12582043382597D-03 -0.24074014063695D-03  0.71265349403917D-04
 -0.98319025560529D+00  0.46865540226747D+01 -0.47949877382583D+00 -0.93817175311537D-03 -0.18155129349363D-04 -0.20247297703989D-03
 -0.29461955405406D+01  0.37555057821510D+01 -0.18542267491810D+01 -0.29746991572188D-03 -0.46777723211291D-03 -0.11753757032621D-03
  0.73058906601305D+00 -0.92818540370858D+00  0.32045122822713D+01 -0.11423925265780D-03 -0.50388122403028D-03  0.26762602912246D-03
  0.32039806276195D+01 -0.19873302209747D+00  0.39803675188638D+01 -0.10375553983780D-03  0.42313210857835D-03  0.38032956442652D-03
  0.44533423420590D+01  0.19923776124184D+01  0.29278286858874D+01  0.34822371020821D-03  0.39224188204956D-04  0.16441286590818D-03
  0.29388997945612D+01  0.38874941142307D+01  0.19126631629922D+01  0.55579793233245D-04  0.30812800817328D-03  0.94619853675767D-04
 -0.40219479171918D+00 -0.30947034612622D+01  0.44282856476896D+01 -0.10372041975602D-03  0.19517616154513D-05  0.19018372039367D-03
  0.93759034817023D+00 -0.46380867587236D+01  0.59965729458722D+01 -0.38047109485040D-03  0.42650911642363D-03 -0.50605314930061D-03
  0.35333164252102D+01 -0.41921418502008D+01  0.62894391192767D+01 -0.16743905504827D-04 -0.14486431858172D-03  0.30780198098133D-03
  0.44943658777491D+01 -0.20734553141362D+01  0.54426385429229D+01 -0.48927360194780D-03 -0.12980890244557D-03  0.82019480264412D-04
  0.72087996497546D+01 -0.16061751477749D+01  0.56813143878375D+01  0.12386657032342D-03  0.75568976070082D-04 -0.21189610526471D-03
  0.82358526214516D+01  0.80493493165015D+00  0.52105843948101D+01  0.21893305271766D-03  0.86382710848865D-04  0.28595958788206D-03
  0.70033280328918D+01  0.25021975901416D+01  0.37027345268765D+01  0.46210859694438D-03  0.90257402569204D-04  0.20668846202859D-04
 -0.30230805608805D+01 -0.35554483051602D+01  0.44338265873402D+01  0.26148074500992D-03 -0.20286419839408D-03  0.17768139125269D-03
 -0.40076786369829D+01 -0.57097954183068D+01  0.57268496908534D+01  0.48241767654227D-04  0.31620749671116D-03  0.39673080756177D-03
 -0.25047093538027D+01 -0.73555250961435D+01  0.70620607082515D+01 -0.12083177945470D-04 -0.21863742767332D-04  0.88913812565546D-04
 -0.62015050612299D-01 -0.66710264038272D+01  0.74055828744564D+01 -0.17888618516462D-03 -0.14672667809639D-03 -0.83196920952339D-04
 -0.48134123549243D+01 -0.19643591630062D+01  0.33658628750590D+01  0.60309427455297D-04 -0.12815664756554D-03 -0.99942614099005D-04
 -0.27657846710395D+01 -0.31715680741729D+01 -0.82663963995101D+00  0.25146766014233D-03 -0.58796303787859D-04  0.20297192396359D-04
 -0.45809181179615D+01  0.54434504658159D+01 -0.33766704412540D+01  0.32454329657610D-03 -0.25955293282318D-03 -0.23443691767873D-04
 -0.37803926516016D+01 -0.94688233514074D+01  0.83781803633171D+01 -0.24792313666302D-03  0.37742701850522D-03  0.27517481777078D-03
 -0.32430598509928D+00  0.66204479517386D+01 -0.83938251094916D+00 -0.67701636671036D-04  0.36106393290976D-03 -0.34044001136363D-03
 -0.51032257835070D+01  0.53387420645999D+00 -0.30733105961247D+01 -0.52629194464169D-03 -0.23079762072497D-03 -0.13090971357686D-04
  0.78636867287765D+01  0.41396668322645D+01  0.31994608954093D+01  0.62217700347690D-03 -0.60699366958299D-03  0.69724327114307D-03
  0.84604159961523D+01 -0.29072771836482D+01  0.65415217172870D+01  0.53538207300623D-04  0.18477764367315D-03  0.37550880127441D-03
  0.12330529528202D+01 -0.76206971058792D+01  0.86720799134591D+01  0.38912059425069D-04  0.22969677993621D-03  0.33352412063660D-04
 -0.59395750483078D+01 -0.60581758874995D+01  0.56067177214311D+01 -0.56228575310351D-03 -0.30916252453137D-03 -0.23732771194201D-03
 -0.47174415464860D+01  0.51799589338317D+01 -0.56857813568110D+01  0.10546604585058D-03 -0.21214255223043D-03 -0.72043542551632D-05
 -0.54464939459721D+01  0.76007172330358D+01 -0.20827558653852D+01  0.10370958254678D-03  0.20915618361330D-03  0.47892472092857D-04
 -0.62214984596481D+01  0.96448752955917D+01 -0.36863623961719D+01  0.43207776332728D-03  0.34817402305144D-03  0.11581124945948D-03
  0.10882244539606D+02  0.12825426932046D+01  0.59122080313468D+01  0.14935905381865D-04  0.88872810482387D-04 -0.49610446552413D-03
  0.12089920745492D+02 -0.30315447201611D+00  0.70494155494700D+01 -0.96355051429386D-04  0.30626953149646D-04 -0.31018921098967D-03
  0.11867340163709D+02  0.36275500763635D+01  0.52235123384374D+01  0.88886861388950D-04 -0.52857118416147D-04 -0.38287296401918D-04
  0.14163884881972D+02  0.39763730479425D+01  0.64781643433568D+01  0.70481133304844D-04 -0.29311124259925D-03 -0.92557620959083D-04
 -0.53767076880817D+01 -0.10765168259295D+02  0.73229854966775D+01  0.19509506147238D-03  0.27574573426203D-04 -0.15049947555111D-04
 -0.29227992174360D+01 -0.98333039585840D+01  0.10888704055257D+02  0.50182748974337D-04  0.10673372550872D-04  0.68340265876524D-04
 -0.40372533197309D+01 -0.12089542623690D+02  0.11978028343486D+02 -0.10761711048375D-03  0.23736918323373D-03 -0.99021155298994D-04
 -0.74546134530214D+01 -0.26566236585696D+01  0.29773176629054D+01 -0.43508684195926D-04 -0.15565582509639D-03  0.10989177345056D-03
 -0.53969166611478D+00 -0.43625447625728D+01 -0.17796394406209D+01 -0.11230532752057D-03 -0.16322281317306D-03 -0.45023755236045D-03
 -0.60638216728361D+01 -0.11975253217973D+02  0.11945762387317D+02 -0.16099499915888D-03 -0.46762504481128D-03  0.65098081181161D-03
 -0.32685003601108D+01 -0.12056762949922D+02  0.13931101447053D+02 -0.73838921259917D-04 -0.81446424592266D-03 -0.27460583780448D-03
 -0.30696977619213D+01 -0.13720892628426D+02  0.11035154916787D+02 -0.31171679840368D-03 -0.57795357589985D-03 -0.77772863130486D-03
  0.15004447956212D+02  0.19902369031861D+01  0.69712544882205D+01  0.36895158388937D-03 -0.39280938583911D-03 -0.65365863965086D-03
  0.13620246651603D+02  0.50270558589279D+01  0.81307860652499D+01  0.40543968902704D-03 -0.88567650491381D-04  0.78868903018932D-04
  0.15275246246586D+02  0.51896614814453D+01  0.51604482489504D+01 -0.14463694299618D-04 -0.21829621569895D-03  0.46394531745193D-03
  0.64780355053143D+00 -0.51473712448385D+01 -0.24522149136966D+00  0.76994668439865D-03  0.27508423440563D-03 -0.39918162111110D-03
  0.56361139259356D+00 -0.32406536136195D+01 -0.32020899038308D+01 -0.98528233012819D-04 -0.34150035191586D-03 -0.17770845465638D-03
 -0.13783423961195D+01 -0.58660776608600D+01 -0.30525902116705D+01  0.31201403146573D-03 -0.18751321409559D-04  0.35369195791813D-03
 -0.84171963040021D+01 -0.24303362139488D+01  0.47745724573894D+01  0.57156685984241D-03 -0.14627585011284D-04 -0.38326698078828D-03
 -0.78243553610373D+01 -0.45088451429526D+01  0.22932280475458D+01 -0.29002398147934D-03  0.32776298835954D-03 -0.11728466093037D-02
 -0.83858882853006D+01 -0.15459107043423D+01  0.13099352046045D+01  0.40635319090992D-03  0.12456439114116D-03 -0.32039122977157D-03
 -0.45244830349833D+01  0.10042592354248D+02 -0.47992848975897D+01 -0.42234319195336D-03 -0.45752837468803D-03  0.13278393046137D-03
 -0.67974342225124D+01  0.11196050528572D+02 -0.25160705143944D+01 -0.34198315598123D-03  0.40136323441160D-03 -0.20272652655813D-03
 -0.78474369767883D+01  0.90486565666125D+01 -0.50029386146260D+01  0.62179295313283D-03  0.55702349007216D-04 -0.97103097127868D-05
 -0.48678466060822D+01  0.74332922197352D+01  0.55715070582259D+01  0.29905093232421D-03  0.25247792179480D-03 -0.29603168276884D-03
 -0.56436096683109D+01  0.51358768228975D+01  0.66763628528492D+01 -0.82642299813233D-04  0.26561816018044D-04  0.29780440316060D-03
 -0.38666627051876D+01  0.39128069084365D+01  0.84587091625160D+01 -0.26438590693226D-03  0.39847819794994D-04  0.10975823748559D-03
 -0.11903276937780D+01  0.47302920047331D+01  0.83589194474886D+01 -0.68737746315800D-04 -0.48019189749187D-04  0.55401542271525D-03
 -0.52686297438017D+00  0.67840670555318D+01  0.67533237386104D+01 -0.57091822258314D-03 -0.29987060362671D-03  0.13008850042511D-03
 -0.23478808093529D+01  0.81261028383547D+01  0.54495698569962D+01  0.33883377444789D-03  0.52435479196140D-03  0.23428582403281D-04
 -0.43983385238243D+01  0.17421705047548D+01  0.99008245208637D+01  0.76292229920879D-04  0.13819427270571D-03  0.40004599706780D-03
 -0.25172517173613D+01  0.99642314018708D-01  0.10739768755213D+02 -0.16355609066960D-03 -0.19629532948544D-03  0.56616651222659D-04
  0.35566115358624D-01  0.94600407674241D+00  0.10305707848927D+02 -0.12214996432833D-04  0.30588171877902D-04  0.27651528991206D-03
  0.66147543991235D+00  0.31324983060292D+01  0.91725406352495D+01 -0.65671991083641D-04  0.63015472854752D-04  0.31922266688112D-04
 -0.69813679625619D+01  0.91354949233749D+00  0.10458953009466D+02  0.11562287283323D-03 -0.22414165113665D-03  0.28218979834220D-03
 -0.73683020591796D+01 -0.16114564844700D+01  0.11388849810443D+02 -0.69064221872702D-04  0.25079959360106D-03 -0.14069495960827D-03
 -0.53420604122274D+01 -0.32232091237651D+01  0.11972090118058D+02 -0.18890422793096D-03 -0.68406699060333D-04 -0.27197203153567D-04
 -0.29495641735679D+01 -0.24155340275984D+01  0.11693914545942D+02 -0.18091885565049D-03  0.21163012656123D-03  0.28337579083048D-03
 -0.86117480171084D+00 -0.40277123025328D+01  0.12109081966302D+02  0.58577106592203D-04 -0.14705134680910D-03 -0.27227392869778D-03
  0.15908192695564D+01 -0.31600790174644D+01  0.12182211059582D+02 -0.10383082311521D-04 -0.21339034783974D-03 -0.27430919744623D-03
  0.20126545137725D+01 -0.67495396725907D+00  0.11263212789947D+02 -0.22433523643294D-03 -0.62308523718171D-04  0.30060136718568D-04
 -0.89559278439902D+01  0.28065657299204D+01  0.10826283035253D+02 -0.22727427793774D-03 -0.17094023691570D-03  0.27960069398821D-04
 -0.11414040533487D+02  0.18270234249377D+01  0.10988178326345D+02 -0.16935099801396D-03 -0.97526353045114D-04 -0.73883273187057D-04
 -0.11842391731399D+02 -0.76937802258738D+00  0.11506704884955D+02  0.41055429951836D-03  0.14106669202082D-03  0.13630671385548D-03
 -0.98343226168865D+01 -0.24064321475437D+01  0.11658618639065D+02  0.28677973407196D-03 -0.36067494236295D-04 -0.27041917273228D-03
 -0.81287488509063D+01  0.52923238963040D+01  0.11093589003365D+02  0.17071420050590D-03  0.97719860220871D-04 -0.87505384840485D-04
 -0.76528897148305D+01  0.35647263757840D+01  0.61606371705688D+01 -0.16538594450355D-03 -0.19527180331637D-03 -0.26708310326058D-03
 -0.18382382090967D+01  0.10310224316382D+02  0.39290996727489D+01 -0.41178132747066D-03 -0.21493178220864D-04 -0.18545834114711D-03
 -0.14234660425414D+02 -0.17450819326907D+01  0.12275947634071D+02  0.46246223413371D-03 -0.15842662338413D-03 -0.26320822664621D-03
  0.14127727796030D+01  0.71834564798951D+01  0.67215273867447D+01 -0.15011380631185D-03 -0.30740705095468D-03  0.74521636414554D-04
 -0.59686496305382D+01  0.82507156965096D+01  0.42175854215390D+01  0.57617733441916D-03  0.12723975146372D-03  0.66433009911651D-03
  0.39263877868719D+01 -0.83587300145867D-01  0.11105029441048D+02  0.21228469222352D-03  0.44811591630246D-03  0.15582031257139D-03
 -0.12318877697255D+01 -0.59391864255461D+01  0.12450306069130D+02 -0.33116149865147D-03 -0.41670130171281D-03 -0.22374337626615D-03
 -0.10264042120213D+02 -0.44740891011435D+01  0.12363335572699D+02  0.62346848564940D-03 -0.14915869547345D-03 -0.14074412322320D-03
 -0.12993507410410D+02  0.30582128716094D+01  0.11114131799547D+02  0.40547415310046D-03 -0.32307798936238D-03  0.19744668682143D-03
  0.30258163880307D+00  0.10597592249148D+02  0.29987925066911D+01 -0.38772058972732D-03  0.20989585651006D-03  0.50990146890351D-03
 -0.37436303699829D+01  0.12002004970202D+02  0.35703700992141D+01  0.16014342818300D-03 -0.68174099081037D-04 -0.31708078368897D-04
 -0.30402218552364D+01  0.13845926238962D+02  0.17503031462423D+01  0.17519244617940D-03 -0.29907951136426D-03 -0.12867845289229D-03
  0.38697585088190D+01 -0.50403283785093D+01  0.12600598713671D+02  0.15596792162481D-03  0.46730753423267D-03 -0.31151210723333D-03
  0.37298819954001D+01 -0.70671055708214D+01  0.13653236039546D+02  0.60269311862538D-03 -0.23251847007919D-03 -0.11323331251567D-04
  0.59880373623617D+01 -0.41788890789632D+01  0.11425266257801D+02 -0.23511380147505D-03  0.11540952255424D-03  0.92065382499264D-04
  0.81603904250514D+01 -0.55435141549642D+01  0.12072610503270D+02  0.29226223153944D-03  0.31286143278055D-03  0.30893769538548D-04
 -0.16088106203222D+02 -0.39425813221981D+00  0.12419929269690D+02 -0.18003507665009D-04  0.34893482520324D-03  0.45824358119699D-03
 -0.14257733910826D+02 -0.42906978175749D+01  0.12958458938092D+02 -0.14909697779300D-03  0.11768998548577D-04 -0.16581712084163D-03
 -0.16609572916132D+02 -0.52039641901195D+01  0.13892947487999D+02 -0.16797073725034D-03 -0.10018775783197D-03  0.15548080935036D-03
 -0.98578635830086D+01  0.71704371519756D+01  0.10726214973481D+02 -0.26193266409632D-04  0.44056083267028D-03 -0.10332069230423D-03
 -0.89723847578802D+01  0.43053550492086D+01  0.40169215827224D+01 -0.35702578407480D-03  0.97174485940244D-04  0.15867151637645D-03
 -0.18237988469753D+02 -0.46090933261495D+01  0.12579436020434D+02  0.15128621174965D-04 -0.54236176583195D-03 -0.53891215803322D-03
 -0.16925486448946D+02 -0.42636536283580D+01  0.15700598159729D+02  0.51169703163234D-03 -0.63500908595483D-03 -0.30260743638501D-03
 -0.16760682668355D+02 -0.72756466861916D+01  0.13987207786746D+02 -0.76524872391746D-03  0.46189020489002D-03 -0.18169067531126D-03
  0.73123658219655D+01 -0.74892955032074D+01  0.12290341037281D+02 -0.13090089932223D-03  0.13356001890054D-03 -0.96210346909054D-04
  0.91802373032741D+01 -0.46098614680692D+01  0.13576255680551D+02 -0.26860490697689D-03  0.47860060156628D-03 -0.38297832526700D-04
  0.96530672688638D+01 -0.53141605950342D+01  0.10700843119777D+02  0.74361091593214D-05 -0.14270146171566D-03 -0.32863524989360D-03
 -0.10138525470422D+02  0.60290894573215D+01  0.40655112597139D+01 -0.55223003935773D-03  0.44736680444774D-03 -0.60886160342509D-03
 -0.10166825594286D+02  0.26824000051433D+01  0.35754941959488D+01 -0.44066392250157D-03 -0.36645342691426D-03  0.20724066538564D-03
 -0.75110197258178D+01  0.46443161782269D+01  0.25858391255576D+01  0.15318289918826D-03  0.46399956068891D-03  0.72498132500146D-03
 -0.91116931751756D+01  0.91327488341865D+01  0.10449660969164D+02 -0.30594672192998D-03  0.12933449467231D-03  0.22997796521537D-04
 -0.11353186841043D+02  0.72608425310523D+01  0.12045956046255D+02 -0.96878408032976D-04  0.40890033716230D-03  0.48307439491469D-03
 -0.10715041750612D+02  0.68262018378659D+01  0.89701629911282D+01  0.82725548965472D-04 -0.44922452927221D-03 -0.55383291593552D-03
 -0.18466127129371D+01  0.12801378341051D+02  0.28589691163419D+00  0.25339435032205D-03  0.54482363854716D-03 -0.56434950173135D-03
 -0.19757622430861D+01  0.15407971884445D+02  0.24123791683207D+01 -0.39999907326898D-03 -0.85738118622053D-04 -0.40110526899808D-03
 -0.47530284226244D+01  0.14734426345864D+02  0.89718060447288D+00  0.22404383421130D-03 -0.28462398090603D-03 -0.33821850725535D-03
