 -1.0
 -0.51818062452357D+01  0.20344427212150D+01 -0.73572680903796D+00  0.10040137306665D-03  0.29064811982601D-04  0.15582481852242D-03
 -0.40846371160112D+01 -0.27357186134684D+00 -0.26864637041819D+00 -0.75751860260342D-04 -0.57438433768106D-05 -0.55499106537541D-04
 -0.19916025759970D+01 -0.41291603399847D+00  0.15476145687539D+01 -0.49723125002447D-04 -0.11272273137877D-03  0.34938877293930D-04
 -0.74151426095054D+00  0.19088988856062D+01  0.20921262104005D+01  0.69331170951601D-04 -0.36672593104172D-03  0.28094946569467D-04
 -0.19022129426142D+01  0.42430201010524D+01  0.15411653294237D+01  0.10510677418501D-03 -0.68180105811148D-03  0.26349387557872D-03
 -0.41019434238874D+01  0.43468426897788D+01  0.40563351236786D-01  0.33875307387518D-03  0.58144874764447D-03 -0.34567657700526D-03
 -0.13918657565271D+01 -0.26394142112543D+01  0.28674502058172D+01  0.50116039599699D-04  0.22490563365628D-03 -0.14385370553995D-03
  0.11390716704001D+01 -0.27667262927399D+01  0.37785346316492D+01 -0.33412004643868D-03 -0.36412959607873D-04  0.29049091788987D-03
  0.26819141627677D+01 -0.61632047953311D+00  0.40695446777339D+01 -0.36597441106436D-03 -0.19928779957652D-04  0.19584940229430D-03
  0.16758054561813D+01  0.16985360749191D+01  0.33792421883180D+01  0.24868027274217D-03 -0.74929535291622D-04  0.32761032357330D-03
 -0.29860688161976D+01 -0.49124675027165D+01  0.31634120691745D+01  0.16835648489943D-03  0.13659247890336D-03  0.28006364742710D-03
 -0.17100577941308D+01 -0.72433708723867D+01  0.34834848443799D+01 -0.35328777095909D-03 -0.27233875998284D-03 -0.36711347739339D-03
  0.87611916058954D+00 -0.74305949548777D+01  0.40047803363481D+01 -0.89923336608249D-04 -0.21193140200612D-03  0.96272548111931D-04
  0.21808243521567D+01 -0.52327019853322D+01  0.44682328092170D+01 -0.28591953755204D-03  0.46010966549834D-03 -0.53677156563891D-04
  0.46940333151458D+01 -0.51013921233597D+01  0.55153456545256D+01 -0.24452264174586D-04  0.93544381473291D-04 -0.39125332478981D-03
  0.60976512072346D+01 -0.29346908719847D+01  0.58405560089601D+01  0.38791293611943D-04  0.62749236149782D-04 -0.16729307461061D-03
  0.51572843008538D+01 -0.61864357491696D+00  0.49615700182497D+01  0.39471379392505D-06  0.40330568169365D-03  0.51636734601403D-03
 -0.57561084437265D+01 -0.50925602270098D+01  0.30797558002658D+01  0.82297838910710D-04 -0.16140836873396D-03  0.29631644999779D-03
 -0.69829101556497D+01 -0.73804072989539D+01  0.33798392015570D+01 -0.81902683629099D-04 -0.38034752176805D-04 -0.59971958482011D-03
 -0.55865852622256D+01 -0.96229655448402D+01  0.37533353998086D+01  0.15811563438511D-03 -0.10229544010834D-03 -0.36091006211603D-04
 -0.30177076351690D+01 -0.94340913404362D+01  0.40413573617473D+01  0.34655557680849D-03  0.38300286967924D-03  0.30161814369397D-03
 -0.70162081207009D+01 -0.28101070243442D+01  0.30286293124145D+01 -0.20817018326307D-03 -0.13061453417865D-04  0.11820370489253D-03
 -0.46950533288863D+01 -0.25807706655905D+01 -0.15113579118023D+01 -0.10420528717712D-03  0.22045019413076D-04  0.60355143835367D-03
 -0.57418593634724D+01  0.66751235756530D+01 -0.33629391592175D+00  0.94967328781013D-04 -0.13162963027396D-03 -0.31080778366141D-03
 -0.70866727795798D+01 -0.11952356532681D+02  0.44497061759575D+01 -0.16207992634109D-03 -0.22899313377986D-03 -0.32653942943230D-04
 -0.92288761653430D+00  0.59995745193675D+01  0.22211893389896D+01  0.63137790689863D-04 -0.34870123434860D-03 -0.37971524699331D-03
 -0.69180325276973D+01  0.21164582182156D+01 -0.17097095965729D+01  0.87777590341278D-04 -0.35980724907538D-03 -0.24866626842466D-03
  0.60565120829300D+01  0.11514107233609D+01  0.51635236896455D+01 -0.73881208791516D-03 -0.20700840673964D-03 -0.13157391625642D-03
  0.56857417539917D+01 -0.68385970004227D+01  0.60346571927167D+01 -0.33434938859764D-04 -0.66289253224796D-04 -0.77497566469181D-03
 -0.20044053159366D+01 -0.11223375282098D+02  0.44121701795375D+01 -0.10412046114018D-02 -0.52711145178752D-03 -0.24066301460987D-03
 -0.90134455294669D+01 -0.73631250974829D+01  0.32543625637666D+01 -0.19861071211847D-04 -0.97995371695536D-04 -0.12097286559414D-03
 -0.78516348335348D+01  0.65851002618973D+01 -0.10844092783392D+01  0.14253694277963D-03 -0.30861162679846D-03  0.12082108916174D-03
 -0.43896510818915D+01  0.86497037031815D+01  0.73057230693680D+00 -0.12802724537177D-03  0.30540616203016D-04  0.20344760427472D-03
 -0.58713460096818D+01  0.10849004994719D+02  0.97253165826983D+00  0.15079987715590D-03 -0.31856549636725D-03  0.10595628775773D-03
  0.86401832967517D+01 -0.32354135418207D+01  0.69682591267852D+01  0.41711088990442D-03 -0.90720647237588D-04 -0.22075665112273D-03
  0.10376058566733D+02 -0.22056862588717D+01  0.59483870650340D+01 -0.34883185857169D-04  0.27895418656041D-03  0.13027760940814D-03
  0.84996097153252D+01 -0.46535676030788D+01  0.91684791322104D+01 -0.36427701473857D-03  0.86575235617842D-04 -0.10080562679523D-03
  0.10894367831038D+02 -0.51833918919887D+01  0.10310369501612D+02  0.42575898838964D-03  0.25349017530858D-03  0.11190824301437D-03
 -0.91890978560754D+01 -0.11778228722735D+02  0.53656105340898D+01 -0.96433686630435D-04 -0.12021034318914D-03  0.14109453992051D-03
 -0.58712414229406D+01 -0.14208556571301D+02  0.39742961669052D+01  0.63878052447608D-04  0.13604107232496D-03 -0.16027469674215D-04
 -0.73158342205687D+01 -0.16053442085420D+02  0.52625027394398D+01  0.87959832047350D-04  0.18067534042080D-03 -0.29868947567499D-03
 -0.95412533508674D+01 -0.31063089593090D+01  0.19031039714198D+01  0.13673884980303D-03  0.51261099286763D-04 -0.55283977076077D-03
 -0.59613054428590D+01 -0.25585500199518D+01 -0.40708599742284D+01 -0.22257035803370D-03 -0.19145070642069D-03 -0.48674963122648D-03
 -0.85464054671834D+01 -0.15051430382622D+02  0.66108445789754D+01  0.37673688960962D-03 -0.45663004681068D-03 -0.10404600817745D-03
 -0.59061256484598D+01 -0.17514184783873D+02  0.61499565381555D+01  0.79307931462605D-04 -0.95038418425391D-03  0.90617262949614D-03
 -0.87723809918276D+01 -0.17032393882747D+02  0.40041353473776D+01  0.41108688584384D-03 -0.38516211419637D-03  0.42122350052182D-03
  0.10888387284035D+02 -0.72120354303810D+01  0.10545653111586D+02  0.95935160397845D-03  0.10264018405006D-03  0.46941378433746D-03
  0.10871099964122D+02 -0.42719586059647D+01  0.12112392586052D+02  0.19482897382014D-03 -0.86449980406603D-04 -0.32155551104729D-03
  0.12383345136184D+02 -0.46654924384821D+01  0.88921741498602D+01 -0.36664340558243D-03 -0.53015887341201D-04  0.86150684875963D-04
 -0.49954782847657D+01 -0.39971532559502D+01 -0.51248149734841D+01 -0.10537287116752D-03 -0.24151257596328D-03 -0.74153737367829D-03
 -0.61255923700621D+01 -0.64700842299483D+00 -0.50793024387119D+01  0.32882849304591D-03 -0.17748493872532D-03  0.45173737985331D-03
 -0.79119120717367D+01 -0.29834056873532D+01 -0.39731665876950D+01  0.33139659720967D-05 -0.66127498070300D-04 -0.58533868973914D-03
 -0.92351569069056D+01 -0.42457053130652D+01  0.43413874175776D+00 -0.49482183800401D-03  0.73123145394542D-03 -0.49526681610857D-03
 -0.10478408543174D+02 -0.13294579640010D+01  0.15600898105202D+01 -0.31417185072687D-03  0.34454674042267D-03  0.84450390267215D-03
 -0.10982534357525D+02 -0.39015600478375D+01  0.32000311469440D+01 -0.67871152080390D-03 -0.80110826152974D-03 -0.27275523074464D-03
 -0.49831786372975D+01  0.12357740739010D+02 -0.86657709258753D-01 -0.17020805620580D-03  0.74702824939122D-04 -0.13758199993832D-03
 -0.59865251849771D+01  0.11303896221571D+02  0.29593274466743D+01  0.52392515913890D-03 -0.21678632669749D-04  0.40098833397762D-03
 -0.76759714473504D+01  0.10495664919183D+02  0.19710646998223D+00  0.20748760741594D-03 -0.62872354852683D-03 -0.62333187349743D-03
 -0.60403609926975D+01  0.90888936190411D+01  0.72566521152883D+01 -0.11329465708990D-03  0.24767988433253D-03  0.17720257833694D-03
 -0.52242737079368D+01  0.66838289672658D+01  0.73536496597821D+01  0.22189029012353D-04  0.20123611744334D-03 -0.51351406469940D-04
 -0.29023067709321D+01  0.59908344367293D+01  0.86700852035652D+01 -0.12309487221726D-03 -0.75557722394523D-04  0.22645734410477D-04
 -0.11579978928939D+01  0.80369557100890D+01  0.89705612715093D+01  0.11109291130642D-03  0.60231086986216D-04  0.37137565428328D-03
 -0.20973108668512D+01  0.10450512929297D+02  0.87419558712582D+01 -0.27093545934034D-03 -0.41868264131664D-03 -0.31771711638351D-03
 -0.44220149931675D+01  0.11051228334929D+02  0.78598465327416D+01  0.23561820242323D-03  0.34570229792307D-03 -0.55122082755515D-03
 -0.22680083779204D+01  0.36061931508504D+01  0.95163691897343D+01  0.80638089895386D-04 -0.30679990496784D-03 -0.90275873854099D-04
  0.33761326505823D+00  0.31908710251515D+01  0.98336032138764D+01  0.26027899461158D-03  0.39212174373669D-03 -0.93548552256566D-05
  0.21133621921197D+01  0.52014367682395D+01  0.98210439530680D+01  0.17335850100034D-03 -0.18189742292719D-03  0.79630148145161D-04
  0.13286739722518D+01  0.76380543729585D+01  0.95021057751576D+01  0.10139316165810D-03  0.13605068286219D-03  0.16320515689179D-03
 -0.39538336236664D+01  0.16947724048385D+01  0.10007130006769D+02  0.42274593495763D-03  0.85638361942847D-04  0.23529559471016D-03
 -0.27857473129345D+01 -0.70214865856491D+00  0.10264966287617D+02 -0.23585841134720D-03  0.19568152364138D-03 -0.29133335904533D-03
 -0.32482386965773D+00 -0.12366358234404D+01  0.10480521507466D+02  0.16308703061546D-03 -0.18097498883740D-03  0.72214853983020D-04
  0.12197859146753D+01  0.71789440240042D+00  0.10544801178723D+02 -0.46383852613404D-04 -0.24719555619314D-03 -0.61557387079374D-04
  0.38633245422983D+01  0.36911320747483D+00  0.10903514613439D+02 -0.28286916643511D-03  0.31809398784231D-04 -0.35461593695039D-03
  0.55876626000001D+01  0.22872920137968D+01  0.10624947297946D+02  0.28551256348881D-04  0.10611616546881D-03 -0.40894578299225D-03
  0.46293449740802D+01  0.45742193306750D+01  0.99998169115669D+01 -0.24970227153807D-03 -0.39662145651133D-03  0.36333573004737D-04
 -0.67704995934548D+01  0.16446656242152D+01  0.10274442731857D+02  0.49465956393392D-04  0.73162851516812D-03  0.30138324410823D-03
 -0.80285041448081D+01 -0.70737930920355D+00  0.10243738658735D+02 -0.21577548428713D-03  0.11842556343105D-03 -0.19373528923123D-03
 -0.68861327704476D+01 -0.29967251789470D+01  0.10443312338403D+02  0.38864433313164D-03 -0.96505282756406D-04  0.34931201599577D-04
 -0.42695973449611D+01 -0.29403714236184D+01  0.10261580476315D+02 -0.21156342173998D-03 -0.24783024656382D-03 -0.35358788976664D-03
 -0.82018689393665D+01  0.37347924222100D+01  0.10890893316900D+02 -0.17633874575319D-03  0.41808652739435D-03 -0.82768969266123D-05
 -0.65904425461115D+01  0.45809996505383D+01  0.63450808102007D+01  0.10000717888131D-03  0.26674037625373D-03 -0.31998563642085D-04
 -0.51210217633171D+01  0.13840996097927D+02  0.75676836031899D+01  0.62734841330376D-04 -0.12203688617544D-04  0.61250603839719D-03
 -0.83287008844567D+01 -0.54168687309117D+01  0.10527153116013D+02  0.16516424918753D-03  0.94566273196210D-05  0.11469849281265D-03
 -0.55899725404414D+00  0.11907284010348D+02  0.87309381698033D+01  0.53779014660495D-03  0.51585646083454D-03  0.11307817818626D-03
 -0.77452984131367D+01  0.95049000471862D+01  0.64935065977999D+01  0.60426487887739D-03  0.15937198716730D-03  0.14543095634942D-03
  0.59877078406287D+01  0.61114403565498D+01  0.98953831382678D+01  0.19714000309080D-03  0.44899876459206D-04  0.54451057149585D-03
  0.47256263753705D+01 -0.13904551039127D+01  0.11658735755718D+02  0.42607131286969D-03  0.16614302447155D-03  0.51979175512688D-03
 -0.34443551334170D+01 -0.47811693760913D+01  0.10241478527735D+02  0.23617998123092D-03 -0.56650219170126D-03 -0.14833069278824D-03
 -0.99416488331363D+01 -0.51567815574969D+00  0.10821329758865D+02  0.10963145265887D-03 -0.41563742405442D-03  0.95945461337076D-04
 -0.65626745101818D+01  0.14285039433190D+02  0.58107647803406D+01 -0.27242019801640D-03  0.31311517602711D-04 -0.84179884833326D-04
 -0.41435493316465D+01  0.15774158232021D+02  0.90742939399641D+01  0.11434987082765D-04 -0.42780087138530D-04 -0.11521123999499D-03
 -0.50040126825189D+01  0.18107879049554D+02  0.82496115276925D+01  0.59359887141358D-04 -0.12101074534090D-03  0.76070157033772D-03
  0.82526385397136D+01  0.20116483204745D+01  0.11402573824453D+02 -0.93968871120913D-04  0.16672255725911D-03 -0.29683092545682D-03
  0.86432136584962D+01  0.56250343961975D+00  0.13223477441984D+02  0.21397765495321D-04 -0.16646279327135D-04 -0.16004629619349D-03
  0.10039536254008D+02  0.32786051739068D+01  0.99957622669899D+01 -0.81352934535607D-04 -0.20157371432413D-03  0.28150919994147D-04
  0.12508422873516D+02  0.26492128099463D+01  0.10785197692632D+02 -0.48135313694748D-03 -0.24876917886236D-03  0.49770704763361D-03
 -0.10586608591935D+02 -0.56621612710945D+01  0.98565130890828D+01 -0.16838023439581D-03 -0.16590269138099D-03 -0.66721759166602D-04
 -0.70602526678333D+01 -0.74249481299483D+01  0.11409577847414D+02  0.14190139526162D-03 -0.71986242257000D-04 -0.62857539070019D-05
 -0.87737002153427D+01 -0.94701279663657D+01  0.11346207997110D+02  0.87388493381105D-04  0.37259828004026D-03 -0.21205842141693D-03
 -0.75915665297799D+01  0.54382029753765D+01  0.12756414772338D+02 -0.20171921302778D-03  0.47362674097866D-03  0.69534541083606D-04
 -0.84255170820915D+01  0.49406010933528D+01  0.46220804036246D+01  0.11214322778373D-03  0.15635117784053D-03  0.15529624580932D-03
 -0.75079105574008D+01 -0.11118790532344D+02  0.10933408001242D+02 -0.83592790485343D-04  0.49088151840055D-04 -0.15507921695696D-03
 -0.10105897754180D+02 -0.92117289222385D+01  0.97804477321274D+01 -0.26337836308673D-03 -0.17525223381990D-05 -0.53722941758896D-05
 -0.95107216733594D+01 -0.10015898269789D+02  0.13241819490304D+02  0.59642234073164D-03 -0.31641241253083D-03  0.84986196357918D-03
  0.13676583877261D+02  0.45280577293706D+01  0.10630856105431D+02 -0.10201922161445D-03  0.64622387416276D-03 -0.71409085224354D-03
  0.13068587708391D+02  0.12727452020495D+01  0.93150521482641D+01  0.36566871966082D-03 -0.13742022053577D-03 -0.59547883819478D-04
  0.12327015806501D+02  0.20319643267565D+01  0.12729650558339D+02 -0.42377531653948D-03 -0.35652318828487D-03 -0.14243457770990D-03
 -0.74643595193671D+01  0.61417458582840D+01  0.31025205536582D+01  0.36191503875162D-03 -0.74141500047797D-03  0.42657527893946D-04
 -0.98047701409467D+01  0.60314891783432D+01  0.54152032695009D+01  0.87483918626132D-04 -0.48530217307278D-04 -0.20025143006693D-03
 -0.92726737826080D+01  0.31975678121079D+01  0.39683411983548D+01  0.38311038753856D-03  0.17678377724283D-03 -0.12351861384884D-03
 -0.90316609153156D+01  0.52253579207108D+01  0.14218768156395D+02  0.12874878388758D-03  0.39247721187441D-03 -0.19155123142297D-03
 -0.74263701330806D+01  0.74384147413630D+01  0.12415749821602D+02 -0.34780161785671D-03  0.35570471438177D-03 -0.12095354831252D-03
 -0.58558835734683D+01  0.45498084857865D+01  0.13682655287685D+02 -0.25383260506507D-03  0.57155070585827D-03 -0.23846592357676D-03
 -0.67763863816323D+01  0.18121714007519D+02  0.69022190483145D+01 -0.59565802357445D-03  0.27223028865025D-03 -0.31980042072142D-03
 -0.36062180721399D+01  0.19174083453411D+02  0.69380638593054D+01 -0.23632269537721D-03 -0.65068037824537D-03  0.20640336541344D-03
 -0.55573926971489D+01  0.19629671052032D+02  0.96436438497690D+01  0.48317276541867D-03 -0.38348625741362D-03 -0.21450036790978D-03
