$coord
       -4.63812825697516        2.50707704249677       -0.33119377115136      C
       -4.04628753620069        0.01182726725608        0.05533360716437      C
       -2.31836758701207       -0.69265992661543        2.22224958325996      C
       -0.64041279540649        1.33214768183299        2.93782904489788      C
       -1.30404436087479        3.79162130489821        2.52218813847970      C
       -3.09270345380775        4.54565728776745        0.80759336795879      C
       -1.95841431283791       -3.17050157739417        3.42458191208296      C
        0.29748894539856       -3.49007204201923        4.84854214749642      C
        2.01181350755043       -1.42014857142513        5.10487584566568      C
        1.51905931997613        0.87916644463178        4.25910273899053      N
       -3.74108853427101       -5.28221114549584        3.48234967945543      C
       -2.58998457749171       -7.75614360551957        3.90146631246237      C
       -0.42581183061507       -8.18460390827228        5.00256740342028      N
        0.97451352084214       -6.05242951819682        5.63925788255160      C
        3.23938833456197       -6.08181069840197        6.86776328102527      C
        5.04048793765031       -4.08745330039942        7.06506748580123      C
        4.32343095463604       -1.83703073657828        6.09002263871266      C
       -6.51873790189618       -5.24447262635580        2.92984549906000      C
       -7.77429119269826       -7.44617978395114        2.16597530832694      C
       -6.56981885823379       -9.64621262431626        2.67942988975210      C
       -4.12799372935768       -9.88538429844325        3.38132788397342      C
       -7.74844035682998       -2.97038259309541        3.01610906648025      O
       -5.12884031286006       -1.94689660613055       -1.32316599011166      O
       -3.52141131736672        7.23684971820086        0.30342434690947      C
       -7.75598667862482      -12.03595401929490        2.19222538515473      C
        0.03879899714871        5.21679176028034        3.19014269916745      H
       -6.10624683147882        2.96902297359235       -1.73047482598199      H
        5.81654379403034       -0.37701714678608        6.05622103316681      H
        3.68170440696537       -7.86851170137555        7.52442131932640      H
       -3.57944464233582      -11.77183703646693        3.81900625777823      H
       -9.77514541995908       -7.44655474028432        1.60178478987205      H
       -5.42301857668993        7.83234333329288       -0.80350815361575      O
       -2.04858674479492        8.83212136736070        1.59640596347220      O
       -3.01941444642745       11.31485976476721        1.15060040310502      C
        7.48387452133041       -4.50359836517266        8.32806603697735      C
        7.86659625743331       -6.31956495506131        9.71689661394566      O
        9.10877297077351       -2.55837884715424        7.83327792982935      O
       11.28604631556615       -2.73993153554858        9.31724878018972      C
       -6.68175341096330      -14.00020588489248        2.77450496332924      O
      -10.26945203212887      -11.73748476397140        1.35568248586857      O
      -11.71293093321657      -13.88693273722862        1.49776280697473      C
      -10.25363678353160       -3.12615997917431        3.64615022766205      C
       -7.59415107238115       -1.35697953370417       -2.19802329312414      C
      -12.19363002942501      -14.19358383636033        3.49416492313405      H
      -10.37373945295659      -15.33943479933534        0.92170775381735      H
      -13.47853867051253      -13.72246780247817        0.65009071949229      H
       11.50582792056081       -4.39408509008079       10.55251069912448      H
       11.32228587171806       -1.33843477366509       10.67389198932772      H
       12.86483334573930       -2.77905236739305        8.08667791053628      H
       -8.98308435594465       -2.87609639902311       -1.96240914195145      H
       -7.53091143045614       -0.61130478605329       -4.18835594036711      H
       -8.12949458103762        0.14746265559098       -0.94072023983939      H
      -11.32400083999210       -2.75453808599188        1.91820065734470      H
      -10.47059578745821       -1.55805848256912        5.10602779661501      H
      -10.80041356963380       -4.92830879337880        4.73177262571111      H
       -1.97789335590604       12.95648796172326        2.19503010639302      H
       -4.96230812779230       11.13933769718356        1.67042369182256      H
       -2.80986021562780       11.61724260781632       -0.80565233561053      H
       -5.77281045176777        8.30635890068938        6.24723614266723      C
       -4.84912276587061        5.93330784120167        6.77631546064637      C
       -2.57328044206605        5.88574390958604        8.52708448567089      C
       -1.32734245186360        8.26849681554681        8.85389595775311      C
       -2.46234403481781       10.61490366952481        8.10933380228751      C
       -4.77235809547595       10.71416437847784        6.90526512495385      C
       -1.61358915822576        3.62964781550834        9.70851446939702      C
        0.86576313468319        3.77785054787229       10.62329664106755      C
        2.19180621555880        6.00300634886336       10.30570037115110      C
        1.05579312699572        8.25402079441061        9.80118596385719      N
       -3.00664334407813        1.41734893853674        9.86371969252509      C
       -1.59107911091518       -0.71726844278207       10.72757935925321      C
        0.91293297703652       -0.62673193521673       10.93316434455167      N
        2.20571785924950        1.49609474436619       11.00453846270338      C
        4.68154732187016        1.54137572775299       11.55938760630598      C
        6.08577692238916        3.80532004969629       11.33698464558613      C
        4.94699105731563        6.05538284142530       10.67337547856176      C
       -5.75117177553873        1.28374591852053       10.13308744183011      C
       -6.83404407750420       -1.11696274900180       10.08118568525358      C
       -5.39561526909036       -3.30551576932424       10.02109143693378      C
       -2.77269101400497       -3.02765794665465       10.28550001607860      C
       -7.13036952596428        3.56452493693521       10.62818345750938      O
       -5.72475573213637        3.72924015239284        5.91277161244976      O
       -5.80396763590907       13.25865444821423        6.35866268688750      C
       -6.49928036768347       -5.85443267622909       10.19088994615137      C
       -1.37340488813556       12.43251915083013        8.10861704779999      H
       -7.34780906599796        8.38209338697358        5.07716074026330      H
        6.21091178358698        7.78841066361732       10.72674132676457      H
        5.80735776924547       -0.20360978847805       11.59663667840056      H
       -1.84691670823024       -4.77070876100255       10.50212113312901      H
       -8.97811842987440       -1.08324130235642       10.06647506248616      H
       -4.81856548333783       15.15145361720772        7.41687531748608      O
       -7.76299314157931       13.22865295510496        4.78594659409693      O
       -8.46469376857561       15.81842345883704        4.31650547713825      C
        8.84430549225442        3.47539159641732       11.77545830020253      C
        9.76202031399076        1.61307593093245       12.81361238484293      O
       10.31007200158109        5.56729159662852       11.44851585872600      O
       12.75408602218652        5.59091369559296       12.70015407892242      C
       -8.75585365615114       -6.17372079286488       10.38808600235089      O
       -4.84969009863128       -7.83814469310315       10.06272700514301      O
       -6.24396523683938      -10.05522517053833       10.81819029941330      C
       -8.73320052132040        3.08200129839504       12.93651403461698      C
       -8.19823223082186        4.05182227688373        4.86436971635711      C
       -6.68241043998059       -9.86236574607220       12.83358468031522      H
       -5.05006345983768      -11.68927494368183       10.69625155374643      H
       -7.82983256504129       -9.97417565516391        9.45957656376674      H
       13.28274236314687        7.48045146035060       13.46020169431036      H
       14.19427707124141        5.16612292248015       11.34500306082109      H
       12.54205095541127        4.15770299180942       14.18846355713789      H
       -9.28767776238552        5.23108226978941        6.21983194369634      H
       -9.21052560287106        2.36264362559400        4.54175304342278      H
       -7.97769078727217        4.93812697997812        2.90537640781238      H
       -7.54276672491243        2.28017503649071       14.44866748339317      H
      -10.41710961632977        2.10515706799388       12.39439874930551      H
       -9.11593382888984        5.01336341075086       13.37190778740496      H
       -8.72418025283046       15.92346319030574        2.21828645879259      H
       -6.84703746558666       16.95062046986435        4.63960951979381      H
       -9.61488172436519       16.39483015395823        5.94248374704528      H
$end
