$coord
       -6.41061049312074        1.99449018138869       -1.22705850156876      C
       -5.37276190239960       -0.25167606066915       -0.14601492134226      C
       -3.33507056469426       -0.03816602781398        1.65750637702745      C
       -1.90230581535164        2.34791392391693        1.70188033684314      C
       -2.92717148618118        4.32776731925226        0.35171140885976      C
       -5.25174523765732        4.23537916299595       -0.75856220954890      C
       -2.28577444352998       -2.11099088328545        3.14655258968882      C
        0.13426657556877       -1.76558902172163        4.05590079605305      C
        1.48601197780579        0.71706532995608        3.86647841697866      C
        0.42237635558755        2.73354241523285        2.69845653462963      N
       -3.70399958756289       -4.31373804728701        3.82429078558066      C
       -2.18065330318659       -6.44261160845518        4.59053709562886      C
        0.42481907319986       -6.32906784595276        5.09344220667991      N
        1.42788946346111       -4.07025785636000        4.66897757664797      C
        4.10604122576022       -3.87638692541294        5.43201170816213      C
        5.19604936505108       -1.57284882175626        5.60451830144918      C
        4.02437198283224        0.75510990232241        4.67088966426167      C
       -6.37318410192771       -4.59462768019962        3.71565572953790      C
       -7.16313704393992       -7.08747324533528        3.44873981042143      C
       -5.78218497478740       -9.42666364572349        3.89541853983759      C
       -3.27985540296998       -8.84304838472769        4.83635836019625      C
       -8.00408125077350       -2.50473192454553        4.02751399322984      O
       -6.23603774988072       -2.85452314242543       -0.96939351845946      O
       -6.18759538400701        6.68588171639869       -1.90154749836488      C
       -6.83090580761763      -11.97394497354552        3.37564731695278      C
       -1.93578779099967        6.07445873262916        0.18778890007031      H
       -7.70999305074317        1.91875231222832       -2.72101696178935      H
        4.88848723040988        2.50183939955704        4.56058567078472      H
        5.25603599345935       -5.45718687385034        6.06914698022671      H
       -2.02371803630764      -10.25915080815401        5.56843431624945      H
       -9.13126406248395       -7.52398445310431        3.09311378776553      H
       -7.64859706033639        6.71427962712466       -3.65260951789193      O
       -5.31971628477794        8.93685197372800       -0.77672712910381      O
       -6.50857651403355       11.09099375710294       -1.76235284337938      C
        7.79709950239947       -1.73728333237398        6.41508838241898      C
        8.74980630474527       -3.77562272376872        6.85975431026579      O
        8.97820628763160        0.42803276415442        6.77168571808456      O
       11.38304454914451        0.04220794743202        7.65499465783684      C
       -5.78057668760783      -13.77052556805636        4.30123232628473      O
       -8.78163690024292      -12.00983589738966        1.47688132332384      O
       -9.52694220036299      -14.43213871023596        0.82153635526297      C
      -10.41256882043962       -3.31158802697804        3.20802764679308      C
       -4.34631608241298       -4.34959157052963       -2.24312361311725      C
      -11.72019347321159      -14.38020114797643        0.75792365418670      H
       -8.69227602415615      -15.58774806070445        2.45420755833697      H
       -8.76460752551930      -14.85871449042795       -1.17509344500008      H
       11.18030385742837       -1.61814855343301        9.05785143812407      H
       11.97891478111208        1.58246180871477        8.76092205329858      H
       12.73077955727299       -0.55701897842581        6.39682471568471      H
       -4.49666654886361       -6.49512140896216       -2.10403004672839      H
       -2.53331223524331       -3.81384972445248       -1.40971759149768      H
       -4.16227457306575       -3.69544309383583       -4.21713498031162      H
      -10.13556552690460       -4.19618315200793        1.35460556512638      H
      -11.72588983388215       -1.62425139614018        3.06422726995789      H
      -11.42292791433060       -4.50357060080342        4.53782814876713      H
       -6.40506440042958       12.57591623201735       -0.40877817282657      H
       -8.65677791862131       10.76226285908359       -2.24614762059254      H
       -5.54046061854788       11.27049408860194       -3.69742415870984      H
       -4.72977638035767        8.20219162051950        6.79059699293741      C
       -4.14987041070027        5.87183266408094        7.35326663752514      C
       -2.13225532963337        5.44756309548596        9.26326185912457      C
       -0.37758682750274        7.53726535560982        9.64054739782043      C
       -1.21075191012444        9.92820578622029        9.17180995064038      C
       -3.35977575452673       10.24890894431366        7.71878749755915      C
       -1.51219480684066        2.95680932957334       10.21431818872260      C
        0.92595153111573        2.80713989794722       11.24068254197786      C
        2.66215545804364        4.87268844809096       11.31836945283891      C
        1.89464994909122        7.24089700137214       10.87544896312015      N
       -3.12590077663199        0.82844345141420       10.75131713055594      C
       -1.98690618089017       -1.51569242405284       11.46609034316104      C
        0.61843362988763       -1.63748493815060       11.67602920873515      N
        1.98875747295997        0.42280790295364       11.96845662506771      C
        4.48896785523810        0.15639874441236       12.93196402322823      C
        5.93476573001684        2.29248040580786       13.21247950919247      C
        5.05085699501542        4.66897345144907       12.53209251201217      C
       -5.84621673679541        1.31627726247606       11.10991552855135      C
       -7.28611806440488       -0.88651688288390       10.96407389792106      C
       -6.22799441307023       -3.22288568758571       11.27754411416812      C
       -3.55854428733732       -3.60370362105888       11.76704224613431      C
       -6.87792761314479        3.69577664110444       11.25915196693214      O
       -5.08747487325875        3.64299490067752        6.23736709685187      O
       -3.87504581849924       12.93908133891730        6.81365280608636      C
       -8.01343821286587       -5.33780487322741       10.72537883074356      C
        0.04663447145587       11.41803045241026        9.47612391975425      H
       -6.19118554254300        8.62729582382173        5.48991661959553      H
        5.97451082075899        6.44859968511165       12.84127267915989      H
        5.31607918240542       -1.74096073760487       13.20711837368114      H
       -2.79290969690478       -5.35533455948679       12.13511450828743      H
       -9.36091852995503       -0.98748711297040       10.49410460126941      H
       -2.28092951423469       14.57179879659015        7.14829951485384      O
       -5.77989415997742       13.29147144986450        5.16787410304127      O
       -5.35111013393962       15.71385720388775        4.07415637824884      C
        8.55295440503426        2.10894288612593       14.41626808957933      C
        9.38496186922050        4.07763372606581       15.30873328345611      O
        9.85870452441926       -0.24736911170476       14.24554441895507      O
       12.61377558085754        0.06307284958670       14.53096396091293      C
      -10.01670650182548       -5.07780290453214        9.55298505964129      O
       -7.00633260356797       -7.62984083953911       11.44697134622512      O
       -8.19159781830708       -9.67164128591507       10.29176014292302      C
       -9.36880767982413        3.77551012964274       11.86938685996161      C
       -7.32600303255892        3.79871486069007        4.73769017829017      C
       -9.44909736622242       -9.20368865748972        8.87799358693993      H
       -8.96709535370873      -10.74064515700164       11.91212597588777      H
       -6.92521416100500      -11.27564297745843        9.57033609813853      H
       13.46773384508064       -1.81182295328713       14.22658124705742      H
       12.79150677821903        0.53781385096882       16.55186758902023      H
       13.21933220075516        1.70550797906705       13.38645831253337      H
       -8.75631102296198        3.92138129745966        6.27070088159030      H
       -7.35200042748673        2.18302835690067        3.38588309337764      H
       -6.95633734345684        5.41844619013737        3.38182203817986      H
       -9.49016588609120        2.54952651434553       13.67571027001930      H
      -10.42977192941287        3.19847670892793       10.27429306928430      H
       -9.99067830566550        5.69290042832375       12.43146964487955      H
       -7.35805361140456       15.99155846940286        3.35267739133486      H
       -3.89516037172350       15.19873069625894        2.64363883076352      H
       -4.69737442393370       16.88994707654195        5.51800359032821      H
$end
