 -1.0
 -0.55943528404313D+01 -0.62415111636751D+00 -0.37906580418486D+01 -0.59519631353463D-03  0.30112856105530D-03 -0.99032563388487D-04
 -0.43584592704298D+01 -0.15203303596339D+01 -0.16141639095998D+01 -0.15964467338529D-03  0.14790138153120D-03  0.26127039318003D-03
 -0.30228101992347D+01 -0.37752088375939D-01  0.83293900037729D-01 -0.77897757142610D-04 -0.29174043580814D-03  0.11864473995761D-03
 -0.26119534735146D+01  0.26607062003449D+01 -0.84742927058370D+00 -0.49601698275949D-04  0.13928703828148D-03  0.64056159578310D-04
 -0.42090432463990D+01  0.35762211404577D+01 -0.28987636214741D+01 -0.23250058996270D-04 -0.15769751707122D-03 -0.29785454913038D-03
 -0.56740044896947D+01  0.19487874072311D+01 -0.43801964254186D+01  0.10697988164098D-03  0.68323851474522D-04  0.21174351620951D-04
 -0.18418765860803D+01 -0.79350806131149D+00  0.23466865301692D+01 -0.70563488202445D-04  0.22678228874941D-03  0.32961361016594D-03
  0.22979803623850D+00  0.65616312805818D+00  0.31819364672935D+01 -0.13365349425326D-03 -0.19630745322978D-03 -0.23649737988797D-03
  0.61569119501148D+00  0.31355370884090D+01  0.19714105899067D+01  0.91670449614018D-04  0.21352999770027D-03 -0.32274079668228D-03
 -0.80088019081759D+00  0.40536485692910D+01  0.23460202912579D+00 -0.24992257558265D-04  0.87325508883257D-04  0.20841006503777D-03
 -0.25205014731221D+01 -0.30173430673613D+01  0.36924953102539D+01 -0.41669486301427D-03  0.27042873497871D-03 -0.10568809083148D-03
 -0.98170519323925D+00 -0.35159852769244D+01  0.58074931078292D+01 -0.32877822650471D-03 -0.61853776297665D-04  0.17679613607543D-03
  0.11126158814404D+01 -0.21590331676094D+01  0.65197191684476D+01  0.38121467364462D-03 -0.57679164399794D-03  0.15485468373097D-03
  0.18189974616466D+01  0.10374992701372D+00  0.54014231138969D+01 -0.22349811362224D-03  0.37719781727755D-03 -0.59358465897642D-04
  0.40147727179713D+01  0.14295345838381D+01  0.58716041369207D+01 -0.25067228373048D-04 -0.85064172741591D-04  0.17397874693914D-03
  0.44978057109298D+01  0.37249676694707D+01  0.45191153152380D+01 -0.82143666893791D-04 -0.19911985353998D-03 -0.12275615327609D-03
  0.27205340817666D+01  0.44853561285612D+01  0.28109605051033D+01 -0.26626759222904D-03 -0.31416298207669D-03 -0.14420094848432D-03
 -0.52377801736149D+01 -0.37502676289054D+01  0.38608748736891D+01 -0.17747175532684D-04 -0.71198453953299D-03  0.23413958889786D-04
 -0.58381704409664D+01 -0.55724745192623D+01  0.54583658249107D+01 -0.72293822754973D-03  0.20277233056651D-03 -0.22447867288246D-03
 -0.39346553443131D+01 -0.67474056158002D+01  0.69894392068600D+01 -0.11427536609087D-03  0.19356194282551D-03 -0.18307243075522D-03
 -0.16326883954967D+01 -0.55655618680203D+01  0.73558728364375D+01 -0.64483990242182D-04 -0.22899655817859D-03  0.23748692235135D-05
 -0.72986817904620D+01 -0.22699814273409D+01  0.28787313024706D+01 -0.41854022011788D-05 -0.64696685865550D-03 -0.45299950928311D-03
 -0.40896885357696D+01 -0.41974478916479D+01 -0.13729396172905D+01 -0.24320234276949D-03 -0.29852967313088D-03 -0.19269699858782D-03
 -0.75107036050637D+01  0.28899813664751D+01 -0.62501557559284D+01  0.20958185601179D-03  0.13720333994756D-03  0.30270780241803D-03
 -0.45333416526546D+01 -0.89409969398232D+01  0.86410295814026D+01  0.28223099349804D-03  0.11509290747018D-03  0.25167169867816D-03
 -0.40609930755463D+01  0.52911107211364D+01 -0.36269659011453D+01  0.10788855574823D-03 -0.27483397019210D-03 -0.44005636248072D-03
 -0.65487406895725D+01 -0.18468744918456D+01 -0.50032150670882D+01  0.12590695838666D-02  0.34953169357556D-03 -0.39158639309133D-03
  0.28844490493560D+01  0.63967295961936D+01  0.21627764976517D+01  0.80849915892704D-03  0.12563197502706D-02 -0.32965025292456D-03
  0.50445778230195D+01  0.11749028844318D+01  0.73529194556236D+01 -0.55388062075932D-03 -0.14437587666736D-03 -0.40370919253147D-04
 -0.51963935261122D+00 -0.63629622806816D+01  0.87722043488380D+01 -0.81533144034963D-03  0.64098651455511D-03  0.34101938521255D-03
 -0.77915686044145D+01 -0.61624196152943D+01  0.58466629195144D+01 -0.76236406994619D-04 -0.63957415448882D-03 -0.17544025677678D-03
 -0.84167050010429D+01  0.17031984468330D+01 -0.79926020325256D+01  0.18950207023732D-03 -0.18503454481368D-03 -0.13273267250800D-03
 -0.80045951906347D+01  0.54406118955127D+01 -0.57377732046913D+01  0.14791928160545D-03 -0.24835701198667D-03  0.59049849967236D-03
 -0.99316792795519D+01  0.65803883496610D+01 -0.73609914359988D+01 -0.15637625543833D-03  0.18786509097319D-03  0.20482549907427D-03
  0.64814080591196D+01  0.57229792530498D+01  0.54906757967624D+01  0.27442555251920D-03 -0.24425614670158D-03  0.44899628936349D-03
  0.72346685104981D+01  0.55062485729442D+01  0.75776391619080D+01  0.38858790526027D-03 -0.17009198966471D-03  0.74837831963917D-05
  0.70728338747177D+01  0.76791794257145D+01  0.38591910074825D+01  0.24924040377996D-03  0.29480969363776D-04  0.28301647382554D-03
  0.93564519145818D+01  0.88410322821911D+01  0.47249763974796D+01  0.10184028146378D-03 -0.13875639568043D-03 -0.20659686169732D-03
 -0.63977937315295D+01 -0.10117965271038D+02  0.79526921891265D+01  0.82697526705733D-04 -0.79061440336268D-04 -0.37739378405353D-03
 -0.28905664533494D+01 -0.97473570354197D+01  0.10300817197250D+02 -0.14286089501162D-03  0.15068105244339D-03 -0.54675044580954D-03
 -0.36055993463610D+01 -0.12125549400548D+02  0.11101755896876D+02  0.88014672278655D-04  0.19783571099132D-03 -0.31092596459844D-03
 -0.96964455257504D+01 -0.29933082041779D+01  0.37756943276486D+01  0.15527201351920D-03 -0.77175763095360D-03  0.14723172774465D-03
 -0.63323088179285D+01 -0.54324686189163D+01 -0.12272358096820D+01  0.14615601068197D-03  0.35149152436053D-03  0.35687391461335D-03
 -0.55058113606791D+01 -0.12068923771885D+02  0.11526627808045D+02  0.53943342036877D-03 -0.62799911160519D-03  0.35965468772646D-03
 -0.22565911023939D+01 -0.12400830606582D+02  0.12921075912336D+02  0.99308531164948D-06 -0.53292273220185D-03  0.49003154276306D-03
 -0.34034116456213D+01 -0.13297099925920D+02  0.94306039526017D+01  0.58829305899960D-03  0.69893371754177D-03 -0.55558171089151D-03
  0.96892727273827D+01  0.80909415340670D+01  0.65784301522995D+01 -0.77136845418856D-03 -0.48448822865769D-04 -0.10405555326524D-02
  0.90529596601190D+01  0.10918843537179D+02  0.48211460433233D+01 -0.32864134528819D-03 -0.49963384892178D-03  0.42436233597438D-03
  0.11198696795472D+02  0.87081232131177D+01  0.35408119100326D+01 -0.97015018249852D-03  0.32808065098635D-03 -0.64968305937787D-03
 -0.69409466979622D+01 -0.58664046471510D+01 -0.30870130603670D+01 -0.56268593043852D-03  0.15548457092078D-03  0.15266905286684D-04
 -0.77685323870863D+01 -0.41260927506651D+01 -0.62159728527440D+00 -0.23277660819651D-03  0.19937507626925D-03  0.26186896322229D-03
 -0.62371922768810D+01 -0.67474272411499D+01  0.35870836155654D+00 -0.23570471282503D-04 -0.54808977442597D-03 -0.10134860055072D-02
 -0.99625261079701D+01 -0.22095180528639D+01  0.56926689554071D+01 -0.29479246533365D-04  0.35627431467402D-03  0.56337418434253D-03
 -0.97126054963909D+01 -0.51078981290905D+01  0.37806093808374D+01 -0.95569192761315D-04  0.27661032802771D-03 -0.92357005145040D-04
 -0.11042882594140D+02 -0.21078387202178D+01  0.24537048611456D+01 -0.29792601108183D-04  0.45942975150295D-04 -0.37299974098793D-03
 -0.11757945764099D+02  0.64945097508793D+01 -0.64523415384688D+01 -0.22536724576787D-03 -0.96527698404543D-04 -0.35021231515236D-03
 -0.10154986260292D+02  0.54891656360295D+01 -0.90381666658172D+01  0.15596904241806D-03 -0.21015153839134D-03 -0.54570427804068D-03
 -0.93276575998300D+01  0.85969973060542D+01 -0.76246912144489D+01  0.61266239332120D-03  0.89821939033061D-03 -0.52723689748607D-04
 -0.15866586137607D+01  0.67376074097751D+01  0.64696496568108D+01 -0.12745154987169D-03  0.32770536918585D-03 -0.19193608969497D-03
 -0.24643022215472D+01  0.46808253030002D+01  0.78505022577209D+01  0.95970335863838D-04  0.15294791573702D-05  0.95183744483575D-04
 -0.10336571954575D+01  0.39876411368918D+01  0.10165475536840D+02 -0.16919396904106D-03  0.48098119262687D-03  0.18598020696234D-03
  0.13215143669535D+01  0.53789858020477D+01  0.10793341880478D+02 -0.17809569991601D-03 -0.55821780571861D-03 -0.27274363131030D-04
  0.17057525374280D+01  0.76124032830275D+01  0.94046197659781D+01 -0.11702504008940D-03  0.98673503237897D-04  0.49803061307746D-03
  0.46657302662957D+00  0.82461958750602D+01  0.72124645263960D+01  0.53492189468649D-04  0.48132913513920D-03 -0.33165436483449D-03
 -0.15936091938117D+01  0.17814866374683D+01  0.11420729586511D+02  0.20828525905608D-03  0.24554596965802D-03  0.64743294852353D-03
  0.43444283013521D+00  0.41170999624553D+00  0.12502239532733D+02 -0.57113530763933D-04 -0.24995980152180D-03  0.19504192093883D-03
  0.29826185282027D+01  0.15584889291232D+01  0.12490336231599D+02  0.49664856398114D-03  0.18934046791498D-03  0.31983866871825D-03
  0.33249477909149D+01  0.40876328024569D+01  0.11885247694940D+02  0.22034259698788D-03 -0.14622719452791D-03  0.45551015932622D-04
 -0.41253784138313D+01  0.51255338712342D+00  0.11644372945636D+02  0.19425708972897D-03 -0.15455993518772D-03 -0.21742563442327D-03
 -0.43867906553558D+01 -0.20565681602012D+01  0.12036595067105D+02  0.52155866938805D-04  0.30862416683524D-03  0.25388082654295D-03
 -0.22385690204310D+01 -0.33572181517929D+01  0.12476533090821D+02 -0.33097101397053D-05  0.17976419430421D-03 -0.24657924350491D-03
  0.15303145316718D+00 -0.22000599180133D+01  0.12509314291707D+02 -0.32116834156565D-03  0.21646693164173D-03  0.60063194981999D-04
  0.20401703327453D+01 -0.37579317178388D+01  0.13431541423235D+02  0.12883867751249D-03 -0.36837617240575D-03  0.18964356635331D-03
  0.44073285585967D+01 -0.27603258546609D+01  0.13275110703786D+02  0.19841578577477D-04 -0.18714527051723D-03 -0.31663446209627D-03
  0.49586801669541D+01 -0.23602252961348D+00  0.12853360960158D+02 -0.33219156128673D-04  0.59843246989444D-04  0.17193603925068D-06
 -0.64916212747285D+01  0.17982915755893D+01  0.11372216202453D+02 -0.19593241939374D-03 -0.12159618004360D-04  0.36852505477589D-04
 -0.87765006769382D+01  0.38261403612599D+00  0.10988345846856D+02 -0.22721438796446D-03 -0.35576722664604D-03 -0.11043445370758D-03
 -0.88522163418572D+01 -0.22318317872120D+01  0.11032756922662D+02 -0.80239020415846D-04 -0.76277815692901D-04 -0.92392068447391D-04
 -0.67153597191427D+01 -0.35096543750236D+01  0.11616565139526D+02  0.79848811702229D-04  0.75777577536333D-04 -0.93480877309760D-04
 -0.67849250512001D+01  0.43820921826360D+01  0.11726466663084D+02  0.83191291589836D-04 -0.25488615968055D-04  0.46471930875242D-05
 -0.44253194242625D+01  0.30743740103758D+01  0.70300491288855D+01  0.87365510385578D-04 -0.26074252475252D-03 -0.38125600257663D-03
  0.10188508324795D+01  0.10586294479793D+02  0.57286824834374D+01 -0.33493629053168D-03  0.90680978153150D-04 -0.44198184784672D-03
 -0.11165159850469D+02 -0.35853756399224D+01  0.10402961594948D+02  0.69747476415444D-04 -0.13962660672033D-03 -0.47178920336742D-03
  0.32006645473273D+01  0.87447945483935D+01  0.99434447467625D+01 -0.20541799865348D-03  0.43947348772681D-03  0.27761283981770D-04
 -0.25441853945135D+01  0.73171483198379D+01  0.50100998995730D+01  0.10200626531947D-02  0.23001118205023D-03  0.87037112582416D-03
  0.67473027730445D+01  0.27753423791173D+00  0.13269507675924D+02  0.81991117535828D-04  0.37687741262128D-03 -0.47221599491689D-04
  0.16841459351465D+01 -0.57048337640401D+01  0.14266488177541D+02 -0.40819991350003D-03 -0.73685388874547D-05  0.62337710254206D-03
 -0.63509520765630D+01 -0.55252332066865D+01  0.11477193106000D+02 -0.50236675827141D-03 -0.12367831277808D-03  0.19445664000736D-03
 -0.10370066152370D+02  0.13806698047375D+01  0.10891161371423D+02 -0.27767938295877D-03 -0.59429521085561D-03 -0.22233578688249D-03
  0.23023556674663D+01  0.12065668545529D+02  0.67556426608431D+01  0.21155023122349D-03  0.72547494340417D-04  0.11361375566077D-03
  0.15558286082072D+00  0.10773440364813D+02  0.33710657018419D+01 -0.35933410729696D-03  0.41477510939181D-03  0.65939177559459D-03
  0.17293429589298D+01  0.12598860988996D+02  0.20630628298090D+01  0.49824641571158D-03 -0.42651186761214D-03 -0.55941702647256D-03
  0.66212468138162D+01 -0.42544383888271D+01  0.13928068892318D+02  0.22743187907215D-03  0.14704974286395D-03  0.16745809667733D-03
  0.83787288698750D+01 -0.32524329788030D+01  0.14879837517744D+02  0.14405395199506D-03 -0.17851323951482D-03 -0.55470522273366D-05
  0.65470645913823D+01 -0.67358267920590D+01  0.12985845905658D+02  0.60987711678692D-04  0.92743780761367D-04  0.90194495099125D-04
  0.89510538275744D+01 -0.78238649922892D+01  0.12915498451211D+02  0.41512580686787D-03  0.15190651083307D-05 -0.97550980349978D-04
 -0.11687353297383D+02 -0.37217551711909D+01  0.82290943737395D+01  0.60447850048538D-04 -0.40389361960559D-03 -0.23713567372208D-04
 -0.12390525315610D+02 -0.46341845761007D+01  0.12368474535224D+02  0.27077240765403D-03  0.46974791658069D-03  0.10589450611620D-03
 -0.14618254577604D+02 -0.56833671925725D+01  0.11298450978346D+02 -0.35835004247380D-03  0.31709998320537D-03  0.31128017161034D-03
 -0.69984875308715D+01  0.52009710341698D+01  0.14519522278012D+02  0.91767212809556D-04  0.61947450156331D-03 -0.44451878573329D-04
 -0.63333856363790D+01  0.42170163113427D+01  0.55666329694512D+01 -0.15950969921051D-03  0.50820818700856D-03  0.11623349431571D-03
 -0.14434197960889D+02 -0.77479614233201D+01  0.10815193966736D+02  0.48700952309068D-03 -0.24167837554319D-03 -0.99600066879221D-05
 -0.15108241742757D+02 -0.45844650857857D+01  0.96662667028628D+01 -0.25205250934677D-03  0.31199948201928D-03  0.51434800313451D-03
 -0.16015456155020D+02 -0.57231324486012D+01  0.12698270425348D+02  0.60855452897429D-04  0.13190322146422D-03 -0.17706797329331D-03
  0.99069894352384D+01 -0.70963275225875D+01  0.14785693511608D+02 -0.27971846932702D-04  0.74341231006115D-03  0.44483010244314D-04
  0.98425691865174D+01 -0.73469680781793D+01  0.11238867682780D+02  0.13280683721866D-03 -0.54456636199188D-04  0.63262729848027D-03
  0.87990449423651D+01 -0.98734221276361D+01  0.13057690804796D+02  0.12005000752485D-02 -0.40321257410645D-03  0.29461325289953D-03
 -0.80140917004132D+01  0.44314218360827D+01  0.68866887626688D+01 -0.21395599558425D-03 -0.44406772968637D-03 -0.17593972080021D-03
 -0.66257920508079D+01  0.27166911819712D+01  0.39549075963097D+01 -0.35057957832759D-03 -0.45925217646857D-03 -0.22015718859835D-03
 -0.55804899346740D+01  0.57457936597863D+01  0.44569097357087D+01 -0.11212885429110D-04  0.87386578117949D-03 -0.52016529028803D-03
 -0.57172601717318D+01  0.67948817495201D+01  0.14924746396487D+02 -0.94543107385002D-03 -0.49597047451536D-03  0.34202423856431D-03
 -0.67366373073875D+01  0.36548651732982D+01  0.15828966451399D+02  0.13642075877769D-03  0.58217981862297D-03 -0.15929251084693D-03
 -0.91404342958565D+01  0.54708086920464D+01  0.14598161920464D+02 -0.22843877299270D-03  0.80794577997255D-03  0.16910324510960D-03
  0.30729043735925D+00  0.14055790843111D+02  0.19838256938046D+01 -0.47008280194342D-03 -0.25893380237654D-03 -0.26778847914483D-03
  0.18145548947487D+01  0.11948387667015D+02  0.17065010363200D+00  0.87932720999323D-04 -0.10604913905426D-02  0.46697741830904D-03
  0.34582805719705D+01  0.12878432016752D+02  0.32922835959624D+01 -0.18232774449844D-03  0.61214142713418D-03 -0.27515899797702D-03
