   -0.02880380
    0.13650113
    0.00336475
    0.09107491
   -0.02855835
   -0.00915713
    0.02731704
    0.00094177
    0.10087421
   -0.27469043
    0.00463230
    0.09271805
   -0.25859022
    0.09350251
   -0.02999702
   -0.00306997
   -0.02431264
    0.13192838
   -0.02555162
   -0.01285567
   -0.02074739
   -0.34480786
   -0.34375755
    0.35857404
    0.37215107
    0.11353720
    0.11299539
    0.12024268
    0.11171329
    0.12063533
    0.13269962
   -0.48053049
   -0.37011286
    0.01556142
    0.35671174
   -0.48745143
   -0.37928782
    0.03596186
   -0.48820419
   -0.38570664
    0.02957205
    0.01960671
    0.00756925
    0.06987890
    0.09861616
    0.10574638
    0.10939473
    0.09647839
    0.07853191
    0.08510007
    0.13127228
    0.06961270
    0.07129507
    0.08193001
    0.06673568
    0.08162578
    0.13588365
    0.12370466
   -0.03150267
    0.12173511
    0.00489080
    0.09354491
   -0.01805532
   -0.00635465
    0.02692904
   -0.00029256
    0.10057578
   -0.27948322
    0.00878004
    0.09333757
   -0.26519694
    0.09738199
   -0.02708198
   -0.00033282
   -0.01479781
    0.13643472
   -0.01944043
   -0.00306099
   -0.02002205
   -0.35254700
   -0.35125702
    0.40329668
    0.40605918
    0.13650187
    0.10260203
    0.11046267
    0.12207741
    0.11728587
    0.12837937
   -0.52767292
   -0.41400196
    0.03797415
    0.39265461
   -0.50238443
   -0.38872544
    0.04192858
   -0.50606197
   -0.39590884
    0.03301943
    0.03398535
    0.01282758
    0.11579788
    0.07156919
    0.09187637
    0.10891869
    0.10653420
    0.07424162
    0.11313526
    0.07509411
    0.09253320
    0.07475818
    0.07777920
    0.06492319
    0.10914548
    0.08900649
    0.09620323
