$coord
       -2.04089173684328        5.89222586718187       -0.66826286611513      C
       -2.83536049227788        6.21224091577376        1.84417488495890      C
       -1.46875469039220        5.03690442724667        3.95487580213044      C
        0.50497446850803        3.39469594939581        3.32980350883991      C
        1.25410637634195        3.38689141457925        0.78603639611833      C
        0.11364138823143        4.62520045224227       -1.18894488154612      C
       -2.00442988384726        5.46304792042533        6.63518421313432      C
       -1.10172240210838        3.73511687812131        8.31211098139788      C
        0.79927048114325        2.01111809367374        7.38910785505582      C
        1.57969462166473        1.84280076794777        4.94942206938640      N
       -3.37469025238920        7.51794946609351        7.65277782256343      C
       -4.73853541987627        7.05672917761671       10.02667077570560      C
       -3.93126251596234        5.19428231888579       11.52242624675316      N
       -1.83862490999056        3.86948430404751       10.84676678361713      C
       -0.35383288191210        2.38108387288719       12.40669238632277      C
        1.50542184014551        0.78759646725298       11.53396904393805      C
        2.01736174986603        0.44424010221619        9.01268964835727      C
       -3.90500673431857        9.98324019029484        6.46056565671978      C
       -5.91392676195632       11.21566972444726        7.59198818368604      C
       -7.56710678936637       10.53041163887790        9.49352604863597      C
       -7.04443159208818        8.21183558773214       10.65874527635070      C
       -2.24261561593080       11.22348927344007        4.77435062403957      O
       -4.97491442951134        7.73864397896445        2.49575304829271      O
        1.09202687148704        4.41547333536688       -3.93973637162426      C
      -10.05851191810660       11.86010645954912        9.91991380251076      C
        2.93411100291789        2.41370712184238        0.23600803233107      H
       -3.04282805257972        6.36913534631495       -2.26389351628088      H
        3.33766182683202       -0.94099597421873        8.29869864725206      H
       -0.69324737558222        2.70883852333496       14.46909288858685      H
       -8.18928548757819        7.31453988456770       11.98031438613005      H
       -6.12206581650638       13.24372327981095        7.30678702702168      H
        0.00783012330669        5.50971635172016       -5.74574221582137      O
        3.26525552768745        2.90776802929052       -3.90555819663245      O
        3.93715153891304        2.69375259133684       -6.50659773835205      C
        2.98116470799786       -0.84663428936602       13.20407658838820      C
        4.19582444350698       -2.67454064948151       12.24001619386469      O
        2.82671812948094       -0.54031533374869       15.63932695443756      O
        4.18116586175511       -2.10208092011685       17.07872996127592      C
      -11.86251069584609       10.64377736581102       10.63358083668771      O
       -9.99947521246836       14.41584008852798        9.69761141208439      O
      -12.39012271425977       15.45789458136322       10.55170108582577      C
        0.33801509599158       10.44098603526979        5.10564412016772      C
       -6.04131985891211        9.07978731531776        0.52259758384685      C
      -14.01432121767443       14.33657960934549        9.90061264252817      H
      -12.83776036811737       17.44180772868630        9.87627610072852      H
      -12.57144515880817       15.46610657649377       12.57754022561401      H
        6.09478008281104       -1.09609032866758       17.37697665626078      H
        4.34406817104194       -3.91543851141027       16.04805188250858      H
        3.04594618736848       -2.46311460696939       18.85548000655980      H
       -7.47977335622977       10.36743166859088        1.26146305592755      H
       -7.28921493208526        7.89681498537184       -0.62395547166241      H
       -4.55331232863316        9.82950999607084       -0.52754300307216      H
        0.81111063623668        9.30233456459989        3.49056108686967      H
        0.94297106498561        9.53161831693113        6.76029697638528      H
        1.38042889093863       12.00763758554848        5.00441891664783      H
        4.68720063855174        0.71864005847681       -6.63368690047095      H
        5.32250424660787        4.23102200282665       -6.51910540345224      H
        2.35490160046701        3.16882020827975       -7.74037827332785      H
        2.56015233277338       -6.60113365010088        2.15651868352838      C
        1.38537793742332       -5.72450413262920        4.42612209902080      C
       -1.06693275508514       -4.96052992472432        4.12948196282109      C
       -1.96540460439954       -4.09578504911230        1.78365739284125      C
       -0.54948062618426       -4.48983033056187       -0.41670166692075      C
        1.63258212606837       -6.07306864592772       -0.33010580382039      C
       -2.71362106541514       -4.76645492050397        6.18549084612452      C
       -4.49503553304743       -2.84057624455084        6.21642527332903      C
       -5.08314806989855       -1.60580976545461        3.83935421289365      C
       -4.02926183412129       -2.53654574177697        1.64912120871744      N
       -2.34636297089878       -6.36432546220662        8.44634599313951      C
       -3.44209917049273       -5.10571450053736       10.65324239554905      C
       -4.78179478684728       -2.94391393982756       10.72301896000921      N
       -5.64185733798609       -2.03302575755219        8.49945847449924      C
       -7.08204602466463        0.10891925318696        8.30508806589356      C
       -7.68725968142210        1.42995406948005        6.12502727816127      C
       -6.69172557503361        0.59664147997140        3.92140917070268      C
       -1.46241804914164       -8.86130799332675        8.55834635915732      C
       -1.11393665113860       -9.91859925880692       10.98150095564034      C
       -2.28441015236321       -8.88546345656195       13.11326231007743      C
       -3.41878799509955       -6.55940992043926       12.83901245016778      C
       -0.90370555806195      -10.55102667621792        6.44591066808195      O
        2.78138541063262       -6.01734269747342        6.70097280261587      O
        2.68730901434364       -6.88217899949498       -2.86087663664873      C
       -2.22059185783455      -10.07931135315469       15.64821097463476      C
       -1.09730856335975       -3.32403313488551       -2.08902088841974      H
        4.15069828804987       -7.80496962543440        2.17889330638206      H
       -7.56315278392031        1.20434473950372        2.22976978033246      H
       -8.01855641755389        0.81452222515023        9.99820954183345      H
       -4.40922340443409       -5.81282452380269       14.44777573178257      H
       -0.33156489564585      -11.83775353913238       11.13123520727007      H
        3.69386255552092       -8.97893968080382       -3.04303167607041      O
        2.68318100124307       -5.17888838823822       -4.98029192308107      O
        4.60709574634134       -5.75803557370499       -6.62991912266390      C
       -9.42242394259792        3.68474930197362        6.08840494687020      C
       -9.99177550824907        4.31775607147889        4.03764878707575      O
      -10.53701702970134        4.34267156474413        8.46940395630109      O
      -12.98626192208408        5.17106267466419        8.50065071403821      C
       -1.02641349505440      -12.07349387021104       15.76506311566556      O
       -3.81566363834973       -9.22027804162478       17.62410859628088      O
       -3.45564405863884      -10.56133710382330       19.91288993313533      C
        1.19744077724811      -12.24062103840541        6.72384726227158      C
        5.41512055095961       -5.78876529808767        6.36104287332424      C
       -3.66540733493894       -9.44917435321412       21.64585054924847      H
       -1.52688526670496      -11.13577904561682       19.75639529482487      H
       -4.72267788938645      -12.28824654434480       19.97245773797945      H
      -14.21979689508327        3.62262607177720        8.88731110787381      H
      -13.29833805949220        6.12642359156075        6.53914223704662      H
      -13.25253780174626        6.46003051439393       10.09571803351592      H
        6.15825082959783       -5.20024882245704        4.62839087647250      H
        6.31353046656617       -7.67729658810878        6.83899380568535      H
        5.85349841308224       -4.48747121790380        7.90440126496145      H
        1.96046148155629      -12.09435491969522        8.54535582925557      H
        2.47459477659422      -11.26718322443675        5.44622161994954      H
        0.84625871984166      -14.29551213033786        6.44246365471550      H
        5.36864529684313       -4.01466831347059       -7.36382686835363      H
        3.84092017008917       -6.64504177587559       -8.34611410925480      H
        5.94507931483300       -7.05097315261969       -5.84939804316554      H
$end
