 -1.0
 -0.11316792491382D+01  0.29699550946523D+01 -0.57461247670125D+01  0.62838847112832D-04  0.50675981507507D-03  0.32066179042156D-03
 -0.78147242578644D+00  0.14231144646630D+01 -0.35538058538647D+01  0.90035375128496D-04  0.45574751257696D-03  0.25377692734365D-03
  0.12136467934423D+01  0.18994771897253D+01 -0.18591386619541D+01 -0.44365052430799D-03 -0.25200406705770D-04  0.14025825996463D-03
  0.30468149324039D+01  0.37589141190383D+01 -0.25224371180298D+01  0.13899275775804D-03  0.43431150858360D-04  0.47484121516494D-03
  0.23703223532245D+01  0.54017508753953D+01 -0.45681833111124D+01  0.10560654507544D-03 -0.61400579278440D-04  0.25600731836430D-03
  0.34643518475014D+00  0.49649447378817D+01 -0.63334196138655D+01 -0.58431845170435D-03  0.77215322033021D-03 -0.76835274463576D-05
  0.17455849039736D+01  0.11795446133171D+00  0.15131200228605D+00  0.35719268038553D-03  0.12302180761432D-03 -0.11044530563200D-03
  0.42911451365013D+01  0.24605040857267D+00  0.89057295927652D+00  0.25248275569206D-03  0.84726539822284D-03 -0.71057608100744D-03
  0.61543118623003D+01  0.20706548765312D+01 -0.13226234994814D+00  0.12062327060051D-03  0.96652567879563D-04  0.44161022112756D-03
  0.56484917304584D+01  0.35587242260726D+01 -0.20780736124769D+01  0.42711540193889D-03  0.41109153434483D-04 -0.43789309597028D-03
 -0.11552350005752D+00 -0.11869500990453D+01  0.17295807402482D+01  0.13352015696215D-03 -0.33617086648824D-03 -0.13591083568771D-03
  0.11238121059118D+01 -0.28948040192868D+01  0.36169763513887D+01  0.26625704734224D-03  0.48618594566637D-03  0.71741917075063D-04
  0.34751336915329D+01 -0.24933197548512D+01  0.44506993410783D+01 -0.11020265592908D-04  0.29037547443094D-03  0.27387169099655D-03
  0.50813182079522D+01 -0.10289137882062D+01  0.30435069274279D+01 -0.45306601436287D-03  0.68108166222577D-04  0.12866927414168D-03
  0.77314972359373D+01 -0.67990507970979D+00  0.39828970815262D+01  0.19694498562627D-03  0.17622002878798D-03  0.12388628778665D-03
  0.94850908924954D+01  0.92031813591643D+00  0.28443879734416D+01 -0.18715857594040D-03 -0.59715438727276D-03 -0.26977286182688D-03
  0.85748190139500D+01  0.20942261281929D+01  0.64736747636421D+00 -0.22526539582376D-03  0.84960342965160D-04 -0.44602884873887D-03
 -0.27581691183843D+01 -0.41107530646570D+00  0.22315819478088D+01  0.24914889633569D-03  0.16440122835564D-03 -0.41075936489413D-03
 -0.42784886810776D+01 -0.23242902878054D+01  0.34331834436160D+01 -0.16693297765578D-03  0.21225016038050D-03  0.10879487757125D-03
 -0.32246876069702D+01 -0.43759964526651D+01  0.47025623790671D+01 -0.35439187431446D-03 -0.10938868679468D-03 -0.47256928455531D-04
 -0.57127844626550D+00 -0.45851338802972D+01  0.48883102121572D+01 -0.36254340825111D-04  0.13156406872948D-03 -0.93624890653183D-03
 -0.38307608671813D+01  0.19617305433069D+01  0.13496167048717D+01  0.86673224147027D-04 -0.51551084798777D-03  0.21965607508678D-03
 -0.28091883389309D+01 -0.58424395254039D+00 -0.34072574763929D+01 -0.40977045411558D-03 -0.52567110062300D-03  0.71284032822984D-04
  0.65925908630046D+00  0.63704007916836D+01 -0.88583667904056D+01 -0.39169551153216D-04 -0.44576357310027D-03  0.34781734736223D-03
 -0.49968726021861D+01 -0.61199584789100D+01  0.62073802332517D+01  0.14103957507462D-03 -0.18518761748879D-03  0.39618438327398D-04
  0.37869948547955D+01  0.68443649933125D+01 -0.48597392114197D+01 -0.41460814418276D-03 -0.50659688535610D-03 -0.93782611724635D-04
 -0.25280179492585D+01  0.23128375753265D+01 -0.72200396150363D+01  0.66686531534297D-03  0.48619230229488D-03  0.32940803589264D-03
  0.10032032017101D+02  0.30972454682847D+01 -0.38423257967455D+00  0.80673141218945D-03 -0.40743564937480D-03 -0.12981771555575D-03
  0.78911345437335D+01 -0.70860464968063D+00  0.59777396072202D+01  0.38294390986257D-03 -0.11592193198875D-03  0.29660958703139D-03
  0.36583100174346D+00 -0.58648878328052D+01  0.63329247918205D+01  0.50819643713062D-03  0.39541637880872D-03 -0.17224166221709D-03
 -0.62905012640891D+01 -0.21370161236591D+01  0.33009555868421D+01  0.59132476062035D-04  0.56837838811448D-03  0.52723861434761D-03
  0.13559650048799D+01  0.86283180277647D+01 -0.91480511208464D+01 -0.20851105826697D-03  0.25495581866433D-03  0.10637987400366D-03
 -0.34619252236986D-01  0.47683097336310D+01 -0.10817556545270D+02  0.38137915178334D-03 -0.59408351425438D-03 -0.31843134105689D-03
  0.12103170913464D+01  0.58143377347689D+01 -0.12970049642272D+02 -0.16031203924640D-03  0.42787068755453D-03  0.18391290010372D-03
  0.12082732812946D+02  0.17940507322597D+01  0.37547788779273D+01 -0.39260171501293D-03 -0.55415312984415D-03 -0.25136433456198D-03
  0.13746606180959D+02  0.23878213791008D+01  0.21856652047467D+01  0.49433535832597D-03 -0.16514770264786D-04  0.39248780847697D-03
  0.12207248732499D+02  0.16775750488003D+01  0.63904831958473D+01 -0.24160729416975D-03 -0.23017180271964D-03 -0.13299199335898D-03
  0.14350615134477D+02  0.26586924370187D+01  0.74053973405764D+01 -0.66510089251777D-03 -0.10027179991561D-03  0.22671534034300D-03
 -0.42856726733427D+01 -0.83301745380205D+01  0.62028181916911D+01  0.18230735760086D-03 -0.79523091756464D-04  0.10944249750536D-03
 -0.75726558271011D+01 -0.54502448445656D+01  0.66658878490017D+01  0.38617025097950D-03 -0.48097673619422D-04 -0.37996518671024D-03
 -0.90013337107398D+01 -0.72151822912228D+01  0.83695954789197D+01 -0.53110304523669D-03  0.11025937764952D-04 -0.28726442752347D-03
 -0.62850127032754D+01  0.16208145462860D+01  0.63673701129075D+00  0.55217809662122D-04  0.41458959625876D-04  0.32441138003751D-03
 -0.36068618410481D+01 -0.95136340445388D+00 -0.61291573825471D+01  0.12566560336511D-03 -0.28334600203054D-03  0.27117707373971D-03
 -0.87959505294274D+01 -0.67121021166218D+01  0.10441070268437D+02 -0.19109630715095D-03  0.29025972465330D-03  0.69421168455485D-03
 -0.79658197102545D+01 -0.90727850532710D+01  0.79738354195134D+01 -0.20951795968786D-03  0.48846466222726D-04  0.51362017830656D-03
 -0.10917281773039D+02 -0.70459637246984D+01  0.74190100636703D+01 -0.87102169419287D-04  0.48854072248659D-03 -0.42711958516600D-03
  0.14035611893379D+02  0.40693797719268D+01  0.87582617330442D+01  0.27469311737920D-03 -0.14608897533005D-03  0.81758625120310D-04
  0.15276142844915D+02  0.33974863900767D+01  0.57415613748448D+01  0.29923747794757D-03 -0.97659546499476D-04  0.18452413147867D-04
  0.15347079392805D+02  0.91287705373306D+00  0.75268911413376D+01 -0.47840212187485D-03 -0.37327546216298D-03 -0.25569085264378D-03
 -0.19720103702183D+01 -0.37319969923962D+00 -0.74938602864216D+01  0.10004341665192D-02 -0.40916791476474D-03 -0.91586457390146D-04
 -0.49389935067436D+01  0.70144879258743D+00 -0.63332766493314D+01 -0.81354379749570D-03  0.29160720460610D-03 -0.20605216250699D-03
 -0.40900642330600D+01 -0.30636161153818D+01 -0.61314012959926D+01 -0.48077244391597D-03  0.10862546200490D-03  0.55036321990374D-03
 -0.72918001571487D+01  0.26789747967842D+00  0.19104037780741D+01  0.14161751750270D-02 -0.99204739070794D-04  0.31423938103257D-03
 -0.64867979682886D+01  0.10485323342412D+01 -0.14046673838792D+01  0.10774190985781D-03  0.55857618889593D-03  0.57149533490840D-04
 -0.68418873428951D+01  0.36002301755202D+01  0.66139237177893D+00 -0.17784217893597D-03 -0.11849556813619D-03  0.16498739481725D-03
 -0.19408254959070D+00  0.66422387882523D+01 -0.14088085188544D+02  0.20367188316058D-03  0.58706821728449D-04  0.13520698536867D-03
  0.22740979748904D+01  0.45297350827176D+01 -0.14068807726572D+02  0.63501731579933D-03  0.24164147485403D-03  0.66662128419740D-03
  0.25680033845554D+01  0.69759918291123D+01 -0.12102478731296D+02 -0.15782492339437D-03 -0.11697123462505D-02  0.34209078596811D-03
 -0.97675288416174D+01  0.29359769976000D+01  0.75576733520827D+01 -0.15278359676231D-03  0.50608288534105D-03  0.10413913374444D-04
 -0.89351494303855D+01  0.10087474650123D+01  0.92315258604622D+01  0.19691586164680D-03 -0.31281698786476D-03  0.15126460775312D-03
 -0.62979272841950D+01  0.10506391081249D+01  0.10144567246021D+02  0.75273902125651D-03  0.16741095678994D-03 -0.30126733359754D-04
 -0.47061168024384D+01  0.26514475558820D+01  0.88771909365076D+01 -0.92100648380401D-04 -0.80730877885321D-03  0.43866204993705D-04
 -0.53752393571996D+01  0.45667450547542D+01  0.69623068125469D+01 -0.30387031965136D-03  0.31272569695841D-03 -0.24573985459667D-06
 -0.79232949203470D+01  0.49539983088049D+01  0.70893308818116D+01 -0.52862595087258D-03 -0.56117510799633D-05  0.24211529035594D-03
 -0.51836928430754D+01 -0.43374274266309D+00  0.12199953161801D+02  0.60345709292033D-03 -0.43013320823394D-03  0.53436469331461D-03
 -0.26029812412798D+01 -0.68806336046731D+00  0.12341671527916D+02  0.37058598685324D-03 -0.44561431566181D-03 -0.51399908676577D-03
 -0.10397740461336D+01  0.11250433125932D+01  0.10917207286347D+02  0.16361643545770D-04  0.34018810829977D-03 -0.33165022989478D-03
 -0.21242704011452D+01  0.26711233002963D+01  0.93041437433436D+01 -0.12584223576702D-04  0.15008093016748D-03 -0.20194660860868D-03
 -0.67459024945568D+01 -0.17159341302272D+01  0.14052324390454D+02 -0.33412420758340D-03 -0.12422894475227D-03  0.92404105297295D-05
 -0.55874080986980D+01 -0.37519078990295D+01  0.15423732688355D+02 -0.40231997028049D-03 -0.31933515273678D-03 -0.43171258987891D-03
 -0.30191283101686D+01 -0.38491765076969D+01  0.15344853636780D+02 -0.65102421540711D-03  0.26086347359840D-03  0.26528000837030D-03
 -0.15150353058407D+01 -0.22878398898604D+01  0.13993566176934D+02 -0.44887858677750D-04 -0.33146151815765D-03 -0.49398663408118D-03
  0.10226619151576D+01 -0.26000206325618D+01  0.14054486932142D+02 -0.81390837724554D-04  0.67311311897639D-03  0.10292654184619D-02
  0.26262579564949D+01 -0.11919993386705D+01  0.12205349632900D+02 -0.13757520912214D-03  0.21393212542751D-03 -0.31802505901310D-03
  0.14838327326487D+01  0.10815013249724D+01  0.11108776329617D+02 -0.41920487723624D-03  0.33312682829699D-04 -0.84335753756479D-04
 -0.89999135147176D+01 -0.34637221546165D+00  0.14953437280361D+02 -0.22022609988243D-03 -0.38195990619971D-03  0.21437384699402D-03
 -0.10505888192324D+02 -0.19151257197745D+01  0.16266981520227D+02  0.44277501670204D-04 -0.54913133535427D-03 -0.10196565549044D-03
 -0.96113195489645D+01 -0.40307673978475D+01  0.17752410039281D+02  0.36285634018298D-03  0.22397346938593D-03  0.17834207215497D-03
 -0.70509030819674D+01 -0.46066487649549D+01  0.17454910395708D+02  0.37180110869489D-03  0.19981906657118D-03  0.11620164554879D-03
 -0.87406294821283D+01  0.23646910928990D+01  0.14623296856092D+02  0.15942667048181D-03  0.28186657061581D-03 -0.16685958238042D-03
 -0.10634792577676D+02 -0.80866688188957D+00  0.10262873205993D+02 -0.27251759405998D-03  0.20970431813192D-03  0.35837763389716D-03
 -0.93153083079859D+01  0.73021831591453D+01  0.63854191276952D+01  0.12405615136321D-03  0.38935335487970D-03 -0.25046986926457D-03
 -0.10819346165115D+02 -0.52543562890321D+01  0.20036078178470D+02  0.23155606424914D-03  0.42850158386212D-04 -0.30142428884253D-03
 -0.44699592676269D+01  0.63507502108870D+01  0.69939288842816D+01 -0.72371261016078D-04  0.45561504325830D-03 -0.47280001029781D-03
 -0.11582895513472D+02  0.32486922482647D+01  0.69787330072667D+01 -0.87075407437539D-03  0.34458496639589D-04 -0.40882184096655D-03
  0.23159312803621D+01  0.28239262636805D+01  0.10242083229854D+02 -0.17035982006307D-03 -0.64954475389090D-03  0.35765531723190D-03
  0.17372884790986D+01 -0.43692303321532D+01  0.15241505125673D+02  0.25525511601748D-03 -0.49955250885971D-03  0.22254650215061D-03
 -0.57760573727606D+01 -0.52036653751125D+01  0.19123183507264D+02  0.64431009481032D-03  0.17563486983733D-04  0.55882174019945D-03
 -0.12281074619801D+02 -0.10471742270386D+01  0.16781072290736D+02  0.58095435158391D-03  0.56355615226493D-03 -0.20532695118438D-03
 -0.11272886608350D+02  0.71577197216137D+01  0.51396847757935D+01 -0.12261428232979D-03 -0.53591249355671D-04  0.23044395580380D-04
 -0.83167817625557D+01  0.96617785335977D+01  0.71615676763740D+01 -0.29165601770456D-03  0.27212184512226D-03 -0.30315202080512D-03
 -0.10136115749864D+02  0.11560526860407D+02  0.75970897150774D+01  0.34194842347982D-03 -0.43982248070200D-03 -0.27225250992715D-03
  0.53449454249364D+01 -0.17192024898760D+01  0.11797406202947D+02 -0.29254906026653D-03  0.11004801815887D-03 -0.25529317433203D-03
  0.61815252377966D+01 -0.39810402263634D+01  0.11708006678804D+02 -0.48426867734198D-04 -0.21207190047055D-03  0.14533508750792D-03
  0.66641205163489D+01  0.53745867980300D+00  0.11585564629689D+02 -0.14622560644070D-03  0.63471590059802D-03  0.81800301576315D-04
  0.90920727868132D+01 -0.11737284985006D+00  0.11152265097535D+02  0.11378447499080D-03 -0.28081064063986D-03 -0.24817798309060D-03
 -0.10167247947986D+02 -0.73648196137110D+01  0.20715743548451D+02  0.97359115968027D-04 -0.27769502868160D-03 -0.21666386884862D-03
 -0.12882000160368D+02 -0.41187354894563D+01  0.20905774726727D+02  0.10797701465794D-04 -0.14384891527055D-03  0.99824346391860D-04
 -0.14295678251165D+02 -0.58429861370957D+01  0.22408432481768D+02  0.33470528629864D-03  0.44760535614886D-03  0.14156113623177D-03
 -0.10738386696396D+02  0.38397356838739D+01  0.15786931684148D+02 -0.30982916775385D-03 -0.28288877118635D-03 -0.18463201822011D-03
 -0.12349710701659D+02 -0.16331564956074D+01  0.84799904560982D+01  0.39856019434938D-03 -0.27401846112143D-03  0.99265513424907D-04
 -0.16184313212126D+02 -0.51923960411887D+01  0.23021234243617D+02 -0.54895569427573D-03  0.43318664732989D-03 -0.56220262894302D-04
 -0.13487630725662D+02 -0.62917788638283D+01  0.24096664988069D+02 -0.13795163264712D-03  0.60740852436833D-03 -0.12296984257735D-02
 -0.14551126987686D+02 -0.74452369950583D+01  0.21112107993656D+02 -0.26483961235047D-03 -0.41001566208674D-04  0.55037030009200D-03
  0.10074329810416D+02  0.10301157850129D+01  0.12651753424125D+02  0.33767290870141D-03  0.52870522308171D-03  0.68105639595618D-04
  0.96032731773171D+01  0.56625700294866D+00  0.92552639133853D+01  0.18203307967395D-03 -0.37013791022353D-03 -0.11184229696954D-02
  0.94161124920250D+01 -0.22706049166249D+01  0.11330309157631D+02 -0.20604279442817D-03 -0.30597393740465D-03  0.20712128118003D-04
 -0.11387386506617D+02 -0.24402253924868D+01  0.66767979077016D+01  0.44004307302438D-03  0.48060142231793D-03 -0.11271278528191D-03
 -0.13671213777515D+02 -0.12765200038042D+00  0.81236625719132D+01 -0.14129046687611D-03 -0.56764745070082D-03  0.57848040745602D-03
 -0.13313684014791D+02 -0.32058857905688D+01  0.92631891601196D+01 -0.14937022959545D-03 -0.28335192116370D-03  0.16404770145721D-03
 -0.10206525732554D+02  0.57870242226472D+01  0.15372952574698D+02 -0.48012951386476D-04 -0.26475314678952D-03 -0.13397718838297D-03
 -0.10759166847154D+02  0.37467706295701D+01  0.17888472293570D+02  0.72047017986411D-03  0.15277661886110D-03  0.18801264921578D-03
 -0.12340493072331D+02  0.30245676048209D+01  0.14799480695363D+02 -0.35851096996297D-03  0.96758839757890D-03  0.21971221778927D-04
 -0.96093577981704D+01  0.13057176705442D+02  0.62290464121019D+01 -0.11449123754644D-03 -0.29047803945909D-03 -0.22474233503103D-03
 -0.99773033068580D+01  0.12411732815386D+02  0.95007485629020D+01  0.64097511779771D-03 -0.64178544800684D-04 -0.71221657285482D-04
 -0.12037934066623D+02  0.10732304135936D+02  0.75007796507382D+01 -0.42904426308818D-03 -0.13049306790033D-02  0.82671514708557D-03
