 -1.0
 -0.47340483217700D+01  0.69284520640911D+00 -0.75659793043758D+00  0.27574938647980D-03 -0.20876688677197D-03 -0.25599480369548D-03
 -0.36026073175467D+01 -0.12046453156588D+01  0.56931390745771D+00  0.12907654286168D-03  0.65743693600035D-03 -0.11133452668811D-03
 -0.15566866582778D+01 -0.54203882579001D+00  0.23720099710210D+01  0.29042187837010D-03 -0.20618176778744D-03  0.12329130682638D-03
 -0.14107141239222D+00  0.18943250041406D+01  0.20997693758126D+01  0.60453268794736D-03 -0.44829443354302D-05  0.24599718302762D-03
 -0.16413685769130D+01  0.35809984625242D+01  0.91904139379898D+00 -0.50425492033939D-03  0.17279898285358D-03 -0.26229645989090D-03
 -0.38480511021652D+01  0.30479250051150D+01 -0.23427885957457D+00  0.10249767237432D-03 -0.39624828984535D-03  0.26253158254421D-03
 -0.25852121806665D+00 -0.25167019891292D+01  0.36329612081068D+01 -0.26320985870088D-03  0.42201160258967D-03  0.15874021357709D-03
  0.23078872970157D+01 -0.21058755044999D+01  0.45235681560234D+01 -0.66863622795241D-04 -0.25577315734616D-03 -0.13107921416331D-03
  0.36624899711869D+01  0.27531821662289D+00  0.41588763173464D+01  0.49869471591108D-04  0.52341302087763D-03  0.70231341614682D-03
  0.22775258333415D+01  0.22926609868000D+01  0.31745431669178D+01 -0.20301769384372D-03  0.27434485742959D-03  0.29803032442591D-03
 -0.14457612403688D+01 -0.49087974432179D+01  0.41243091580245D+01 -0.33268432492246D-03  0.40224375182425D-04 -0.32222473617486D-03
  0.43239409100323D+00 -0.69286156153325D+01  0.49100476174663D+01 -0.44141464332439D-03  0.15098970827886D-03 -0.15596210175785D-03
  0.29092118216865D+01 -0.65992153177038D+01  0.51477603046009D+01 -0.88448637022387D-03 -0.19769215117474D-03  0.25546907774704D-03
  0.37137237241748D+01 -0.42609017309684D+01  0.52637823273424D+01  0.44642219969431D-03 -0.63006339748660D-03 -0.13761211464681D-03
  0.59816006215064D+01 -0.35230093731491D+01  0.64655947082714D+01 -0.52663539263048D-03 -0.48072849126605D-03  0.28847826212954D-03
  0.70647935233562D+01 -0.11140208804127D+01  0.65955927438361D+01 -0.27220049392967D-04  0.17144402806089D-04 -0.16170605717257D-05
  0.60423027741839D+01  0.67124132424658D+00  0.50231096005170D+01  0.50604164613870D-04  0.77305125572371D-04  0.19141628118341D-05
 -0.39794576579230D+01 -0.54002248759765D+01  0.50147392821921D+01  0.28683510337554D-03  0.36179937167684D-03  0.47843726186738D-03
 -0.48322691934995D+01 -0.77255027529559D+01  0.57121012443797D+01 -0.13917589793648D-03 -0.52726762350485D-03 -0.30348289217414D-03
 -0.31777968044942D+01 -0.97367282071079D+01  0.56574949886394D+01  0.30135573698854D-03  0.88155069409050D-03 -0.12363519660851D-03
 -0.55740204478257D+00 -0.94375880610720D+01  0.53391008149594D+01  0.33839887716999D-04  0.39551845303008D-04 -0.24777726582144D-03
 -0.57006076463496D+01 -0.33759814419426D+01  0.50944010947566D+01 -0.21129694759015D-03 -0.27219804797197D-03 -0.15645130255786D-03
 -0.39867176935117D+01 -0.37560841121669D+01 -0.48374786780629D+00  0.24127334618726D-03 -0.17307380700195D-03  0.13642765889485D-03
 -0.49991410181790D+01  0.56144086929673D+01 -0.13646094059282D+01 -0.11960427831695D-03  0.65883867347354D-04  0.13195919237200D-03
 -0.47014169033124D+01 -0.12108938910202D+02  0.58096102891792D+01 -0.28435977396731D-03 -0.14712066129881D-03 -0.42400199759093D-03
 -0.10467879244797D+01  0.55686128524105D+01  0.80761268999708D+00  0.28679527935980D-03  0.11996988205174D-03 -0.30466031086276D-03
 -0.62352096943951D+01  0.77054370500330D-01 -0.20059881456104D+01 -0.68512465697268D-03  0.51969048536787D-03  0.29547535262308D-03
  0.68809458093218D+01  0.23773497429922D+01  0.49779669930673D+01  0.17941968105097D-03 -0.50074196495653D-03  0.11854212837792D-03
  0.72594064979286D+01 -0.49104280614466D+01  0.71982590714513D+01  0.17400033712526D-03 -0.90499631637319D-03 -0.72581721639297D-04
  0.84635368252597D+00 -0.10860816549770D+02  0.56247779490997D+01  0.75803954896371D-03  0.14847314892921D-02 -0.71752943279572D-03
 -0.66661152902715D+01 -0.80910677317059D+01  0.68164747015921D+01 -0.13071056086272D-03 -0.13887194591838D-02  0.11002393386762D-02
 -0.52457077477327D+01  0.54717050576299D+01 -0.36983461465152D+01  0.39049489551414D-05 -0.32246104858527D-03  0.18761299717334D-03
 -0.61292317685476D+01  0.74292733474154D+01  0.22737155596022D-01 -0.42859150460601D-03  0.81139408470925D-03  0.17108217315037D-03
 -0.71397263873572D+01  0.90943567921263D+01 -0.16607203245762D+01  0.73780776424983D-04 -0.72220048248409D-04  0.19951861518707D-03
  0.94728126947920D+01 -0.79577310779050D+00  0.82011816721396D+01  0.36125684498674D-04  0.14651767288949D-03  0.53871328180520D-03
  0.11064811312102D+02 -0.22869704416654D+01  0.84793295838118D+01  0.42120098920527D-04  0.29363432847240D-03 -0.25768368267398D-05
  0.99830250745531D+01  0.18500412653422D+01  0.86595254974225D+01 -0.27111644496292D-03 -0.86586933839542D-04 -0.23855295800624D-03
  0.10521569185033D+02  0.26101265688038D+01  0.11256118777159D+02  0.28245085796852D-03 -0.36038463061362D-03 -0.37090294533742D-03
 -0.71051943813773D+01 -0.12037640923629D+02  0.56920779427497D+01  0.28662662884726D-03 -0.28379449719105D-04  0.30248858953631D-04
 -0.33486762538098D+01 -0.14308192290366D+02  0.58739884943345D+01 -0.17731333336945D-03 -0.33536912683776D-04  0.27866735162902D-03
 -0.50761245827510D+01 -0.16037143582426D+02  0.65471296955961D+01 -0.27626515240893D-03  0.22168921812394D-03  0.66660160205766D-03
 -0.79471658227873D+01 -0.37547619379152D+01  0.37603428537196D+01  0.37964363505973D-03 -0.53937781402104D-03  0.43985576664684D-04
 -0.32583082054992D+01 -0.39684569131520D+01 -0.29703061637583D+01 -0.37853762815919D-03 -0.15993303345804D-03  0.37531912000166D-03
 -0.60764344298614D+01 -0.16102087255279D+02  0.45869364549249D+01  0.13819748802578D-02 -0.40995075859626D-03 -0.84981189277927D-03
 -0.61339445690912D+01 -0.14960730530066D+02  0.79519262606699D+01  0.11046987670653D-02  0.50039634025789D-03 -0.11585749891440D-02
 -0.44409530206093D+01 -0.17741217247138D+02  0.72192329734850D+01  0.10077891416296D-03  0.37138929946152D-03 -0.21832986072301D-03
  0.96889393611206D+01  0.96190604702287D+00  0.12462385242454D+02  0.12618871914182D-02 -0.16046697047487D-03 -0.27861603660527D-03
  0.10082034034574D+02  0.45997921256170D+01  0.12096564147848D+02 -0.62954920548041D-03  0.43051420898512D-03  0.64342137132043D-03
  0.12583806709816D+02  0.25092928363082D+01  0.11375765654283D+02  0.37625974134310D-03  0.51706264978240D-03  0.30250318241623D-03
 -0.11173555911916D+01 -0.42221962420357D+01 -0.27678926081254D+01  0.21598197420077D-03 -0.61009159423890D-04 -0.61276169912361D-03
 -0.37149336744067D+01 -0.22789937117475D+01 -0.42522503853790D+01 -0.39601952318948D-03 -0.20407761649269D-03 -0.10939783646501D-02
 -0.35303357294802D+01 -0.57648549688762D+01 -0.37355899419985D+01  0.18300796365615D-03  0.33235009448574D-03  0.13204556628494D-02
 -0.78260607188490D+01 -0.56886474484367D+01  0.28249623541136D+01  0.93098096692406D-03  0.12333107665763D-03  0.37646208891201D-03
 -0.71766254302391D+01 -0.24939652653345D+01  0.22678235355450D+01  0.40155454517878D-03  0.20487910092144D-03  0.37451355755185D-03
 -0.94753064078093D+01 -0.27714278570067D+01  0.47480464007625D+01  0.96718997270810D-03 -0.55431182027886D-04 -0.37527080563574D-03
 -0.63693653342714D+01  0.11115766655805D+02 -0.15321084978439D+01  0.10912306056155D-02 -0.86167985988681D-03 -0.22517982252801D-03
 -0.89574258283874D+01  0.92109278869318D+01 -0.82894815849470D+00  0.16508772121878D-03 -0.40778634054528D-04  0.58550970473678D-03
 -0.69311162241773D+01  0.84141111410190D+01 -0.34855094330376D+01  0.16925704642952D-03  0.57913010933406D-03  0.24095177753788D-03
 -0.31278136801575D+01  0.93390116189779D+01  0.52024961922254D+01  0.53405665205115D-03  0.14313470946671D-03 -0.75368939209197D-04
 -0.39591581284202D+01  0.71540920433854D+01  0.63408636674768D+01 -0.64194223880226D-03 -0.21558882897927D-03 -0.54728368135578D-03
 -0.21474277139450D+01  0.56662681804675D+01  0.79224849273843D+01  0.31244060491672D-03 -0.36325340778383D-03 -0.20623831641800D-03
  0.30184834777383D+00  0.63357937401802D+01  0.84739907216887D+01  0.11644635876158D-03 -0.40872239380004D-03  0.82588736090547D-04
  0.95943407679060D+00  0.87245713494824D+01  0.71644397972646D+01  0.60344528908690D-03 -0.16407295456370D-03 -0.11965051975555D-03
 -0.67812991133453D+00  0.10238689181990D+02  0.56209322177714D+01  0.40068521371054D-03 -0.66186867424628D-04  0.34222542888748D-03
 -0.30448094955882D+01  0.33954917714238D+01  0.90594872601130D+01 -0.10684460833304D-04 -0.42416292910460D-03  0.13242053573286D-03
 -0.10199044655716D+01  0.17396214210798D+01  0.95888497569463D+01 -0.13427613443026D-03  0.52763098051495D-04 -0.30364775736196D-03
  0.14231403850909D+01  0.25223650364347D+01  0.99976152413532D+01  0.18340539912351D-03  0.69485574146684D-03  0.19587457543047D-03
  0.19797666709356D+01  0.49582377140816D+01  0.95923592385735D+01 -0.15576780793415D-03  0.43427827060478D-03 -0.31526104060806D-03
 -0.55460503035903D+01  0.27457000977838D+01  0.96164657685782D+01  0.20998681113948D-03 -0.27391803140803D-03  0.44372516504807D-03
 -0.61049722725063D+01  0.15049281777457D+00  0.99398212662598D+01  0.16708013935102D-03  0.59752960058064D-03 -0.30211551105935D-03
 -0.42419106657867D+01 -0.15403323553473D+01  0.10123349551703D+02 -0.22482989845109D-03 -0.35243292309850D-03  0.14270888235335D-03
 -0.17701471666663D+01 -0.75851232526474D+00  0.10349778100028D+02 -0.21004910299409D-03  0.45610794205526D-03 -0.13724337766519D-04
  0.81296004928396D-01 -0.28171294425809D+01  0.10841135428813D+02  0.11020271062401D-03 -0.17572439347767D-03  0.57011760955730D-03
  0.24443074236793D+01 -0.18327706588511D+01  0.11564266900704D+02  0.14926971612743D-03 -0.10842423820851D-03  0.28018401230343D-03
  0.30782131857311D+01  0.75407425079319D+00  0.10890929548638D+02 -0.30979153958086D-03  0.46047597525925D-03  0.12732456965755D-03
 -0.78565600563696D+01  0.44881890060689D+01  0.10176031783977D+02  0.69678448304324D-04 -0.18452389182484D-03 -0.32802351563495D-03
 -0.10212876540142D+02  0.34383712527869D+01  0.10142163425364D+02  0.23979834493110D-03  0.31121041397117D-03  0.83370609625621D-03
 -0.10682565119070D+02  0.72754872973445D+00  0.10208506857042D+02 -0.40221330927535D-03  0.52003391635308D-03 -0.30370722721742D-03
 -0.84530519556317D+01 -0.68522053453540D+00  0.10438343344372D+02 -0.47590425247732D-03 -0.15650102515409D-03 -0.16796624346831D-03
 -0.71119913672816D+01  0.69247075287837D+01  0.11041251054906D+02 -0.29626841378769D-03 -0.50656686715958D-04 -0.13734525531759D-03
 -0.63580211341507D+01  0.61731492049441D+01  0.59550721506040D+01  0.14138269974630D-03  0.18560882433405D-03 -0.24769773317835D-05
  0.57510618920753D+00  0.12526971500749D+02  0.43896494720998D+01  0.53214018455100D-03 -0.63461795981007D-03 -0.25347699354251D-03
 -0.13046285083195D+02 -0.37711173141954D+00  0.11028236379836D+02 -0.62292644582669D-04  0.41134946822183D-04 -0.52760441087411D-03
  0.26918166172830D+01  0.95099585467359D+01  0.77894066844226D+01 -0.12052032304540D-03 -0.27351034798019D-03  0.31000013460230D-03
 -0.40194995680929D+01  0.10542531610854D+02  0.36808955870158D+01 -0.89906403659228D-04  0.58772154145794D-03 -0.10835028537744D-02
  0.52440605677382D+01  0.82592775381420D+00  0.10865294868004D+02  0.38903435337047D-03 -0.55946328450014D-03  0.25060974242180D-05
 -0.88854216980041D+00 -0.45757775988728D+01  0.11396293217669D+02 -0.40856037186574D-03 -0.66602299078242D-03 -0.19688585001585D-03
 -0.86287311133435D+01 -0.26329482222416D+01  0.11094107038520D+02 -0.79939844019376D-03 -0.10359698001264D-02  0.31803464855987D-03
 -0.11666383923400D+02  0.48205418991970D+01  0.92315218977603D+01  0.42122632201488D-03  0.13584988282257D-03 -0.29704340843980D-03
  0.26730965168563D+01  0.12902879630446D+02  0.52720480523697D+01  0.59089491185943D-04 -0.90431814199823D-04 -0.15436864760198D-03
 -0.10133656851823D+01  0.13243128890893D+02  0.22229787794588D+01 -0.54656037436316D-03  0.16477399814085D-05 -0.37935564408119D-03
 -0.26923577022835D-02  0.15442630800947D+02  0.10616750108513D+01  0.62083124403498D-04  0.36893417099162D-03 -0.25643327416079D-03
  0.43773990079635D+01 -0.36305649460107D+01  0.12481678659141D+02  0.22873846695514D-03  0.31904088675182D-03 -0.37084260919012D-03
  0.62298549743801D+01 -0.31459947825042D+01  0.13686828400223D+02  0.31449671090876D-03 -0.50288606666665D-03 -0.71749218807698D-03
  0.35085302126764D+01 -0.58777682154031D+01  0.11655142613013D+02 -0.44509524198789D-03  0.55070249443587D-03 -0.16181031452854D-03
  0.47359540407787D+01 -0.80691301612616D+01  0.13049609191404D+02 -0.23981541230482D-04 -0.11169655444773D-04  0.36045126025021D-03
 -0.13341082036493D+02 -0.13725735706839D+01  0.13010998698413D+02  0.17760387063852D-05 -0.33097476480916D-03  0.14242327455745D-03
 -0.15194598780475D+02 -0.31771881432300D+00  0.94774409763673D+01  0.20161803644967D-03  0.36946538266389D-03 -0.56040898743759D-04
 -0.16840239261707D+02 -0.25925356608697D+01  0.97847483869589D+01  0.81102243097363D-03 -0.19686242117980D-03  0.93302370083457D-04
 -0.81056980576167D+01  0.76335430041799D+01  0.13376466911291D+02 -0.22483496081120D-04 -0.15997657137087D-03 -0.12950459820533D-03
 -0.79927098256478D+01  0.77775468653857D+01  0.44394142703964D+01 -0.53723421884413D-03  0.17301415780147D-03  0.46757959303950D-03
 -0.17451755339879D+02 -0.30242567114112D+01  0.77832087894933D+01 -0.10231880299604D-02  0.66622613945722D-03 -0.71992338536700D-03
 -0.18582721043063D+02 -0.17011786620767D+01  0.10831524082879D+02  0.45796115170182D-03 -0.35672451188259D-03  0.52798360821049D-03
 -0.15966893772436D+02 -0.38475057371250D+01  0.10980060158395D+02 -0.44240783527702D-03 -0.10563286311367D-03 -0.99440911421842D-03
  0.30291288537589D+01 -0.90617988012226D+01  0.13571547916593D+02 -0.53912090079059D-03  0.12678547110812D-03  0.11170079743686D-03
  0.60089050556950D+01 -0.77176394734703D+01  0.14434512033087D+02 -0.26514140216266D-03  0.60511156264535D-03 -0.84189417652917D-03
  0.52864373023723D+01 -0.97275157399564D+01  0.11644624017339D+02 -0.13249691137380D-03  0.45526360390645D-03  0.15236808558602D-03
 -0.93053241719689D+01  0.89705396144729D+01  0.54598761485604D+01 -0.34789286989501D-03 -0.44387028326459D-03  0.86131534380801D-03
 -0.88602255147220D+01  0.64124383761224D+01  0.32543829329807D+01 -0.38007841709865D-03 -0.20766392766118D-03  0.15390741652858D-03
 -0.66237498937953D+01  0.86223259300393D+01  0.31517001844252D+01 -0.31648859682637D-03 -0.38932369150911D-03 -0.12329551751833D-03
 -0.94521472574582D+01  0.92901596129438D+01  0.12771440712440D+02  0.98650070104837D-04 -0.54442495349360D-03 -0.12474351243175D-03
 -0.67290396961172D+01  0.88349195115092D+01  0.14212531428932D+02 -0.97184001679520D-04 -0.61401222961690D-03  0.56658614964225D-04
 -0.84504738534073D+01  0.58729580703760D+01  0.14482698678337D+02 -0.50824283646375D-03  0.60047958832474D-03 -0.67875942828237D-03
 -0.12773441814945D+01  0.16099874955536D+02 -0.45736609889972D+00 -0.99307700687969D-03  0.57100327403883D-04  0.82980627050320D-03
  0.18935328481570D+01  0.14418255313772D+02  0.37529691322105D+00  0.11179843243548D-04 -0.96219120975005D-03  0.91011609079827D-03
  0.20186338165128D+00  0.16606562152673D+02  0.28282004611633D+01  0.10025094776907D-02 -0.66527678218783D-03  0.96088962413314D-04
