 -1.0
 -0.10597107974322D+01  0.22185174882239D+01 -0.51885376668816D+01  0.43765671446451D-04 -0.53861698779137D-03  0.29592815806035D-03
  0.13405067497311D+00  0.67908964190196D+00 -0.35764254900156D+01 -0.53384443618071D-03  0.39525164030680D-03 -0.49047080707626D-03
  0.58792470856230D+00  0.13198767047331D+01 -0.91201877375179D+00 -0.32746424837246D-04  0.29853270078425D-03 -0.19918588679660D-03
  0.34644911187620D+00  0.39074156665315D+01 -0.42652919097338D+00  0.61976602346759D-03 -0.68641475642971D-03 -0.55439330819063D-03
 -0.95673869588281D+00  0.54916195467496D+01 -0.20251468125207D+01 -0.73239878671406D-03 -0.43684840087572D-03  0.25976912955558D-03
 -0.18398617887061D+01  0.46049275425373D+01 -0.44308340325807D+01 -0.14415080171207D-03 -0.47800384336190D-03  0.26219938240475D-03
  0.14244076722704D+01 -0.30422697660199D+00  0.13197141872820D+01  0.82219138667998D-04 -0.45328707228596D-03  0.80360757656392D-04
  0.26097294140393D+01  0.11484391061283D+01  0.30812522220432D+01  0.14035280297865D-03  0.76161988749348D-04  0.49659631984623D-03
  0.26560432348167D+01  0.39667918769254D+01  0.31412588218714D+01  0.14130810467968D-03 -0.20703689004398D-03 -0.83073844684679D-05
  0.14159002838763D+01  0.53616326891455D+01  0.13979242893839D+01  0.17446971561485D-03  0.74168530943075D-04  0.15843213692235D-03
  0.72165568909789D+00 -0.30268131494723D+01  0.14453790888909D+01 -0.95287499864301D-04  0.13172516286769D-03  0.39233669121084D-03
  0.20315297925493D+01 -0.42029915395786D+01  0.35920063926594D+01 -0.85824129897579D-04  0.42426238399041D-03 -0.16067650423329D-04
  0.35395510748118D+01 -0.26750610476566D+01  0.49721411597275D+01  0.18972692336598D-03  0.36760376885190D-03 -0.28057208130413D-03
  0.36652325401129D+01  0.57433537623106D-01  0.50851428810905D+01  0.32880078081677D-03  0.47358989140856D-03  0.31183007699553D-03
  0.46609991215153D+01  0.11338242713461D+01  0.72715994989862D+01  0.17307035057751D-03 -0.79770225795489D-04  0.65102993428272D-03
  0.50154654892093D+01  0.36767572086805D+01  0.70333834066731D+01 -0.44938012618745D-03 -0.24636803627694D-03 -0.50157311295400D-03
  0.39327285549710D+01  0.50114437333587D+01  0.49936874151559D+01  0.14581324021796D-03  0.43414308123502D-03  0.23397686391186D-03
 -0.11898292693150D+01 -0.46981687312342D+01  0.23310280095013D+00 -0.64365301828260D-03 -0.21653253860870D-03  0.25051853875451D-03
 -0.15286088437842D+01 -0.73237617337900D+01  0.67277232293649D+00  0.16546758886542D-03  0.12598522947058D-03  0.32136412247441D-03
 -0.76084953474941D+00 -0.80705551892259D+01  0.29685298275767D+01  0.30218116130219D-03  0.34726816377358D-03 -0.70933065657235D-03
  0.12300326829615D+01 -0.66768747020757D+01  0.41896653852565D+01  0.28054788484862D-03  0.13851264861512D-03  0.11554788222930D-03
 -0.24678307154929D+01 -0.34265146574984D+01 -0.21043724036052D+01  0.11675531321010D-05 -0.25126256269906D-03 -0.21767507789236D-03
  0.14401717334594D+01 -0.13968646411385D+01 -0.45678060641126D+01 -0.73178702686921D-03  0.51879833783127D-03  0.21387767478614D-03
 -0.26333661365265D+01  0.64680777893879D+01 -0.64727328038234D+01 -0.56428061748676D-04 -0.12192473168570D-03  0.25966371100715D-03
 -0.22078871267548D+01 -0.10244976035941D+02  0.41985087011364D+01  0.70556290955959D-03  0.17110829343591D-03 -0.27859542917752D-03
 -0.23997057124273D+01  0.68814287057649D+01 -0.12680062240594D+01 -0.61131192824715D-03  0.49171288913508D-03  0.37273142367351D-03
 -0.13758726904911D+01  0.15835605641236D+01 -0.70220433912016D+01 -0.50431147750950D-03  0.79697941013571D-03 -0.19256675098728D-03
  0.42622473127993D+01  0.70940274669975D+01  0.49743389472020D+01  0.38808011485748D-04  0.14790223263488D-02 -0.35077444264907D-03
  0.57168983827246D+01  0.14261742344012D+00  0.87971553408648D+01 -0.27383103834897D-03 -0.18988777076404D-03  0.63213203690871D-03
  0.14921519035962D+01 -0.72216508606034D+01  0.61531186982729D+01 -0.99346333074149D-03  0.18808330005249D-03 -0.66666804082896D-03
 -0.29723379816244D+01 -0.83540642725677D+01 -0.48299092521778D-01  0.71262476018710D-03  0.22679610564494D-02 -0.94555295980740D-03
 -0.44409755053692D+01  0.78869265822431D+01 -0.60094325569628D+01 -0.56741290462282D-03  0.27438925569051D-03 -0.91669054995089D-03
 -0.10412033152604D+01  0.63898618659335D+01 -0.87139754725286D+01  0.15711323212946D-03 -0.79623085534652D-05  0.50520729646908D-03
 -0.13820862366127D+01  0.88508590206271D+01 -0.99261737396608D+01  0.46358170879979D-03  0.10810203206944D-03 -0.10444946509590D-03
  0.71663156128665D+01  0.52021719415582D+01  0.83377358145800D+01  0.44207811000124D-03  0.36095051743500D-03  0.56866441954970D-03
  0.88016296033250D+01  0.60163945413126D+01  0.69812834583006D+01  0.44470387291820D-04 -0.46960317031826D-03  0.40718856707428D-03
  0.68273227684888D+01  0.62893313172382D+01  0.10738040632596D+02  0.54328003190465D-04 -0.43479885981469D-03 -0.35483715710935D-03
  0.78304090236788D+01  0.87552791146393D+01  0.10745328127851D+02 -0.35976377400193D-03 -0.58687359941201D-03 -0.28618352249055D-03
 -0.40776919236801D+01 -0.11287554721011D+02  0.31023574098914D+01 -0.49580191451732D-04  0.36657565067068D-03 -0.10697090279272D-03
 -0.17041385415310D+01 -0.10931113608259D+02  0.67108170599845D+01  0.28835577393679D-03 -0.21754517362807D-03  0.37238136588756D-03
 -0.31918936817605D+01 -0.12827657225692D+02  0.75497132354649D+01 -0.68679500295899D-04  0.82822074384936D-04  0.12016396965950D-03
 -0.47310447911890D+01 -0.47123668281643D+01 -0.26718551698396D+01 -0.44710908953843D-03 -0.18305637435017D-04 -0.29845403627640D-04
  0.38469467313721D+01 -0.18656008636580D+01 -0.36790564921704D+01 -0.32813839912781D-03 -0.57487259054189D-03  0.19860423440759D-03
 -0.21839880258845D+01 -0.13002473206843D+02  0.93051537761636D+01  0.12971294268443D-02 -0.61398456342843D-03 -0.50988546204478D-03
 -0.31244941185817D+01 -0.14646814161269D+02  0.64383248570544D+01 -0.48490338764788D-03 -0.13875816798098D-02  0.28682110767268D-03
 -0.50586736465793D+01 -0.11770675055339D+02  0.76447785701620D+01  0.42259312705508D-03 -0.85348259328195D-03  0.29594924488476D-03
  0.83615973800851D+01  0.94522894555945D+01  0.12553021741799D+02 -0.91745200165751D-03  0.31171864204407D-03 -0.82249548948925D-03
  0.60821934583724D+01  0.98747366083486D+01  0.10332433486677D+02 -0.53056851918503D-03 -0.73695425257484D-05  0.21323401689115D-03
  0.90335706586012D+01  0.94393417444860D+01  0.92108128198044D+01  0.11028912928760D-02  0.88361558753905D-03  0.72060035919831D-03
  0.34502964224844D+01 -0.31410034337401D+01 -0.23170333918806D+01 -0.49664610066176D-03  0.64447716962753D-03 -0.12209797972677D-03
  0.49123637687627D+01 -0.39866465236906D-01 -0.31336129507242D+01 -0.46111071350507D-03  0.45632031832972D-03  0.61386431996268D-03
  0.47125646775736D+01 -0.28138199892817D+01 -0.53019572637770D+01  0.86291339756831D-03 -0.10562058488667D-02  0.68560662800270D-04
 -0.62301470096713D+01 -0.32690084005526D+01 -0.25918465970486D+01  0.24240264855812D-03 -0.97964574526791D-03  0.20297735141523D-03
 -0.53395963740599D+01 -0.64299879406225D+01 -0.14396719531775D+01 -0.38941108686471D-03 -0.10859786361422D-02  0.77926844314150D-03
 -0.49587480259257D+01 -0.53837109679403D+01 -0.47612930330049D+01  0.48904150044258D-03 -0.25604389782755D-03 -0.52172420196824D-03
 -0.35244810302792D+01  0.89034955454223D+01 -0.10106338381267D+02 -0.10595220645826D-02  0.71044480889018D-03 -0.97661885800293D-03
 -0.81536538516939D+00  0.96082939227451D+01 -0.11798591280683D+02  0.12391631375926D-02  0.22466723189650D-03 -0.78914806512079D-03
 -0.99249844480099D+00  0.10206743282133D+02 -0.84631449601769D+01  0.28506117543172D-03 -0.22112956564009D-03 -0.49404518665454D-04
 -0.68704101014176D+01  0.24633180517228D+01  0.49683938801191D+01 -0.56543774775969D-03  0.37033833577427D-03 -0.20115238685122D-04
 -0.65860809495596D+01  0.22802276999051D+01  0.75324016564274D+01  0.44663819316512D-03  0.75522202479519D-03 -0.60009968591711D-03
 -0.45322923930453D+01  0.86204873465329D+00  0.86133655874719D+01 -0.12842364550275D-03  0.12257291314009D-03 -0.24279546321474D-03
 -0.29175159848002D+01 -0.54647220753314D+00  0.70402178111616D+01  0.32733210426973D-03  0.43335888160447D-03  0.16235517630694D-03
 -0.36463858988440D+01 -0.87073877152448D+00  0.44803672321086D+01  0.56149967350822D-03 -0.44622946547517D-03 -0.91645545408004D-03
 -0.52085569201848D+01  0.11519592196705D+01  0.33936571123424D+01 -0.12308869935830D-03  0.55250934358581D-03 -0.27903911364066D-03
 -0.43582795367436D+01  0.78300141510081D+00  0.11337302087239D+02 -0.53603056588127D-03 -0.60603412201442D-03 -0.38163197314770D-04
 -0.30162754466687D+01 -0.12889464479108D+01  0.12239428220540D+02 -0.63557544892796D-03 -0.41324252822336D-03  0.12802556525709D-02
 -0.16196045609211D+01 -0.29125309407282D+01  0.10690301283425D+02 -0.61117628001088D-03 -0.29904468460018D-03  0.17452167482046D-03
 -0.14109313833002D+01 -0.24733967262031D+01  0.80206844097279D+01 -0.31609428417895D-03  0.37667670464459D-04  0.58624350928217D-03
 -0.53396126221577D+01  0.23373206257090D+01  0.13669146852481D+02  0.20065252079990D-03 -0.18534833547853D-03 -0.65422262142698D-04
 -0.64103833269082D+01  0.72230472592040D+00  0.15581619759022D+02 -0.59676135781380D-05  0.21479549711682D-03  0.14187443161019D-03
 -0.56138382945314D+01 -0.16496223063274D+01  0.16173856244186D+02 -0.50273763961666D-03 -0.20761795169096D-03 -0.59143517451889D-04
 -0.39076579496608D+01 -0.23997874342994D+01  0.14419384262779D+02 -0.19925900066049D-03  0.17018925294878D-03  0.35170272304473D-03
 -0.27100975552079D+01 -0.45679382987296D+01  0.15538993579266D+02 -0.49879252190138D-03  0.79937522720779D-03  0.57050137390263D-03
 -0.90704945777930D+00 -0.58163812695745D+01  0.14160680301553D+02  0.13075703193853D-03  0.18485815796187D-03  0.20945585139758D-03
 -0.52724714668942D-01 -0.48676384644857D+01  0.11807027209630D+02  0.73800917115884D-03  0.96115630796520D-05  0.25572694756319D-03
 -0.57682525121219D+01  0.50942896461592D+01  0.13635321938721D+02  0.56536137108227D-03 -0.19426803465381D-03  0.11299507715616D-03
 -0.74494001311446D+01  0.58709429648920D+01  0.15389528033165D+02  0.18083341312956D-03 -0.28445413767187D-03 -0.18275849286361D-03
 -0.90260171326276D+01  0.44739413539777D+01  0.16954963362932D+02  0.36613341985234D-03  0.31365057615893D-03  0.53932361676243D-03
 -0.84188313521879D+01  0.18733549205417D+01  0.16923365821226D+02  0.74694186873011D-03 -0.65782318741735D-03 -0.44657205091433D-03
 -0.46137411606469D+01  0.67243582300948D+01  0.11839831277944D+02 -0.15710295424194D-03  0.34055026241196D-04  0.27765111861266D-03
 -0.86850927633784D+01  0.34992156103278D+01  0.87921024129756D+01 -0.51204240801365D-03  0.66913902583195D-04 -0.67357510295000D-04
 -0.56898476975589D+01  0.19468630454753D+01  0.68337253708652D+00  0.18601194588712D-04 -0.41378887607893D-03 -0.12406072103413D-03
 -0.10685412563369D+02  0.57508084921770D+01  0.18675828058423D+02  0.29730676966134D-03 -0.11149681999433D-03  0.10774194897995D-04
 -0.32399253757486D+01 -0.20098917562518D+01  0.29083247283384D+01 -0.13665811378331D-02 -0.19441581863715D-03 -0.89041680380675D-05
 -0.84664995341811D+01  0.32986135335023D+01  0.36527300828845D+01 -0.45139813271483D-03 -0.62003333449885D-03 -0.81132983486115D-03
  0.11112597567258D+01 -0.62856621323860D+01  0.10651877356048D+02  0.70543174312271D-03 -0.14370998009675D-02 -0.75610614395314D-03
 -0.31846146819804D+01 -0.52355253498951D+01  0.17490170983412D+02 -0.26979879968581D-03 -0.70790959307693D-03  0.57304249535862D-03
 -0.91757401069426D+01  0.57516878796888D+00  0.18604237460848D+02 -0.29201267140531D-03 -0.61831658633476D-03 -0.10331198311764D-02
 -0.76878495031110D+01  0.80923304086471D+01  0.15208377243392D+02  0.95998452273042D-03  0.15689071029995D-02 -0.22344165329342D-05
 -0.64935910346253D+01  0.76543298552607D+00 -0.10944721706466D+01  0.49578145862219D-03  0.35039871852208D-03 -0.13857258332161D-03
 -0.56569420459753D+01  0.44627282929162D+01  0.75784238818597D+00  0.42514457405119D-03 -0.34863272348762D-03  0.62856847961752D-04
 -0.70025051643683D+01  0.56630161810249D+01 -0.12388450602216D+01 -0.41681250764426D-03  0.57669867394528D-03 -0.22077192316882D-03
  0.72447022070272D-01 -0.80740058743190D+01  0.15339232597629D+02  0.21360069408587D-03  0.33138016442097D-03 -0.17881242858131D-03
 -0.10142802044372D+01 -0.87492367167823D+01  0.17251121702084D+02 -0.21209989210540D-04 -0.87218474391382D-04 -0.75737027410211D-04
  0.24873722329378D+01 -0.88849073064536D+01  0.14551211069570D+02 -0.22240910488480D-03 -0.16318044343528D-03 -0.32040075958220D-03
  0.38904899905592D+01 -0.92044411828195D+01  0.16719824805854D+02 -0.22887612828410D-03  0.63656861249050D-04  0.40023773108126D-03
 -0.12416904880087D+02  0.45423421965410D+01  0.19716566917394D+02 -0.29162003243312D-03  0.22378869208954D-03 -0.11729866182254D-02
 -0.10461536009708D+02  0.82732854849242D+01  0.19018373466410D+02 -0.20859349578628D-03  0.36683680275403D-03  0.23093842351845D-03
 -0.12800595979949D+02  0.91455546016821D+01  0.20040309486594D+02  0.12045895973946D-03 -0.32427378615286D-03 -0.20237894266337D-03
 -0.22644092159045D+01  0.55996931216855D+01  0.11082510801376D+02  0.73795508422397D-03  0.68972151034202D-03  0.89998442025623D-04
 -0.10398813726607D+02  0.17685111557777D+01  0.10093327206147D+02 -0.23145784861507D-03  0.18451430011492D-03  0.48937166696890D-03
 -0.12210287930299D+02  0.11115485348885D+02  0.19757805638844D+02  0.12909408700492D-03 -0.34964702726421D-03  0.81604590816967D-03
 -0.13351467684567D+02  0.87857215103444D+01  0.22118125927936D+02  0.66376471776106D-03  0.16031808875831D-03 -0.21871054346864D-03
 -0.14269125081719D+02  0.85918875063836D+01  0.18658401505381D+02  0.43502183800574D-03  0.17065748452304D-03  0.60613887589203D-03
  0.29833725736620D+01 -0.90671785379214D+01  0.18384640272873D+02  0.47186948931703D-03 -0.83082224761563D-03 -0.12486836024619D-02
  0.55002493546849D+01 -0.80342009928700D+01  0.16997035302171D+02  0.61588025976121D-03 -0.14135153474332D-03  0.36109534433761D-03
  0.48948084575624D+01 -0.10991041311501D+02  0.16873331387002D+02  0.88230681643782D-03  0.72783394434273D-05 -0.35332370424220D-03
 -0.97757930801717D+01  0.89587361139676D+00  0.11869247067124D+02  0.56312801795061D-03 -0.96591716098643D-03  0.34725671838903D-03
 -0.11570715168015D+02  0.57420560839813D+00  0.88066246096006D+01 -0.79100364274208D-04 -0.69734157930512D-03 -0.74291279225969D-03
 -0.11767774708206D+02  0.34111407530084D+01  0.10430482228584D+02 -0.36118159814355D-03  0.21084984195415D-03  0.22660903856782D-04
 -0.22262708814702D+01  0.58051682342157D+01  0.88876877367794D+01 -0.35636448126320D-04 -0.12594278918286D-03  0.94588134574814D-05
 -0.20441120437322D+01  0.35047442163430D+01  0.11451838080312D+02  0.27845530479207D-03 -0.13345940625479D-03  0.21011447555375D-05
 -0.91195010901487D+00  0.66781258027776D+01  0.12389274166532D+02  0.76893825132843D-03 -0.18457690664964D-03  0.69431971622953D-03
 -0.59276054455770D+01  0.64976713038206D+01 -0.26872170164262D+01 -0.11675912097243D-02 -0.11750428563851D-02 -0.12267063291663D-03
 -0.82881067805541D+01  0.73220149120270D+01 -0.39363356272986D+00 -0.29819834479681D-03  0.42279214364611D-03 -0.49415248180388D-03
 -0.79975440384022D+01  0.41112717796054D+01 -0.25082465110903D+01  0.61921415383269D-04 -0.28269881946706D-03 -0.83611741924616D-03
