 -1.0
 -0.60049785419235D+01 -0.43091374511992D+01 -0.58511060826126D+01  0.15059131917198D-03  0.63120631445127D-03  0.29279334273707D-03
 -0.48284712150944D+01 -0.48429235011875D+01 -0.34641556499530D+01  0.23323187779969D-03 -0.67806445338739D-04  0.18214796920019D-03
 -0.35730318203300D+01 -0.28650989193981D+01 -0.22402149630058D+01  0.27102797622647D-04  0.31702761954964D-03 -0.58982936866355D-03
 -0.34344419323141D+01 -0.59208109405817D+00 -0.38117489240910D+01  0.15213748194346D-03  0.19959523206440D-03  0.31184500302245D-03
 -0.47383270074322D+01 -0.13418414360922D+00 -0.60944869502184D+01  0.85528516440297D-04 -0.23752880449060D-04 -0.35521179651017D-03
 -0.58377287246153D+01 -0.22212818074842D+01 -0.73177136139562D+01  0.14293992187068D-03  0.17290013499872D-04  0.26834767018607D-04
 -0.26934557687715D+01 -0.26706392903455D+01  0.42443479318076D+00  0.91134615107895D-04 -0.11322097000717D-03 -0.54398959143504D-03
 -0.11251509538168D+01 -0.55632394996086D+00  0.88976181883830D+00 -0.62367656840261D-03 -0.25009155342130D-03 -0.13113447636518D-03
 -0.48306371938258D+00  0.12673932244760D+01 -0.98336717413678D+00  0.46760066096835D-03 -0.36354751010428D-03  0.29996353268329D-03
 -0.21025753660724D+01  0.14079188590513D+01 -0.29473722108295D+01 -0.26993134170265D-04 -0.40457107576939D-03 -0.40750486084068D-03
 -0.38797819559731D+01 -0.39040562996600D+01  0.26136743384220D+01 -0.11132836267737D-03  0.45678004039662D-03  0.57663107776830D-03
 -0.28014247349818D+01 -0.30860658505134D+01  0.49932947042771D+01  0.28731246750600D-03 -0.74187455817053D-04 -0.70711767046837D-03
 -0.11351603623368D+01 -0.12959640905516D+01  0.54076951519721D+01  0.12406439233227D-03 -0.21201483791777D-03  0.19833753606141D-03
 -0.48787785033135D+00  0.14717102366931D+00  0.34387494414163D+01  0.81748039720859D-04 -0.33843791841120D-03 -0.57907108782886D-03
  0.55957356949711D+00  0.24413066762924D+01  0.40371876069914D+01 -0.27670341027943D-03  0.35196703773535D-03  0.11940619104468D-03
  0.13644362862045D+01  0.38575646458954D+01  0.21197429138735D+01 -0.74367684872118D-04  0.26728670242165D-03  0.86973368619059D-04
  0.92277212952548D+00  0.35601895240452D+01 -0.62522154763165D+00 -0.59133995304811D-03  0.21547789507800D-03 -0.38177610792832D-03
 -0.64483186163631D+01 -0.49812168394945D+01  0.25747903009531D+01  0.11207966350645D-05 -0.19188328564829D-03  0.34507650779369D-03
 -0.74483702795079D+01 -0.57328126461462D+01  0.48793134267971D+01  0.17016909895333D-04  0.16027678510109D-03  0.19679325160922D-03
 -0.61636331052562D+01 -0.56352862500512D+01  0.71937651128984D+01 -0.34240760384045D-03 -0.20994044560616D-04  0.29907933226579D-03
 -0.38883389071261D+01 -0.43967333582530D+01  0.70729033279329D+01 -0.54178107276215D-03  0.71948744488879D-03 -0.46117345753600D-03
 -0.79279759843360D+01 -0.47547661157537D+01  0.31850276538609D+00 -0.12457190944384D-04  0.48336005097655D-03  0.17803506232104D-03
 -0.45521069295680D+01 -0.73749491542029D+01 -0.27666917645009D+01  0.72086314698935D-04  0.30131866356650D-03  0.28165038069252D-04
 -0.73303508251907D+01 -0.17232110061867D+01 -0.96179653484988D+01  0.51686816719451D-04  0.21244430135687D-03 -0.16571747951851D-03
 -0.69881161271610D+01 -0.68465147277187D+01  0.95392922489952D+01 -0.21298242668467D-03 -0.11679948793911D-03 -0.20386868808951D-04
 -0.49322291573055D+01  0.16247771704753D+01 -0.71437699773643D+01 -0.55014523946398D-03  0.25289911617164D-03  0.11083057398266D-02
 -0.74512901620742D+01 -0.55919552951284D+01 -0.61766027992968D+01  0.12621153044569D-04  0.21801290980282D-03 -0.76342716248451D-03
  0.91611511144042D+00  0.51520310068100D+01 -0.18406927092550D+01 -0.64101573601293D-03 -0.16025990570005D-02  0.48161175747582D-03
  0.72628813491249D+00  0.28439307398195D+01  0.60778515858911D+01  0.55677051268948D-03 -0.27111272302143D-03 -0.20099682213323D-03
 -0.25615579429686D+01 -0.49283795260157D+01  0.85977178989615D+01  0.79254820654126D-03 -0.60859883529114D-03 -0.98639086548490D-04
 -0.93083416778812D+01 -0.64938991287778D+01  0.48523258475331D+01  0.26411844905148D-03  0.84579906819849D-03  0.98114753370172D-03
 -0.83459719726967D+01 -0.34719658740613D+01 -0.10734714741539D+02 -0.39512960271388D-04 -0.41197755897035D-03  0.25409290370923D-03
 -0.76210406259476D+01  0.71434415637675D+00 -0.10537239551404D+02 -0.25324422939703D-04 -0.17158273771558D-04 -0.41359051986467D-04
 -0.89852373320298D+01  0.91255276545358D+00 -0.13032461880355D+02  0.91135904433744D-03 -0.14085132954974D-04 -0.38633870831164D-04
  0.25790215380002D+01  0.62818221945698D+01  0.32209990138545D+01  0.12452302237057D-03 -0.89706243789900D-03 -0.11447948217641D-03
  0.97302231327209D+00  0.78375799141253D+01  0.32597430383915D+01  0.36324413181750D-03 -0.46266318341516D-03  0.64414516103766D-03
  0.49551822838092D+01  0.61527603859480D+01  0.41120970722698D+01  0.36557723859824D-03  0.18704831161758D-03 -0.59116492457240D-03
  0.56127741227379D+01  0.86654726522231D+01  0.43879499269013D+01 -0.61958598145778D-03 -0.70730484714750D-04  0.29062089794931D-03
 -0.54869554634310D+01 -0.70143258190887D+01  0.11441593040144D+02 -0.17264399760375D-03  0.13593846389582D-03 -0.99315309138748D-04
 -0.92998022683058D+01 -0.76834330379135D+01  0.97879046563622D+01 -0.44103506047365D-03  0.16906093046311D-03  0.17913597075703D-03
 -0.98035440417168D+01 -0.89759880414342D+01  0.12126678802005D+02  0.13838732071085D-04 -0.47938716010564D-03  0.23608314365359D-03
 -0.10058748137962D+02 -0.32044564986843D+01  0.90086044849396D+00 -0.47774841862570D-03  0.51630715162211D-03 -0.21911305644632D-03
 -0.56589110790700D+01 -0.93294547419299D+01 -0.41842162774949D+01  0.13557387379880D-03  0.38246861302557D-03 -0.29016760062083D-03
 -0.11296453942903D+02 -0.10433347052390D+02  0.12142928845269D+02 -0.41931272003071D-03 -0.21295693785885D-03 -0.12047637663614D-02
 -0.10808833184086D+02 -0.75284275463770D+01  0.13182033282730D+02  0.27980121309308D-03 -0.27998426764565D-03  0.33047115227198D-03
 -0.82947331393811D+01 -0.10052728414625D+02  0.13251832975986D+02 -0.50024481585988D-03  0.62889210540340D-03 -0.45539425650108D-04
  0.41209353648715D+01  0.98942770151197D+01  0.34790502916667D+01 -0.25856105097862D-03  0.21005840030188D-03 -0.23873457496083D-03
  0.74090185260329D+01  0.87647025891326D+01  0.33690673916718D+01 -0.11352760725059D-03 -0.97424230647398D-03 -0.18661329927328D-03
  0.58942683145892D+01  0.90844199590202D+01  0.61972652313920D+01 -0.11749246533460D-03  0.68757569932277D-03 -0.47475828529903D-03
 -0.48772508853021D+01 -0.92535325642309D+01 -0.61472790486758D+01 -0.70565755454137D-03 -0.29084731374097D-03  0.12302371260616D-02
 -0.77692409790024D+01 -0.97885495450811D+01 -0.41749692884118D+01 -0.15382413489034D-03 -0.12868143703700D-03  0.13634836263614D-03
 -0.46705102257258D+01 -0.10779912075152D+02 -0.33389080332516D+01  0.28033274122592D-03  0.94830671486808D-03 -0.91921171810045D-04
 -0.11204905451570D+02 -0.34178148109230D+01 -0.66590515446132D+00 -0.33207145299258D-03 -0.37284919448384D-03  0.29983472354188D-03
 -0.94631884657239D+01 -0.14130070946032D+01  0.93801527288871D+00  0.18858811017969D-03 -0.43031734948658D-03  0.14457638247145D-03
 -0.11227850322008D+02 -0.38647295993217D+01  0.23197972278337D+01  0.51929258028701D-03  0.34667066821914D-04  0.11174111045412D-03
 -0.11020995981849D+02  0.57987990230551D+00 -0.12713516081128D+02  0.38622443847523D-03 -0.23414529394231D-03 -0.10086646320322D-03
 -0.79894247702233D+01 -0.59272746660076D+00 -0.14367732040008D+02 -0.50652128700408D-03 -0.63537661341470D-03 -0.73884859913430D-03
 -0.88067023195465D+01  0.25957004404280D+01 -0.14270292262134D+02 -0.30109742696352D-03 -0.81207269031472D-04  0.12640124134300D-02
  0.25002073216893D+00  0.92558742244200D+01  0.10418313444361D+02 -0.27722510502456D-03 -0.40810720238492D-03 -0.51572933457716D-03
 -0.74389487587884D+00  0.69712308056092D+01  0.10637594817581D+02  0.76463280187726D-04  0.27737049648189D-03 -0.52599049298397D-05
  0.85038920022279D+00  0.50496908196363D+01  0.11818064593080D+02  0.96273585819412D-04  0.12724299825386D-03 -0.30625525383439D-03
  0.34974422143094D+01  0.56311760384489D+01  0.11968078105719D+02 -0.23605926800915D-03  0.36121356793066D-03  0.37469953142870D-03
  0.43045999939948D+01  0.79539952309350D+01  0.11291767021808D+02 -0.74443749743628D-03 -0.38184762713282D-03 -0.67695064131202D-04
  0.28209319367147D+01  0.99643604024273D+01  0.10790057573051D+02  0.22596468127348D-03 -0.20989186736609D-03 -0.50270953291325D-03
  0.11756792160424D+00  0.25035463100473D+01  0.12567459909546D+02 -0.18743168504654D-03 -0.32928429342768D-03 -0.27561879400981D-03
  0.17092809570696D+01  0.54566280288468D+00  0.11763167802063D+02  0.59358212538055D-03 -0.45294184826300D-03 -0.50664976219584D-03
  0.43708531955955D+01  0.14119326415787D+01  0.11603885067539D+02 -0.22819849708013D-03 -0.12515116511239D-03 -0.77890573716010D-04
  0.53218063825589D+01  0.37797897632123D+01  0.11748908658323D+02  0.70728596472743D-03 -0.16803770094451D-03  0.10777209267951D-03
 -0.22469700796718D+01  0.17795664903209D+01  0.13588997320842D+02 -0.13411117733141D-03  0.54825993751994D-05  0.28498820264985D-03
 -0.28168846704019D+01 -0.78258426915811D+00  0.13565387396935D+02  0.25915743027385D-03  0.10541811091930D-04  0.61315247307031D-04
 -0.12936100383033D+01 -0.28441490974644D+01  0.12727672701357D+02 -0.72959475122997D-04 -0.95014379947410D-04  0.46744082806653D-03
  0.10633280662380D+01 -0.19603116778967D+01  0.11913280808354D+02  0.19729457613792D-03 -0.12498389230231D-02  0.11969989502708D-03
  0.29083352721808D+01 -0.38256693978756D+01  0.11478519991148D+02  0.25338260652670D-03  0.31204302844325D-04  0.46220983141675D-03
  0.53553833579426D+01 -0.30589792877980D+01  0.11192168851693D+02 -0.38369279969055D-03 -0.84554535659172D-04 -0.10392761307610D-03
  0.60635422656675D+01 -0.55447281592164D+00  0.11348696079948D+02 -0.20635258928571D-03  0.17144158503816D-04 -0.21474933966647D-03
 -0.38179700463219D+01  0.34667585520697D+01  0.14862693975806D+02  0.11623242978190D-03 -0.18571162852282D-03  0.62317233102882D-04
 -0.64801495296968D+01  0.28075897856419D+01  0.14760814742417D+02 -0.62460650657757D-03 -0.24501326196916D-03 -0.11167720594925D-03
 -0.72387759145305D+01  0.51993801355328D+00  0.13451485654003D+02  0.18030655720260D-03 -0.34997838285750D-03 -0.66030304211695D-03
 -0.54532607942341D+01 -0.13354597867589D+01  0.13825293496524D+02 -0.15032957055352D-03 -0.95164415591011D-04  0.32112723970017D-03
 -0.29131664934055D+01  0.59246707838551D+01  0.15913260452278D+02  0.71803178770632D-04  0.10318543967219D-03  0.10809179066721D-03
 -0.33025691794530D+01  0.65553694453006D+01  0.10366571855148D+02 -0.34472836197751D-03  0.68492386046398D-03 -0.25368924063865D-03
  0.33988637357935D+01  0.12806995378243D+02  0.11253518567807D+02  0.44761013226198D-03 -0.32741507952101D-03  0.95986970294898D-04
 -0.98334817227332D+01 -0.65218050012464D-01  0.13028353401707D+02 -0.15171933594558D-03  0.48999863016917D-03  0.16988847934282D-03
  0.63256675844482D+01  0.84071929343912D+01  0.11548184267344D+02  0.86521453083121D-03  0.67524214897798D-03 -0.88950455242528D-03
 -0.11031311623161D+01  0.10555532177472D+02  0.97314140358012D+01  0.85854338694513D-03 -0.32153897227310D-06 -0.12027646445125D-02
  0.79504432132885D+01 -0.32538890434476D-01  0.11466194163174D+02 -0.24088939422059D-03  0.44732342925831D-03 -0.53635407303617D-04
  0.25020546537849D+01 -0.58086209070551D+01  0.11408484998699D+02 -0.27267980509345D-04  0.51950122718236D-03 -0.45233357105492D-03
 -0.59709581292325D+01 -0.33391619283162D+01  0.13777545863781D+02 -0.18011045879257D-03  0.65269871673625D-04  0.13238481886132D-02
 -0.81036640933644D+01  0.41137720555497D+01  0.14695297942682D+02 -0.38509083114869D-03  0.30230021867618D-04  0.93307211518679D-03
  0.20600974420270D+01  0.14516780692247D+02  0.10417895960785D+02 -0.66629431325326D-03 -0.12249254637658D-03  0.21999663926332D-03
  0.57788671642629D+01  0.13151155925955D+02  0.12181672506164D+02  0.15762746505322D-06  0.16377809253704D-04  0.14665800754829D-04
  0.66609111422506D+01  0.15230527351153D+02  0.11198124430633D+02  0.30373519052494D-04  0.19821020733813D-03  0.10816090264258D-03
  0.69843245076022D+01 -0.52457326184404D+01  0.11353829278046D+02  0.53469399549369D-04  0.11891472678401D-03  0.18543548290297D-03
  0.87975212529304D+01 -0.52739282827706D+01  0.12586825706624D+02  0.36010612838441D-03  0.23737989127650D-03 -0.86927728459795D-03
  0.62780071761287D+01 -0.74867826234568D+01  0.10009100806483D+02 -0.70395085830372D-05 -0.18804406298292D-03 -0.10079387918340D-03
  0.76013554984987D+01 -0.97322998647335D+01  0.10409153348825D+02  0.39348408676463D-03  0.29943709127813D-03  0.45474828473773D-03
 -0.11375047008592D+02  0.16923124321064D+01  0.12746351759720D+02 -0.62276525966648D-04 -0.38757871363061D-03 -0.18888906226452D-03
 -0.10727980837833D+02 -0.26211970010306D+01  0.12796039665295D+02 -0.99645468090456D-04  0.14578205933168D-03 -0.17236932169526D-03
 -0.13297331289242D+02 -0.26689338551705D+01  0.13117573516370D+02 -0.10175064056673D-03  0.85304027745662D-04 -0.96789627043045D-04
 -0.44510756512377D+01  0.71532669381076D+01  0.17495633763269D+02  0.12463374578942D-03 -0.75435000086952D-04  0.17970037098859D-03
 -0.39363002399464D+01  0.44160476961762D+01  0.90629676016409D+01  0.45098765384770D-03  0.21154756384989D-03  0.17084093579969D-04
 -0.13389258633332D+02 -0.32871906850559D+01  0.15359119266875D+02  0.55978239004456D-03  0.78887118798833D-03  0.43149882025462D-03
 -0.14151996564769D+02 -0.40848181997247D+01  0.11760389652145D+02  0.46849019693404D-03 -0.96386394375073D-03 -0.62998953549492D-03
 -0.13770765611656D+02 -0.74790488940222D+00  0.12371191976653D+02  0.21634646685635D-03  0.55968396937142D-03 -0.56706860057686D-04
  0.95198936123425D+01 -0.96277294171766D+01  0.10848566323492D+02  0.11065270025347D-02  0.24078739192416D-03  0.62791564148931D-03
  0.79200438068868D+01 -0.10758340731311D+02  0.85445174758720D+01 -0.28689190554114D-04  0.42266043056705D-05  0.93213569206408D-04
  0.64667062492112D+01 -0.10598373488746D+02  0.11896116494742D+02  0.79808064180112D-04 -0.75474564957716D-04  0.62965397656695D-03
 -0.25469228151565D+01  0.29128846731939D+01  0.92707854087055D+01 -0.33312089523833D-04 -0.18164776726137D-03 -0.50319799514048D-03
 -0.40177907408058D+01  0.48706826889855D+01  0.70800725282802D+01  0.15436348914774D-02  0.56126788629959D-03  0.21378477869141D-02
 -0.58922249072806D+01  0.37973001742732D+01  0.96134481474414D+01  0.34307876313552D-03 -0.57039390819548D-03  0.82717570334126D-03
 -0.46828681706769D+01  0.88664339304795D+01  0.16410901036354D+02 -0.22439184250416D-03  0.66263553817304D-03  0.13313190709273D-03
 -0.37067987904037D+01  0.76185837174131D+01  0.19295133869796D+02 -0.31343702533734D-03  0.16284861836220D-04 -0.74507595712071D-03
 -0.62719254989896D+01  0.64756743669046D+01  0.17813833785939D+02  0.92487525319735D-03  0.53798063426955D-03  0.74030474927322D-03
  0.84374525812585D+01  0.15428168872093D+02  0.12033494394166D+02 -0.90364246995815D-03  0.70906914116812D-03  0.65856951415187D-03
  0.52749108799923D+01  0.16626086438223D+02  0.11491087124711D+02 -0.77801411577374D-03 -0.22720096818264D-03  0.41093432323479D-03
  0.66912036543359D+01  0.15261249096349D+02  0.92598827482882D+01 -0.66828992672761D-04  0.66532405614863D-03  0.77249787128876D-03
