   -0.02801911
    0.12329584
    0.01425616
    0.09135719
   -0.02676648
    0.00018246
    0.03471709
   -0.00106331
    0.09547745
   -0.25880825
    0.01502820
    0.10348034
   -0.28252889
    0.09979797
   -0.02635836
   -0.00472155
   -0.01950917
    0.13276957
   -0.03010178
   -0.00667534
   -0.02079590
   -0.35921629
   -0.34348215
    0.39617897
    0.37165383
    0.10392892
    0.12029284
    0.13129139
    0.12462188
    0.12385218
    0.10111415
   -0.51461610
   -0.39390415
    0.02288996
    0.38863579
   -0.49978557
   -0.38842141
    0.01024815
   -0.49846165
   -0.39250447
    0.03505227
    0.01694872
    0.00960846
    0.07306043
    0.10066760
    0.08565840
    0.14432597
    0.10365107
    0.08085067
    0.07502802
    0.09438398
    0.12472287
    0.07459139
    0.07764966
    0.05832888
    0.10049154
    0.09420808
    0.14144162
   -0.02686933
    0.14224878
    0.01328521
    0.09947810
   -0.02251948
   -0.00659401
    0.03600024
    0.00178374
    0.08873434
   -0.27142953
    0.01211874
    0.09827275
   -0.27405766
    0.09430835
   -0.03427080
    0.00145267
   -0.02183521
    0.14543991
   -0.03307400
   -0.00011972
   -0.01935980
   -0.35937227
   -0.35972091
    0.38947224
    0.38204387
    0.11788037
    0.11404072
    0.14497298
    0.12465757
    0.11585848
    0.11863851
   -0.50948699
   -0.38534943
    0.02731227
    0.38228004
   -0.49276406
   -0.39006323
    0.02082239
   -0.49067800
   -0.38469282
    0.02485917
    0.01797651
    0.01974522
    0.07072759
    0.08313614
    0.10992156
    0.10835298
    0.09945826
    0.13255364
    0.07813406
    0.07375630
    0.08618032
    0.08100070
    0.07470604
    0.07160674
    0.07983905
    0.08030485
    0.11889582
