$coord
       -2.07319203707207       -0.90923257262073       -1.70534867307669      C
       -2.33094839346953        1.08900165657782        0.03804042268401      C
       -0.57382217849300        1.44670936530824        2.08780520155561      C
        1.21033969030697       -0.54394565357837        2.54658481106987      C
        1.40644970045447       -2.35514253584497        0.64976039360740      C
       -0.05057181709815       -2.58937015089375       -1.55014511903633      C
       -0.77229504898684        3.37226660225969        4.02312502044909      C
        0.46425442406372        2.86797511215061        6.27001239767866      C
        1.71867871773634        0.50112447144920        6.58573610847666      C
        2.27278718888120       -1.07136818218804        4.77143926375503      N
       -1.82994840753841        5.81787904434737        3.77703332948212      C
       -2.36729984707823        7.27986445499183        5.97810964119988      C
       -1.52948358815598        6.60462778827652        8.31008516934077      N
        0.10399935937779        4.63455095010102        8.31746524473017      C
        1.21551923566972        4.13910829407244       10.50503169621519      C
        2.74121070698371        1.98941050032795       10.80578633733007      C
        2.79034907939285        0.09775408855004        8.97042742192501      C
       -2.33801417806596        6.88010211982917        1.37952285143101      C
       -3.75511316161836        9.05522540143884        1.31858016155805      C
       -4.69068061094122       10.34551864794011        3.50693466980371      C
       -3.80907167283102        9.45034735965675        5.70574531002304      C
       -0.99314033948344        6.05747278920961       -0.66275222811551      O
       -4.54517457661963        2.48639215101254        0.16041521683432      O
        0.44172335989013       -4.58501968585725       -3.46862612367828      C
       -6.17445103392551       12.76918650948765        3.65435220646714      C
        2.96649931711140       -3.57000835033466        0.64418636462359      H
       -3.28882541044662       -0.83815573826728       -3.40594691488403      H
        3.86881289251754       -1.47587149229692        9.50071447331421      H
        1.36068091043738        5.62467841761750       11.90302746792678      H
       -4.27227095876920       10.33091481630307        7.49167056278975      H
       -4.49871401702584        9.68623963827284       -0.48798110061482      H
       -0.98021078488144       -5.17070775231276       -5.19189463232112      O
        2.78388892037638       -5.68871593769418       -3.13982186123263      O
        3.47561623760693       -7.16630677755288       -5.31763266983633      C
        4.05306123000767        1.42149526669206       13.13212936274887      C
        4.49750429999054       -0.82041879435110       13.62441813539822      O
        4.56837991075436        3.31961236564650       14.86680657583561      O
        5.10829034493390        1.91886292526149       17.23343362429660      C
       -5.55470816516255       14.26479630620273        5.34229066775436      O
       -7.78006838191037       13.23396217881522        1.64211625145690      O
       -8.53702946710471       15.78545788944570        1.28011429179408      C
       -0.66272506647790        7.66600611527489       -2.78345267231466      C
       -5.73950004836090        3.27956109318507       -2.06188578369396      C
      -10.33994151795000       15.91699691159740        0.18473880731425      H
       -7.15095803606983       16.92049046844189        0.22217750094744      H
       -8.46418708179351       16.47353207609520        3.28902516338862      H
        3.56321183822043        1.68828686518555       18.49421231136652      H
        6.59070927133943        2.88710065057171       18.33960063502679      H
        5.67568904145199        0.10019734750841       16.81983409997134      H
       -6.63809546809177        5.09135869845402       -1.59732745913318      H
       -7.06084763239315        1.91325344630527       -2.78397132289189      H
       -4.46537426795598        3.61154794712041       -3.69618285079339      H
        1.42978464173685        7.85954794730021       -3.00998665549478      H
       -1.13656173185616        9.64411504082404       -2.25199765651012      H
       -1.77647599519945        7.11971830301436       -4.44598211513398      H
        5.03452128766024       -6.32006245384230       -6.37809756722244      H
        1.92442799289021       -7.45374506168949       -6.66790011684375      H
        4.30508544239629       -8.94884605256764       -4.57164291482394      H
       -1.00633986359664       -7.73480583080693        4.75154114236973      C
       -1.08857206893880       -5.98044154310607        6.71731070917633      C
       -3.10567201684820       -4.17663438843713        6.83187377471715      C
       -4.49946409852018       -3.69616848457976        4.47799480910290      C
       -4.11970923106559       -5.24409311643523        2.31744112476002      C
       -2.40966432039954       -7.22935689839687        2.54907763708015      C
       -3.40534695436769       -2.35619798173394        8.87631233058266      C
       -5.02587926815275       -0.36901062889188        8.26349606825569      C
       -6.30750631926257       -0.14492447019543        5.89640233234835      C
       -6.35365732796441       -1.91489148448923        4.12433469403125      N
       -2.52692332932725       -2.68678038808152       11.38680288412884      C
       -2.47498093127616       -0.43770053572692       12.91915232612555      C
       -3.84177303275761        1.53840577885992       12.27570947765341      N
       -5.15069482476903        1.51630195990190       10.08329148193794      C
       -7.01302729333931        3.40724173943841        9.58958544109128      C
       -8.33416100168777        3.63376055480948        7.37926567285574      C
       -7.86424329392086        1.93585402786403        5.45021561469946      C
       -1.87334391469722       -5.02328970050015       12.66291626108992      C
       -0.80582123808145       -4.84376151360337       15.03453001348615      C
       -0.57318683073904       -2.59800031037637       16.35426626403224      C
       -1.51807047021182       -0.37893094725444       15.42077751321260      C
       -2.56754099910688       -7.31235619849078       11.58694748596148      O
        0.71623772121540       -6.11764724313157        8.60917137423922      O
       -1.84842324634313       -8.78996833670422        0.26470052303240      C
        0.21484560231102       -2.53322874378281       19.02975204857572      C
       -5.08294302941579       -4.76429111163847        0.50197468289606      H
        0.43410481891897       -9.29812118242933        4.79197981622615      H
       -8.63680066701894        2.13420477681126        3.69127427050563      H
       -7.16052851858003        4.74902221827717       11.23139761241409      H
       -1.73101197211816        1.21602632821238       16.75295768760672      H
       -0.49523636949301       -6.46354970894258       16.27427384069023      H
        0.01184842903253      -10.16590183368863       -0.00523360120349      O
       -3.67472263836175       -8.40722679605265       -1.54483177878996      O
       -3.26325866079745       -9.86114397724210       -3.74195493898269      C
      -10.50120307058436        5.58295302537527        7.08548941348705      C
      -10.77434164422865        6.62205598766056        5.05012287882472      O
      -11.91015488809808        6.04749520372464        9.13126127413798      O
      -13.11310290318504        8.39970999735377        8.26220847076593      C
        1.24757099609935       -4.25246345127776       20.11847823865784      O
       -0.53439971875019       -0.46043906073738       20.38193782683188      O
        0.42353047681042       -0.44614852246761       22.86061497432760      C
       -1.93736542989443       -9.55872621545969       13.00180609568084      C
        2.95441821427917       -7.48672701294700        7.95984036661174      C
        0.15582563909088        1.46493933084227       23.38266286901931      H
        2.19153353681061       -1.35882245668543       23.24783928486383      H
       -0.89339811072253       -1.33228585341535       24.07098354049648      H
      -12.52213752699338        8.85205872043672        6.28536328654339      H
      -12.53972945640359       10.08379615603917        9.60131951476275      H
      -15.24168180074138        8.45791300061403        8.29107383572740      H
        3.32905433630782       -7.78190161847363        5.95706876582893      H
        2.48747664915755       -9.21773896349379        8.83349211385621      H
        4.67301525004856       -6.43201002620385        8.65574943170400      H
       -1.56585730674627      -11.30121102460473       12.02109612512140      H
       -3.57752159606656       -9.88374109463137       14.17551366370814      H
       -0.14850344209084       -9.53653948659649       14.17215278218732      H
       -2.46679375696055       -8.56541456585841       -5.11799784546932      H
       -5.25399033340131      -10.15480172903026       -4.29722547137426      H
       -2.00054988099254      -11.39724542034120       -3.31508617752767      H
$end
