 -1.0
  0.50983154498827D+01 -0.35770821466983D+01 -0.92892668728190D+01  0.21535648729859D-03 -0.13907923373895D-03 -0.29687745403252D-03
  0.36709173224478D+01 -0.38860335789949D+01 -0.71517023629885D+01 -0.33702928475933D-03  0.60402631592007D-03  0.40029318696088D-03
  0.15765812313054D+01 -0.24994149271219D+01 -0.64606970662768D+01 -0.69980991686687D-04  0.47602397986219D-03  0.18462322266477D-03
  0.12779118504345D+01 -0.97854498450248D-01 -0.76919778015729D+01  0.40246222791238D-03 -0.47150346109998D-03  0.59286293394453D-04
  0.26984519388219D+01  0.42652055402763D+00 -0.99222947631963D+01 -0.98223761160447D-04 -0.79482815163330D-04 -0.28943396193955D-03
  0.46071391905262D+01 -0.11998676421939D+01 -0.10646614244736D+02 -0.14721715929069D-03 -0.25650629010628D-03 -0.96166805493043D-04
  0.75116029106145D-01 -0.26719879346337D+01 -0.40533141047014D+01 -0.48047234576914D-03  0.56838601771644D-03  0.63204816493828D-03
 -0.36914181176369D+00 -0.55699322072668D+00 -0.27514786039084D+01  0.15574187485979D-03 -0.17431318415048D-03 -0.39221405470259D-03
  0.58014274792122D-01  0.17561414233292D+01 -0.37178176211596D+01  0.85266682464773D-03 -0.46877656666925D-03 -0.14025678128263D-05
  0.48581044704770D+00  0.18855011526498D+01 -0.63056929537439D+01  0.26825013144328D-03  0.44658515647042D-03 -0.28232481211454D-03
 -0.59817589004887D+00 -0.49514566911634D+01 -0.31775956047479D+01 -0.31514949898408D-03  0.17893529082076D-03  0.29261824970031D-03
 -0.18149657801266D+01 -0.51508338292919D+01 -0.80678458518103D+00  0.11483222431607D-03 -0.47426914635884D-03 -0.40711145271602D-03
 -0.13838369631056D+01 -0.32402180919230D+01  0.95233089426224D+00  0.33716119129607D-03 -0.43375436880730D-03  0.34230433561498D-03
 -0.11558490490049D+01 -0.84682371559331D+00 -0.15738469118336D+00  0.17167494256535D-04  0.27513588454337D-03 -0.17730277114478D-03
 -0.10678746620575D+01  0.11396966007373D+01  0.14710109514398D+01  0.50606322082943D-03 -0.40565516139726D-03 -0.17394569479348D-03
 -0.71675108212005D+00  0.35409811648481D+01  0.56624544924681D+00  0.12627907200644D-03  0.24803462617268D-03 -0.30918490014097D-03
 -0.22393136513352D+00  0.38836070113463D+01 -0.20888615882155D+01  0.12902519930767D-03 -0.45328489142026D-03 -0.57672142028418D-03
 -0.12312509589642D+01 -0.69085663591307D+01 -0.50238227373520D+01  0.16890007028958D-03  0.50823710669802D-03  0.12052082644655D-03
 -0.14834643870660D+01 -0.93054705124251D+01 -0.41167788742358D+01  0.25667597371019D-03  0.51495677523184D-03 -0.66807979031361D-04
 -0.18187094654108D+01 -0.97123422060734D+01 -0.14899461514566D+01  0.78844745551897D-05 -0.65970732048353D-03 -0.10045064926114D-02
 -0.20845213084256D+01 -0.76057014969431D+01  0.14968568003449D+00  0.47600418191696D-03 -0.17415321804352D-03 -0.26524455592441D-03
 -0.16758175839034D+01 -0.68610772022277D+01 -0.77302383803990D+01  0.32510225066899D-04  0.46376920620459D-04  0.29001926041966D-03
  0.37340884543428D+01 -0.57843409156777D+01 -0.52912222112144D+01  0.36563666249077D-04 -0.98175872267951D-04 -0.40665483605926D-03
  0.63065738655058D+01 -0.51019220516988D+00 -0.13026050531130D+02  0.91778470215153D-04  0.60017471586828D-03  0.49990155695077D-04
 -0.16806662962151D+01 -0.12226187638626D+02 -0.39593766228350D+00 -0.45086689401464D-03 -0.39642475744476D-03 -0.42651717918655D-03
  0.26697842090990D+01  0.24747464393461D+01 -0.10365210556963D+02  0.68030264672305D-03  0.17913346660201D-03 -0.11763464229370D-02
  0.61515529569000D+01 -0.50138601070791D+01 -0.10399255939669D+02 -0.22803122621993D-03  0.83010213971922D-03  0.10491731152814D-02
  0.41273616775921D+00  0.58134052998991D+01 -0.26323913004500D+01  0.10938183614333D-02 -0.55541229998719D-03  0.49775721717943D-03
 -0.16563568632280D+01  0.87588871555286D+00  0.33267949633314D+01 -0.81321919240673D-03  0.86208244865946D-04 -0.27600629798198D-03
 -0.24178394903531D+01 -0.81936310000900D+01  0.21828305200330D+01 -0.15998881819873D-02  0.86616422135614D-03  0.75279976157111D-03
 -0.19114332169502D+01 -0.10791897916073D+02 -0.57581681450632D+01  0.94887231668108D-03  0.46543094309920D-03 -0.38373863598229D-03
  0.54478213140995D+01  0.11707733380428D+01 -0.14258363392959D+02  0.30051525492358D-03 -0.34292457262606D-03 -0.11543473361276D-03
  0.85839452701688D+01 -0.17698932387223D+01 -0.12937932396824D+02  0.13781428165876D-03  0.59855697155189D-03  0.30925777522488D-03
  0.10379271440768D+02 -0.21624699382057D+00 -0.14159704744879D+02 -0.42447325923066D-03  0.11631776769946D-04  0.45001319659686D-03
  0.23813537746739D+00  0.52842626872186D+01  0.26946838266534D+01 -0.27388482506815D-03  0.51687518148433D-03  0.15513404644689D-03
 -0.33770869654819D+00  0.47509046342253D+01  0.48790886945021D+01  0.12607758726357D-03 -0.83455882752714D-04  0.64302218164474D-04
  0.13868737991077D+01  0.72701492366542D+01  0.18101649661073D+01 -0.33336641294285D-03 -0.18819245238808D-03  0.38228469656116D-03
  0.24257582620615D+01  0.87127887628154D+01  0.38628114398196D+01 -0.29160415553602D-03 -0.34336859615582D-03 -0.16275319366116D-04
 -0.27212866798463D+01 -0.13913867255003D+02 -0.15828048422345D+01 -0.17438597811771D-03  0.23146468064986D-04  0.46808966126775D-03
 -0.10318930354045D+00 -0.12718957090322D+02  0.14855130143607D+01 -0.43473651559296D-04  0.38670324433029D-03  0.50605544922319D-03
  0.37200028651411D+00 -0.15381875846681D+02  0.21011532309090D+01 -0.69248600584680D-04 -0.59208062288286D-03 -0.84883186940138D-04
 -0.34114024894534D+01 -0.52682577075341D+01 -0.90077437544620D+01 -0.18828823471443D-03 -0.30125789233362D-03 -0.46692012933496D-03
  0.41397492447171D+01 -0.82837838928070D+01 -0.60361655783794D+01 -0.44982608527747D-03 -0.48154536423084D-04 -0.12353955537548D-03
  0.24185244696214D+00 -0.16624163866815D+02  0.39257072422879D+00  0.30848471809263D-03  0.18613377635774D-03 -0.42947636474440D-03
 -0.85944142002991D+00 -0.16248454200137D+02  0.34959607424907D+01 -0.17415015478286D-03  0.63735844035558D-03  0.69466731637920D-03
  0.22220996621383D+01 -0.14901686051547D+02  0.27164606205703D+01 -0.48080391297630D-04  0.84684914828550D-03 -0.58738638305270D-04
  0.40090814497078D+01  0.98128524764300D+01  0.29771032291521D+01  0.21362390354244D-03 -0.58211620780593D-03  0.18078857017158D-02
  0.34264413801584D+01  0.70533247035417D+01  0.46610782009410D+01 -0.37777091029255D-03  0.27852592504275D-03 -0.18512712566599D-03
  0.13547033548857D+01  0.97038529901897D+01  0.53481335006978D+01  0.78631146149342D-04  0.39292289961437D-03 -0.16114137000123D-03
  0.42146421545536D+01 -0.93913281266488D+01 -0.40552799615536D+01  0.20753294888722D-03 -0.55138679373498D-03  0.41929099403134D-03
  0.62483218938327D+01 -0.84075107804624D+01 -0.67433556083648D+01  0.59963773193041D-03  0.29278736516592D-03  0.16707044832945D-03
  0.25151961418189D+01 -0.87790790816256D+01 -0.70515308116451D+01 -0.14704364011609D-03 -0.95451159134898D-03 -0.74158341017121D-03
 -0.21721657684710D+01 -0.41967866917478D+01 -0.99672620926775D+01 -0.68600567005644D-03 -0.29031980344226D-04  0.11239815626676D-03
 -0.42717713663597D+01 -0.38625875838644D+01 -0.75893638774765D+01  0.18712377956342D-04 -0.39874439029610D-03 -0.38913097326614D-03
 -0.46602111125044D+01 -0.64228442692532D+01 -0.10135062675850D+02  0.42793934549075D-03  0.76788863377038D-03 -0.19642183965627D-03
  0.10087190828756D+02  0.71786626455129D+00 -0.16047542951834D+02 -0.49312786659716D-03  0.70159925285526D-03  0.14477222535505D-03
  0.12307249048582D+02 -0.13849723090661D+01 -0.14251132808376D+02  0.13363507789479D-03  0.45489258473477D-04 -0.30585787495267D-03
  0.10417708125376D+02  0.14127798249642D+01 -0.13128379066260D+02 -0.49894863244277D-03 -0.52288244997974D-03 -0.87141375825397D-03
 -0.73559341946086D+01  0.86246716153769D+01  0.13093748503214D+02 -0.41771176792069D-03 -0.17625275930778D-03 -0.58327478126677D-03
 -0.76281242794700D+01  0.64980747278487D+01  0.14646002788343D+02 -0.30996014906042D-03  0.12161230200503D-04  0.45467596401950D-03
 -0.54830976759947D+01  0.47540010931418D+01  0.14657914852802D+02  0.80849387075745D-04  0.16096365334257D-03  0.85011625442800D-04
 -0.39161901517451D+01  0.45278780865051D+01  0.12411820215940D+02 -0.63941141779183D-05 -0.55411363667688D-04  0.36240839204808D-03
 -0.35316147533041D+01  0.67180901955368D+01  0.11207742040981D+02  0.14237514225487D-03 -0.21823633814916D-03 -0.15193845766578D-03
 -0.49987610454241D+01  0.88958823463640D+01  0.11616030069619D+02  0.29109342426985D-03  0.53915924581415D-03  0.39340881654157D-03
 -0.45884213711236D+01  0.34021817979536D+01  0.16935862090757D+02  0.16049852853232D-03  0.14407243007442D-04 -0.70068490455033D-03
 -0.33200258782402D+01  0.11861344718873D+01  0.16212827386428D+02  0.41678662884073D-04  0.45370857969525D-03  0.42217927351933D-04
 -0.27706796306043D+01  0.37085031474144D+00  0.13700668340305D+02  0.55747283489414D-03  0.27456150803768D-03  0.72463669746175D-04
 -0.29952152404250D+01  0.21755926457848D+01  0.11715730851612D+02 -0.15149995175678D-03 -0.23944544346352D-03 -0.41414394475798D-03
 -0.49439444910386D+01  0.40646674544670D+01  0.19570038273981D+02 -0.94230282006063D-04  0.15980873211744D-03 -0.68494650972708D-03
 -0.50909445794538D+01  0.21498075788315D+01  0.21308485388415D+02 -0.78190761441662D-04 -0.23575087170956D-03 -0.28284478471987D-04
 -0.40912257144088D+01 -0.73652087233395D-02  0.20525060347334D+02  0.35290603076761D-03 -0.27613404874849D-03  0.58570562588572D-04
 -0.27413674853478D+01 -0.42146194849981D+00  0.18390888199091D+02 -0.14491837274035D-03  0.61697801953849D-03  0.27465797778722D-03
 -0.19431772975114D+01 -0.29529692553371D+01  0.17736870689782D+02  0.45023642338165D-03 -0.61643904441811D-03  0.54207066206100D-03
 -0.14948174834069D+01 -0.38733825798502D+01  0.15261813066691D+02  0.14046802433449D-03 -0.39357496412797D-03  0.20588452745259D-03
 -0.20819158042610D+01 -0.20693907919334D+01  0.13279650679828D+02 -0.22709749710519D-03 -0.10572167807890D-02 -0.24256802299176D-04
 -0.56122257201327D+01  0.65399056193750D+01  0.20444283841712D+02 -0.10255866861783D-03  0.27886403686237D-03  0.43878065764705D-04
 -0.75498168174652D+01  0.66111430654912D+01  0.22509119934519D+02 -0.45493989374950D-03 -0.21149375139318D-03  0.91129643494489D-04
 -0.84756341394579D+01  0.44788226734429D+01  0.23599029379199D+02 -0.36211500179340D-03 -0.14638965554573D-03 -0.33733948436344D-03
 -0.70855940811836D+01  0.23322073485698D+01  0.23353208496036D+02  0.74201287448330D-03  0.55989267893748D-03  0.43793815953316D-03
 -0.51285533001118D+01  0.84748353291343D+01  0.18807506682717D+02  0.47291261316775D-03  0.80256246867727D-05  0.86628955447876D-04
 -0.94555960347477D+01  0.63249234080973D+01  0.16473837017960D+02 -0.57297334296155D-03  0.11422066745785D-03  0.43825805496571D-03
 -0.44808675953381D+01  0.11086920805584D+02  0.96735116458872D+01 -0.66401754891825D-03 -0.37349829655701D-03  0.37366144811966D-04
 -0.10663574185681D+02  0.46756644320208D+01  0.25130962422805D+02 -0.13712308228452D-03  0.23175319363897D-03  0.18788767859597D-03
 -0.24021349097501D+01  0.67256501177620D+01  0.95371099878209D+01  0.22425728910519D-03 -0.14374321822547D-03 -0.11769063534258D-02
 -0.87805925530799D+01  0.10271597157114D+02  0.13407875324109D+02 -0.54037097411588D-03 -0.10682669232830D-03 -0.37330738957465D-03
 -0.16822458087197D+01 -0.30132577002606D+01  0.11477355296824D+02 -0.42938912744376D-03  0.17980518271902D-03 -0.14101858157403D-03
 -0.20107042639487D+01 -0.43426371007342D+01  0.19229432634754D+02  0.34758666033565D-04  0.59804399979779D-04  0.35628474209886D-03
 -0.75018143790792D+01  0.82486410016733D+00  0.24420727451386D+02  0.80479358714213D-03  0.53413055010400D-03  0.11789258907210D-02
 -0.85504500074992D+01  0.84873924188361D+01  0.22978192244489D+02  0.61988417025930D-03  0.40343725648185D-03  0.65687869589395D-03
 -0.47224219287036D+01  0.13166809441341D+02  0.10618706407141D+02  0.80090898768293D-03 -0.24217030054305D-03 -0.10503548312088D-03
 -0.38923370460566D+01  0.10522622623871D+02  0.70591639777719D+01 -0.27396427616119D-03 -0.86008897541280D-04 -0.59126985458571D-03
 -0.50166569950965D+01  0.12221984266985D+02  0.54381396811561D+01 -0.59803369205121D-03  0.18396743844879D-03 -0.20605320921237D-03
 -0.12999924592540D+01 -0.65163839508071D+01  0.14632876812568D+02 -0.54630607793454D-04  0.17967974861073D-03  0.67770481940897D-04
 -0.35772546930474D+00 -0.71761062416217D+01  0.12651053729896D+02  0.15772369659587D-03 -0.21883822305311D-03  0.27178681207091D-03
 -0.12858723749467D+01 -0.82709284420637D+01  0.16701978349760D+02  0.29613777939541D-03 -0.13916657206967D-03  0.16561688901677D-03
 -0.96840029079595D+00 -0.10769400728616D+02  0.15917479535886D+02 -0.60683302337996D-03 -0.28801877918843D-03  0.73733104251596D-04
 -0.12003647297197D+02  0.27005579827222D+01  0.25263408253827D+02 -0.39874582256447D-03  0.32894853088331D-03  0.18278889417683D-03
 -0.10789818071618D+02  0.68778391955527D+01  0.26065072086885D+02  0.47083873893916D-03  0.65658093388794D-04 -0.85024264554261D-04
 -0.13097713272666D+02  0.67360351161479D+01  0.27511373866920D+02 -0.17655709117298D-03  0.61953458642079D-04  0.54256830272451D-03
 -0.61541989331963D+01  0.11045045977819D+02  0.19396718117872D+02  0.35188931905069D-03  0.30067200714468D-03  0.99070340086523D-04
 -0.11791764647911D+02  0.77111413660047D+01  0.16811860545640D+02 -0.42096843052268D-03  0.13115722463357D-04  0.12543794113595D-03
 -0.14691327542658D+02  0.63755665079306D+01  0.26135406796999D+02 -0.98563974552843D-03 -0.16377625625512D-03  0.29456895397112D-03
 -0.13219125865792D+02  0.86935720674167D+01  0.28523971204454D+02 -0.57921451084854D-04  0.67423578249949D-04 -0.14762217400050D-03
 -0.13484299742270D+02  0.52657569837626D+01  0.28727526786665D+02  0.12872348282456D-03 -0.35018354729876D-03 -0.20803611072487D-03
  0.91106591079061D+00 -0.11257792207011D+02  0.16737341962739D+02 -0.17843217546453D-05 -0.17585707338105D-02 -0.10550667617760D-02
 -0.10584378270703D+01 -0.10772606157562D+02  0.13661199724317D+02  0.44912309222270D-03  0.14317284231316D-02 -0.32457483162709D-03
 -0.22478975665259D+01 -0.11989311857009D+02  0.16789742593853D+02 -0.39513187309789D-03  0.84574837324206D-03 -0.46482230343412D-03
 -0.10712774643478D+02  0.89447272232990D+01  0.18317580978902D+02  0.11739849808708D-02  0.30657280266115D-04 -0.23844696795090D-03
 -0.13366126328543D+02  0.66834529356859D+01  0.17715436977614D+02  0.12939108410146D-04  0.22177184013061D-03 -0.19321311275930D-03
 -0.12149706143064D+02  0.87538079034840D+01  0.14927990604753D+02 -0.53211138069122D-03  0.33646924471075D-03  0.17414666809368D-03
 -0.61942095513735D+01  0.11393283979269D+02  0.21263936544678D+02  0.77353914002585D-03 -0.45381788182244D-03 -0.51528860506780D-03
 -0.81909870805986D+01  0.11380021712814D+02  0.18727134764099D+02 -0.32747787051938D-03  0.27408371628963D-03 -0.12181125675081D-03
 -0.52530285907329D+01  0.12597918244232D+02  0.18406845115271D+02 -0.13794737674438D-02 -0.62350619127784D-03  0.82640059771839D-03
 -0.52416786561863D+01  0.13930750861743D+02  0.63505243950204D+01  0.12650597976909D-02 -0.11735123077362D-02 -0.11841770365892D-02
 -0.68603493521591D+01  0.12055226736844D+02  0.42447204428257D+01 -0.87535472926788D-03  0.18148729249111D-03  0.99381756270410D-04
 -0.34605251483286D+01  0.12886292042292D+02  0.41534012469891D+01 -0.64807132134090D-03  0.29505191904232D-03 -0.97494872042006D-04
