 -1.0
 -0.45483693677620D+01  0.11220682384176D+01 -0.10855504235342D+01 -0.94068564421501D-04 -0.36961429823982D-03  0.42759230885204D-03
 -0.28411110924343D+01 -0.66545172279927D+00 -0.92830410231250D-01  0.55317513139758D-03 -0.87806424765257D-04  0.22061593370168D-03
 -0.10465708271982D+01  0.47017423264093D+00  0.16534990341613D+01  0.20320313535247D-03  0.28611405191053D-03  0.71308972748050D-04
 -0.59480162666843D+00  0.30918096549651D+01  0.16203472136202D+01 -0.41247515225576D-03 -0.27880826797279D-03 -0.38173482406558D-03
 -0.24813221156621D+01  0.47959713558964D+01  0.71333388867493D+00 -0.13308634762682D-03  0.53095586110356D-04 -0.31030229729802D-03
 -0.44954074386936D+01  0.37082270323625D+01 -0.78090541000995D+00 -0.28765724365243D-04 -0.20219666411452D-03 -0.66827845108489D-03
  0.48163365120190D+00 -0.96541813360617D+00  0.34531145197301D+01  0.29932483459462D-03  0.44104152679137D-03  0.19784359450874D-05
  0.27177357229847D+01  0.13087479422086D+00  0.40748710290684D+01 -0.30259660280547D-03 -0.13408866011088D-03  0.52263885933779D-03
  0.34003125723362D+01  0.27114071420657D+01  0.34804401307938D+01 -0.38449324276140D-03 -0.18480484629863D-03  0.12089896252244D-03
  0.16764319306516D+01  0.41999008187572D+01  0.23727328924481D+01 -0.40422565834222D-04  0.11900727694825D-03  0.27663151208154D-05
 -0.32670393683110D+00 -0.33578171844498D+01  0.46759822813556D+01 -0.15030679085874D-03  0.33480245802900D-03 -0.11692603945116D-03
  0.17023254271911D+01 -0.48615039087122D+01  0.57118786263146D+01  0.29081966336139D-03 -0.17736781088891D-03  0.27166543815550D-03
  0.41052343874604D+01 -0.39911202715498D+01  0.53952655398809D+01 -0.79266608603023D-04  0.93419051789589D-04 -0.19463165758617D-03
  0.45575709595410D+01 -0.15710668114498D+01  0.52632595380821D+01  0.21987029286987D-03 -0.16382810022183D-03  0.14847427822271D-04
  0.69601781823381D+01 -0.49950614545117D+00  0.59029311669443D+01  0.20143664762135D-03 -0.13616216986359D-03  0.19901820885606D-03
  0.75256472434006D+01  0.22164691849504D+01  0.55748586831353D+01  0.12791305776450D-04  0.11693163674285D-03 -0.15886582414778D-03
  0.57437079561917D+01  0.38712826873227D+01  0.43150909397479D+01  0.64716396916978D-04 -0.29024327227755D-03 -0.11322255715838D-03
 -0.28608968714338D+01 -0.43429540292981D+01  0.50913946542162D+01 -0.26043809067423D-03 -0.28509378532605D-03  0.14381462038948D-03
 -0.33012581190444D+01 -0.68228540110759D+01  0.56460409613263D+01  0.65104592623865D-03 -0.17599020543743D-03 -0.21338937042344D-03
 -0.13532804118115D+01 -0.82067625853380D+01  0.67332477231114D+01  0.14031217032700D-03 -0.11307310148044D-03  0.66953399859504D-04
  0.11039132407984D+01 -0.72761429721267D+01  0.69259599255732D+01  0.22767217724550D-04 -0.87505452327528D-04 -0.12847467942336D-03
 -0.47493035086560D+01 -0.24952538119833D+01  0.46930948939066D+01 -0.42321071634800D-04  0.26743989025333D-03  0.49283916199380D-04
 -0.29814661921159D+01 -0.31259081417874D+01 -0.67380405152385D+00 -0.58277299921287D-04  0.48585957393896D-03  0.67095482306222D-04
 -0.60562708808637D+01  0.53093927628066D+01 -0.22431672169880D+01  0.38390463503750D-03 -0.11739183968341D-03 -0.48314646052238D-03
 -0.21031740418825D+01 -0.10721659729622D+02  0.77599419515619D+01 -0.52704077404996D-03 -0.12612377961749D-03  0.36115076322057D-03
 -0.24715198811554D+01  0.66144506076443D+01  0.14009708004966D+01 -0.27033551697910D-03  0.88393473811651D-03  0.33421685145552D-03
 -0.59402292538142D+01  0.35165642832595D+00 -0.24704076089286D+01 -0.78120480730220D-04 -0.32306762766740D-03 -0.29316901745281D-03
  0.58428760017680D+01  0.58283824080467D+01  0.39105469311080D+01  0.58938371606654D-04  0.33350589032714D-03  0.85407533029147D-03
  0.83878486966592D+01 -0.17855791917242D+01  0.62407986074077D+01 -0.23446340987469D-05  0.10780881530004D-03 -0.21523304652235D-03
  0.26610185459117D+01 -0.81927598361359D+01  0.79868021175041D+01  0.86999032693747D-03 -0.39551436042467D-03 -0.66966936327270D-03
 -0.51000713608607D+01 -0.75894690536553D+01  0.54654214424798D+01  0.15672300291536D-03  0.66553693540122D-03  0.14996255458654D-03
 -0.57469811761153D+01  0.76285620592470D+01 -0.20293085258249D+01 -0.65033347372400D-04  0.93678136753345D-04  0.28758469032806D-03
 -0.77515440004040D+01  0.40406495217118D+01 -0.37676063889734D+01 -0.34863639069327D-03 -0.17892078672694D-05 -0.63457114710960D-06
 -0.94202943658001D+01  0.56495531724692D+01 -0.53030319162647D+01 -0.86611554857914D-04 -0.21493401065494D-03  0.79908726992545D-04
  0.10307968971251D+02  0.29407169678348D+01  0.61257744952601D+01  0.34314105073132D-03  0.17452434332464D-03  0.12075569745239D-03
  0.11941914243149D+02  0.15184825034498D+01  0.68066947645478D+01 -0.12034508831363D-03  0.55145522754950D-04  0.26670932410084D-03
  0.10764556925856D+02  0.53768751873821D+01  0.55001252989803D+01  0.16571242504914D-04 -0.22838501700919D-03 -0.96208307717496D-04
  0.13140211362692D+02  0.63171755834747D+01  0.62145540576098D+01 -0.12643782196589D-04  0.29640376620334D-03  0.86931151325559D-05
 -0.10190995719349D+01 -0.12592855949568D+02  0.67828914503779D+01 -0.35764735181056D-03 -0.39339425229958D-03 -0.15135084943158D-04
 -0.37035383512121D+01 -0.10884149050217D+02  0.97265258931035D+01 -0.13613798221673D-03 -0.11956174310114D-04  0.22799065567466D-03
 -0.41036020786754D+01 -0.13345692218507D+02  0.10741735833740D+02  0.23065586257295D-03  0.47924434979622D-03 -0.11910562671923D-03
 -0.70611457572695D+01 -0.35967388867635D+01  0.52187609204709D+01  0.34581059423101D-05  0.16137437672205D-03  0.41599474673492D-03
 -0.34769994743217D+01 -0.37314365485144D+01 -0.31832100921080D+01  0.17461725082904D-03  0.16300523243416D-03  0.10065971957078D-03
 -0.31609597035513D+01 -0.13421812815765D+02  0.12617194511106D+02 -0.10325377461227D-03 -0.90135784905278D-03  0.65560414473689D-04
 -0.27438944643874D+01 -0.14622174470968D+02  0.98314772330091D+01 -0.12866257464093D-03  0.18764115630547D-03  0.27238009599508D-03
 -0.60257290458008D+01 -0.13912953941106D+02  0.10729633588787D+02  0.14840764411075D-03 -0.41011455315616D-03 -0.73431109947097D-04
  0.13530387619393D+02  0.78012921488644D+01  0.48280242251996D+01  0.32714535207461D-04 -0.36710962488765D-03  0.48114535929722D-03
  0.14676530506299D+02  0.48435622622466D+01  0.64124652286565D+01 -0.63398762262191D-03  0.19561631734771D-03 -0.53164306945663D-04
  0.12755867797082D+02  0.70181418497103D+01  0.81331418194931D+01  0.11578394864214D-02 -0.18024667432950D-03  0.20509397758940D-03
 -0.28863808520794D+01 -0.21600443666745D+01 -0.42859096553021D+01  0.25891871383757D-03  0.12018620562229D-02 -0.20687203887324D-03
 -0.54642322712229D+01 -0.40435597760494D+01 -0.34292101533007D+01 -0.24359837863532D-04 -0.44660029767408D-04 -0.63994165170089D-04
 -0.22315914325931D+01 -0.52748372320869D+01 -0.35642039557116D+01 -0.66923292511276D-03  0.10196373434059D-02 -0.17360057541586D-03
 -0.74421920353838D+01 -0.51018570042408D+01  0.39187314194527D+01  0.41959653234076D-03  0.15659634055788D-03 -0.71482748760774D-03
 -0.85280790369522D+01 -0.21409410621623D+01  0.47801368263479D+01  0.32459527288130D-03  0.91030606488661D-03 -0.29819790514933D-03
 -0.72704588987310D+01 -0.44811493692612D+01  0.71158668025668D+01 -0.70460466994447D-03  0.57796427568506D-03  0.12952394217509D-03
 -0.79981993394308D+01  0.70087544298233D+01 -0.62119232981778D+01 -0.13758026882151D-03  0.69191591954713D-03 -0.18566160367196D-03
 -0.10483255248116D+02  0.69052385651066D+01 -0.40548965021612D+01  0.37360043447670D-03 -0.11253962659150D-02 -0.10242720048710D-03
 -0.10319298339327D+02  0.50633756218566D+01 -0.71286812134632D+01 -0.88215593651370D-03  0.60974114513650D-03 -0.86205085056078D-04
 -0.37138461450835D+01  0.75799744208859D+01  0.55579058499389D+01  0.14760879864593D-04  0.19651033229967D-03 -0.13531175811140D-03
 -0.47163014338606D+01  0.55232134001444D+01  0.68025137132635D+01  0.48667212343802D-05 -0.48555719892521D-03  0.18871217927789D-03
 -0.32182729262089D+01  0.42179414120364D+01  0.86520565505626D+01  0.29431808513384D-03 -0.37684885278227D-03  0.96754552015031D-05
 -0.56830015883882D+00  0.48129517107258D+01  0.85087642791846D+01  0.10545997360795D-03  0.13427638792108D-03  0.28264281982196D-03
  0.30251479289479D+00  0.69259980443335D+01  0.72289657670156D+01 -0.16598981151403D-03 -0.19498717336959D-03 -0.26175870291467D-03
 -0.12370832264273D+01  0.83711035421256D+01  0.57568658819108D+01  0.47442636724966D-04  0.15308240374667D-03  0.77686635905860D-03
 -0.40416291963573D+01  0.20175325477891D+01  0.10000578405531D+02  0.81993052932969D-04 -0.10137204722067D-03 -0.47467745642976D-03
 -0.21959760900924D+01  0.41234558641875D+00  0.10885143981471D+02 -0.16902591178554D-03  0.28215131651223D-03 -0.27322303295220D-03
  0.57359302475570D+00  0.10078802010936D+01  0.10333502262415D+02  0.21752420268024D-03 -0.74980487837182D-04 -0.75982948536325D-04
  0.12300771783692D+01  0.33791956548064D+01  0.95512223685350D+01 -0.25002824978055D-03  0.44729489945848D-03  0.93168206402841D-04
 -0.66556903009736D+01  0.13854562550123D+01  0.10784893059428D+02  0.35579913033585D-03  0.29243904154478D-03  0.34418583188888D-03
 -0.71014667213773D+01 -0.13059918598482D+01  0.11339594443862D+02 -0.39098427631531D-03 -0.48442447815200D-03  0.42761273502291D-04
 -0.51830278726814D+01 -0.31005508155611D+01  0.11806815579162D+02  0.77196372753464D-04 -0.21505576376177D-03 -0.59130278967839D-04
 -0.29392901454853D+01 -0.18981115383213D+01  0.11921552225837D+02 -0.91558071200804D-04 -0.55850913365483D-03 -0.15739839801553D-03
 -0.74562395862478D+00 -0.32684175606292D+01  0.12676634705648D+02  0.10033095847625D-03 -0.27600337952127D-03 -0.11612670629893D-03
  0.17510906168614D+01 -0.26807544961699D+01  0.12404050796631D+02 -0.18528966351703D-04 -0.13817657222137D-03 -0.24189836782808D-03
  0.24574974005208D+01 -0.70677947974389D+00  0.10930349610877D+02  0.76920766490289D-04 -0.11498128841100D-03 -0.40849021464221D-03
 -0.88546606613847D+01  0.30881182258973D+01  0.10844878720197D+02  0.21968435305385D-03  0.13416875877094D-03  0.25490939858666D-03
 -0.11141711508537D+02  0.19900816475806D+01  0.10478113394332D+02  0.27340113056843D-03 -0.48844438455419D-04  0.10618500806174D-03
 -0.11412439863580D+02 -0.58961351815074D+00  0.10593364914260D+02  0.12150289969480D-03  0.25881608796954D-03  0.52394435796742D-03
 -0.94831716567930D+01 -0.22768135806750D+01  0.10910511565875D+02  0.95023503442913D-04  0.61215547674281D-03 -0.16628342259158D-03
 -0.88004675039962D+01  0.56311119472662D+01  0.11474307245315D+02 -0.17800076750113D-03 -0.27599597876119D-03 -0.49882189916259D-04
 -0.72884679682497D+01  0.49532140977347D+01  0.62491936766155D+01 -0.15956214348422D-03 -0.31738296623101D-03  0.96099929982330D-04
 -0.40346446082325D+00  0.10669178567576D+02  0.44315886490196D+01  0.35802598765343D-03 -0.57040258440733D-04  0.96217475030589D-04
 -0.13983243387265D+02 -0.17039447985752D+01  0.10300287391943D+02  0.33518240951141D-03  0.17192472938382D-03 -0.12621320016488D-03
  0.23244188381980D+01  0.73196319003109D+01  0.72290911997862D+01  0.10647606743062D-02 -0.29945216515265D-03  0.39066106881946D-05
 -0.48217185188279D+01  0.84960738282829D+01  0.41078403141651D+01  0.22994719822898D-03 -0.70866696263296D-03  0.28672658506263D-03
  0.43459677474925D+01  0.69225914625158D-01  0.10868135711760D+02 -0.46069701432892D-03 -0.39517973220853D-03  0.17464525877479D-03
 -0.94439265580223D+00 -0.52123868479299D+01  0.13217646356370D+02  0.23135346556451D-03  0.92225833390423D-03 -0.18226752398677D-03
 -0.98796445114508D+01 -0.42424335854463D+01  0.11255520901788D+02  0.10358914668701D-03  0.56430352466000D-03  0.27199933123876D-03
 -0.12742053203024D+02  0.32494231695487D+01  0.10315331643241D+02 -0.12179880715224D-03 -0.15504665338077D-04 -0.23039324977448D-03
  0.15446111050498D+01  0.11693568621687D+02  0.50829246080971D+01  0.24459261404805D-03 -0.18950526420270D-03 -0.65307648670465D-03
 -0.19216644054886D+01  0.11459433220911D+02  0.23230480540407D+01 -0.39521020662430D-03 -0.14254949623296D-03 -0.97262418738637D-04
 -0.19957659808289D+00  0.12860450527695D+02  0.48225582237687D+00 -0.44149357905004D-04  0.38233816501691D-03 -0.68783897641130D-03
  0.38320876445732D+01 -0.44634972380416D+01  0.13083691780324D+02  0.23081877151118D-03  0.83338920488247D-04 -0.21632405051779D-03
  0.58648777536853D+01 -0.35629869339415D+01  0.13591631015353D+02  0.17768441425781D-04  0.12550476999767D-03 -0.14287828835192D-03
  0.31466018833073D+01 -0.69497008375383D+01  0.13323147683986D+02  0.20655290366575D-03 -0.47272626282513D-03  0.26044317911606D-03
  0.52579618000876D+01 -0.84279772930811D+01  0.13248513653233D+02 -0.72912361526283D-03  0.21600434210141D-03  0.31034419437314D-03
 -0.14127028829491D+02 -0.34880361223294D+01  0.87488102779573D+01 -0.21064176951132D-03  0.20815111897117D-03  0.97496044825037D-04
 -0.16144583837907D+02 -0.61077721772349D+00  0.11294196851459D+02 -0.35677319935839D-04 -0.12930173138024D-03 -0.42461256957614D-03
 -0.18195595337054D+02 -0.20386387809215D+01  0.10441471106495D+02 -0.95743065247457D-04 -0.25514622501825D-03 -0.20183761722597D-03
 -0.65552286111952D+01  0.62029701548817D+01  0.12658914236869D+02  0.27696816848986D-03  0.10766616699653D-03  0.55283449921659D-05
 -0.75464580483793D+01  0.30829542945967D+01  0.47429396024836D+01 -0.10529282416712D-03  0.13942989674633D-03 -0.22286167368350D-03
 -0.19564103856539D+02 -0.23847607205539D+01  0.12085338376080D+02 -0.80118054330829D-03 -0.35834913657761D-03  0.82513139038091D-03
 -0.17553690829959D+02 -0.37680786960616D+01  0.96227747937725D+01 -0.23827940586470D-03  0.55369319158621D-03 -0.87840067220902D-03
 -0.18954900717869D+02 -0.62204113433065D+00  0.90910278428999D+01  0.39529193717517D-03 -0.13210287992507D-02  0.47956300317344D-03
  0.68541367361069D+01 -0.78517324025482D+01  0.14570003939830D+02  0.42407298574082D-03  0.10834699877003D-02 -0.19523457657447D-04
  0.58411318655670D+01 -0.83073136382093D+01  0.11245434237013D+02 -0.16127123280142D-03  0.34393453457753D-03  0.29177543042759D-03
  0.46421112078252D+01 -0.10389062852643D+02  0.13719152116456D+02 -0.25530631454622D-03 -0.70563623881127D-03  0.59510843198740D-03
 -0.54761847655549D+01  0.22350212005105D+01  0.44783278007012D+01  0.56236664964647D-03  0.42166829175663D-04 -0.21349448038162D-03
 -0.82392163796184D+01  0.37142658310971D+01  0.28659897768702D+01 -0.25156899758048D-03  0.88680534342022D-03  0.58110176130215D-03
 -0.87283596446570D+01  0.16748536563285D+01  0.56021184006848D+01 -0.28411212203505D-03 -0.49431149354318D-03  0.38532396488667D-03
 -0.69289612455388D+01  0.77998164060776D+01  0.13842336172324D+02 -0.79090700850942D-03 -0.73049934659190D-03 -0.72986491115373D-03
 -0.48809142262701D+01  0.68289914200443D+01  0.11469629421851D+02 -0.25172170365521D-03  0.58346641549478D-03 -0.40487791118888D-04
 -0.60677129218073D+01  0.45344349989517D+01  0.13798500755169D+02  0.46619679159773D-04 -0.16555502074416D-03  0.53766335205770D-03
 -0.82114056008945D+00  0.14859544927831D+02  0.27047168058606D+00 -0.37852723501548D-03  0.73079598175332D-03  0.26001467347641D-03
 -0.25136173586032D+00  0.11636188743933D+02 -0.11958885252833D+01 -0.10636761753342D-03 -0.22306951249546D-04  0.25918414079687D-03
  0.16948186983112D+01  0.13074622843811D+02  0.13813526018977D+01 -0.25398690303343D-04 -0.21247131802709D-03  0.15597565901957D-03
