 -1.0
 -0.50237274674428D+01 -0.20284573877221D-01 -0.17326213083820D+01 -0.38602627348790D-03  0.89800796451326D-04  0.72026929200854D-04
 -0.49417906245933D+01  0.13412712733656D+01  0.51255279837882D+00 -0.16984373853588D-03  0.10502560680066D-03 -0.14639770136676D-03
 -0.24267973435492D+01  0.18590229943921D+01  0.15985196830804D+01  0.11312624154580D-04  0.13239510568481D-03  0.64257182736050D-04
 -0.38704352452018D+00  0.27474716393230D+00  0.62756537697208D+00 -0.20025453168234D-03 -0.36894108067655D-03 -0.80260986421867D-04
 -0.50110783619643D+00 -0.86404508552955D+00 -0.17036997464497D+01 -0.29423797145081D-04  0.31300162207876D-03  0.94330626413142D-04
 -0.28368582303073D+01 -0.85205047524466D+00 -0.29778771192685D+01  0.14567152173199D-04  0.23111602147953D-03 -0.25033449989332D-04
 -0.20422551335002D+01  0.35667012054580D+01  0.37493769303999D+01  0.20478791195079D-04 -0.20356437211127D-03  0.19505120183496D-03
 -0.17789052942486D+00  0.27347399156829D+01  0.53708482474807D+01  0.15815583022345D-03  0.24876402415965D-03 -0.11085059369393D-03
  0.15295390835273D+01  0.72099926573401D+00  0.46013253224648D+01 -0.14489922084944D-03 -0.18141496341974D-03  0.10573850752494D-03
  0.17576329994370D+01  0.31032979049292D-01  0.20934630211894D+01  0.42604423102388D-04  0.61136573562246D-03  0.10704370798253D-03
 -0.30393944527816D+01  0.60685967164089D+01  0.39579519914753D+01 -0.21240968473205D-04 -0.36112901185333D-03 -0.62249782506111D-04
 -0.28611292823593D+01  0.71973309772546D+01  0.63738615212793D+01 -0.22947096068358D-03 -0.49492839333112D-03 -0.20845043212735D-03
 -0.14239464580503D+01  0.60283834616415D+01  0.81220036509065D+01 -0.28224376234162D-03  0.18239015073624D-04 -0.33473421058586D-03
  0.40089735396900D-02  0.39623488718992D+01  0.77112616479347D+01  0.18679460033508D-03 -0.42525921895903D-04 -0.28539821916794D-03
  0.20557178401638D+01  0.33142366179693D+01  0.92843016902914D+01  0.13883506934668D-03 -0.22309143509507D-03 -0.24779301608334D-03
  0.37154931038445D+01  0.14791343195240D+01  0.86654061613143D+01 -0.96440133019985D-04  0.58700081157967D-04 -0.48774599539814D-05
  0.32945280592686D+01  0.83829877245659D-01  0.65402651253266D+01  0.14108438605594D-03 -0.34763754775312D-03  0.22606986469851D-03
 -0.46571011043349D+01  0.70928356766394D+01  0.20814570614349D+01  0.13119106569672D-03  0.48473224866990D-03 -0.19086044676461D-03
 -0.60561895047161D+01  0.92037253470925D+01  0.27510827696302D+01  0.36277225254094D-04 -0.29664933210395D-03 -0.48111570489560D-03
 -0.59955061440513D+01  0.10255500039109D+02  0.51977730103583D+01 -0.15789333845360D-03 -0.51125559627280D-03  0.21889341842683D-03
 -0.45897480856541D+01  0.91846389205973D+01  0.69876018599925D+01  0.11196465299457D-03 -0.11163420342936D-03 -0.28587297875536D-03
 -0.48396056666926D+01  0.62625017315310D+01 -0.29451970241925D+00 -0.12884740259691D-03  0.29419660859679D-03  0.17154385863798D-03
 -0.71299481911182D+01  0.23231641556935D+01  0.15635846651443D+01 -0.10189582460211D-03 -0.10600086008844D-03  0.30656779061084D-03
 -0.31438916402875D+01 -0.20379891135242D+01 -0.54623267939181D+01 -0.20766475189450D-03 -0.12792833080665D-03 -0.53050217208098D-03
 -0.78822404931993D+01  0.12267869427524D+02  0.58923672039716D+01 -0.17756544109257D-03  0.16864732783529D-03 -0.10357528932487D-03
  0.12117004096730D+01 -0.16837924028750D+01 -0.23833734063269D+01  0.44303930109222D-04 -0.85579509226302D-04  0.55137584838119D-03
 -0.66539191947981D+01 -0.72659597578750D+00 -0.26325945354236D+01  0.54772434895179D-03  0.81070262905532D-03  0.58233538498696D-03
  0.42927229935601D+01 -0.15271881852438D+01  0.62892693120752D+01 -0.57507629754805D-03  0.23958537963527D-03  0.19181040109709D-03
  0.25610574740528D+01  0.46942742801999D+01  0.10823750046364D+02 -0.63574416098515D-04 -0.29575240908359D-03 -0.35267094733945D-03
 -0.44526392807935D+01  0.10177247820039D+02  0.88054042237981D+01 -0.10950847904635D-03  0.16170261778071D-03  0.10237536976827D-04
 -0.75090792120849D+01  0.96634291161736D+01  0.13780304580162D+01 -0.16701180981339D-03  0.50679312242745D-03 -0.61053394292161D-03
 -0.51866288982091D+01 -0.23642993201793D+01 -0.63741165434270D+01  0.98045495944849D-04  0.79560160580696D-04 -0.21615726408797D-03
 -0.92861433203022D+00 -0.28303539608400D+01 -0.68903949324302D+01  0.19889660593323D-03  0.12655889032498D-03 -0.73873442077169D-04
 -0.14873217594617D+01 -0.46871843107832D+01 -0.87863136219436D+01 -0.20077517423193D-03 -0.12992799621818D-04  0.44328920831014D-04
  0.58335295157721D+01  0.83183744429254D+00  0.10581417961318D+02 -0.34397801449047D-04 -0.47594502470065D-04  0.52413094265872D-04
  0.73017305552177D+01 -0.91777154282613D+00  0.10200733511931D+02  0.47392353777478D-04  0.22075532425908D-03  0.17546101005068D-04
  0.58402265940988D+01  0.22423635805506D+01  0.12881369856458D+02 -0.15283902525323D-03  0.36490891561289D-04 -0.11293634052354D-03
  0.80237922210370D+01  0.18466584987374D+01  0.14277572058609D+02  0.14477587874484D-03  0.11671511418320D-03 -0.27761688509789D-03
 -0.76016536471828D+01  0.13624842101222D+02  0.77831685006784D+01  0.57507920730050D-04  0.22796051158331D-04 -0.36563269981624D-03
 -0.98184067070774D+01  0.12675749814611D+02  0.43117363534078D+01  0.23677925188178D-03  0.29317261887168D-03 -0.25326652472934D-03
 -0.11349478720598D+02  0.14404015544666D+02  0.52997788002025D+01  0.25258882190733D-03  0.24618261917829D-03  0.18317601670153D-03
 -0.67044821397348D+01  0.73718616295757D+01 -0.17434213248596D+01  0.69399243786475D-04 -0.41889221206038D-03  0.90092936485162D-04
 -0.93541071326714D+01  0.16287346686920D+01  0.22152312989108D+00 -0.18726711624418D-03 -0.14570914516531D-03 -0.51318928195650D-04
 -0.10711257958666D+02  0.16279611204388D+02  0.46403241522118D+01 -0.31186119252760D-03  0.85888838444400D-04 -0.87335264478879D-03
 -0.11176039173538D+02  0.14117259364992D+02  0.73976673053619D+01  0.10840459703461D-03  0.42965884261882D-03  0.29183239280066D-03
 -0.13291536374340D+02  0.13917199712745D+02  0.45043866113285D+01  0.37485616371984D-03  0.10179593398147D-03  0.16754224501442D-03
  0.92487876085578D+01  0.11337925810227D+01  0.12782659022361D+02 -0.25860649403031D-03 -0.21904809982756D-03  0.85756390542319D-04
  0.74885498321481D+01  0.40717577019273D+00  0.15677143883947D+02  0.56811189218315D-03  0.40342160560424D-05 -0.13323904436389D-03
  0.88019605952254D+01  0.36065196324762D+01  0.15117843980225D+02  0.41163611855725D-03  0.69773294700310D-03  0.41220430642761D-03
 -0.10913394205476D+02  0.21233204549895D+01  0.14806877297927D+01 -0.78874402125043D-04 -0.42343423066332D-04  0.52693063968715D-03
 -0.95450067077319D+01 -0.41424397350058D+00 -0.49597139312962D-01 -0.64779133038362D-04 -0.20652072673997D-03 -0.25997685213422D-03
 -0.95547890868327D+01  0.24996825302895D+01 -0.16341786782358D+01  0.40246806821611D-03 -0.32561944556803D-03 -0.52214207176288D-04
 -0.64543333170288D+01  0.95012013242882D+01 -0.18498489869307D+01 -0.51188062956952D-04  0.60655762117405D-03  0.87323624785178D-03
 -0.86515869725964D+01  0.69536585324982D+01 -0.12043255557096D+01 -0.83355311160491D-04 -0.33463823985384D-03 -0.15280038473572D-03
 -0.64819681133082D+01  0.66068478498699D+01 -0.35623936686856D+01 -0.14263823835445D-03  0.23771036888375D-03  0.37072664303417D-03
 -0.19351727508141D+01 -0.65232042359634D+01 -0.80173056468682D+01  0.67011505896695D-03 -0.44107965103307D-03 -0.69431478973859D-03
  0.18800534239264D+00 -0.50860700431085D+01 -0.98780885198459D+01  0.25588192647545D-04  0.77283031155536D-03  0.45128597792733D-03
 -0.30565878957741D+01 -0.40989865615871D+01 -0.99169043261108D+01 -0.26987123296994D-03  0.52758758265538D-03  0.47817834235879D-04
 -0.89305874356925D+00 -0.69057273832917D+01  0.42370970095402D+01 -0.15661373979949D-03 -0.30560509295618D-03  0.28946835145807D-03
 -0.52809531723403D+00 -0.56574875283005D+01  0.65145424983749D+01 -0.22190474188659D-03 -0.88044286647890D-04 -0.16039739610062D-03
 -0.25103416197992D+01 -0.39864677329830D+01  0.74085685547632D+01 -0.99540719485348D-04 -0.18143565479946D-03  0.23890908058932D-03
 -0.44897816587515D+01 -0.35090531588484D+01  0.57395604850819D+01  0.25560095476644D-03 -0.21634218824801D-03  0.10020194942745D-03
 -0.47420508864579D+01 -0.47899033605702D+01  0.35162850171902D+01  0.42632413940220D-04  0.31740658741579D-03 -0.80922176682360D-05
 -0.30058637126068D+01 -0.66606827763490D+01  0.28584298566971D+01  0.42314804312094D-03  0.40759997984956D-03  0.80520069825261D-05
 -0.23339876363086D+01 -0.25843594927703D+01  0.97398484734521D+01 -0.17974330721948D-03 -0.87440651824732D-04  0.71778926126359D-04
 -0.37048882226218D+01 -0.39970813865638D+00  0.98866910956240D+01 -0.39548973098983D-03  0.33026191889487D-03 -0.17101350747279D-03
 -0.56570030139199D+01 -0.38489043765972D-02  0.82236255703051D+01 -0.67154467816625D-04 -0.17596424256740D-03  0.38352812574196D-04
 -0.62433346465413D+01 -0.15570311487605D+01  0.63098481035317D+01 -0.76197401903830D-04  0.12863080198989D-03 -0.16029487276164D-03
 -0.60593185111196D+00 -0.32110062389916D+01  0.11699531509348D+02 -0.33279160986313D-03  0.35442120200655D-03 -0.42347440488510D-03
  0.92382660250703D-01 -0.12474718676540D+01  0.13338881880317D+02  0.24209306131225D-03  0.35236704399345D-04 -0.97213967599208D-04
 -0.10813448595029D+01  0.10781749347052D+01  0.13414146759359D+02  0.79768128159442D-04  0.19794287955000D-03  0.26382173723128D-03
 -0.31916087758321D+01  0.12751436396413D+01  0.11877036013129D+02 -0.52739625603491D-04 -0.12269739114183D-03 -0.45082984543912D-03
 -0.48182148971121D+01  0.34360974660203D+01  0.12201083115749D+02  0.10928392976241D-03 -0.33570671165013D-03 -0.19845694835351D-03
 -0.67186240653256D+01  0.39854129740346D+01  0.10411446665177D+02 -0.87428463470820D-04  0.18864773010587D-03 -0.72912614361512D-04
 -0.71834281728392D+01  0.21821270416854D+01  0.85182028145876D+01  0.23671822243381D-03 -0.23110519143426D-03  0.53173788816870D-03
 -0.23299079606245D-01 -0.58164095702990D+01  0.12335198974410D+02 -0.16134460230283D-03 -0.21670041406654D-03 -0.49498855221116D-04
  0.17456226819724D+01 -0.61769782404771D+01  0.14087712463865D+02 -0.98686911079081D-04 -0.27023904854512D-03  0.11383640024495D-03
  0.25789588225222D+01 -0.41876614779323D+01  0.15617024107268D+02 -0.14572009314902D-03  0.31976509217591D-03  0.83280961032399D-04
  0.18610371847932D+01 -0.16796945566745D+01  0.15219557070340D+02  0.38019800401948D-03  0.13920795985242D-03  0.19593106552585D-03
 -0.11234579128595D+01 -0.78043619476993D+01  0.11005138915688D+02 -0.68707400449836D-04 -0.37100679321415D-04 -0.47479369437568D-05
  0.17956604101367D+01 -0.55258618106246D+01  0.75423452244854D+01 -0.44694837681162D-03  0.19020458761446D-03  0.19831093932351D-03
 -0.33503835953208D+01 -0.80307136165818D+01  0.46971305057925D+00  0.14476762460066D-03 -0.15098463177569D-03 -0.16064437947104D-03
  0.45527148531244D+01 -0.42589325331584D+01  0.17576576832054D+02 -0.10031083275821D-03 -0.23587079758069D-04  0.22658234484971D-03
 -0.63246533355743D+01 -0.43857064717794D+01  0.22326440234767D+01  0.48138874636868D-03 -0.14960410461462D-03 -0.57004365189393D-05
  0.59573308272298D+00 -0.80601522293440D+01  0.36918696396261D+01  0.50863298682099D-03  0.33545132537694D-03  0.11362895587120D-04
 -0.88294860122067D+01  0.24501505134826D+01  0.72796729325305D+01  0.56327263568686D-03 -0.63937583277657D-03  0.64562936220711D-03
 -0.45835111397871D+01  0.49236415334427D+01  0.13568303643690D+02  0.38743130370454D-04 -0.18673906332620D-03  0.62842288388465D-03
  0.28794164833930D+01 -0.25919004325258D+00  0.16308556233215D+02 -0.34930722609796D-03  0.68850264579145D-04 -0.24766439722221D-03
  0.24504171780536D+01 -0.80427959849014D+01  0.14555877834033D+02  0.62054554128565D-03 -0.10769944117808D-03 -0.14753447192776D-03
 -0.16646426876898D+01 -0.91817548842726D+01 -0.51971788228742D+00  0.15309611450474D-03 -0.79062310895241D-04  0.13898901842155D-03
 -0.56313103131472D+01 -0.76529431901869D+01 -0.60111750307812D+00  0.91915493869122D-04 -0.77263641668507D-04  0.62259258026916D-04
 -0.58068611495437D+01 -0.82530857902405D+01 -0.32090226590631D+01 -0.32147662718586D-04 -0.48133399414931D-04 -0.95962029871516D-04
 -0.83335373454546D+01  0.63416385622003D+01  0.10561848163046D+02 -0.45669376228119D-04 -0.62563153334346D-04  0.21336452704337D-03
 -0.98312774591915D+01  0.69932404138605D+01  0.89329877362206D+01 -0.35024144909495D-04  0.39418601278307D-03 -0.14496193768292D-04
 -0.77884120665010D+01  0.78899147395054D+01  0.12445317685005D+02 -0.12771687398324D-03 -0.20534434295078D-03 -0.24384107325011D-04
 -0.89342626990926D+01  0.10159434298736D+02  0.11962832183382D+02 -0.81457654937319D-04 -0.12708466343170D-03  0.18322965024750D-03
  0.55135183571698D+01 -0.23228038500641D+01  0.18266649592650D+02  0.16864215753232D-04 -0.26821964767682D-04 -0.20361149177106D-03
  0.52566175807312D+01 -0.66828606394810D+01  0.18305233722286D+02  0.42284375500226D-03 -0.23963173872344D-03  0.24712046163537D-03
  0.74458346991597D+01 -0.64897463703951D+01  0.19611725071258D+02 -0.70505284238823D-04 -0.13741543291991D-03 -0.28018920639572D-03
 -0.16087474601032D+00 -0.10273775290875D+02  0.11095396446107D+02  0.31604086012411D-03 -0.62069878400558D-05  0.12308389648554D-03
  0.37034334645674D+01 -0.66228713448835D+01  0.61622118751209D+01  0.53747772147674D-04 -0.40563007124874D-03  0.27881158427215D-03
  0.72195336591862D+01 -0.49725790030343D+01  0.21146168372562D+02 -0.47732975226852D-03 -0.22631735537862D-03  0.11766275863862D-04
  0.89000814805987D+01 -0.56627313726760D+01  0.18338349144550D+02  0.54863630556938D-04  0.19104902402374D-03 -0.38256908514270D-03
  0.82083802771980D+01 -0.83443385644167D+01  0.20326848062784D+02  0.64939436934860D-04  0.26352072528141D-03  0.34342165434411D-03
 -0.10729231070835D+02  0.98972666681902D+01  0.11086302476849D+02  0.80252715957275D-03 -0.39865097214926D-04  0.79006522105119D-03
 -0.79171249778432D+01  0.11090997202611D+02  0.10473942106700D+02  0.81306686325047D-04 -0.37316652553680D-03 -0.15958506948025D-03
 -0.91917902781656D+01  0.11636687367868D+02  0.13709682942587D+02  0.10957756161296D-03 -0.44043991159800D-03  0.33113344097125D-03
  0.53525286007672D+01 -0.62557581805243D+01  0.73004841958835D+01 -0.20547474798864D-04  0.16560176332283D-03 -0.27418342046335D-03
  0.40237705663737D+01 -0.55593809033204D+01  0.44337245996333D+01  0.22025784014801D-03 -0.56506311850082D-04  0.82659447443923D-03
  0.34382533449779D+01 -0.85114941987943D+01  0.57279736675823D+01  0.25134994069546D-03 -0.65644638638336D-04  0.53878217247623D-03
  0.31103861057558D-02 -0.10756490652492D+02  0.13024695784786D+02 -0.34236779127926D-03 -0.31214809058682D-03  0.59917599320287D-03
  0.16180308184540D+01 -0.10448859851928D+02  0.99757105036697D+01 -0.49910109248645D-03 -0.98092027084777D-04  0.88629560152493D-04
 -0.15015966334793D+01 -0.11527467642163D+02  0.10082615299491D+02 -0.56748554267115D-03 -0.61365203422756D-03 -0.45947005898983D-03
 -0.75862049435503D+01 -0.93552088048300D+01 -0.35439204116534D+01  0.40728060068261D-04 -0.77093920303514D-04 -0.15694349360195D-04
 -0.40333946957115D+01 -0.89425403598965D+01 -0.38900912776508D+01 -0.40388334174744D-03  0.70061014936101D-03 -0.19082246469923D-04
 -0.60752307207128D+01 -0.64823071471971D+01 -0.41212112667779D+01  0.48107089468219D-03 -0.54654791703617D-04  0.61193336199291D-04
