$coord
       -4.33560846655347        0.51627929462358        0.91034022622601      C
       -4.30209431913345        2.41500496962465        2.67597158362720      C
       -1.81883407769035        2.82642565219234        3.95954141058439      C
        0.13338909521898        0.95394191556750        3.69967440668731      C
       -0.14641514672822       -0.95111789500748        1.75219616965853      C
       -2.36726756253413       -1.18517380608254        0.37433227796768      C
       -1.10825898589670        4.97318974368716        5.50322613862271      C
        0.83941195298146        4.75010604120310        7.19017871991341      C
        2.72598015494384        2.79253979072231        6.81755430102365      C
        2.44401308467262        1.21318747933239        4.81542738208501      N
       -2.44868093627444        7.28917462422152        5.56555561459511      C
       -2.32135097722348        8.73777968029683        7.80519488685221      C
       -0.66039087796530        8.37466440421616        9.68553363304045      N
        1.08066906243659        6.59748057530931        9.02685126516080      C
        3.03468834005632        6.30617083402184       10.81986465001034      C
        4.64400305762323        4.25895137660983       10.69415670551168      C
        4.69914474395433        2.57011007360340        8.66182833121526      C
       -3.62177631700514        8.26042766337417        3.41204868535553      C
       -5.06578157179398       10.40499065064166        3.75851110563015      C
       -5.28134664125782       11.68040849271309        6.01695055049095      C
       -3.86763995009003       10.96565452348791        7.97574336677379      C
       -3.28850655835036        7.14779225129413        0.94469096014243      O
       -6.46585691144283        3.80414834153505        3.43647321301538      O
       -2.90036538559828       -3.14479862412065       -1.56137105913031      C
       -7.00554036908349       13.85573257726612        6.10010826111233      C
        1.57054893863970       -2.09522868572187        1.30634932507056      H
       -5.94599757951082        0.03229628729321       -0.08014142145369      H
        6.35438001739465        1.56455599647284        8.18951966716264      H
        3.23501228400631        7.42275724366031       12.46991560399078      H
       -3.63505775781762       12.04496105709915        9.73934310464609      H
       -5.93745133317170       11.19084774163847        2.18239654492425      H
       -4.96148990770288       -3.91891542682963       -2.10527327314978      O
       -0.65905733098762       -4.25599857462909       -2.32702754852023      O
       -1.16330888300669       -6.12108097090164       -4.01532844938871      C
        6.39706423636233        3.49943713955063       12.77523534438121      C
        8.38707881615899        2.46118763097585       12.07805402773322      O
        5.71186876663649        3.99294837432349       15.08922266554468      O
        7.48438818290523        2.88956039331788       16.58573703488909      C
       -7.52954467134287       14.75393961365759        8.12751694323532      O
       -7.77045014311873       14.87959233737441        3.82912484577642      O
       -9.34627003738018       17.07693338177305        4.09591833565059      C
       -0.81442705578077        6.77628289503682       -0.15025182879057      C
       -8.47601250748631        3.61151507677196        1.74729204794382      C
      -11.32541500784445       16.56396983736646        4.06207445619142      H
       -8.86316459082866       18.46947837275739        2.70411818611315      H
       -8.81624546257659       17.86998244347690        5.89974461343349      H
        6.63272434193560        2.93648985414119       18.56541932455997      H
        9.28868242861176        3.88866463378487       16.73548570693860      H
        8.06437923754074        0.97500695826225       15.92239031363943      H
       -9.90274431577868        4.46780270529954        2.94445439372395      H
       -8.93871602039497        1.73493163616750        1.25315956813346      H
       -8.05477701122408        4.68316136158278        0.03515177848378      H
        0.45467346430832        6.38332045941158        1.40520079652735      H
       -0.37953364223529        8.52876549138271       -1.31708651314856      H
       -0.79297799254646        5.18495253755976       -1.44406181139707      H
        0.63592601208119       -7.13867417263764       -4.13010036263232      H
       -2.04894368775115       -5.25701673925421       -5.75927986839592      H
       -2.53891435613847       -7.44771636076755       -3.13353241139265      H
       -2.60160572042013       -8.76753632167588        2.94078511776809      C
       -1.78651421237187       -6.73208251908776        4.25155137352545      C
       -3.65230386288153       -5.17005720863363        5.36789435170685      C
       -6.15286253633712       -5.22039099537088        4.41606501407194      C
       -6.86751337616825       -7.06349779643454        2.54901030933803      C
       -5.06543354985648       -8.98649542798394        2.16463898597738      C
       -3.25756911441380       -3.45985639879073        7.40393619484350      C
       -4.99616758162917       -1.57671119603780        7.85212872075669      C
       -7.35861840965467       -1.53707850709670        6.54851550395263      C
       -8.03573083710565       -3.48994129836415        5.07872253748727      N
       -1.22084656383671       -3.64622753753575        9.17312465524980      C
       -0.58525157176841       -1.56865124638141       10.56753932977136      C
       -2.02520030984249        0.51759116558692       10.52246694903469      N
       -4.39534562541093        0.37855174880131        9.58957150056068      C
       -5.99531004116381        2.41848176797813        9.79646013965731      C
       -8.29239735445954        2.38279314972018        8.57738926799184      C
       -9.05953313443872        0.31046187049329        7.00646511553724      C
        0.17278892879071       -5.99474507308871        9.63317638454333      C
        2.34972535559216       -5.89941124695493       11.11184244936647      C
        2.98668457477812       -3.69512133297801       12.36980321059640      C
        1.54462688444722       -1.56161669135518       12.17613640049048      C
       -0.94549201700125       -8.25600315022632        8.95630856090290      O
        0.68020683437105       -6.04879110147667        4.65861153266800      O
       -5.82327736303125      -10.80821416979244        0.11339735933548      C
        5.41343869447687       -3.64473476745907       13.73516223507089      C
       -8.84781626721021       -7.19007746788674        2.14798598298019      H
       -1.33844266042635      -10.11795635623394        1.91317809473141      H
      -11.07523192150435        0.21467369578600        6.46674616268688      H
       -5.37809060670693        4.00948873660177       10.77835424923190      H
        1.76460216854587        0.21563766695683       13.22902962290157      H
        3.63262273408163       -7.31653473338905       11.50087871281796      H
       -4.16824294715409      -11.53837426319615       -1.33125191730204      O
       -8.25131974344774      -11.76793041659048        0.12382346595264      O
       -8.44893242680767      -13.36741561184392       -1.85992627440300      C
       -9.96227769888686        4.48999902581362        8.80146242804343      C
      -11.50771243826547        4.94210388080615        7.09752911417397      O
       -9.47869957525731        6.05408898617099       10.76753648180732      O
      -11.17905085539837        8.14801946472967       10.90358336441479      C
        5.51328932162387       -2.58963188351404       15.83754689432718      O
        7.34700255340025       -5.24570276501344       12.96241145940669      O
        9.51241427268092       -5.02879294858067       14.44161456957401      C
       -0.10822767059978      -10.28196887525293       10.50701067164678      C
        2.47875035236678       -7.43876633181210        3.38361894535591      C
       11.07949837619256       -6.35324292956931       14.03366510262198      H
        8.97769068383217       -4.93996187025067       16.49478017655224      H
       10.33472326361753       -3.06515989542529       14.06429306566075      H
      -11.84642579492836        8.50644711905836        8.92105398079262      H
      -10.39053897679165        9.70392076303378       12.04560017939075      H
      -12.97291252845008        7.57888522578404       12.15068710760004      H
        4.42382340669094       -6.86252503070490        4.18915851028588      H
        2.52093354356271       -6.69461292486351        1.44764174771975      H
        2.36916798716996       -9.50686696858977        3.45811524409366      H
       -0.75816032624225       -9.86326486360566       12.38369778874112      H
        1.98917620293207      -10.57194045707714       10.46181672151878      H
       -1.04512060811134      -11.92458165041126        9.71036574696278      H
      -10.21732319960272      -14.41663093888656       -1.66279517279370      H
       -6.82065766859772      -14.71471113647288       -1.67330148391754      H
       -8.35609421120541      -12.28493730430746       -3.58675943798885      H
$end
