$coord
       -3.84959759064518       -0.25876219000786       -0.75920919713585      C
       -3.84340876361173        1.69076720000924        1.20505284248713      C
       -1.63738447063798        2.23914370548240        2.70248038801914      C
        0.51550839808281        0.61386265476519        2.38336189047445      C
        0.33785036113209       -1.52178191205238        0.64039534442141      C
       -1.74190706835872       -1.78371624956743       -0.83053741545102      C
       -1.65491922128763        4.35370003266379        4.45630609926217      C
        0.37770792167551        4.07927742388366        6.31204061627082      C
        2.40887267731339        2.33804118210595        5.90386203783522      C
        2.59209423615555        0.70295667093411        3.87575249648285      N
       -3.47850002162946        6.39203050626240        4.76741913366454      C
       -3.34231676996847        7.63555739798125        7.27209926871962      C
       -1.79075095468168        6.90456115275679        9.18275801228671      N
        0.13873806926257        5.36659130697701        8.73045399597671      C
        1.87518516125463        4.97054875764552       10.71993919868770      C
        3.88350039702155        3.42762422419594       10.24209308698947      C
        4.09388975615336        2.05738931458940        8.03065586091266      C
       -4.75059110459844        7.62391191005944        2.75866735148793      C
       -6.40502886042566        9.59994973144261        3.30602673879681      C
       -6.44118532224514       10.66710783275159        5.68135440913905      C
       -4.75686671456809        9.86786608164338        7.58916272388835      C
       -4.16517617891097        7.04959752684555        0.33175878452562      O
       -6.01850678911084        2.66949681512656        2.03749418387139      O
       -1.94790691364464       -3.93148053368258       -2.60635625271132      C
       -7.81163515691333       13.12641162618975        6.04185985333262      C
        1.96515485542831       -2.61573469539053        0.47044614721936      H
       -5.46863578522895       -0.88335766134412       -2.01263338255508      H
        5.71692461472577        0.84306380929296        7.66719290725433      H
        1.46884752408318        5.56035784646992       12.53110270905352      H
       -4.75133729363162       10.83475437076634        9.39772850309178      H
       -7.55048386694698       10.37468106090708        1.81686038174478      H
       -4.10039115918779       -4.47254957212119       -3.45455858569499      O
        0.27860083842191       -5.18053837621874       -3.09929753342005      O
       -0.26165748686530       -6.97837877075543       -4.83278057271295      C
        5.96868261405701        3.01485749285113       12.00639641112133      C
        7.80166289797852        1.93380289910623       11.12504733591575      O
        5.66731115443355        3.85075099299635       14.60374067963073      O
        7.53046707981806        2.82200169710390       16.31336695540386      C
       -8.11455868274507       13.78181534617239        8.19748381681521      O
       -8.68323909467962       14.09292228774304        3.83661902294203      O
       -9.02837419527983       16.66817085184035        4.24633279777153      C
       -5.06684944472969        8.80507160092200       -1.43521820808575      C
       -8.43738811342642        1.98523136225647        1.09692570447243      C
       -8.44126715634936       17.72583003926640        2.51092015044502      H
       -8.15441503977066       17.49347667801347        5.86922629241351      H
      -11.07286888842431       16.85009945105503        4.40596297693356      H
        9.22305486823076        2.29533619491657       15.18030085784608      H
        6.64153869849019        1.03305647605217       16.69137578867802      H
        7.83318134391983        4.11984262245583       17.92281141779245      H
       -9.72878577629685        2.53204988061086        2.66692752501106      H
       -8.55089542676833        0.02450102043354        0.58398483200699      H
       -8.80165079379229        3.20847045665169       -0.56617805563887      H
       -4.60882181496269       10.74707536004694       -1.02584746376121      H
       -7.11698318079727        8.47624905913153       -1.64797105560096      H
       -4.21087050756416        8.20309579709174       -3.25430959342181      H
        1.56892931468710       -7.51563576660238       -5.80947315465741      H
       -1.44719051362468       -6.08521886501599       -6.34282579923104      H
       -1.42874139906607       -8.37846030546118       -3.82373172938161      H
       -2.05680319624781       -7.52581236711673        2.81484325269260      C
       -1.29684116391289       -5.88056751990976        4.76788566811515      C
       -3.24406530415058       -4.31351909230925        5.89721210049013      C
       -5.65171763105818       -3.97030989241379        4.73276409882199      C
       -6.23674831143540       -5.69976346134814        2.76376495382127      C
       -4.57192912582442       -7.57056556969610        2.02044501486012      C
       -2.68695236745778       -2.85579915065431        8.08641996484793      C
       -4.23820327588949       -0.69481022925261        8.68215655609308      C
       -6.49482749922423       -0.52944731710232        7.31685480769824      C
       -7.43313657689734       -2.30458577416561        5.53568847067402      N
       -0.92449494508097       -3.25559467119479        9.96227489015919      C
        0.11138262625954       -1.07568102621423       11.30022029235128      C
       -1.40415223959343        0.91460007836031       11.73904292931887      N
       -3.57693550612211        1.11186417334906       10.36570972763203      C
       -5.13505896130406        3.18501234671721       10.67821454185050      C
       -7.50887929118859        3.21910212834409        9.62682233723874      C
       -8.16361093565959        1.42942091645322        7.98124802296033      C
        0.09216829900244       -5.72572361538902       10.51502140763899      C
        2.11682162365331       -5.80661955661070       12.24109280594431      C
        3.46437676971451       -3.70471673244600       12.93814573125000      C
        2.38880818077091       -1.40387288858155       12.79481973467588      C
       -1.08282469769995       -7.80448558997011        9.55292950873222      O
        1.27521964245491       -5.89953431557418        5.46577680251025      O
       -5.28729083147818       -9.36297000408952       -0.01949912426725      C
        5.69061732240935       -4.17531760180569       14.57142977174329      C
       -8.04935414550131       -5.48715744968272        1.81720131876988      H
       -0.94598966416982       -8.80501265224221        1.86124639678406      H
      -10.16920021048374        1.23302046905899        7.54461876373053      H
       -4.61331280504502        4.71557139994205       11.93183945271199      H
        2.88975647983997       -0.12124516577563       14.24811361626724      H
        2.92968597077800       -7.64086051706899       12.58198534307542      H
       -3.51726662131542      -10.56848736423414       -0.84975330562471      O
       -7.70291355985806       -9.01638708712360       -0.99023613124158      O
       -7.96114148101840      -10.49617617646298       -3.13815424191139      C
       -9.30448420482692        5.35010488524193       10.34873324166716      C
      -11.44404005152398        5.37298485915725        9.82712525559368      O
       -8.20083316220036        7.36364586931721       11.60060312394122      O
       -9.93532193525859        9.27328438123767       12.27190136088414      C
        5.96548319743605       -2.85931210377837       16.53328897800314      O
        7.25315847996662       -6.19459267270563       13.97910460559911      O
        8.89948471685816       -6.51259583487999       16.01382924506114      C
       -0.99013930110765      -10.04221369912766       11.06219831557078      C
        2.67641816181344       -8.12755411657934        5.17305970149983      C
       10.11466899811912       -4.96482011637878       16.49779663135824      H
        9.96117111830393       -8.14027478881611       15.74024551646169      H
        7.73528397535149       -6.61255107326637       17.67552213104524      H
      -10.55291600135555       10.25504944840611       10.54043074873755      H
       -8.97842078091557       10.74495482971571       13.31109669721367      H
      -11.47691634741059        8.57045107831407       13.17741300036803      H
        4.40891801441775       -7.92682729907091        6.26750444438134      H
        3.16937022265205       -8.21183754451244        3.16052245651739      H
        1.73605886252839       -9.85062792883043        5.72410208571120      H
       -1.76310127699118       -9.69246217337748       13.04535384249180      H
        0.99551335061428      -10.69413997799164       11.29432537913832      H
       -2.22408639917743      -11.52380528026663       10.22568766549851      H
       -9.76322657885216      -10.05994515667383       -4.09647829643549      H
       -8.04206455765536      -12.51682013143237       -2.43100695161663      H
       -6.24253429905601      -10.40703794862271       -4.31337451203033      H
$end
