$coord
       -5.07416804070149        0.35510656779039       -2.64932542894594      C
       -4.86982962670135        2.05124447881512       -0.62507721158569      C
       -2.56820188843713        2.14784648026246        0.83674902026875      C
       -0.44723655028821        0.53035733059000        0.42376574684198      C
       -0.73800717495511       -1.04487177472175       -1.77551488857837      C
       -2.84336719859921       -0.98801105323150       -3.26777082013758      C
       -2.00985456197370        3.90509324439988        2.91295244307169      C
       -0.03401985358778        3.19187242937339        4.55727035076183      C
        1.70024518887666        1.31557447356018        4.04179377201859      C
        1.70614699514701        0.17895327186841        1.85423094497180      N
       -3.27629808159003        6.14860446477161        3.45623899362993      C
       -3.04707149112081        7.17507471804150        5.94089582722485      C
       -1.49086398971434        6.23334455355445        7.72165619339701      N
       -0.00047278138530        4.31122237639373        6.96801366451935      C
        1.75051241822430        3.53844434565094        8.83589978188211      C
        3.27636936922925        1.55961411757769        8.29169681129545      C
        3.35000458574593        0.34523404349335        5.95984331444482      C
       -4.59424674614273        7.53950298880688        1.44169139809135      C
       -5.86788699758184        9.68667754020104        2.22964314556497      C
       -5.76400746787380       10.64867861978581        4.70439804753157      C
       -4.26297706424415        9.43235306942992        6.56417487483879      C
       -4.01725433332359        6.96144327731387       -1.07322511165845      O
       -6.99915613247588        3.26292561191750        0.33626226511831      O
       -2.87221427910500       -2.77809765945420       -5.29788848910746      C
       -7.37458825715908       12.74465154904271        5.19474111277645      C
        0.65201041390651       -2.56113826651504       -1.92759404476854      H
       -6.88305568564063       -0.16450747082250       -3.44366383684121      H
        4.78856028209518       -0.97601672095822        5.82093847844069      H
        1.92030710669333        4.26857926244464       10.80341782167572      H
       -4.16167537297194       10.00774796351944        8.50815578094022      H
       -7.16354801194573       10.60711943659483        0.84370572543310      H
       -4.73027303018518       -3.01164847024352       -6.69209438775844      O
       -0.77776810714283       -4.30051342365809       -5.45655067961313      O
       -1.06716540702597       -6.07795843183409       -7.41598681005397      C
        4.82373185659653        0.67169126051596       10.43347234679339      C
        5.89374896736997       -1.36893610291322       10.13581886340237      O
        5.52558599889271        2.46727688967932       12.24705189331065      O
        7.37469752128580        1.35195975318570       13.77614147097080      C
       -6.97445220037450       13.91200829354439        7.03948539115325      O
       -9.11723292872277       13.39343658781667        3.55411739736277      O
      -10.05237884954400       15.84847810255700        4.00561138112944      C
       -5.87357963592744        7.67501228700032       -2.68833372714375      C
       -7.95334662827193        2.25827925637941        2.62868746132463      C
      -11.58191010822533       15.68873022337026        5.31188093379217      H
      -10.41351820075653       16.70894638149296        2.17735131965548      H
       -8.71140734777041       16.87657020584726        4.98425024627547      H
        9.21404165139877        1.34299881487702       12.86874932720728      H
        6.71309926799313       -0.57699898971369       14.20457717517531      H
        7.53958735423027        2.19863931460773       15.52323699546354      H
       -7.42540098594671        3.56411436052027        4.11515430723128      H
       -7.06453072725856        0.41539510368655        2.95411290322474      H
       -9.85273853212020        1.96718526339154        1.92291387915215      H
       -5.61010334968761        9.70392846829193       -3.06158116522883      H
       -7.67870904682286        7.35146973102357       -1.84394453915593      H
       -5.98343921194018        6.67062819463818       -4.37159545391395      H
       -2.90545380804835       -6.83493512167362       -7.32000447735937      H
        0.41929922779970       -7.43729252666047       -7.32293991260235      H
       -0.84430511732652       -4.98009844868781       -9.08828518146967      H
       -1.61920370063460       -6.80528989975940        4.11019258353386      C
       -1.04630683852435       -5.40569386975394        6.34848522496948      C
       -3.12816994840974       -4.28356124549396        7.72901776372300      C
       -5.46343046976097       -3.78942694531129        6.41638087428663      C
       -5.88340011551224       -5.11801554243995        4.16367168527258      C
       -4.07288305078267       -6.60175098579749        2.91772846803059      C
       -2.72947106266892       -3.02748437088571       10.11623972729474      C
       -4.26640359297786       -0.94866918325232       10.82076142461529      C
       -6.49771728565369       -0.42293932477592        9.28106057946081      C
       -6.98166611759579       -1.88678933871359        7.14747883624005      N
       -0.72818049335880       -3.66170309622033       11.97154696166459      C
       -0.00774908151119       -1.77329834742571       13.63769708985098      C
       -1.15477128559772        0.55543448242502       13.93245149116879      N
       -3.42450910042748        0.62680270131709       12.68369006749675      C
       -4.76777464334108        2.79580487298974       13.11454135055503      C
       -6.66449383046366        3.48956438587387       11.55774025899304      C
       -7.49372240840828        1.96053628602530        9.65395380662837      C
        0.45305807788121       -6.11942053591195       12.02595636858949      C
        2.53734975210309       -6.37767181539937       13.63510036897855      C
        3.48671539233060       -4.45772469975932       15.18900035958350      C
        1.99322083595786       -2.30395365789257       15.43857409430036      C
       -0.78901588014601       -8.04849966073601       10.65816467409540      O
        1.45411210222242       -4.98114774469907        7.09876648386455      O
       -4.73956956192933       -7.59642930291060        0.33143909638869      C
        5.79661594674366       -4.51520749545575       16.61777872879289      C
       -7.43182087353856       -4.30106348730315        2.94573190989823      H
       -0.25121229100037       -7.61440703393777        2.90048496977841      H
       -9.09749663268115        2.50099227847680        8.57781830066044      H
       -4.11419779213184        4.14517675102474       14.58213709040828      H
        2.25418042826844       -0.91822905541315       16.78923126131834      H
        3.63095180101797       -8.05541429650823       13.44514863387121      H
       -2.93937655639782       -8.18424838917553       -0.90301116846297      O
       -7.00639408413904       -7.16358302029403       -0.61602339681534      O
       -7.07801514165900       -7.88292436854963       -3.27798776422879      C
       -7.84166154316222        5.97995260672371       11.67622234528811      C
       -9.78050878035845        6.38014325519526       10.47415591191641      O
       -6.82024483482805        7.87587135258103       13.03912382330843      O
       -8.22717583714907       10.03403391869548       12.90917400850465      C
        7.02535282094538       -2.60178400943234       16.99168065645534      O
        6.68648894839893       -6.88252617421871       17.51276733091587      O
        8.61189071199252       -6.42507499322281       19.41605676783265      C
       -1.38320737034540      -10.06888683585920       12.26245492046295      C
        3.28854724426074       -6.90655364733102        6.60948086915387      C
        9.43834036370952       -4.45769277592887       19.28529136755682      H
        9.98941755783765       -7.86472183729724       19.62994680167314      H
        7.46362167547848       -6.32824909396592       21.24815695245627      H
       -7.04358152964165       11.42593788734876       13.55327679832576      H
       -9.71841370025435        9.84717224177062       14.28483197192583      H
       -9.36058995521786       10.11610102107340       11.06867795725929      H
        3.38855092628366       -7.13148430660768        4.56121921378126      H
        2.92230440251025       -8.45881421522098        7.80763605849771      H
        5.24490944867356       -6.40155124350123        7.20824094999443      H
        0.10904733260698      -11.38738295176662       12.92913512413943      H
       -3.12567855058498      -10.97270395494635       11.56117387098760      H
       -2.11368795336638       -9.49646534089893       14.08521489069697      H
       -5.20818301575018       -7.95390037692070       -4.13916136633729      H
       -8.06536457181275       -6.42389758817752       -4.41568241743188      H
       -8.11706511779550       -9.62317039192392       -3.53549575226329      H
$end
