$coord
       -4.65317949366065        0.95309593332598       -2.84826321285179      C
       -4.69296561293220        2.33308518487460       -0.63906093237213      C
       -2.58401650852889        2.19739679772591        1.19165744941132      C
       -0.95371594631628        0.03618197584113        0.86694981927788      C
       -1.22454603336010       -1.34109360184290       -1.30558222575286      C
       -2.82650470424940       -0.87125734768136       -3.26144111511254      C
       -2.11762140840853        3.68691708745754        3.37553729623758      C
       -0.40941340816086        2.93824429157646        5.16873743033169      C
        0.86967302947008        0.61163423578116        4.78141683161188      C
        0.70192946602951       -0.76217296799515        2.67536639218941      N
       -3.28318159888865        6.10730722616852        3.88710408501170      C
       -3.17549087651556        7.16681967128938        6.43035304380844      C
       -1.69545735505354        6.24195814229445        8.20676465668495      N
       -0.11795010779356        4.31169476178165        7.50195686065320      C
        1.92274148800339        3.62036358747077        9.16053645204366      C
        3.31883820618800        1.35588598541758        8.58020743317036      C
        2.85152940945347       -0.06461762858850        6.43713924103109      C
       -4.18969292541974        7.65973094283268        1.88888656993760      C
       -5.75771256688937        9.71297757605607        2.69419672222887      C
       -6.05364574326155       10.51120153516184        5.16908077281433      C
       -4.58053959522982        9.35384384565820        6.89697740863368      C
       -3.92558165182139        7.03500603290619       -0.70752397160336      O
       -7.01492519063062        3.29825601879553        0.24558377826509      O
       -2.94477365692587       -2.26305436764863       -5.69467436941655      C
       -7.44104823027675       12.86643386653744        5.76942253225644      C
       -0.12743197565872       -3.06655055074558       -1.76455249884011      H
       -6.12781127428066        1.20917225037745       -4.22334149985406      H
        4.18788206580151       -1.61616473458443        6.04184566215750      H
        2.00761085104629        4.59875076054868       10.92498460982992      H
       -4.43196691962367       10.18338320738270        8.79574365178571      H
       -6.87587768748865       10.58920549999461        1.30366474823388      H
       -4.95138739485851       -2.14460409231349       -6.73251276297054      O
       -0.73397482880209       -3.41205712568436       -6.48899473486089      O
       -0.84108846913815       -4.42242280730245       -8.91978000596877      C
        5.39900032808944        0.77717669632273       10.19406444692299      C
        6.68917003422201       -1.11810677898921        9.78152140076165      O
        5.78514336767834        2.31724964637413       12.15509378541601      O
        7.92427327854703        1.63941321851876       13.53504158341749      C
       -7.60423401284575       13.26000226682621        8.05985956915948      O
       -8.63551502684742       14.37873368214191        4.08067350882828      O
       -9.53360734775720       16.34186249752115        5.24566425645989      C
       -5.05550411414853        8.62465782729153       -2.55281558930057      C
       -7.99465052104588        2.73731329959790        2.60231108884070      C
      -10.61848579050269       15.60191514235236        6.80790415920926      H
      -10.73501522121765       17.61708739752979        4.10590709381739      H
       -7.93621589632363       17.38466440775631        6.34110900438791      H
        9.26275316459530        0.65741856136438       12.38186492863967      H
        7.05578941069560        0.48734186173278       15.05453550490714      H
        8.67485532937740        3.63463161683098       14.16664599967392      H
       -9.92056827680602        1.96683317371876        2.24496001976390      H
       -8.31256558753350        4.57082549240628        3.55440130175269      H
       -7.00864642848195        1.17238829097341        3.63850006960963      H
       -3.97406413173504       10.22750928072007       -2.99213093309452      H
       -6.93843027650866        9.09882306295906       -1.77388779062009      H
       -5.47477668671534        7.31423515559080       -4.14105257468516      H
        0.98546011900567       -4.78061229479060      -10.16975128022997      H
       -1.70358560874912       -2.88835560160212       -9.99494900172959      H
       -2.08664102698290       -6.13119916796972       -8.70428424818034      H
       -1.49379568897405       -7.58955506674371        4.54439092892246      C
       -0.89639555659410       -6.05475390177092        6.56824585274948      C
       -2.73878935028038       -4.17808290322760        7.43490558507758      C
       -4.97227877020288       -3.79699552189290        5.95514884897436      C
       -5.37799416970889       -5.33144466044330        3.78176780863273      C
       -3.71156454091039       -7.22492221345243        3.18965628800390      C
       -2.26937585512001       -2.67186962488959        9.64861039194197      C
       -3.81974311099720       -0.53228590207187        9.70830085404064      C
       -5.85156213974730        0.01003778103670        8.11106503766922      C
       -6.52222765319009       -1.78861468434707        6.25871433546038      N
       -0.66032522599939       -3.16307594890877       11.78534274919423      C
       -0.08513305020857       -0.99675013394903       13.43738303900513      C
       -1.44388175100546        1.15974402448792       13.43649708073341      N
       -3.20438966072612        1.38014167890045       11.64143369406268      C
       -4.72107177526779        3.58783383459455       11.74861895547053      C
       -6.77330456549404        3.87985284297040       10.19562467141048      C
       -7.21246470877458        2.21862115386474        8.30785070713931      C
        0.00008223542184       -5.63267812350376       12.61400786675801      C
        2.11532053632144       -5.85270604492004       14.34295780735644      C
        3.03529636579651       -3.72396440064914       15.42186094567071      C
        1.98795499367022       -1.31050230251290       15.09990167152678      C
       -1.53071092535889       -7.64723254574448       11.99485593359742      O
        1.40636391285242       -6.15680813921358        7.71768259129889      O
       -4.24538954330499       -8.87280184053929        1.14474326775181      C
        5.36352981357016       -4.26954403281428       16.80651131161745      C
       -7.10995946674653       -5.38821038240236        2.62451545991321      H
       -0.35037809479923       -9.33233865542143        4.14790016650930      H
       -8.94343018279011        2.64624560717691        7.21558221405022      H
       -4.08864875785451        5.28518325541014       12.74807761528918      H
        2.97601794643768        0.06349013771748       16.20815724787737      H
        2.74136675228493       -7.69368578767607       14.66620855336623      H
       -2.87816866485591      -10.75164781894533        0.64355453651743      O
       -6.62693479407071       -8.40104163365759        0.12933330581127      O
       -7.32397419566833      -10.28365086367341       -1.64351351061516      C
       -8.42712157924211        6.13916321920276       10.58750653142020      C
      -10.37912856943010        6.37205028867139        9.38588093062969      O
       -7.38451003767817        7.97812483978563       12.27697633725330      O
       -9.20841863793456        9.92980708754682       12.74605208853114      C
        6.48845762661551       -2.62098228058851       18.02611959275973      O
        6.08608602994278       -6.80238160913462       16.72355299581386      O
        8.18627412272646       -7.60390897077430       18.29584213481415      C
       -0.39424056089329      -10.12639305851255       11.56570333234693      C
        3.40512310651413       -7.31822687353617        6.07392221844263      C
        8.49705804503035       -6.08722684679723       19.62983194123704      H
        9.92173912656915       -7.86828505978995       17.09988020810127      H
        7.41519380745729       -9.14430833644374       19.36852595388746      H
       -8.43438747825300       11.31411871968886       14.18005847283576      H
      -10.93195742758269        8.98996758277938       13.36300685336470      H
       -9.44048468369411       11.15990516884901       11.03912520737392      H
        3.41112750523498       -6.49212013528981        4.10815256940709      H
        3.40032611694647       -9.38056077668528        6.04575974616534      H
        5.21872685348042       -6.92110190091919        6.81593510915808      H
       -1.90838611879004      -11.59749513212535       11.44793974118535      H
        0.42132809196530      -10.80177348076684       13.26485793071851      H
        0.73476141440777      -10.16048779214441        9.81714721975766      H
       -8.88341670738772      -11.31469243045176       -0.95147473833440      H
       -5.64484205689768      -11.51318195402923       -1.58099897350035      H
       -7.45501411778218       -9.56884550208675       -3.61484520419635      H
$end
