$coord
       -5.42433366801616        0.66495190527903       -2.78701277677985      C
       -5.37854501802834        1.63309286639219       -0.32292278435332      C
       -3.19219244583244        1.60788025560971        1.13446606178789      C
       -1.20080990744525       -0.06366928132692        0.52602089031388      C
       -1.44966742840931       -1.16836985524428       -1.92436541737275      C
       -3.45327593606975       -0.92635113564864       -3.60522405714886      C
       -2.72804167388495        3.21636003388832        3.28585746883203      C
       -0.66526138854076        2.49720946368320        4.87601243402009      C
        0.98495267082250        0.59186022458953        4.17823090222933      C
        0.82212282693660       -0.57996273220131        1.94921784772855      N
       -3.82333053227804        5.62363124365073        3.72623695735737      C
       -3.26403398736010        6.94078721665668        5.93802850941176      C
       -1.29694778874043        6.13027201908069        7.41892359148172      N
       -0.05927773982523        3.96754327928953        6.97381791184313      C
        1.98022738224191        3.31906742968164        8.64712367034125      C
        3.47823556972393        1.20979579323559        7.97293004927696      C
        2.96301098249924       -0.17524682025086        5.81673430643768      C
       -5.10163772506979        7.03043022245687        1.77436728554035      C
       -6.58449983845488        9.12574202812577        2.50791877678665      C
       -6.10024588730814       10.46553914277795        4.74982156156181      C
       -4.62948717983156        9.33437966178169        6.46615370659554      C
       -5.03652638351906        6.38165998364077       -0.68744526751960      O
       -7.72822243304696        2.57293811703882        0.49451060459810      O
       -3.41890355704266       -1.88854271346119       -6.34013786330601      C
       -7.11705806918384       13.09647389275433        5.33013515475135      C
        0.19138390007197       -2.46317452914788       -2.35599977920069      H
       -7.20988245084258        0.71343188042582       -3.60849136502933      H
        4.43414965490377       -1.40052967179622        4.98776171767218      H
        2.12937410892352        4.30215299232744       10.39418210513652      H
       -4.06815994989401       10.27744704323875        8.20585343548230      H
       -7.72701515093944       10.03634899358526        1.15253159589585      H
       -5.25455585941214       -1.56872222057084       -7.66531163076682      O
       -1.40301519549439       -3.46057024825303       -6.89514850156268      O
       -1.81271574238396       -4.75403719350562       -9.18602507220422      C
        5.61053600093204        0.60582970974392        9.57845776784323      C
        6.96194879566924       -1.23340184760740        9.10825975493636      O
        5.94097218595222        1.80294882548807       11.87342200176274      O
        7.89314496626516        0.94065788952418       13.41408538451961      C
       -7.70808002334223       13.57704248141857        7.54251422558069      O
       -7.33045046033599       14.74692692581306        3.38112924268429      O
       -7.95171518164134       17.15304231069733        4.32921704550629      C
       -6.75165051679052        7.50138385602164       -2.28268203780874      C
       -8.42838055824161        1.99968642750344        2.91466877432398      C
       -9.87720500300378       17.54001157269054        3.81047933391695      H
       -6.87473164618370       18.56465352785194        3.43525581456979      H
       -7.56393482855824       17.12544800598237        6.37104894071968      H
        9.50933412181439        0.15947294630543       12.47258820347879      H
        7.04145269205647       -0.63465435488941       14.55474901365328      H
        8.47709115010776        2.51279482432394       14.79244510132291      H
      -10.39672357061802        1.61733971774796        2.59924754147771      H
       -8.17581347530760        3.55180865749309        4.28739873247986      H
       -7.10328817937633        0.48384082015517        3.41085454515036      H
       -6.93400241086179        9.50068511314526       -2.14506846767890      H
       -8.59231234535322        6.53142814661828       -2.04577821118435      H
       -6.17209612237776        7.33422932421940       -4.30450894265276      H
       -3.07271315143845       -6.28845386321711       -8.96465045033555      H
       -0.22886740019260       -5.83547659697828       -9.67520931396691      H
       -2.39460453892664       -3.29625111539122      -10.60391032442516      H
       -0.91234052002142       -6.56768309732155        4.53826343163107      C
       -0.60907737760607       -5.57390327457495        6.99933571888823      C
       -2.82042020165117       -4.41184139715773        8.15269000671177      C
       -4.85417554656881       -3.81096971178618        6.45382773339552      C
       -4.94589328728766       -5.04146683728479        4.21868067233249      C
       -3.01807685827898       -6.46144487543208        3.10436070920405      C
       -2.58270991963264       -3.03032473392361       10.49459381007120      C
       -4.22641428936616       -1.00555022001369       10.74977731130136      C
       -6.25864498392217       -0.62885263387035        9.09075141859823      C
       -6.75967043625036       -2.16241178245179        7.08157064370828      N
       -0.77109936261003       -3.56537002003610       12.52892609819732      C
       -0.24329677711370       -1.53990045256202       14.31373486286900      C
       -1.63422316301415        0.68992750631495       14.26820511276941      N
       -3.48913151894523        0.98487759247045       12.60563693215146      C
       -4.71410824530394        3.22600167675958       12.39846134410255      C
       -6.77291713596715        3.61367238765230       10.82853525474583      C
       -7.50852532464974        1.71033657488276        9.15560676799687      C
        0.15960366384271       -6.02174247386020       12.95100365245990      C
        2.20121534965925       -6.15848800087595       14.49353892246518      C
        3.24546649792897       -4.13709984251256       15.67422429274854      C
        1.84616447597987       -1.88630616978621       15.79735474815906      C
       -1.09343891368904       -8.18269989976834       11.99318594969023      O
        1.55642565777400       -5.56185574259712        8.35051987660832      O
       -3.22783568465744       -7.19318350589165        0.44437657792171      C
        5.85846591465479       -4.33806995906209       17.13363320545271      C
       -6.45722414888109       -4.26489948125131        3.03738794703835      H
        0.49255633573519       -7.74818071300964        3.71393337978300      H
       -8.79144877897713        2.11907105732602        7.77706129398917      H
       -3.91211613662148        4.59722651188005       13.67508901660669      H
        2.64746174257673       -0.12580934466643       16.78589849033826      H
        3.06813578713145       -7.85432018647824       14.86916676498586      H
       -1.27480073775610       -7.73391278036045       -0.78137900036392      O
       -5.65536960931489       -6.95372392368764       -0.47179363408517      O
       -5.69723891479262       -7.55264657076980       -3.16800993917182      C
       -8.23198164937192        6.07555572554177       10.71504604279050      C
       -9.63227700341420        6.43743642970213        8.96265087307348      O
       -8.09885321610953        7.59749066501462       12.82036609747750      O
      -10.12450598303656        9.42558371748636       12.34200092578047      C
        6.88464291456047       -2.40771343174446       17.83838338989061      O
        6.57769434933027       -6.83217981254307       17.44513111249766      O
        8.49004942626696       -6.82760273075773       19.23507777206289      C
       -0.37261546434572      -10.52607127804086       13.11453927532135      C
        3.68282576709637       -6.61683443545476        7.25830252898400      C
        8.46037314660430       -8.78737014754307       20.18156453774896      H
        7.67267019908344       -5.50703503453211       20.65828070582536      H
       10.37080078182222       -6.47296689651908       18.51967159111574      H
      -10.37317240313423       10.54297836443665       14.07957192971795      H
      -11.82963358863260        8.43854781795110       12.03667802363733      H
       -9.74494488487097       10.46450471197517       10.63236806500545      H
        4.83178315694970       -5.24607614099170        6.08415194698275      H
        3.19824169017399       -7.90201568353726        5.80982770935903      H
        4.67455574006865       -7.39233634976437        8.90715846387124      H
       -2.01738550016212      -11.67997169008875       12.49754455057151      H
       -0.44664308392931      -10.29253572547085       15.19072639417629      H
        1.56603456791994      -11.11325579583623       12.71771600192396      H
       -5.68835465314550       -9.72465119734973       -3.30752039527848      H
       -4.05651451010755       -6.72775714530099       -3.93169645467821      H
       -7.32746352568687       -6.78879767888338       -4.17711229634876      H
$end
