 -1.0
 -0.48200577281528D+01 -0.16341404260441D+01 -0.25993397091682D+01 -0.12262272305418D-03  0.17502645124660D-03 -0.58942333523554D-04
 -0.27495778749123D+01 -0.26780027433594D+01 -0.14508281317086D+01 -0.55831195245488D-04  0.34722238970785D-03  0.23053249050443D-03
 -0.13803556226027D+01 -0.11504242545116D+01  0.27181174923098D+00 -0.17191294983369D-03  0.16821237197336D-03  0.13851987809533D-03
 -0.17304935329846D+01  0.15739316381151D+01 -0.45636243012305D-01  0.26156756189439D-03  0.39089070460695D-03 -0.21797765424992D-03
 -0.39943972262997D+01  0.24727454649776D+01 -0.11035651753295D+01  0.23736062518315D-03 -0.17371334138943D-04  0.16110072215158D-03
 -0.55387152503540D+01  0.83336393580213D+00 -0.24041470840027D+01  0.22561991069367D-03  0.93884094969114D-05  0.48542180762128D-03
  0.54025100649571D+00 -0.20921561291165D+01  0.20552493777413D+01 -0.33989626171536D-03 -0.58474103351386D-04  0.53050911932123D-03
  0.20592524544078D+01 -0.23243528204634D+00  0.28777339164656D+01 -0.19717323822515D-03 -0.78561093200376D-03 -0.13084033262218D-03
  0.18008787657207D+01  0.25735462597636D+01  0.22727511184474D+01  0.23050275513442D-03  0.26356622851774D-03 -0.51631797921393D-03
 -0.19061528016294D+00  0.33529963448349D+01  0.10391776722969D+01  0.51845113694635D-03 -0.43737656712729D-04  0.15384368272289D-03
  0.96097642634903D+00 -0.44196626006687D+01  0.32121014714591D+01 -0.10770447148653D-03  0.52317667723183D-04  0.39379175183949D-03
  0.32821364747257D+01 -0.52615078195862D+01  0.44282202263185D+01  0.68236918083585D-03  0.27591912425837D-03  0.26136970460680D-03
  0.49124108399126D+01 -0.35077676050922D+01  0.50478257297970D+01 -0.32479798924621D-03  0.26771202932184D-03 -0.29742335523014D-03
  0.43142472712333D+01 -0.10228220268092D+01  0.43233220657382D+01 -0.37993617382317D-03  0.27938449084377D-03  0.34381996633432D-04
  0.61233956699622D+01  0.89623812888429D+00  0.46697481713258D+01 -0.78274954979848D-04  0.73055008855290D-03 -0.57397204165020D-04
  0.55648215584365D+01  0.34057207522117D+01  0.43436716521133D+01 -0.41060462734692D-04  0.11438207292831D-03 -0.24363008391534D-04
  0.33675956082212D+01  0.42544356266962D+01  0.32308699924698D+01  0.87664591056148D-05  0.30801982806254D-03  0.12484410854147D-04
 -0.12281373775730D+01 -0.63950479964762D+01  0.34034121386912D+01 -0.44001568497130D-03 -0.43962669453162D-03  0.27675539814199D-04
 -0.90858613644408D+00 -0.85605421401374D+01  0.48290826962383D+01 -0.51990473824778D-03 -0.21959835437937D-03 -0.14612135898395D-03
  0.15782806894439D+01 -0.94512845755598D+01  0.56152568845205D+01  0.24210106301776D-03  0.21987884033192D-04 -0.21071323808441D-03
  0.34533113955303D+01 -0.77032303818007D+01  0.55187120747654D+01  0.72272852361962D-04  0.56976692551052D-04  0.16399818427723D-04
 -0.34560546583866D+01 -0.59714972209622D+01  0.21787632925394D+01  0.75569558874536D-04  0.27253774429479D-03  0.89182425025304D-04
 -0.18460214446747D+01 -0.51884385894691D+01 -0.21859622070247D+01  0.96504607325552D-04 -0.17094427582056D-03 -0.13495710949584D-03
 -0.79751439182363D+01  0.15997635904823D+01 -0.33922829625838D+01  0.16976117882472D-03  0.85624388585615D-04  0.30951251157435D-04
  0.17736281506782D+01 -0.12103490419938D+02  0.68362971219958D+01  0.33263570966777D-03 -0.91325223358592D-04 -0.35685910866623D-03
 -0.43679669648470D+01  0.44320201831676D+01 -0.11705990122556D+01 -0.36978640956383D-03 -0.54845697085562D-03 -0.17197860964731D-03
 -0.56083339968483D+01 -0.26374767830372D+01 -0.40578210517713D+01  0.24581495760076D-03 -0.68449011678698D-04  0.80071036721541D-03
  0.28635715082260D+01  0.61913165711826D+01  0.35087433867505D+01  0.25384366637189D-03  0.40968791012986D-03  0.49681733518102D-03
  0.76240916962916D+01  0.31632383757709D+00  0.57509283713680D+01 -0.75044721099232D-03 -0.20425274115026D-03 -0.14720330702256D-03
  0.52482323871997D+01 -0.81984013178501D+01  0.61576313567078D+01  0.37784795696522D-03  0.10568583724391D-02  0.27918728941607D-04
 -0.23677096111350D+01 -0.99806974676648D+01  0.51317340759326D+01 -0.23486268284422D-04 -0.12010965310545D-03  0.16091462887150D-03
 -0.94122939186658D+01  0.31775180248956D+01 -0.25234114469331D+01 -0.73653450976528D-04  0.36417705108127D-04 -0.19081817413233D-04
 -0.83335654803936D+01  0.43850618980492D+00 -0.57346753069444D+01 -0.43472823820753D-03 -0.24393569194759D-03 -0.11058934058956D-03
 -0.10769161432015D+02  0.66460766745457D+00 -0.65727083364737D+01  0.33006852841561D-05  0.20238924799435D-04 -0.24617803160006D-03
  0.75751154207556D+01  0.53358460851613D+01  0.50404627709360D+01  0.13008423098742D-03 -0.10367672457789D-03 -0.14204175904309D-03
  0.91125829055763D+01  0.47273485797320D+01  0.67731356936945D+01  0.23500915157867D-03 -0.23552890293633D-03  0.18009253757274D-03
  0.77055551267222D+01  0.75673852722940D+01  0.38125705400072D+01  0.13407484049379D-04 -0.43355607860990D-04  0.18998631739841D-03
  0.90054558993019D+01  0.95086270818086D+01  0.52319753636786D+01  0.34680658748519D-03  0.27690155799855D-03 -0.32524410133634D-03
  0.38452582441533D+01 -0.12863420831743D+02  0.75858940560820D+01 -0.57204208051734D-04  0.19652030573515D-03 -0.29891203300361D-03
 -0.45976680332355D+00 -0.13486369328051D+02  0.70627776872904D+01 -0.18474464414297D-03 -0.15319578000418D-03 -0.15538898152792D-03
 -0.16032396752084D+00 -0.15164677289793D+02  0.91136890314346D+01 -0.14187591839432D-03  0.47201287442921D-04  0.18460080070626D-04
 -0.49503152235002D+01 -0.42794157300285D+01  0.34438095520434D+01  0.42029288510446D-03 -0.32310705915484D-03 -0.43901301788919D-03
 -0.36145521810670D+01 -0.67982633065307D+01 -0.34783884304772D+01 -0.44185433586902D-03  0.21768176274674D-03 -0.34787363816106D-03
 -0.73671576501195D+00 -0.14239481313351D+02  0.10936984596475D+02  0.55632612066136D-04 -0.53042850608404D-03  0.49169278848049D-03
  0.17886042266274D+01 -0.15566925159604D+02  0.95102416138339D+01 -0.10494921010898D-02 -0.49628550196567D-03 -0.23098756840198D-03
 -0.12248031924706D+01 -0.16817714317296D+02  0.86753136438084D+01  0.27670133678699D-03 -0.11604386041889D-03 -0.22939603467327D-03
  0.76046138321147D+01  0.95714105028005D+01  0.70481409841001D+01 -0.30742550950437D-03 -0.40447938011493D-03 -0.85842015118431D-04
  0.90909640329239D+01  0.11201172122093D+02  0.41050172665819D+01  0.99558079095393D-04  0.55871299552963D-03  0.52615533701923D-03
  0.10806332974025D+02  0.89307245956818D+01  0.57893132164133D+01  0.38991288392418D-03  0.40992374764043D-03  0.48354278055266D-04
 -0.39559180347666D+01 -0.61468707428621D+01 -0.54516667085734D+01  0.17374432481359D-03  0.12330238831982D-04  0.37319655001594D-03
 -0.52958663493299D+01 -0.70734101728951D+01 -0.22664945664380D+01  0.34018635668105D-03  0.87097817321618D-04  0.12861261622895D-02
 -0.29037914874224D+01 -0.87085300712576D+01 -0.33580201917006D+01  0.29602478766617D-03 -0.17079319620964D-03  0.12952073219075D-03
 -0.65113170275577D+01 -0.38815738824791D+01  0.19999228421111D+01 -0.14923840053848D-03  0.66779783691863D-03 -0.56710211903309D-04
 -0.41540491891304D+01 -0.24284910736053D+01  0.34388287785618D+01  0.26603616115516D-03 -0.84585227821555D-04  0.20750872935895D-03
 -0.54413490027200D+01 -0.47390316139472D+01  0.53455691971641D+01 -0.23045625623557D-03 -0.35460537475328D-03  0.51670983881026D-04
 -0.10659218763794D+02  0.26510212860918D+01 -0.70134934749853D+01  0.15100719232310D-03 -0.19467995634467D-03  0.47522609985913D-03
 -0.11903170591397D+02  0.36645263707421D-01 -0.49542224452646D+01 -0.41607194424824D-03 -0.97683376111256D-03 -0.54504403645903D-04
 -0.11308529471283D+02 -0.45538519433079D+00 -0.81870033475599D+01 -0.22445763292216D-03 -0.12609910494234D-03  0.41117511455681D-03
 -0.25078164152933D+01  0.90305765111075D+01  0.73081166232009D+01  0.23219466094118D-03 -0.10725210437829D-03 -0.12858936781481D-03
 -0.39387823632021D+01  0.69149139217330D+01  0.80887405090883D+01  0.19618668179521D-03 -0.11918179491809D-03  0.27517409948567D-03
 -0.25848905657375D+01  0.47793912280489D+01  0.91620875523163D+01 -0.25700239539463D-03 -0.49233515528774D-03 -0.93999784331783D-05
  0.11781296655494D+00  0.47320966736269D+01  0.87682077521995D+01 -0.11057769063035D-03 -0.24000584155878D-03 -0.27371335142043D-03
  0.13848560208193D+01  0.69308604092958D+01  0.82878249434040D+01 -0.11228802917401D-04  0.36205136803728D-03 -0.14860409455761D-04
  0.12958968275664D+00  0.91513774721661D+01  0.75396324631641D+01 -0.79290585401913D-04 -0.60652271508144D-04 -0.23769543451929D-03
 -0.38552899880823D+01  0.26780055979024D+01  0.10201991832621D+02 -0.70402927486539D-05  0.13124590445629D-03  0.24293532771804D-03
 -0.26406704574564D+01  0.40965194711171D+00  0.10369484787701D+02 -0.11726172313100D-03  0.27406065095031D-03  0.19521929147617D-04
  0.15209630147030D+00  0.44291574997244D+00  0.10144272820388D+02  0.35971269412459D-03 -0.12693883800974D-03 -0.67635927935590D-04
  0.14200852383589D+01  0.24880028812126D+01  0.94063733621728D+01  0.24740154031073D-03 -0.16247140836445D-03 -0.98443433675874D-04
 -0.64794150016437D+01  0.23999675148084D+01  0.11135904428712D+02 -0.44549189118407D-03 -0.10719376945501D-03  0.17693926126322D-03
 -0.76014157508051D+01  0.12830249163668D+00  0.11388804269161D+02 -0.38528671746530D-03 -0.37495082220888D-04  0.36271192174334D-03
 -0.63591087576734D+01 -0.21453933912377D+01  0.11262044112399D+02 -0.27581569854073D-03  0.18538159662978D-03 -0.78624509644189D-04
 -0.39522100817126D+01 -0.19908095071591D+01  0.10828955823606D+02 -0.32628268021039D-04  0.36714257053863D-06 -0.29694298666234D-03
 -0.25908335650792D+01 -0.40828623402052D+01  0.11107486897661D+02  0.27684220453342D-04 -0.15471974884480D-03 -0.19537265608976D-03
  0.94218341249552D-01 -0.39660866168565D+01  0.11351470017387D+02 -0.70705119042745D-03  0.10300001305710D-03  0.11485393656023D-03
  0.14067375655084D+01 -0.17943289388464D+01  0.10708878047714D+02  0.11338919756639D-04 -0.34022560982083D-03 -0.24313104709422D-03
 -0.78525868584555D+01  0.46108359188266D+01  0.12005932894135D+02  0.74013054252842D-04 -0.32948099944718D-04  0.17359507661503D-03
 -0.10239695868405D+02  0.44154019736925D+01  0.13066136231090D+02 -0.14641165142058D-03  0.96947518364722D-04 -0.55336391448112D-03
 -0.11492486888227D+02  0.21069222059876D+01  0.12834814796932D+02  0.23544410579994D-03  0.11297761694674D-03 -0.15028674232261D-03
 -0.10093224247820D+02  0.31504383246521D-01  0.12226207622508D+02  0.43043939993707D-03  0.49201129027825D-03  0.13452182848692D-03
 -0.66622791926370D+01  0.69511893003212D+01  0.12553177687225D+02 -0.53060874584866D-03 -0.76551518037284D-04 -0.10503427492435D-03
 -0.64696166892153D+01  0.67844730019519D+01  0.77446063803479D+01  0.10242920792483D-03 -0.76483910902128D-04 -0.12047852875819D-03
  0.12855775793738D+01  0.11546884332805D+02  0.68953894713372D+01  0.23762357199882D-03 -0.52405648831650D-03 -0.33501978158219D-05
 -0.14204722173761D+02  0.17745317522775D+01  0.13928170305292D+02  0.82371116296707D-04 -0.18248633724851D-03  0.79600945659395D-04
  0.33467315973705D+01  0.69301115741292D+01  0.77214446321479D+01 -0.46887784316083D-04  0.65963981064993D-03  0.84649846280737D-04
 -0.35233462244788D+01  0.10658263740621D+02  0.65081919042756D+01 -0.11924205415350D-04  0.19295277490914D-03  0.26117658026886D-03
  0.34025412705224D+01 -0.16619345941637D+01  0.10488285284828D+02  0.28410443423783D-03  0.35196651189957D-03 -0.47552038458997D-03
 -0.37469527599040D+01 -0.57421250258959D+01  0.11555043835004D+02  0.34590535529455D-03  0.26387146628916D-03  0.25651876569809D-04
 -0.10569320018229D+02 -0.20226225406269D+01  0.12616783355724D+02  0.51892653472175D-03 -0.26076441151671D-03 -0.55199641265664D-03
 -0.11222226335748D+02  0.59961822549266D+01  0.13836472711051D+02  0.18549169444193D-04  0.10998401589517D-03  0.15538753382506D-02
  0.35526778676927D+01  0.11844626479610D+02  0.72003137107505D+01  0.15502941204163D-03 -0.15152612383022D-03 -0.14335241399457D-03
 -0.16561234204934D+00  0.13160136617645D+02  0.56330557469487D+01 -0.15216548104532D-03  0.59059433701737D-04  0.25587944476831D-04
  0.13022924434012D+01  0.15044955248331D+02  0.44050165794134D+01  0.39142850849497D-03  0.87690264423933D-04 -0.68746500677645D-03
  0.13073004305455D+01 -0.64281711885660D+01  0.11924364788276D+02  0.40262946965965D-03 -0.16400334078875D-03 -0.19911493455084D-03
  0.55920313685272D-01 -0.83633610275708D+01  0.11486006068704D+02  0.46225505924574D-03 -0.17348405938321D-04  0.99442225958554D-04
  0.36372853684921D+01 -0.63959627740314D+01  0.12960862023067D+02 -0.17848936398386D-03  0.24561837466248D-03  0.51101009259871D-03
  0.48281976063929D+01 -0.87157314570294D+01  0.13358677760151D+02 -0.12062489004621D-03  0.63847735299955D-05  0.28287282217159D-03
 -0.15294179240325D+02  0.36129093882398D+01  0.14707133482213D+02 -0.30319009071510D-03 -0.14576581545561D-03 -0.35274398484022D-03
 -0.14849512752776D+02 -0.67844492323429D+00  0.14607562785228D+02  0.45148344705630D-04 -0.36743754621729D-03  0.18196031712841D-03
 -0.16833496161473D+02 -0.27231826297159D+00  0.16296659508075D+02  0.43387606021580D-03  0.13545297789589D-03  0.27089468861039D-03
 -0.77967022117197D+01  0.91952846901221D+01  0.12091423695999D+02 -0.45323523690432D-03 -0.13246801988158D-03  0.47037855619168D-04
 -0.75679943044718D+01  0.84358149170674D+01  0.59900382910495D+01  0.41692572229597D-04  0.16802054965907D-03  0.23513780009035D-03
 -0.18109079774224D+02 -0.20695643412616D+01  0.16438128596121D+02  0.19624267399391D-03 -0.20843109327750D-04  0.21063145311851D-03
 -0.18163855376971D+02  0.11497814759861D+01  0.15703312908820D+02  0.37011061888868D-03  0.23197469310391D-03  0.47792943193290D-03
 -0.16267824944396D+02  0.27201299999567D-01  0.18062364369702D+02 -0.63927641742212D-03  0.88390808930817D-03 -0.16847371881759D-02
  0.38140640428425D+01 -0.10140849671940D+02  0.14574978972858D+02 -0.97765812925811D-03 -0.49444523319762D-03  0.15591150963832D-03
  0.65442805675658D+01 -0.79427439126032D+01  0.14421942072404D+02 -0.26363363424316D-05 -0.34767916644677D-04  0.60678527058922D-03
  0.54988917731312D+01 -0.94304268986313D+01  0.11581670526146D+02  0.58706826247348D-03  0.21847150012125D-03  0.16022722291144D-03
 -0.92406029757102D+01  0.76250544476940D+01  0.54629976703685D+01 -0.74343731944738D-04 -0.65591078154968D-03  0.46587440939679D-03
 -0.64734585627826D+01  0.90817464764413D+01  0.42797425665471D+01 -0.67403263446267D-03 -0.82296149392500D-04 -0.27620860381850D-03
 -0.80960432391989D+01  0.10152503532266D+02  0.68772138787887D+01  0.11643784230229D-03  0.18537086599425D-03 -0.29116063772857D-03
 -0.92239705413887D+01  0.89672269195391D+01  0.10391442875886D+02  0.38674219649378D-03 -0.27842779725892D-03 -0.79008308887246D-03
 -0.62173506845013D+01  0.10297359730627D+02  0.11400832644764D+02  0.60109568964759D-03  0.37516919742895D-03  0.31082699365790D-03
 -0.85419283564315D+01  0.96814343752795D+01  0.13831268711467D+02 -0.22992662017439D-03 -0.15494842830710D-03  0.50564261684823D-03
 -0.13905465312545D+00  0.16507458601908D+02  0.38374513144848D+01 -0.10171251028268D-03  0.38015203510220D-03  0.69400060347006D-03
  0.23497534716205D+01  0.14454868832811D+02  0.28590982653085D+01  0.34617065987726D-03 -0.78933127728684D-04  0.69989762603227D-03
  0.29197355206559D+01  0.15563715070491D+02  0.57495635015754D+01  0.92318993909064D-04 -0.83079075490618D-03 -0.30353918241249D-03
