 -1.0
 -0.33751015469165D+01  0.85678927487195D+00 -0.96868689034461D+00  0.24246884625832D-04  0.24306852083985D-03 -0.87753328209209D-04
 -0.32380962400824D+01  0.28817809755990D+01  0.73683612132760D+00  0.13964648605045D-03 -0.38241907841070D-04 -0.92633960801570D-04
 -0.13637608502173D+01  0.28790409402090D+01  0.26083301908483D+01 -0.10561980843337D-03  0.12880224388511D-03  0.11262095107709D-03
  0.12390002651875D-01  0.68191589955494D+00  0.30816875647589D+01 -0.47324450137524D-03  0.17280109267700D-03  0.52130737851253D-03
 -0.47824201429072D+00 -0.13881641575131D+01  0.14755298653928D+01  0.42308790839716D-03 -0.94729079452879D-04 -0.75987639562708D-04
 -0.17509413804380D+01 -0.11483983546406D+01 -0.84869097246934D+00  0.56505207543807D-04 -0.98470335975406D-04 -0.22856428816336D-03
 -0.13419569331467D+01  0.47242285538714D+01  0.44536245460084D+01  0.36988680632320D-04 -0.15340543937214D-03  0.68723910208957D-04
 -0.20983902394276D+00  0.40684001346212D+01  0.67214655903783D+01  0.15494353817457D-03  0.11062045493739D-03  0.13203477701014D-04
  0.14308513067010D+01  0.18618610546531D+01  0.69547726444047D+01  0.20251959075776D-04  0.35182864332775D-03  0.22498187002829D-03
  0.15075029560591D+01  0.40507959385101D-01  0.51369702145667D+01  0.14168563925705D-03  0.84712303242209D-04  0.39843619277782D-03
 -0.23899997595093D+01  0.73532499550564D+01  0.40599384873725D+01 -0.94684209370052D-04  0.72449832317379D-03 -0.14312487988527D-05
 -0.30213556000874D+01  0.83069228366056D+01  0.64454338468706D+01 -0.35768170330228D-03 -0.34816304334109D-03 -0.11882929281751D-03
 -0.20518933851839D+01  0.75274543506598D+01  0.87251616566685D+01 -0.30886891337988D-03  0.44485526650463D-04  0.15136100556537D-03
 -0.40373649742733D+00  0.55884257981643D+01  0.89524134001573D+01 -0.59819660912011D-03  0.67377653638216D-04  0.39175402582383D-04
  0.83446096279935D+00  0.50948911279508D+01  0.11223630430500D+02 -0.14904866978645D-03  0.12551660635794D-03  0.21278792659869D-03
  0.23651128857532D+01  0.30967786306907D+01  0.11337560106115D+02  0.22949426481959D-03  0.21128185557936D-03 -0.16758780062814D-03
  0.25574767451882D+01  0.13720511350302D+01  0.93116515041686D+01  0.40236271652978D-03  0.80435989383671D-04  0.81662446156365D-04
 -0.24929803889518D+01  0.87207992450301D+01  0.17196001863486D+01 -0.38589650370653D-03  0.64329017607202D-04 -0.26686611987904D-03
 -0.38646201645502D+01  0.10964113642652D+02  0.18567662533070D+01  0.11331247931340D-03 -0.45466782332509D-04 -0.25129962258213D-03
 -0.48115594997910D+01  0.11823686844256D+02  0.40528481660604D+01  0.27924257646969D-04 -0.31119030795066D-03  0.15504642544872D-03
 -0.44528263041743D+01  0.10649061091778D+02  0.63689997273279D+01 -0.25485585516759D-03  0.30973041214034D-03  0.26968705850299D-04
 -0.11160288338612D+01  0.80469471978670D+01 -0.45848704551795D+00  0.13388662418544D-03  0.57000806778240D-04  0.65746960839149D-04
 -0.51454365495096D+01  0.46909994863328D+01  0.69461346519914D+00 -0.38182422440947D-03 -0.15987408805017D-04 -0.20886871838959D-03
 -0.15715789446964D+01 -0.33272539888543D+01 -0.25766585958786D+01 -0.16309241301639D-03 -0.17106216638379D-03  0.12103902970937D-03
 -0.60825686345512D+01  0.14381951618338D+02  0.41104927952696D+01  0.21392924428601D-03 -0.18916517895049D-03  0.11118212208978D-03
  0.14470395522379D+00 -0.31307787780899D+01  0.22086937451170D+01  0.96895799245939D-04  0.12436984922804D-03 -0.26965464034151D-05
 -0.49537073512750D+01  0.88947769778973D+00 -0.22537095749016D+01  0.16357434874140D-03 -0.10401945030188D-03  0.35198876962545D-03
  0.35784751203664D+01 -0.43556082992482D+00  0.97048307006468D+01  0.36728176322313D-03  0.11213752183908D-03  0.47198448185576D-03
  0.76916599314405D+00  0.63661948181349D+01  0.12724594912134D+02  0.10805503340430D-02 -0.72397178521452D-03  0.10378057508346D-03
 -0.51528017924346D+01  0.11375729225447D+02  0.81111122079964D+01  0.39775048505330D-03  0.78437833495059D-03 -0.62948002278164D-03
 -0.43414011092904D+01  0.12168141577711D+02  0.34232726199318D+00  0.41348686879637D-03  0.13247193410704D-03 -0.82021236555365D-04
 -0.27316686930136D+01 -0.34428063813374D+01 -0.46019238092708D+01  0.97571755452908D-04 -0.23316340984867D-03  0.17989474179356D-03
 -0.22809371651390D+00 -0.53582937849501D+01 -0.17486515481795D+01  0.29252439280277D-03 -0.10297821411785D-03 -0.28468513228146D-04
 -0.25184615520363D+00 -0.74153957298467D+01 -0.33626487909359D+01 -0.33732365458152D-03  0.23045385784521D-03  0.12796895963984D-03
  0.37743315669675D+01  0.23890894600833D+01  0.13600698236598D+02 -0.51823341540939D-04  0.30634980015639D-04 -0.34965038508525D-03
  0.50878948637983D+01  0.53279027558758D+00  0.13629503494671D+02 -0.51931196432232D-04 -0.30208301165790D-03 -0.14213575405233D-03
  0.36248953235880D+01  0.38974865883685D+01  0.15873134011870D+02  0.50816678907928D-03  0.69628972096899D-04 -0.44335905201233D-03
  0.53367451014873D+01  0.28600126923918D+01  0.17675624611000D+02 -0.31445007013450D-03 -0.17914181946600D-03  0.32804806666144D-04
 -0.75866245620654D+01  0.14643028021103D+02  0.57837524881519D+01 -0.23553358325668D-03  0.54825971113084D-04  0.17252667147937D-03
 -0.56497391362070D+01  0.16075639407028D+02  0.20567266710143D+01  0.10269501257819D-03  0.92333659434873D-04 -0.17574098370483D-03
 -0.62848608727615D+01  0.18531732158900D+02  0.30274732540018D+01 -0.83572675588727D-04 -0.28571763238720D-03  0.87446379233030D-04
 -0.12541650896348D-01  0.99719732864609D+01 -0.19178144982837D+01  0.16590759411735D-03 -0.62693051238780D-04 -0.27156529905271D-05
 -0.67719791177128D+01  0.46330370692554D+01 -0.14183760138427D+01  0.29276270530467D-03 -0.47403793251016D-04 -0.14792414625522D-03
 -0.80743115851216D+01  0.18798055501434D+02  0.20997791565703D+01  0.22156852343172D-03  0.11078127380106D-03  0.65482229274451D-03
 -0.48123298444013D+01  0.19912996172509D+02  0.26386219851736D+01 -0.39888074932011D-03 -0.82224783181314D-03  0.14739262151117D-03
 -0.66246196470434D+01  0.18392266699879D+02  0.50555847699411D+01 -0.39705062863432D-04  0.44519715086783D-03  0.98099039011038D-04
  0.44231228373920D+01  0.30460672588542D+01  0.19473642977672D+02 -0.69597317122415D-03 -0.39525774916787D-03 -0.27201638731063D-03
  0.71290655266525D+01  0.40256656471462D+01  0.17951320390899D+02  0.49463710266345D-03  0.32230141398523D-03  0.70459678294379D-03
  0.55065591328764D+01  0.80268871612119D+00  0.17345924593592D+02  0.51704891595826D-03 -0.11122743078959D-03  0.21639322453373D-03
 -0.56803786394678D+01  0.45092535536254D+01 -0.30344795587063D+01 -0.15627902913486D-03  0.10127136177583D-03 -0.96282376536828D-04
 -0.78624425482416D+01  0.63840222805008D+01 -0.14714947266426D+01 -0.35843203859416D-03  0.40991594221936D-03  0.74763817900955D-03
 -0.80691176417808D+01  0.30233836685504D+01 -0.12443117062428D+01 -0.18199731574167D-03  0.56897237200408D-03  0.68143201952313D-03
 -0.11631861933106D+01  0.10580297451727D+02 -0.35049013779369D+01 -0.20398429399567D-03 -0.45506918627253D-03 -0.48450817738586D-03
  0.18024538212203D+01  0.95155852665111D+01 -0.26134026835315D+01 -0.22585665228611D-03  0.30217605082111D-03 -0.46236718402470D-04
  0.93936939754192D-01  0.11552548072764D+02 -0.60122164624101D+00  0.22475120859607D-03  0.78115300353935D-04 -0.42493216221506D-04
  0.42437261093948D+00 -0.66647796127778D+01 -0.50793624640964D+01  0.45502970400037D-03 -0.57903098914678D-04 -0.22280277152450D-03
 -0.22952427745222D+01 -0.77950614357291D+01 -0.34534935754594D+01 -0.65752220183874D-04  0.20320253976077D-04  0.67206822438545D-03
  0.75274745606185D+00 -0.90529796121354D+01 -0.25573018768299D+01  0.32023200883995D-04  0.62608091235340D-03 -0.35587431667092D-03
 -0.52783077045466D+00 -0.96041476892688D+01  0.47406977854259D+01 -0.52829206611147D-03  0.17018331162079D-03 -0.26942851412925D-03
 -0.49179533590131D+00 -0.74294718382715D+01  0.63473494569201D+01 -0.15242051187015D-03 -0.22020186104348D-03  0.20157295053562D-03
 -0.25032326709407D+01 -0.55335437301752D+01  0.63439061808131D+01 -0.26930542754887D-04  0.29723736433618D-04  0.64670387592484D-05
 -0.41853971367869D+01 -0.56288280418774D+01  0.42020067436858D+01 -0.17394267506170D-03 -0.51965614505521D-03 -0.18757214157169D-03
 -0.38738321553647D+01 -0.75564753946487D+01  0.24028105462220D+01  0.34171292380836D-03  0.22830974608261D-03  0.13049846075365D-03
 -0.21264942355896D+01 -0.94569028159176D+01  0.26137231978077D+01 -0.41830965484681D-03 -0.10949110269665D-03  0.19982664482561D-03
 -0.28051666880210D+01 -0.35842664534469D+01  0.81559809063737D+01  0.21292913767298D-03 -0.82039278769371D-04  0.16005705042593D-03
 -0.44134367328147D+01 -0.15248574049837D+01  0.74202261479937D+01  0.15383009154264D-04  0.37897628039882D-03 -0.93780779623016D-04
 -0.58711188510496D+01 -0.16392767814902D+01  0.51585767443057D+01  0.11678342163490D-03 -0.21846830658336D-03 -0.98014478044117D-05
 -0.59240754748133D+01 -0.38148451152822D+01  0.38088649904130D+01 -0.38133095163102D-04  0.72010667766740D-04 -0.55623954955929D-04
 -0.17933750559876D+01 -0.33484807363353D+01  0.10596926153729D+02  0.14054454535762D-04 -0.24753482024913D-03 -0.10737137832183D-03
 -0.19326285746719D+01 -0.10611200533792D+01  0.12120066117533D+02 -0.50270257942003D-04 -0.51770798724839D-04  0.53701068042624D-04
 -0.33509333518089D+01  0.87458254595173D+00  0.11223780677983D+02  0.15582445407916D-03  0.85599964961769D-04 -0.15389535645790D-03
 -0.47049257277177D+01  0.69035466280252D+00  0.90819075640333D+01  0.84529767942808D-04  0.13677436391811D-03 -0.11156315755369D-03
 -0.61584248064733D+01  0.27483863002930D+01  0.83091639528387D+01 -0.19426378264445D-03 -0.32225630388927D-04 -0.18922827126582D-03
 -0.75279062622460D+01  0.24851405632116D+01  0.61584479710341D+01  0.16267612923956D-03  0.10763846407790D-04 -0.31265473293894D-03
 -0.75901742864814D+01  0.30969885851130D+00  0.47955022537670D+01  0.13785952094400D-03 -0.70814354225993D-04 -0.82661838838579D-04
 -0.97323299489590D+00 -0.55628028440104D+01  0.11887100169961D+02  0.64435309318063D-04  0.11270333782955D-03 -0.24573614662785D-03
  0.53105875827004D+00 -0.51029997994583D+01  0.14068343156642D+02 -0.21450665183501D-04 -0.30168081479571D-03 -0.23028407981727D-03
  0.50660578443305D+00 -0.28239054967446D+01  0.15480419614316D+02  0.16805082409732D-03  0.61408335474841D-05 -0.59786456700794D-04
 -0.78244559029687D+00 -0.71799438879947D+00  0.14473867526443D+02 -0.86279944207179D-04  0.23697598188834D-03  0.18532912751811D-04
 -0.18848162812596D+01 -0.81265064926369D+01  0.11316357118325D+02 -0.30134371552814D-03 -0.26131141189136D-03  0.12251255988468D-03
  0.16147810374198D+01 -0.70193310802000D+01  0.79576678374971D+01 -0.71371750957182D-04 -0.12237651259258D-03 -0.10411944591914D-03
 -0.26614864361841D+01 -0.11623670027115D+02  0.88335967315386D+00  0.15353937392818D-03  0.43790624998887D-03 -0.32808783959275D-03
  0.14019740936514D+01 -0.26796749459348D+01  0.18116347665790D+02  0.96624465331837D-04  0.29427806691668D-03  0.13505685947073D-03
 -0.53077661566366D+01 -0.75783123638932D+01  0.91492368380876D+00  0.54843079872462D-03 -0.64518358114255D-05  0.72788280623499D-04
  0.63418161252487D+00 -0.11232560844725D+02  0.50336869095213D+01  0.16644002742584D-03  0.17312165635615D-03 -0.17587414542996D-03
 -0.87948507006111D+01  0.19506807487404D+00  0.31424006264514D+01  0.28068714297468D-03 -0.35843062138975D-03 -0.13534442981631D-03
 -0.59872341018633D+01  0.45851621414334D+01  0.91141383680212D+01 -0.33476752346730D-03 -0.36350876910952D-03 -0.25637808876537D-03
 -0.11811342063911D+01  0.69164368378656D+00  0.15821357069310D+02 -0.34251325432426D-03 -0.18629932463250D-03  0.23495830457168D-03
  0.16521829211195D+01 -0.67455116368331D+01  0.14811792642569D+02 -0.86591974607432D-04 -0.65620513342374D-03  0.63776674838713D-03
 -0.14943759497885D+01 -0.13598956208675D+02  0.11290021970929D+01 -0.16314017510494D-03 -0.15588445728123D-03 -0.78187138369451D-04
 -0.45619356534161D+01 -0.11227015643714D+02 -0.78617379535669D+00  0.54963219194550D-04 -0.31401167334968D-04  0.14446566808460D-03
 -0.51718188923802D+01 -0.13231347403430D+02 -0.24140563636470D+01 -0.33085182628511D-04  0.50412533487178D-03 -0.32013795973138D-03
 -0.91975419307738D+01  0.43765391396533D+01  0.51357649277896D+01  0.12857356577043D-03 -0.54389843243226D-03  0.17417662876952D-03
 -0.10626014470005D+02  0.38889104079605D+01  0.33797379290486D+01  0.85559130029854D-04  0.14996462489186D-03  0.23521074619036D-03
 -0.91476584922194D+01  0.68294831085498D+01  0.61757277970156D+01 -0.16673514759757D-03  0.19899230103506D-03 -0.41112570980189D-04
 -0.10855344981167D+02  0.85800781966171D+01  0.50583221879739D+01  0.11814009820241D-03 -0.63498612892052D-04 -0.11034219850312D-03
  0.12312134953231D+01 -0.77197167206545D+00  0.19425687117186D+02 -0.93304193231388D-04  0.52667751073705D-05  0.42171916880003D-04
  0.22017285745859D+01 -0.49460037754487D+01  0.19094325028984D+02  0.48168108457806D-03  0.21409169568643D-03  0.34767789004506D-03
  0.23151769004547D+01 -0.50829967477953D+01  0.21731848034416D+02  0.87383067853200D-04  0.12361889031536D-03 -0.20784557867155D-03
 -0.11288106331265D+01 -0.96900560471192D+01  0.13196257107679D+02 -0.35084220382975D-04  0.16540678007487D-03 -0.41450676183365D-03
  0.39421286188597D+01 -0.80322802880276D+01  0.70333420171775D+01  0.21427704176044D-03 -0.17259117636339D-03 -0.17995604075360D-03
  0.57565711447470D+00 -0.57853393939362D+01  0.22527641333729D+02 -0.32635219505336D-03 -0.54972844488870D-03  0.38630769043606D-03
  0.30239392596934D+01 -0.34009764472764D+01  0.22721826591546D+02 -0.25986803954426D-03 -0.31684393114241D-03 -0.12614134983503D-03
  0.36463968928064D+01 -0.67553144156300D+01  0.22055126582793D+02 -0.49440413498666D-03  0.85551294279408D-03  0.18562784706505D-03
 -0.10349045553315D+02  0.90138500852708D+01  0.31688631033595D+01  0.70798180542464D-03  0.36750459757075D-03 -0.31917680412844D-03
 -0.10579742110961D+02  0.10356602769276D+02  0.59956454923546D+01 -0.26853050475105D-03 -0.70036253138423D-03 -0.51776912613530D-03
 -0.12776242742332D+02  0.78609433512443D+01  0.53267818213277D+01  0.15011298130485D-03 -0.10325277056873D-03  0.56542567481008D-04
  0.40774830147026D+01 -0.80076838912729D+01  0.48534467373500D+01 -0.90435383767490D-03 -0.58152207281466D-03  0.74195633724127D-04
  0.39008791169012D+01 -0.10002202920707D+02  0.77482346031175D+01 -0.44858232255286D-04 -0.14552914665018D-05  0.35680958507850D-03
  0.56056023284544D+01 -0.69979247745599D+01  0.78177545999042D+01  0.16670065524744D-03 -0.22992405321216D-03  0.61745571287321D-03
  0.76167307858876D+00 -0.10438536581832D+02  0.12649561683250D+02  0.29955584391755D-03  0.49060408342308D-03 -0.99978067749166D-04
 -0.25434428820440D+01 -0.11291178340344D+02  0.13464087626275D+02 -0.39650641315308D-04 -0.84181071296928D-04  0.11464065741928D-02
 -0.12570243987395D+01 -0.85918418589977D+01  0.15041849932280D+02 -0.25097973338931D-03 -0.81358966968022D-03 -0.72985439846401D-04
 -0.33461068705538D+01 -0.13673054823812D+02 -0.34347788485239D+01  0.51287106922446D-04  0.10277689988555D-04 -0.10790936272352D-03
 -0.65916978513592D+01 -0.12750161597624D+02 -0.38736538813583D+01 -0.32885956781168D-03 -0.75563462160781D-03 -0.20604868381261D-04
 -0.58021346092638D+01 -0.14968417270735D+02 -0.13197377576701D+01  0.19500027461231D-03 -0.21886226886003D-03  0.61466604302445D-03
