$coord
       -5.85639039181122        1.41676959130801       -0.28901163308852      C
       -4.38217310530897       -0.51246720244439        0.84945301356539      C
       -2.44811484346193        0.16684734800040        2.75161546946505      C
       -1.36983761053601        2.61981984960197        2.40739040217163      C
       -2.84416758218284        4.42094084008863        1.06553339724197      C
       -5.21003946623821        3.95322904993556        0.15924708472858      C
       -1.04244360414589       -1.57503014015424        4.23394560800169      C
        1.55969801388308       -1.06650696215037        4.47575653521961      C
        2.53198416359038        1.37760623380645        3.72026005969235      C
        1.07744662535460        3.16831062450702        2.87179151889132      N
       -1.64620124745184       -4.14177946892814        5.03187328148193      C
        0.17088072679854       -5.75930892563795        6.17907431299594      C
        2.66805749813722       -5.32934239539591        5.94889475869766      N
        3.32051851396874       -3.09722280288184        4.99494239043544      C
        5.87727133034600       -2.42171204848762        5.05252717806453      C
        6.69759160951458       -0.00041389369604        4.61972460560267      C
        5.06580385434139        1.89980932871701        4.11786326253239      C
       -4.26857486000818       -4.68377287028882        5.23338223855200      C
       -4.84415013593066       -7.14483895959498        5.77721232004594      C
       -3.06910704040830       -9.06977999950249        6.35853054368785      C
       -0.56273623190769       -8.26132553825220        6.46616310288250      C
       -6.13594016759979       -2.72296223175779        4.98326756569260      O
       -4.60944524861121       -3.01287846100005        0.06763016983844      O
       -6.80771104308240        5.97656712794338       -1.04374200077706      C
       -3.89556121163659      -11.77419744682048        6.84829633600656      C
       -2.11165127636417        6.29968622175789        1.24454476797226      H
       -7.36533854418507        1.16538671559417       -1.58408045802716      H
        6.04489648099154        3.66316729400938        3.76953674394346      H
        7.34478749871812       -3.72551128686599        5.62837509374759      H
        1.05829688454521       -9.59057893895306        6.43728622019234      H
       -6.80511196448893       -7.54874678360231        5.95252008714068      H
       -9.01689975683519        5.40860406824208       -1.14507540860443      O
       -5.97224910806957        8.22371435512454       -1.98893038298692      O
       -7.92100181753972        9.53478798749636       -3.12655533639875      C
        9.30650060776367        0.24935413127910        4.87779781828276      C
       10.25014118189663        2.22509069540587        4.35317943569315      O
       10.49153597139948       -2.05890573749924        5.40990119571475      O
       13.31704099600330       -1.80365611295000        5.86460056664012      C
       -6.02125148524038      -12.20622017018946        7.79959323338813      O
       -2.02005620984798      -13.54961348091617        6.37537982111060      O
       -2.95080110079199      -16.00382978012894        6.78601915236086      C
       -8.54748036264186       -3.57935276605377        5.02306225073260      C
       -6.11677102524979       -3.45945052750700       -2.05549631102581      C
       -3.88856587227762      -16.65374030090660        5.04501761934062      H
       -4.50878395616688      -15.69274879735889        8.17347253469731      H
       -1.69476003905819      -17.31053812031644        7.75633909838169      H
       14.43388228214856       -1.99235808676810        4.09290238329730      H
       13.84070767684203       -3.14524012911034        7.29345755423514      H
       14.02844101922993        0.10560603794920        6.33541155984351      H
       -5.64526865191143       -2.18407097619570       -3.65457271407376      H
       -8.18767753792844       -3.10029033643445       -1.56886695823055      H
       -5.99378934185604       -5.44196068638353       -2.59759279412082      H
       -8.86164879228949       -4.31231896451880        6.95871931487875      H
       -8.93799544541295       -4.96947078167820        3.60098285872623      H
       -9.61740765423365       -1.87925370765486        5.18125938715784      H
       -8.60200873926448        8.45829165197732       -4.86067966625264      H
       -7.55838412976832       11.34956194231982       -3.79949575457302      H
       -9.61469128682542        9.45427695830817       -1.87985789845100      H
       -5.62118230001427        8.47919906235658        5.37830251814567      C
       -5.41317459912410        6.15063940840187        6.63960857220004      C
       -3.28375500168221        5.47366789827697        8.05703052723055      C
       -0.97078391510358        7.03511596785396        7.86084825887711      C
       -1.23753843635336        9.48302168522738        6.64772320100586      C
       -3.48577526818753       10.04658297019043        5.38509213968962      C
       -2.99492803904700        3.11795888894442        9.31079580384311      C
       -0.44594733926441        2.49120807281904        9.71825554650679      C
        1.72020852624013        4.22116987315238        9.69328434301279      C
        1.36171606554704        6.48222126751041        8.80758965411214      N
       -4.88218275658688        1.28293495140628       10.09154589352531      C
       -3.94801113748744       -1.21643422168698       10.33363109390636      C
       -1.41912438317384       -1.84576649695575       10.11760393285110      N
        0.25650262318250        0.11618622631976       10.62237603257529      C
        2.74335150368977       -0.68694071277097       10.97374826125578      C
        4.52733727204789        1.11519178665212       11.38289590919649      C
        4.04932217500821        3.59869063528443       10.89439926378676      C
       -7.29360335408659        2.02250078646861       10.90190232446511      C
       -8.89555738839542        0.06597280563849       11.80846433996941      C
       -8.24984246677017       -2.49214433877378       11.51359251161038      C
       -5.80125033572849       -3.10930617081829       10.84538445559247      C
       -7.51716349699566        4.51562509973567       11.42807228676628      O
       -7.34641246682494        4.34874822812806        6.22621490614506      O
       -3.72642518665657       12.37129515925202        3.76283070508167      C
      -10.17804197423405       -4.52079560041336       12.03456660507227      C
        0.60105495406474       10.57568787185290        6.34290836668310      H
       -7.04164736343364        9.00547430360827        3.95740181694469      H
        5.73698218610804        4.95759145876276       11.12809578083962      H
        2.89246324731895       -2.70291537886089       11.53125119680946      H
       -5.11927505246695       -5.01859975435936       11.14367833548871      H
      -10.94635055122307        0.36613227701460       11.99650042896337      H
       -1.83780516983870       13.72581883294527        3.71095140413428      O
       -5.73427285385017       12.64924468903098        2.28599623515119      O
       -5.46977030572739       14.93706162745811        1.15046456352017      C
        6.76568304303068        0.11714297121352       12.51837096567932      C
        8.76780499257553        0.76287716798404       11.65896455629384      O
        6.78803645701927       -1.58913948437830       14.41780330022385      O
        9.04987511931319       -2.63351749699633       15.06306569647626      C
      -10.97518500224620       -4.71952706464440       14.21274212674799      O
      -10.43149963662567       -6.10457604807297       10.07884210356344      O
      -10.52714831623050       -8.60271291563131       11.09789165750744      C
       -9.63439097166222        5.35132007880673       12.83186178075961      C
       -9.52916634538546        5.46989429242225        5.15450622412274      C
      -11.32337531591838       -8.80596258245785       13.05554844183910      H
       -8.81616879923643       -9.63769802277881       10.91241301362792      H
      -12.08111680003267       -9.56668971083432       10.05729630594888      H
        9.07665043964609       -4.63237225114304       14.55744373788330      H
        9.16221339912602       -2.55532649360721       17.10253520044575      H
       10.58526593337148       -1.41079000370443       14.57141366842272      H
      -10.81045819220123        3.88052171798195        5.13629257613982      H
       -9.31558506529082        5.92131168502100        3.15606417941103      H
      -10.28587858976093        7.08641203754624        6.09618810659332      H
       -9.72075153105827        4.56956293552636       14.73870846042336      H
      -11.30787842374384        4.48955470934718       11.84460377986615      H
       -9.85546048152845        7.50377802159383       12.70701163733860      H
       -3.52052301234551       15.11792602780834        0.49267803098561      H
       -5.63439893178612       16.28449280758514        2.77365063768244      H
       -6.77763246192178       15.32405929823480       -0.33867093120426      H
$end
