$coord
       -6.79242191029609        0.32780652646620       -1.92514080689503      C
       -5.28665924563125       -1.04855624126627       -0.14384405601399      C
       -3.55908800037109        0.29124769696938        1.58739417011743      C
       -2.92684093861160        2.79350484109411        0.89328637600556      C
       -4.34184820817126        4.02264822347594       -1.13532195889045      C
       -6.34548067841450        2.84573230108332       -2.32509185402836      C
       -2.07835371683760       -0.88488461800294        3.59226142835199      C
        0.43929467497967        0.14899023959498        3.83359679040088      C
        0.78037244447775        2.73077399561551        3.16341286715560      C
       -1.01221385444694        4.08693042307145        2.02340751616702      N
       -2.75438779736716       -2.96591650562000        5.15889931256053      C
       -0.61328718908975       -4.38600267770856        6.11945034838049      C
        1.65957232572203       -3.36308550153791        6.49066032968595      N
        2.24022619736348       -1.08919839384623        5.29085256154643      C
        4.59338629110535        0.01518834525598        5.74488785687252      C
        4.84174721821520        2.55993430290582        5.06253805735791      C
        2.98884435080491        3.90168318476001        3.78425766150657      C
       -5.28392663365400       -3.93945706123613        5.24504141607353      C
       -5.49170295864086       -6.38748448056346        6.03238926295005      C
       -3.40429742599177       -7.82512989543120        6.77334020407007      C
       -1.08527181641586       -6.72356238254623        6.97748174661890      C
       -7.12388271890551       -2.15484005736539        4.55360761743240      O
       -5.79301635640354       -3.71460500921753       -0.17671754417725      O
       -7.60036576531498        4.19261374908690       -4.37947464000753      C
       -3.97365004600562      -10.34734816926088        7.37253675327901      C
       -3.88638964571657        6.02863688689846       -1.35006986212884      H
       -8.50099543965900       -0.38391865333179       -2.63468170973381      H
        3.60353829752150        5.69925579287255        3.05977238138844      H
        6.23109265354264       -0.69667208899389        6.80033976491881      H
        0.38373693223849       -7.90714818786317        7.83327647587735      H
       -7.22049713207576       -7.40252871947059        5.62098654227680      H
       -9.75692739408614        3.70131698139488       -4.70681168700488      O
       -6.24814011361044        6.14137006004869       -5.67049743229089      O
       -8.10432393625149        7.70913531603948       -6.69906069242335      C
        7.35608736253313        3.60283102317960        5.01298347332667      C
        7.86439838995919        5.25045006163099        3.44870365567717      O
        8.84937346035641        2.80083814997683        6.97971594046131      O
       11.10359857476741        3.98971448509521        6.97526407184717      C
       -6.10606160523609      -11.08745695120848        6.89565097934302      O
       -2.00652420343644      -11.46844353674198        8.39291040485416      O
       -2.55617452728118      -13.96474650198105        8.61886763745108      C
       -9.67075351569420       -2.96561013433759        4.24951543086806      C
       -7.03492491735408       -4.58318646639171       -2.35565928915851      C
       -3.12992154552305      -14.61109829906533        6.74409338103950      H
       -4.19424573029085      -14.20485546528438        9.85196270480651      H
       -0.83149525938987      -15.09373753150635        8.99535112271188      H
       10.87014109083318        6.05221130353087        6.57294372651540      H
       12.36056799565876        3.55388493338105        5.44250210611056      H
       11.88065469257401        3.32266364150480        8.76773821455827      H
       -6.01732807962172       -4.48533381261092       -4.17902757379947      H
       -8.89032701297316       -4.05650765676688       -2.67274424313932      H
       -7.33687211966275       -6.64566631325755       -2.35681727508428      H
       -9.83992966634950       -3.83585648652393        2.40070099308629      H
      -11.24339172133421       -1.64478615151408        4.27981308439641      H
       -9.97105208390234       -4.42579395703542        5.68183379749811      H
       -9.04420365106836        8.84621671236388       -5.16681158580245      H
       -9.28149591689166        6.17653252811551       -7.42843923785602      H
       -7.21154030102972        8.88792152944580       -8.17325651064776      H
       -3.92060524553790        7.62527437574126        6.31274043476903      C
       -3.93738401132950        5.11268775061797        7.05637862739312      C
       -1.88961351401965        4.33289907103339        8.80999591810315      C
        0.19904523943806        5.93064545329453        8.69574507052463      C
        0.28601762593719        8.50362744592766        7.83291651346222      C
       -1.83130737447112        9.08518724597257        6.46616667832633      C
       -1.91469515524695        2.04236130971152       10.27956752416924      C
        0.42069874281262        1.18681826469303       11.22577929573268      C
        2.58396823187250        2.64360392893497       10.59328702581838      C
        2.55414789076398        4.97883681135719        9.43051747735368      N
       -4.15341414320475        0.59263477626002       10.98977757878158      C
       -3.64658250153265       -1.87986215544520       11.96519737732940      C
       -1.28407330102860       -2.73197754873385       12.67748038699041      N
        0.70671650995478       -1.21648685268490       12.39376395787163      C
        3.29259541950603       -2.03180597586042       12.70913509095907      C
        5.40669477567187       -0.65431320025991       12.04753468530967      C
        5.09658101797721        1.76296044921205       11.30832498731552      C
       -6.82926882268328        1.39018343914449       10.92905864151422      C
       -8.67838875339164       -0.42352698025778       10.91637485295277      C
       -8.06554170342873       -2.90028294651082       11.40577755263952      C
       -5.64279103640286       -3.51538911306702       12.10120017072243      C
       -7.54232781305412        4.04078476753875       11.21650493142145      O
       -5.48339221046614        2.99231345878973        6.45454397017371      O
       -1.97813225794492       11.73284602351231        5.38356598720343      C
      -10.09993267372314       -4.81817498745378       11.21681834827160      C
        2.09086543423663        9.65413625052156        7.71572047998438      H
       -5.54626032054296        8.29929119363806        5.16366193080041      H
        6.55481090496691        3.35099838156971       11.00146862251614      H
        3.43816534443549       -3.74627635188482       13.48347564292057      H
       -5.02395754017980       -5.49881461483041       12.58079781704281      H
      -10.52816816676043        0.06861985856046       10.34365556863634      H
       -0.10127574913493       13.05063835624989        5.23332610739166      O
       -4.44143368497524       12.61419678243950        4.77179700601645      O
       -4.09893823328334       14.99934270668991        3.80414893428022      C
        7.92116828172973       -1.47019505278966       12.83456274440502      C
        9.82798875839115       -0.15018386624708       13.15135776355870      O
        8.26582628218556       -4.13459482007513       13.04141916652842      O
       10.90577903481879       -4.40011302368347       13.71669579345473      C
      -12.36388416645527       -4.17071074410138       11.13900259677675      O
       -8.90071979037469       -7.23209411555201       10.66592974194889      O
      -10.74964910415068       -9.11293872929184        9.85546584277603      C
       -7.22177157403084        4.93995843407814       13.72363666355239      C
       -7.64956004344379        3.52008280107660        4.97481109464141      C
      -12.33153764803640       -9.13757791398937       11.16255084961395      H
       -9.90375985047632      -11.06964486910094        9.73305015441069      H
      -11.36528206435425       -8.64633969238963        7.95226409556963      H
       11.32869954821549       -6.29700521350103       13.00070389564637      H
       11.21133583802072       -4.17578099688234       15.67974927968995      H
       11.99452017805495       -3.01094613574814       12.62845820997527      H
       -7.11042414547262        4.92953625861149        3.69309438463300      H
       -9.32816228546374        3.99266405260039        6.09653740191089      H
       -8.10657722906821        1.62312961178966        4.00611384123552      H
       -6.08735135322204        6.77312715910096       13.69582217802458      H
       -6.54841436637752        3.24471170848932       14.90699823997648      H
       -9.03015233875212        5.23210681198452       14.73131619905860      H
       -5.67823252695854       15.83170644264727        2.73313915779198      H
       -2.47136937713119       14.72098069769375        2.56449277507859      H
       -3.36163492904997       16.16967367728402        5.31502177715869      H
$end
