$coord
       -7.39932437203649       -0.19301374438348       -3.11915432809935      C
       -5.57134920882039       -1.09870736860261       -1.51292015602498      C
       -3.99999195181240        0.61323491966754       -0.20995504408052      C
       -3.94232977967201        3.24064036299127       -1.20833988250039      C
       -5.87449606340863        3.93712538565968       -2.90631793856530      C
       -7.59645309177116        2.26622657480533       -3.78645374070370      C
       -2.28730538753160       -0.02707211266743        1.69864308871230      C
       -0.13566129906039        1.52237695838313        1.99354144953130      C
        0.01030497654258        3.88502223587075        0.56484421020931      C
       -2.13863736368820        4.89513107185799       -0.51156535590415      N
       -2.52182824504606       -2.09202022294903        3.44424808623741      C
       -0.34067409922234       -2.86052678609468        4.71878312734228      C
        1.95550508520440       -1.62501623615064        4.65312185126143      N
        2.03011929043014        0.69010856586006        3.41135449425150      C
        4.06253281060921        2.37251046030303        3.49390498812496      C
        4.16661354427764        4.42774565006585        2.01794181492589      C
        2.21619539681080        5.26665924960459        0.64393151760477      C
       -4.91314937049412       -3.37271423697351        3.88042847133119      C
       -4.75826155865705       -5.76203141666623        4.87458323405273      C
       -2.51696139134722       -6.38518577674873        6.28023426207982      C
       -0.46480251492651       -4.88892822949741        6.41565495839306      C
       -6.92295519151717       -1.90365299741350        3.35638430403756      O
       -5.17152797852857       -3.72519678834639       -1.45959669478055      O
       -9.60688059650467        3.32168049163519       -5.36015441043142      C
       -2.59210256619582       -8.52680019518744        8.08235751143299      C
       -5.93182733319010        5.86982962520499       -3.22543530417813      H
       -9.01301651534929       -1.39678639948342       -3.80058433328426      H
        2.50914364627123        6.97364969097007       -0.39627880339705      H
        5.77200346732274        2.04161852069925        4.67373193144347      H
        1.16183798208454       -5.48866158182457        7.47790648994507      H
       -6.49409709929526       -6.66809025247260        5.18496029479705      H
      -11.14619394401720        2.08367208964595       -6.33511117865980      O
       -9.80025403111283        6.01792245903843       -5.69289536732596      O
      -12.11247979356797        6.31645319440149       -6.79819236251651      C
        6.27917931417425        6.13272864136874        2.19097370503243      C
        6.84041179531679        7.08357359443036        0.15238574313792      O
        7.13959627607734        6.58222378185967        4.61664665630942      O
        8.47328622044652        8.72292230310135        4.47218606176997      C
       -4.40201884556039       -9.95150286236093        7.83323657992835      O
       -0.58210591516410       -9.02571824499676        9.57372265606563      O
       -1.05614023035179      -10.95568851316874       11.35974302894365      C
       -9.55473744432775       -2.74028054956112        3.77222456055816      C
       -2.65356149526294       -4.66861797589275       -1.75711453835627      C
       -0.93545507079580      -12.83535109304931       10.75042163823039      H
       -2.97954627759969      -10.58531306250021       11.90117381148157      H
        0.25296409408019      -10.44234353518206       12.93025136635462      H
       10.47853294364604        8.35543131754625        4.08134927556056      H
        8.27313484665643        9.67605090421281        6.28187679061370      H
        7.95558399884557        9.89954473859061        2.87908271979884      H
       -1.66718196516921       -3.60667910333356       -3.21649580208279      H
       -2.56286627984266       -6.63275837788096       -2.62632637370631      H
       -1.70420240730818       -4.52540871926922       -0.03581746022845      H
      -10.72513803188721       -1.86053496243256        2.36686738966546      H
      -10.17299735801036       -1.87981429346194        5.62769499050013      H
       -9.59853574830688       -4.72073706022997        3.42833649120506      H
      -13.57894483806269        5.14440871030732       -5.87561071935778      H
      -11.97138837113590        5.57641300683388       -8.82838408220858      H
      -12.30930698911383        8.33236345666140       -6.97596085111823      H
       -2.69130213770703        7.22553950108773        7.94705562993725      C
       -3.20712136223493        4.63423196105508        8.41854036160168      C
       -1.44003848956738        3.23686667267478        9.92680718077984      C
        0.94483313272280        4.33435070672165       10.40905402433343      C
        1.39836132306028        6.76961500190063        9.58198858518416      C
       -0.27102689053372        8.25637521286756        8.39368029822268      C
       -1.83624473921458        0.67389432554162       10.97234021517650      C
        0.25559329064011       -0.54517582626732       11.99088833558000      C
        2.59138923548599        0.79861792801710       12.12737797026057      C
        2.86260075497004        3.24998750515225       11.72115430807112      N
       -4.19707910431801       -0.63562076820266       11.13109041816361      C
       -4.07641403637947       -3.16218544272711       11.43062089673273      C
       -2.16615891170036       -4.36510702500652       12.64734656554275      N
       -0.06234508309118       -2.93413809948946       13.02610758026169      C
        1.93347371585561       -4.12737884833897       14.34917218786145      C
        4.13487334424366       -2.81279823188607       14.47370544567107      C
        4.47382528107561       -0.50837462241796       13.34790894471844      C
       -6.43158256515507        0.86891036041584       11.48616640737898      C
       -8.73412160556135       -0.31171715922883       11.35788071289403      C
       -8.60214773209485       -3.04814929467844       10.97642882557021      C
       -6.45464898156233       -4.38120508713128       11.32600332473902      C
       -6.39416761011953        3.33716233398161       12.43774312971969      O
       -5.23839745243243        3.33715919268109        7.48873054488709      O
        0.79701463922386       10.53298102950044        7.16743263781344      C
      -10.90584257344850       -4.60966083548663       10.74133913798269      C
        3.46665506345295        7.11055450926938        9.66243694258098      H
       -4.26858286436227        8.46725701125475        7.95524533005590      H
        6.44543998050260        0.15999753528532       13.31988048411040      H
        1.59017074995618       -5.97031520872063       15.05074140588721      H
       -6.30566862493791       -6.34479425040095       11.92001284428708      H
      -10.71034743338616        0.55555796142792       11.49748967553867      H
        3.11540563765786       11.03315963504658        7.24075279041149      O
       -1.04855303481423       11.98311364558120        5.94059816365763      O
        0.12942548791821       13.77906976422409        4.47760690867446      C
        6.64771944032118       -3.95673243108605       15.54615428180124      C
        8.07594470319187       -2.43336363510291       16.59471594335409      O
        6.84741366765323       -6.48119658333159       15.51960808794611      O
        9.31286522802665       -6.88104242587122       16.22823436483386      C
      -12.94175351847588       -3.71117184907877        9.84583387062501      O
      -10.50906660005237       -7.00731592408951       11.51757369023868      O
      -12.64605147982133       -8.41515911126357       11.12895659016515      C
       -4.55678815928504        3.89529592022187       14.46534768831672      C
       -5.79346298614522        4.01439792643501        5.05126143753320      C
      -13.99956712430224       -7.67759299609046       12.57704001952795      H
      -12.34273719694131      -10.33673738988210       11.60057016285847      H
      -13.21758315058092       -8.29578659472105        9.13814971160008      H
        9.68953080335314       -5.66974990320592       18.06333388792002      H
       10.52011017525819       -6.32925773747763       14.56434503249110      H
        9.64022778941489       -8.81758876056221       16.60605754215501      H
       -3.98549887229023        3.84546888416556        3.81023613635012      H
       -6.60275647384770        5.87449210048018        5.00896845360417      H
       -6.95811383817166        2.51248796810268        4.19991408168738      H
       -5.80085683501065        4.72802064176947       15.76662452194204      H
       -3.33976263914465        5.30313711435461       13.64253945800708      H
       -3.60601149687077        2.28661042606567       15.30595540759196      H
        1.37287487887673       12.42969634883824        3.38955969717380      H
        1.09164509566773       15.22534225341129        5.46688939534476      H
       -1.58032408235079       14.59574948062396        3.39751433910205      H
$end
