$coord
       -6.66286369558015       -0.68714796186132       -3.26465066904510      C
       -5.07696428763000       -1.57669922243507       -1.49234919023990      C
       -3.58880642923628        0.19369399522960        0.06076238641267      C
       -3.84679807438335        2.80599475772255       -0.42555426540226      C
       -5.73457709006977        3.69845874512280       -2.16854375832269      C
       -7.20336535454124        1.91796371830759       -3.46311220822967      C
       -2.02731367895590       -0.43728641696300        2.27466329117335      C
       -0.23728035322499        1.26539962186707        2.97008787630911      C
       -0.18685032640278        3.70825317706330        2.00738516261922      C
       -1.98096728334095        4.37350681814666        0.28442863052877      N
       -2.22133601961843       -2.78432243246272        3.49241090044837      C
       -0.17871606575279       -3.47324708518214        5.11592665197489      C
        1.84530559782549       -1.86909816645693        5.45880429658795      N
        1.69588323311525        0.55991635967841        4.73199483929123      C
        3.59258561269509        2.28791498959986        5.45843977464080      C
        3.81147454172296        4.50559589954396        4.05380852508445      C
        1.89887117913071        5.31621673067046        2.39367866397625      C
       -4.75102855723072       -4.12780523657467        3.80916878130400      C
       -4.53194349298579       -6.56228799203293        4.97616560433336      C
       -2.34678150633676       -7.40827889897629        6.34658404323121      C
       -0.26606885146079       -5.78774158716210        6.54952375339810      C
       -6.88532493098332       -2.72264019918003        3.38956653785815      O
       -4.65823219894745       -4.24710890067351       -1.47893285312155      O
       -8.77700953974972        2.74587423571320       -5.45694370560454      C
       -2.47320409235826       -9.83888237533057        7.67144843019136      C
       -5.72303516097476        5.66663136330161       -2.72860674020170      H
       -7.63803858903542       -1.80707094802762       -4.61084652469392      H
        2.49616753814129        6.91196058955866        1.23580553035036      H
        5.15953665655417        1.66206168958497        6.61152616108170      H
        1.33730219924432       -6.42073171761531        7.79506667505848      H
       -5.96964297578895       -7.91020391906230        4.71926673200170      H
       -9.19911159027099        1.16865598662689       -7.16141814853698      O
       -9.52901151794866        5.07500346510111       -5.38022908459944      O
      -11.10091488400688        5.58729624353160       -7.36837650128353      C
        6.14485422003072        6.02950775883735        4.43227955867922      C
        6.15605382915670        8.21907501669975        3.78228322816576      O
        8.23902934088792        4.80933373842733        5.25456004895285      O
       10.17719877720439        6.48067093244889        5.28219463589916      C
       -4.08331279802992      -11.45260555614367        7.08175683864024      O
       -0.71989070934107      -10.19261441868348        9.59834873222912      O
       -1.11362444910356      -12.43660421677789       10.81801568900536      C
       -8.88901874698035       -3.88483702730152        4.67400639643844      C
       -2.13524157770151       -5.01032382448595       -0.98193880227493      C
       -0.31639329467029      -13.87615768211372        9.44543287784121      H
       -3.08383085535998      -13.10036204011610       10.85502455901456      H
       -0.35411190037215      -12.73127182761847       12.72629094356400      H
       10.18181603269073        7.57917592873885        3.44210943842501      H
       11.94244195181725        5.55210776242639        5.14937446131800      H
        9.98758864136008        7.71233124094531        6.97297276726923      H
       -0.83797737164473       -3.37640572221882       -1.08378349650239      H
       -1.78044232628635       -6.76450202839799       -1.75764895127719      H
       -2.13098886090999       -5.74756962207333        0.88936041532411      H
      -10.14162447409880       -2.48579057176414        5.57101691848373      H
       -8.12906832293004       -5.06806500381701        6.09991960891152      H
       -9.99022089159352       -4.97961709311889        3.46924644566449      H
      -12.73572138993102        4.29361971118569       -7.27466970780605      H
      -10.20857698740501        4.99785422902318       -8.98794571454931      H
      -11.57500327339357        7.58829542027753       -7.59801081480482      H
       -2.98528199360616        8.40219087477693        7.94282244950919      C
       -3.38333565660118        5.78135103440581        8.43919646074943      C
       -1.53526355987114        4.45598237777775        9.81841799360776      C
        0.94588460966454        5.40198579494730       10.30879118749532      C
        1.25212242004443        8.02256371454033        9.48943343232455      C
       -0.72173528315547        9.53236602862164        8.55393018857262      C
       -1.93055678769559        1.90022958506750       10.59745625941503      C
        0.09825631512857        0.35383886841756       11.29582364199914      C
        2.56210970188815        1.45178671361354       11.47577330431376      C
        2.89895230143264        4.04768878248486       11.31118961770089      N
       -4.26100966194341        0.58695676614423       11.13459971231982      C
       -4.33346384087749       -2.08252333715095       11.49272299496076      C
       -2.31335010683651       -3.63287868204706       11.39348093235546      N
        0.01144057694472       -2.47923098192600       11.53951933704969      C
        2.24743848539684       -3.71621720789013       11.63557291902824      C
        4.57393766532600       -2.62370003181614       11.79409051757107      C
        4.69218444591432       -0.04254994034023       11.60631262439681      C
       -6.68874936471135        1.73885747759666       11.90955682167572      C
       -9.10033586422932        0.33849745412449       12.12503568459113      C
       -8.98771241046936       -2.24136603224194       12.41751302796847      C
       -6.58080045639039       -3.38518865496517       12.20753975781130      C
       -6.59038303904176        4.26881266382271       12.18917161700198      O
       -5.19315011384467        4.48014172060296        7.23322114139236      O
       -0.10718917941714       11.92265086593699        7.19532689879407      C
      -11.21661528764838       -3.99761738081368       12.48623220984656      C
        3.04852547888138        8.96931738613632        9.75665892049639      H
       -4.28438496593523        9.67757562032653        7.22474246651494      H
        6.60740788894318        0.97931760828442       11.65469035886274      H
        2.10882614969755       -5.64344163324697       11.22562266048186      H
       -6.46280324088105       -5.29928115222548       11.85330850743162      H
      -11.01957854628345        0.94083612581352       12.34093546900838      H
       -0.01250397012522       13.85110464285551        8.44390937450818      O
       -0.13028130434021       11.69316846716798        4.72938413585171      O
        0.14697243531568       13.92293884392176        3.51930905082502      C
        6.72937153939044       -4.15847142310172       12.45750052625374      C
        8.65814448864328       -2.98037555369755       12.97906819344712      O
        6.56552789976851       -6.81060316924507       12.57247057716645      O
        8.81263507194767       -7.98441870188613       13.31556751865712      C
      -13.36263261848097       -3.22487180218929       12.73833080549628      O
      -10.43189343697810       -6.43815373247618       12.05726723415251      O
      -12.57486498007445       -7.90924139724856       12.32395323512229      C
       -8.54447871717752        5.15224292778781       13.55863592618440      C
       -5.55230935317326        5.44659904416139        4.71784912773748      C
      -12.50420007855512       -9.02113981012734       14.11994288283245      H
      -12.69906093230671       -9.22246629412856       10.77312999148113      H
      -14.31282776271113       -6.84089452562612       12.61221507670851      H
        8.79526371235600       -8.04809382578333       15.23288617854157      H
       10.38658435246278       -6.90170525885402       12.78738104318723      H
        9.00426414680708       -9.83264629541698       12.45841409629340      H
       -3.89689391924516        5.18782154036838        3.50306561808967      H
       -6.00579713702318        7.47349056139767        4.60423925280571      H
       -7.03461165337606        4.07598770610545        3.99212327994281      H
      -10.17655066918908        4.37643618027363       12.79380762119353      H
       -8.61180196577132        7.18065057058948       13.46504515210301      H
       -8.33682845586919        4.73496819825527       15.56103397395227      H
        0.60069172870687       13.47017011897226        1.53741456622820      H
        1.71181009616510       14.99118061752096        4.38501338791738      H
       -1.63299168273620       15.00588443866388        3.17924815155193      H
$end
