 -1.0
 -0.73912426856357D+01  0.33134763757956D+00 -0.15806982432866D+01  0.57727121322096D-04  0.49881505749126D-04  0.22861770004350D-03
 -0.55511253288686D+01 -0.10294920063267D+01 -0.34405213233232D+00 -0.10224662635035D-03 -0.16941635763022D-03 -0.11984981112775D-03
 -0.33436461861999D+01  0.29765585978221D+00  0.59214231276371D+00 -0.89291094982872D-04  0.81314596587894D-04  0.45365646850785D-03
 -0.28183062944428D+01  0.27124922815905D+01 -0.51817299786726D+00  0.31033003003996D-04  0.36537834592972D-03  0.33915589412381D-04
 -0.44665882288494D+01  0.38653310635752D+01 -0.20796555088887D+01  0.40175088702092D-03  0.23281784902341D-03 -0.16330885023764D-03
 -0.68214761332834D+01  0.27425685571093D+01 -0.24821101018562D+01  0.26697961992994D-03  0.14618109284223D-03  0.62846283527812D-04
 -0.17989722473355D+01 -0.74378344720772D+00  0.25815336628367D+01 -0.25109388805585D-03 -0.44620642446801D-03  0.37496177849338D-05
  0.41805715140224D+00  0.59250595834074D+00  0.31100996224032D+01  0.32134258110809D-03 -0.13848808573383D-03 -0.16801700024132D-03
  0.93425189950424D+00  0.30295312736332D+01  0.17864034592996D+01  0.16131540046187D-03  0.14986770804611D-03  0.71133581104946D-04
 -0.74344270332973D+00  0.39739509050450D+01  0.14105084997518D+00  0.33591348366219D-03  0.20174269209493D-03 -0.30961719913547D-03
 -0.20779840054569D+01 -0.29540823517708D+01  0.41509314567274D+01  0.27134012441457D-03  0.40874381311666D-03 -0.26826360913781D-03
  0.91187524410708D-01 -0.40711420790288D+01  0.52655128916101D+01  0.30724456496653D-03  0.98153714828416D-05  0.62231378774082D-03
  0.22152840980435D+01 -0.28655484726908D+01  0.52668041777558D+01  0.72193390147758D-04 -0.65182816748969D-03 -0.33361504700941D-04
  0.24351802100110D+01 -0.70637153507853D+00  0.43343022013963D+01 -0.42467406024305D-03 -0.55022261914735D-03 -0.42569880255939D-03
  0.46475174347675D+01  0.76257002191295D+00  0.48122985255696D+01  0.15343751866470D-03 -0.18654919220448D-04  0.18644600524043D-03
  0.49601685651578D+01  0.32013714310448D+01  0.40729348748154D+01 -0.21552449927924D-03 -0.23390073742359D-03 -0.47379378914924D-04
  0.30938994900779D+01  0.43919378076726D+01  0.25770254816778D+01 -0.21949072085990D-03 -0.22048485102758D-03 -0.17254108702087D-03
 -0.45782692523830D+01 -0.38757420685279D+01  0.49581282294180D+01 -0.20781709192322D-03  0.14336862943918D-03 -0.26615283622079D-03
 -0.47240648969211D+01 -0.60419964295439D+01  0.64596690439126D+01  0.40934481372444D-03  0.25627960386690D-03 -0.79526113381568D-04
 -0.23881511903494D+01 -0.68925268119944D+01  0.76378755238988D+01  0.14109046185524D-03  0.25886441768950D-03 -0.14836310429506D-04
 -0.58200028173174D-01 -0.61010472903643D+01  0.69354953581323D+01 -0.59716057972238D-03 -0.91691762013645D-04  0.29117355976338D-03
 -0.67047150519627D+01 -0.24795942783591D+01  0.45434296561714D+01 -0.44890330832697D-04  0.19116103029203D-03  0.25684885785958D-03
 -0.60278213274357D+01 -0.36665059894814D+01 -0.18798109862133D-01 -0.23681594082671D-03 -0.13413098462868D-03 -0.75441976925944D-04
 -0.85794306894221D+01  0.40409094350719D+01 -0.41582888537608D+01 -0.45053639602009D-03  0.13523080740399D-03 -0.23517484759613D-03
 -0.23146547828318D+01 -0.91752190334826D+01  0.93783119092398D+01 -0.58483609684113D-03  0.86093755139051D-04 -0.19631248229180D-03
 -0.42543910289037D+01  0.55803887196870D+01 -0.28909870598927D+01 -0.91043766010855D-03  0.17770431458051D-03  0.30818379752178D-03
 -0.90827164946484D+01 -0.59850587750070D+00 -0.22499124221558D+01 -0.37884165685367D-04 -0.89001379244436D-04  0.18568662686250D-04
  0.34499909627745D+01  0.62927922299507D+01  0.18066165432798D+01 -0.92802379055461D-03 -0.20636515881298D-04  0.65918623943572D-03
  0.59477245409982D+01 -0.22817959743625D-01  0.62195245497664D+01 -0.89961915941713D-04  0.73468988426217D-03  0.43507414929786D-04
  0.18312022837641D+01 -0.70377035248820D+01  0.74246806473436D+01 -0.25596443883293D-03  0.33760786800649D-03 -0.79314455713225D-03
 -0.64000184280947D+01 -0.70686836753677D+01  0.71752336381522D+01 -0.25151604845492D-03  0.80080801034881D-04 -0.46413611205805D-03
 -0.77207502001178D+01  0.57127181248789D+01 -0.53593352904706D+01 -0.31123658658098D-03 -0.22479321459744D-03  0.37433267227417D-04
 -0.10991692867675D+02  0.30521695553410D+01 -0.41784698468848D+01  0.20659322491740D-03 -0.13231740643977D-04  0.26626842362319D-03
 -0.12337432777347D+02  0.42073956390783D+01 -0.60872894303911D+01  0.35973098143332D-03 -0.35241118401221D-03 -0.36079861126972D-03
  0.75160902768448D+01  0.41937655223036D+01  0.47443276686565D+01  0.13795424788037D-03  0.26924781614346D-03 -0.38655535553006D-04
  0.87526812340852D+01  0.26328068158379D+01  0.59957822310143D+01 -0.44215135413345D-03  0.14485309098133D-03 -0.12385658034571D-03
  0.85686512054867D+01  0.64054324378662D+01  0.39364874714259D+01 -0.17395512416691D-03 -0.36270265452818D-04 -0.75485253143142D-04
  0.11211367557602D+02  0.64128940355835D+01  0.39721526729197D+01  0.24781019823449D-03  0.22987028279077D-03  0.71917684969646D-04
 -0.41649629993466D+01 -0.10572097346792D+02  0.96061454173441D+01 -0.26872619175941D-03 -0.22642874088650D-03 -0.35560832835080D-04
 -0.26864477985435D+00 -0.95728842332667D+01  0.10792633709962D+02 -0.38271505532639D-03 -0.99615501993105D-05 -0.67212725339384D-04
 -0.48544907730294D+00 -0.11724732338599D+02  0.12310367477126D+02 -0.65897111684100D-06 -0.12979649037695D-03  0.41129694123818D-03
 -0.90387792570133D+01 -0.36577772757330D+01  0.48660316930101D+01  0.14936169098197D-03 -0.16361425703917D-03  0.10119862110575D-03
 -0.56206169118297D+01 -0.50223473173619D+01 -0.23847070288851D+01  0.39407837508896D-04 -0.57394355780280D-04  0.14489443029738D-03
  0.11701076807047D+01 -0.11391946480809D+02  0.13604271862661D+02 -0.82482874983438D-04 -0.16708408490230D-03  0.39747800120211D-03
 -0.59765272001077D+00 -0.13367575180808D+02  0.11123803411573D+02  0.50168943087629D-03 -0.23534950844441D-03  0.27891351491803D-03
 -0.21755125010825D+01 -0.11254001371421D+02  0.13386197631958D+02  0.20591773080440D-03 -0.11456592883320D-02  0.69143921687085D-03
  0.11815641835940D+02  0.64749353690114D+01  0.58752270927590D+01  0.23039466433336D-03 -0.10096345748536D-03 -0.97114265861602D-03
  0.11911739205214D+02  0.83155866718130D+01  0.32400258213795D+01  0.22803566396573D-03  0.23844874553961D-03 -0.29211050112088D-03
  0.11989057462986D+02  0.50072881279998D+01  0.26831567159902D+01  0.47707301594549D-03 -0.37941671375063D-03 -0.51326985557911D-03
 -0.73949496867074D+01 -0.51697821166024D+01 -0.33260157987981D+01 -0.56739503188589D-03 -0.56258968866551D-03 -0.41953014993523D-04
 -0.48896319731180D+01 -0.70427102422847D+01 -0.21147633740361D+01 -0.19010057018583D-04 -0.30515885284189D-03 -0.90501158448351D-03
 -0.41680659509800D+01 -0.38827073398767D+01 -0.34888233781194D+01  0.62900974890530D-03 -0.59381627032698D-03 -0.73677593700205D-04
 -0.91829978449472D+01 -0.49989907960501D+01  0.34934921045509D+01  0.25550429708724D-04  0.94935851033810D-03  0.74291235052283D-03
 -0.10577233512206D+02 -0.22511191250774D+01  0.45188564613520D+01  0.28025756355300D-03  0.47709577716263D-03  0.46657786597639D-04
 -0.88614145498955D+01 -0.43620849898014D+01  0.68614106717506D+01 -0.92629923865841D-03  0.60708057893457D-03  0.38863640352472D-03
 -0.12027064586302D+02  0.64125607123816D+01 -0.60898769483094D+01 -0.25001309189557D-03  0.18151431557191D-03 -0.42383647736241D-03
 -0.14294396053967D+02  0.40516133309166D+01 -0.61136354345533D+01  0.44859376475670D-03  0.21097921143602D-03 -0.20119864662451D-03
 -0.11764787329129D+02  0.36227721027104D+01 -0.79844386109770D+01 -0.92794497874213D-04 -0.71114770273968D-03  0.57448409021981D-03
 -0.22215206824884D+01  0.71841452752742D+01  0.61134652100350D+01  0.25372207069133D-03  0.54644520789406D-03  0.88218594811255D-04
 -0.28018869899218D+01  0.47883892972387D+01  0.69183298901745D+01  0.75202787283373D-04 -0.10278743313164D-03  0.29771415059857D-03
 -0.11119124341300D+01  0.38159305844275D+01  0.86391090904477D+01 -0.17475262453892D-03  0.54755470711522D-03 -0.67715898211319D-05
  0.13733551585106D+01  0.46751193655163D+01  0.90725586414973D+01 -0.21819723288659D-03  0.46606146101510D-04  0.90824325409019D-04
  0.17849251850563D+01  0.73353419590723D+01  0.85526202516758D+01  0.46899186705854D-03  0.24964196161315D-03  0.20026445707601D-03
 -0.31493183536894D+00  0.85297771149084D+01  0.73543508842015D+01  0.60214295956571D-04  0.34824665009729D-03  0.73357954689126D-04
 -0.18461259697360D+01  0.13948005985750D+01  0.95306558173878D+01  0.64634597423899D-04 -0.32564793221924D-03  0.17171884788625D-03
  0.57629138360003D-01 -0.22436842747474D+00  0.10357202326251D+02  0.13062249151869D-03  0.18021999358619D-03  0.44031152174651D-04
  0.25471145699648D+01  0.65452144817882D+00  0.10346241978387D+02  0.51487058588152D-04  0.18259881485234D-04 -0.25964415885196D-03
  0.32115024094691D+01  0.31117965788371D+01  0.99662625077603D+01  0.43022275332204D-04 -0.49618102408566D-04  0.20693771530481D-03
 -0.44199095565355D+01  0.61364961162173D+00  0.10136694912113D+02 -0.18088312467266D-03 -0.14346691532340D-03  0.11507612228203D-03
 -0.49193205307117D+01 -0.19733332159497D+01  0.10998829882786D+02 -0.65463068575541D-04 -0.85183004303769D-04  0.37975467360193D-03
 -0.30865208495599D+01 -0.35428544923616D+01  0.11787201980846D+02 -0.22124501279424D-03  0.12162823317029D-03  0.58856004865342D-04
 -0.59925668363200D+00 -0.27201801333890D+01  0.11369223524441D+02 -0.13965122702114D-03 -0.41369719517984D-05 -0.26471504147488D-03
  0.13679114317022D+01 -0.42380737306447D+01  0.12307235878316D+02  0.28401135759558D-03  0.11838800388604D-03 -0.23603983195131D-03
  0.38183835476945D+01 -0.34340515233152D+01  0.12127581726007D+02  0.44424522719935D-03  0.21972712332079D-03 -0.12561159597358D-03
  0.45143218152376D+01 -0.96189283861573D+00  0.11360503885120D+02  0.28232038414909D-04 -0.15654098174259D-03  0.61714514081973D-04
 -0.65333847081573D+01  0.23373717770120D+01  0.10681267220057D+02 -0.14459254472468D-03 -0.31767718180744D-04 -0.26450560646293D-04
 -0.89383801675721D+01  0.13921026248608D+01  0.11153925130289D+02 -0.10274691291042D-03 -0.22785483458671D-03 -0.19095726324557D-03
 -0.93932165467683D+01 -0.12736762392585D+01  0.10944118354790D+02  0.32558930395257D-03  0.26936740414456D-03  0.72012637353276D-04
 -0.73526705802146D+01 -0.28771685596083D+01  0.11136870823106D+02  0.25159008126601D-03  0.11037821158736D-03 -0.20826021418148D-03
 -0.62016264907087D+01  0.49316957088847D+01  0.10700144407935D+02 -0.11450750271194D-03 -0.21644383297304D-03  0.16007839585577D-04
 -0.50163378659166D+01  0.33944105521919D+01  0.57568284399244D+01 -0.23903561874401D-03  0.59872592413953D-03 -0.95101722589916D-04
  0.34258288629220D+00  0.11172547712555D+02  0.66199650549447D+01  0.64544294780950D-04 -0.17488648414868D-03  0.49371225926899D-03
 -0.11859305269598D+02 -0.22818678420808D+01  0.10978515832705D+02  0.18179749965325D-03 -0.15452599747957D-03  0.81154154530936D-05
  0.36729367216837D+01  0.79560960391690D+01  0.83857236906022D+01 -0.79953718312962D-03 -0.56694903584382D-03  0.46130588460376D-03
 -0.35179090489388D+01  0.80392632650724D+01  0.47042098961330D+01 -0.14809338868861D-03  0.29041794467700D-03  0.17804866858508D-03
  0.64175263726429D+01 -0.51103753239239D+00  0.11209829992147D+02  0.23825903947402D-03 -0.19291261498328D-03 -0.38960250305972D-03
  0.83377327083609D+00 -0.60727954468030D+01  0.12780219920179D+02 -0.49641416911527D-03  0.62790736316614D-03  0.43898493388708D-03
 -0.75096834772003D+01 -0.48316593282098D+01  0.11468609188897D+02 -0.27349496601268D-03  0.19156999904171D-03 -0.26718093158646D-03
 -0.10659380320352D+02  0.25666102110182D+01  0.11173211874028D+02  0.59071198619645D-03 -0.32678220857180D-03 -0.21852319070762D-04
  0.21118199619784D+01  0.11484874006005D+02  0.51666032738755D+01  0.20168894738524D-03  0.83519057206439D-04 -0.41142837914561D-05
 -0.12475359268311D+01  0.13054472431318D+02  0.75148777013594D+01 -0.74805761889211D-04  0.19290731458289D-03  0.38161962431366D-03
 -0.52721047592360D+00  0.15418218050065D+02  0.66924673804578D+01  0.18038061285555D-04 -0.26571785523223D-03 -0.19234814971915D-03
  0.56419393204024D+01 -0.53210255507639D+01  0.13090883788007D+02  0.84931041524519D-04  0.19484633628505D-03 -0.21849338780456D-03
  0.47834509196164D+01 -0.69474772700194D+01  0.14362260514888D+02  0.39287924752522D-03 -0.80901155565997D-04  0.18115295597930D-03
  0.82901904308870D+01 -0.49108011614031D+01  0.12866587707483D+02 -0.19570758243217D-03  0.40351568502378D-04 -0.38837298421340D-03
  0.97738953944658D+01 -0.64769300282731D+01  0.14391505952382D+02 -0.15621840450008D-03  0.17625341828937D-03  0.36261582778401D-03
 -0.13603496080562D+02 -0.88110823927427D+00  0.11701068511296D+02 -0.43983722379764D-06 -0.26321826314048D-03  0.22783505447203D-03
 -0.12386371123564D+02 -0.45267822183857D+01  0.96054713343926D+01 -0.16237580148163D-03 -0.47389476685511D-03 -0.76697619007370D-04
 -0.14980159987260D+02 -0.50912589724813D+01  0.97743597727399D+01 -0.97788320921168D-04  0.16107112139431D-03  0.32947433830707D-03
 -0.68683295272364D+01  0.62014353634360D+01  0.13107545530916D+02  0.16885989624353D-03 -0.35183473039533D-03 -0.88135315592123D-04
 -0.61903590572812D+01  0.47439734608733D+01  0.39562061155238D+01  0.60621247935715D-03 -0.18079365782667D-03 -0.82926695964178D-03
 -0.15440821332267D+02 -0.56962894646167D+01  0.77949028963456D+01  0.24144491522739D-03  0.39894096995357D-03 -0.70609646018246D-03
 -0.15994366116973D+02 -0.33150485040448D+01  0.10307145820091D+02  0.54439277751975D-03 -0.32797387775888D-03 -0.78510345233646D-04
 -0.15212725464998D+02 -0.66756186142559D+01  0.11087060303880D+02  0.31457626087194D-03 -0.48436104081407D-03 -0.34305308746846D-03
  0.11631311193528D+02 -0.67161303860682D+01  0.13567750612024D+02 -0.56069740232918D-03  0.33969282784276D-04 -0.29826696139795D-03
  0.87652310316649D+01 -0.83478304407506D+01  0.14375545520996D+02  0.30409937415264D-03 -0.72814155622947D-03  0.66937062252554D-03
  0.10135335067610D+02 -0.54015545365428D+01  0.16129364134324D+02  0.32308851152052D-03 -0.43979110820898D-04  0.46670025141912D-03
 -0.79316201427395D+01  0.38445422028922D+01  0.30710393063838D+01  0.40875825837206D-04  0.69253649106789D-03 -0.86193105358302D-03
 -0.48609807183166D+01  0.50833780669104D+01  0.24972937266375D+01  0.20102908759549D-03  0.17971299842535D-04 -0.12865307822887D-03
 -0.72111046790573D+01  0.65322009019573D+01  0.46549189340779D+01  0.46233817345186D-03  0.69053834736873D-03 -0.16741319568792D-03
 -0.58292250154816D+01  0.55744658443651D+01  0.14808846555631D+02  0.25978818387164D-03 -0.25776586837052D-04 -0.59104365280503D-03
 -0.88839711827571D+01  0.57366405667879D+01  0.13582421928000D+02 -0.57868169353661D-03 -0.30623999666286D-04 -0.72871356675205D-03
 -0.68257011329130D+01  0.83001352274825D+01  0.12767342741123D+02 -0.14966469447224D-03 -0.47863548319692D-03  0.31861737784851D-04
 -0.16556344771656D+01  0.16619564154444D+02  0.80167499540551D+01  0.78592495433047D-03 -0.25495341893498D-04 -0.24203741361602D-03
 -0.86212163585319D+00  0.15655430862323D+02  0.45528800179377D+01 -0.81767290194056D-03  0.31525639226646D-03  0.37011418015975D-03
  0.14395667165174D+01  0.15926712700467D+02  0.69175335562188D+01 -0.31295131027719D-03 -0.37726771099912D-03  0.50014431024945D-03
