 -1.0
 -0.57160832397123D+01 -0.26663583002921D+00 -0.64272765769467D+01  0.26651000495877D-03 -0.22960985624066D-03  0.28864611399394D-03
 -0.44414758894953D+01 -0.74885389234180D+00 -0.40635718944751D+01 -0.53229310102528D-04 -0.65569106810670D-03  0.15717868959988D-03
 -0.29401154886229D+01  0.12917005962056D+01 -0.30247645044247D+01 -0.22866777626013D-03 -0.62308646242997D-03  0.21776411638167D-03
 -0.18662147082752D+01  0.33161568258231D+01 -0.47141982927932D+01 -0.18551000739988D-03  0.27431823263007D-03 -0.10881791836836D-03
 -0.28652755344420D+01  0.33643543671704D+01 -0.71985072973975D+01  0.11446661382261D-03 -0.29640514628935D-03 -0.11328061238839D-03
 -0.47441106817739D+01  0.16471095669387D+01 -0.77880993689185D+01 -0.82006373098590D-03  0.27493525559974D-03  0.63660744936314D-03
 -0.18454523101103D+01  0.10635933904496D+01 -0.52724398231049D+00  0.69275009048646D-03  0.18273241549589D-03  0.38408168207357D-03
  0.60097283331460D+00  0.21397160926313D+01 -0.51066609318018D+00 -0.55208446837119D-03  0.37129978299976D-03 -0.14504855647084D-03
  0.17054499216751D+01  0.39372381277049D+01 -0.22133101497382D+01  0.62925358618315D-04 -0.82637886315799D-04 -0.51990790660254D-03
 -0.99422125095301D-02  0.47904227341236D+01 -0.39954898831980D+01 -0.27972437748271D-03 -0.41191072417055D-03 -0.72303365260266D-05
 -0.23708972914986D+01 -0.13710204228450D+00  0.16913989756121D+01  0.20180608231789D-03 -0.73201659188242D-04 -0.71016149117770D-03
 -0.84999312426378D+00 -0.50393993267995D+00  0.38299168904937D+01 -0.21325047404296D-03 -0.16561403076910D-03  0.56747219579148D-05
  0.14387759715960D+01  0.29394394393715D+00  0.37589943783462D+01 -0.39364935033119D-03 -0.34506836490848D-03 -0.65411816415139D-04
  0.22624477212415D+01  0.13146909027457D+01  0.14620672168756D+01  0.42996002911418D-03 -0.28755411953031D-03 -0.32702030787762D-03
  0.46743650108849D+01  0.17930762927677D+01  0.14387514465464D+01 -0.29489038442278D-03  0.71120355851588D-04  0.58761492396194D-03
  0.58235709268950D+01  0.31191888273010D+01 -0.61054949494106D+00  0.29478584547313D-03 -0.16442584240798D-03  0.76223495572546D-03
  0.42196205742871D+01  0.44079817892685D+01 -0.22529133225915D+01 -0.56954343327988D-04 -0.28557715332394D-04 -0.16633064373493D-03
 -0.49278488200688D+01 -0.55554966442769D+00  0.24613388086334D+01 -0.23682811948033D-04 -0.26460748284409D-03 -0.10981550250490D-03
 -0.58425633367831D+01 -0.19467048115378D+01  0.45355016185304D+01  0.30860052031966D-04  0.36488560496501D-03 -0.81619685193652D-03
 -0.39045473094571D+01 -0.28162389175967D+01  0.61354924668795D+01  0.62180350546813D-03  0.18583801769973D-03 -0.53516751369190D-03
 -0.14900366580530D+01 -0.16983731143767D+01  0.60690044144826D+01  0.20857782355611D-04 -0.17734257265512D-04  0.10330917352205D-03
 -0.65683873426579D+01  0.96800603823601D+00  0.11240969920409D+01  0.49185616182241D-03  0.30239233048606D-03 -0.34506658106547D-04
 -0.46221694245052D+01 -0.33871515145562D+01 -0.32544900722051D+01  0.15061697232982D-03 -0.78497494666921D-04  0.74353743051348D-04
 -0.55739826625168D+01  0.15053733751892D+01 -0.10560675229952D+02  0.19255328499364D-04  0.38544886548421D-03 -0.40084116597620D-03
 -0.45434725308320D+01 -0.49232678908979D+01  0.80415714403809D+01  0.76316911530250D-03 -0.22153533070698D-03 -0.75787082781331D-03
 -0.21939227199185D+01  0.48640503484145D+01 -0.86173756430312D+01  0.13081868037208D-03  0.10613560425031D-02 -0.13361109791441D-02
 -0.69603509329144D+01 -0.18061941425564D+01 -0.70489111697762D+01  0.13437177970699D-03  0.19363354763199D-03  0.38533088814915D-03
  0.52634268372859D+01  0.56033819454879D+01 -0.37733995973722D+01  0.47227251280412D-03 -0.80330233688153D-03  0.42779843934091D-03
  0.59100516920296D+01  0.64619567581230D+00  0.28567229636707D+01  0.10850345752045D-02 -0.18371982299115D-03 -0.68384981042707D-03
 -0.43130877695734D+00 -0.20076340305573D+01  0.76285376617439D+01 -0.36958971497936D-03  0.36502090270098D-03 -0.16104891900594D-03
 -0.79265319069509D+01 -0.21348832326915D+01  0.46483228710496D+01  0.11450072146215D-02  0.32626814580960D-03 -0.34279958195097D-03
 -0.70865869107841D+01 -0.25567332285149D-01 -0.11289298585887D+02  0.31841301811159D-03  0.32046451590119D-03 -0.14542881586404D-03
 -0.44899090630831D+01  0.35953322630492D+01 -0.11862928860271D+02 -0.49210065400757D-03 -0.11496948771931D-03 -0.18472885603682D-04
 -0.56020550316745D+01  0.39189491307101D+01 -0.14372966966568D+02  0.20407011922271D-03  0.20158366725612D-03  0.57814131419421D-03
  0.85023669895443D+01  0.35708799279256D+01 -0.77710566937812D+00 -0.53255631969358D-04 -0.37722859070739D-04 -0.15143356205703D-03
  0.97642893828902D+01  0.45015671467786D+01  0.10608559420512D+01 -0.53223410517703D-03  0.16405681055090D-03  0.13399512991868D-03
  0.98706479862569D+01  0.32115634621726D+01 -0.28744185493758D+01 -0.60491229381046D-03  0.91885139213584D-04 -0.21783538877326D-03
  0.11972022475131D+02  0.47005784896520D+01 -0.32777247495097D+01  0.34345046365169D-03  0.30137722542253D-03 -0.18273486428719D-03
 -0.31048523289208D+01 -0.59510230672247D+01  0.94353874768903D+01 -0.59367520128237D-03 -0.44880664829910D-05  0.21064576556000D-03
 -0.72464204152543D+01 -0.53402247401332D+01  0.78720341514888D+01 -0.53322738367570D-03 -0.25360189542659D-03 -0.20687751871014D-03
 -0.78401804504900D+01 -0.69058520432168D+01  0.99936571585551D+01 -0.38116754637116D-03 -0.32890776163211D-04  0.43689015943335D-03
 -0.67184580938240D+01  0.36250339625063D+01  0.22995571065935D+01  0.22331178292843D-03  0.37347524198583D-04 -0.93118209047685D-04
 -0.33093324877639D+01 -0.53542506650755D+01 -0.43880638866115D+01  0.32044075212208D-03 -0.16680493584488D-04  0.32513253004731D-03
 -0.72204581769000D+01 -0.86681668571578D+01  0.93107767044261D+01 -0.55418104530081D-03  0.49735377365180D-03  0.37722283288935D-04
 -0.97328154885578D+01 -0.68758287098920D+01  0.10579231131095D+02 -0.77509766532037D-03 -0.52305725193410D-03 -0.61710038431701D-03
 -0.66162647753441D+01 -0.61134706169242D+01  0.11547799712891D+02  0.27012581810106D-03 -0.47195681651955D-03  0.27205182975867D-03
  0.12919665524879D+02  0.38634958149433D+01 -0.49945052698428D+01  0.21908326272725D-03 -0.42251828128811D-03  0.45002690201159D-04
  0.13102838518387D+02  0.45358340044464D+01 -0.15068955612489D+01 -0.80037545093406D-03 -0.10188661555077D-02 -0.34017276126726D-03
  0.11395846578756D+02  0.68547771113701D+01 -0.30233913022292D+01 -0.63153328568032D-03  0.16500127801461D-02  0.24993209524707D-04
 -0.29543997031658D+01 -0.45259145185655D+01 -0.62073317819119D+01 -0.66491585348247D-03 -0.36090155120265D-03  0.93867303796110D-04
 -0.50637434628578D+01 -0.65981117814999D+01 -0.48187421254164D+01  0.10077217034437D-02 -0.93136715725524D-03 -0.52016249336138D-03
 -0.18588963585907D+01 -0.60711640896387D+01 -0.32594766088685D+01 -0.78558324452111D-03  0.75956975910276D-03  0.53339781779342D-03
 -0.87219277403857D+01  0.44134682806248D+01  0.23411303207667D+01 -0.72226720931491D-03  0.58824574077035D-03 -0.11528728278987D-03
 -0.56846614350697D+01  0.46727031894341D+01  0.86131097151833D+00  0.36447195477380D-03  0.11489274588943D-02  0.13490921330562D-02
 -0.56983261811563D+01  0.37661587424054D+01  0.41026359950682D+01  0.22960157850930D-03  0.42199986316616D-03  0.19104839388435D-03
 -0.36863123261970D+01  0.40181433462316D+01 -0.15236979062600D+02  0.90955614447702D-03 -0.12156077866376D-02  0.19014193060107D-03
 -0.73194398922698D+01  0.52442661567515D+01 -0.14347221013913D+02  0.56712956974010D-03  0.41953524499514D-03 -0.33475355491116D-03
 -0.64714302423422D+01  0.20867942692503D+01 -0.14894532016886D+02 -0.15320983287169D-03  0.72043117358127D-03  0.38453468119521D-03
 -0.49690402918316D+01  0.46392733532864D+01  0.90213148647130D+01 -0.13345763084937D-03 -0.36307273818588D-03 -0.10512570607406D-02
 -0.49890687228829D+01  0.35640924507136D+01  0.11394550039363D+02 -0.12015477119163D-03 -0.48343138783235D-03 -0.60954293218741D-03
 -0.23789884163390D+01  0.26476318715941D+01  0.12506137375549D+02  0.20480667130649D-03  0.34635682137422D-03  0.10969939336383D-03
 -0.35488251901910D+00  0.28363377216241D+01  0.10894855742527D+02  0.53685521646716D-03  0.10880770276214D-03  0.19222349053564D-03
 -0.61277738746922D+00  0.44811410351278D+01  0.86772782149048D+01 -0.14753268210350D-03 -0.10987500066586D-03 -0.47864491670447D-03
 -0.28133545713453D+01  0.54453955262113D+01  0.77612787349893D+01  0.30589495969777D-03 -0.27879063816107D-03  0.12058415839404D-03
 -0.25512293451790D+01  0.92399953742280D+00  0.14852750827750D+02  0.64560339398948D-03  0.49263573643700D-03  0.32908262341684D-03
 -0.21316776605918D+00 -0.28312038788799D+00  0.15179726567110D+02  0.14319976817445D-03  0.30774622500255D-03 -0.18636536169661D-03
  0.17012127804080D+01 -0.12726657177068D+00  0.13272731344413D+02 -0.70926631859664D-03  0.37905497132786D-04  0.91845032385540D-03
  0.16909785486758D+01  0.15217044182566D+01  0.11222841918193D+02 -0.58242862257054D-03  0.42708590383232D-03 -0.16601085693225D-03
 -0.44892239722698D+01 -0.25642459492093D+00  0.16552255990561D+02 -0.26102808387710D-03  0.38439739470441D-03  0.62174485214719D-03
 -0.43372032922770D+01 -0.31705354708029D+01  0.16613278803435D+02  0.76485665711579D-03 -0.24756777100235D-04  0.63847056182175D-03
 -0.19803114848132D+01 -0.42656346846128D+01  0.16967447079188D+02 -0.79136653370156D-04  0.28050086826606D-03 -0.48855913427093D-03
 -0.96861730322420D-01 -0.28383762820446D+01  0.16449574363213D+02 -0.24045485054140D-03 -0.37539079687224D-03  0.45605481228276D-03
  0.22728063505976D+01 -0.40514339873006D+01  0.16173187472852D+02 -0.22206218675920D-03 -0.44591172652377D-04 -0.21070257053721D-03
  0.44118845137761D+01 -0.27014263882799D+01  0.15600942286690D+02 -0.59204447731490D-03  0.65679909236988D-03  0.14464902004257D-03
  0.42169685610862D+01 -0.12270981566350D+01  0.13478877038870D+02  0.94778226811527D-04 -0.35866855727509D-03 -0.20467363026380D-03
 -0.67421305787686D+01  0.62660929584194D+00  0.17533794862408D+02 -0.35835297982550D-03 -0.34347796228703D-03  0.71819994659364D-04
 -0.89153600872415D+01 -0.57121777447165D+00  0.17291883556779D+02  0.43384227288837D-03 -0.81725470148575D-04 -0.15557046244883D-03
 -0.90235781536421D+01 -0.31688633668036D+01  0.16621066645353D+02 -0.18291638515692D-03 -0.24528357316811D-03 -0.30242720817491D-04
 -0.65649423075100D+01 -0.45022538705623D+01  0.16575202139679D+02  0.67684524575309D-03  0.56499547484706D-03 -0.44326930042685D-03
 -0.70991609082740D+01  0.32184290182070D+01  0.18212384693189D+02  0.33450037312124D-03  0.17312256369492D-03 -0.50069644554483D-03
 -0.70378650320002D+01  0.29249222793776D+01  0.12758497307863D+02 -0.44191050160409D-03  0.12823892215862D-03 -0.14351528552770D-03
 -0.26719724100964D+01  0.71899531291575D+01  0.56213424986918D+01  0.13018867690570D-04  0.21455507575014D-03  0.18047230244398D-03
 -0.11441229929462D+02 -0.44986448257176D+01  0.17282782092019D+02  0.44615927104936D-03  0.79340883137473D-06  0.22921144581206D-03
  0.12129324702213D+01  0.49064397855572D+01  0.80627423957450D+01  0.62691210483043D-03 -0.94514759020538D-03 -0.68884819969863D-03
 -0.67153973312851D+01  0.49010168638358D+01  0.81617430851845D+01  0.40651839697807D-05 -0.11368095925545D-02  0.94144829959574D-03
  0.56915291700701D+01 -0.31353769646231D-01  0.12542597484262D+02 -0.35156817287907D-03  0.70361791466975D-03 -0.80384154586711D-03
  0.24632800621786D+01 -0.57560833897821D+01  0.17299038698614D+02  0.35437530831617D-03  0.54457920479006D-03 -0.58460104296962D-04
 -0.65412992968628D+01 -0.64239675324711D+01  0.16528816050134D+02  0.12394493879483D-03  0.27156449231031D-03 -0.19090226090161D-03
 -0.10772002377582D+02  0.36104792746024D+00  0.16925436848428D+02 -0.21133373357479D-03  0.32076140342594D-03 -0.67280735024987D-03
 -0.42939784105935D+01  0.86878539871433D+01  0.52014566102638D+01 -0.54218495584815D-06 -0.44284379718084D-03  0.58666764708603D-05
 -0.75332641982426D+00  0.64411155347889D+01  0.39790035573326D+01 -0.52761752964281D-04  0.47154548505892D-04  0.32769271756625D-03
 -0.18480822757867D-01  0.86898698613322D+01  0.30681671003382D+01 -0.12955556647248D-03  0.14505366453445D-03  0.79785340384944D-03
  0.69627914773908D+01 -0.40790367693765D+01  0.15931404785401D+02 -0.41060488736653D-04 -0.35073977363332D-03  0.18748512179650D-03
  0.74660734793457D+01 -0.60163659035191D+01  0.14905670246767D+02  0.88750862629223D-04  0.33698066968789D-03  0.14759799509137D-03
  0.82412800820668D+01 -0.32227008940335D+01  0.18207731823700D+02  0.38208110110962D-03 -0.70006856028607D-04  0.74050506191489D-03
  0.10321405152252D+02 -0.47765726597707D+01  0.18666735421534D+02  0.45157359436591D-04 -0.66586295375116D-03  0.91313545387009D-05
 -0.11751571330650D+02 -0.58862294916987D+01  0.19036358648230D+02  0.40886029987460D-03 -0.16589547977673D-03  0.36863666448965D-05
 -0.13156672343118D+02 -0.36065062458568D+01  0.15515124776507D+02 -0.40284602678467D-03 -0.88415691057669D-04  0.31738630458013D-03
 -0.15724721938853D+02 -0.37816680723613D+01  0.15976568254755D+02 -0.45138649818474D-03  0.27857505687181D-03 -0.50176468932607D-03
 -0.57693336400703D+01  0.40537519906008D+01  0.20176921592877D+02  0.23480266337639D-03 -0.10010311540190D-03 -0.38856333141095D-03
 -0.91369043460707D+01  0.30310107952242D+01  0.11174782327669D+02 -0.57393249526874D-03  0.19536536767707D-03  0.67582600821388D-04
 -0.16464761773793D+02 -0.32682245691742D+01  0.17827737632003D+02  0.10174874506976D-02  0.38897222170048D-03 -0.36779407846625D-04
 -0.16294290799690D+02 -0.56973522201042D+01  0.15621296048454D+02 -0.87951473841434D-03 -0.26087086101970D-03  0.59153607482808D-03
 -0.16693036053366D+02 -0.24405608226111D+01  0.14569044113207D+02  0.87122791869180D-03  0.56141718373972D-03  0.99444604190656D-03
  0.11798584345242D+02 -0.33076985019196D+01  0.17530636983702D+02  0.78942731537187D-03 -0.43467019380236D-03 -0.52084490761106D-03
  0.99752247425265D+01 -0.67409001106578D+01  0.18258280844034D+02  0.17734038044698D-03 -0.59204430868116D-03 -0.11337479088108D-02
  0.10453169206725D+02 -0.45220364117289D+01  0.20631507080758D+02  0.66833884344905D-03  0.89350190829630D-03  0.35160348766583D-03
 -0.10130910298381D+02  0.48123223745404D+01  0.11176189022313D+02 -0.52114380636812D-03 -0.71151730303798D-03 -0.85394638325240D-04
 -0.10570331339978D+02  0.14755720268636D+01  0.11412186564876D+02 -0.74764532382261D-03  0.19272230156668D-03  0.18370169091942D-03
 -0.90674494022436D+01  0.23665471099630D+01  0.90889686629388D+01 -0.51764947236784D-03 -0.22744716384496D-03 -0.13146022609165D-02
 -0.66540115265301D+01  0.38016843241683D+01  0.22333392244994D+02 -0.16189110852673D-03  0.44351320638225D-03 -0.17210964731382D-03
 -0.58516246182209D+01  0.62545133634134D+01  0.20358213903607D+02  0.23143831296291D-03 -0.15551646488108D-03 -0.81735150993886D-04
 -0.39230702792641D+01  0.33402373706318D+01  0.20341537726471D+02 -0.16923984432527D-03 -0.60934813750856D-03  0.12509683009948D-02
 -0.14448724079904D+01  0.95439349602215D+01  0.22027448613649D+01 -0.28577785535433D-04 -0.11385404759913D-02 -0.24126962034848D-03
  0.15819128476643D+01  0.84555074856587D+01  0.16746256566448D+01  0.15671664828956D-02  0.31520235939546D-03  0.48907488493668D-03
  0.68707728122400D+00  0.99011849182702D+01  0.47167929887320D+01  0.27266464855207D-03  0.63971961462302D-04  0.10050727180002D-02
