 -1.0
 -0.62989859000743D+01 -0.19065102507389D+01 -0.37698365615724D+01 -0.15766766193698D-03  0.48630218400449D-04 -0.30260910198690D-03
 -0.53382781408582D+01 -0.25096872023044D+01 -0.14003506403425D+01 -0.16270493782004D-03 -0.48154436776030D-03  0.19337840714596D-03
 -0.34750265734536D+01 -0.86738981900656D+00 -0.32173270138335D+00 -0.20533925599064D-03  0.54510068856621D-03  0.98054558853483D-04
 -0.27031067818234D+01  0.12909290544240D+01 -0.16828778373187D+01  0.75386067823188D-04  0.13757880370189D-03  0.18443637061378D-03
 -0.39124066847323D+01  0.18312592440253D+01 -0.38764417060225D+01  0.41669409122797D-04  0.33709147301628D-04  0.17343300796399D-03
 -0.57362664985908D+01  0.35291494529032D+00 -0.50426414096384D+01  0.15214259785550D-03 -0.24527993940471D-03  0.12412504921393D-04
 -0.20985557757379D+01 -0.14470633920110D+01  0.19370171497344D+01 -0.11700193820195D-03  0.42503264018495D-03 -0.34006081997619D-03
  0.21631027080288D+00 -0.10544980087336D+00  0.24588427947888D+01 -0.88262868675275D-04  0.43457726943356D-05  0.47335267072537D-03
  0.50553572156766D+00  0.21706950238917D+01  0.10135078661946D+01 -0.24917359654722D-03  0.12869318124054D-03  0.31381355503290D-03
 -0.11850305697433D+01  0.30441873536960D+01 -0.48817144605838D+00  0.53100111556467D-03  0.18127268985004D-03 -0.20186245686255D-03
 -0.27568389940178D+01 -0.31771619506703D+01  0.39957900035689D+01 -0.61860338022661D-04  0.78804611933228D-03  0.63341040676275D-04
 -0.67844856964708D+00 -0.41678524366235D+01  0.55813410521172D+01  0.13893118332057D-03  0.27520729669604D-03 -0.25141528829747D-03
  0.17331411866470D+01 -0.33630971568395D+01  0.55555959987606D+01 -0.29357691579764D-03 -0.44472004904802D-03 -0.53868507211173D-04
  0.19562534334692D+01 -0.11149741057337D+01  0.43874844733811D+01  0.47639229175459D-04 -0.31848364306409D-03  0.34217074476559D-03
  0.38218226404578D+01  0.58952893918039D+00  0.52632492790217D+01  0.78927701357147D-05 -0.27446634635918D-04 -0.25383610486077D-04
  0.39873878925399D+01  0.29208499895939D+01  0.39850081207072D+01  0.17251558023555D-03 -0.47929177519911D-03  0.36817093257483D-03
  0.23404645476997D+01  0.38825946166603D+01  0.19453226179198D+01 -0.25107479141918D-03  0.15511670921945D-03 -0.55080643664298D-03
 -0.51600360242825D+01 -0.39775061199479D+01  0.48636702015565D+01 -0.25296271776589D-03 -0.30803664294544D-03  0.22309463444457D-03
 -0.55136652876169D+01 -0.60650997286887D+01  0.63728770214493D+01 -0.41020576008563D-03  0.11357663571741D-03 -0.51164936247415D-03
 -0.33680573104912D+01 -0.71188047664845D+01  0.76996889819044D+01  0.12783459035991D-03 -0.28431412772721D-03  0.12039642159864D-03
 -0.10606189942318D+01 -0.62704920142058D+01  0.72317364290146D+01  0.44912042707866D-03 -0.10176693364476D-03 -0.79148586812483D-04
 -0.73836011097656D+01 -0.23479341042891D+01  0.46759849652773D+01  0.14195364857012D-03  0.15367643080700D-03  0.12914100693576D-03
 -0.58256516901671D+01 -0.47944189417191D+01 -0.33088263817066D+00 -0.28173650798885D-03 -0.21413272756491D-03 -0.33828268179850D-04
 -0.65412557995277D+01  0.12950275614474D+01 -0.76436089186568D+01  0.14377036915893D-03  0.14568836064245D-03 -0.92584650893811D-04
 -0.40229930737008D+01 -0.86450397838530D+01  0.98941398441179D+01 -0.24447068429070D-03  0.23457596798906D-03  0.19535585896726D-03
 -0.32032525532926D+01  0.36317807071554D+01 -0.48199525347513D+01  0.43821861553762D-03 -0.54237639753348D-03  0.36747661059747D-03
 -0.72465609664083D+01 -0.35659565833511D+01 -0.47198611957518D+01  0.10975761546261D-03  0.24756005731871D-03 -0.13714611988347D-04
  0.28124878577986D+01  0.55600976090224D+01  0.99915612828790D+00  0.96897938496791D-03 -0.81808968407278D-03 -0.15454649692162D-02
  0.51095286626601D+01  0.40978596910340D-01  0.67228639285183D+01 -0.57085607074454D-03 -0.36992630832586D-03 -0.28797060597251D-03
  0.43483518961595D+00 -0.65994447917004D+01  0.84581563810915D+01 -0.98148544069362D-03  0.86795238751334D-03  0.11593341514919D-02
 -0.73713823465352D+01 -0.64572691488430D+01  0.69528206813262D+01  0.10505882268985D-02  0.33504158772745D-03  0.12379893840441D-02
 -0.64097570762878D+01 -0.21927199842980D-01 -0.95276251942656D+01  0.26008696974715D-03  0.49076472581897D-03  0.66225816745580D-04
 -0.69481759144357D+01  0.38836186213158D+01 -0.79752380365273D+01  0.35578707273825D-03 -0.23725523187706D-03 -0.94470642012654D-04
 -0.60459317543517D+01  0.45043426721601D+01 -0.10371651416661D+02  0.93388907541820D-05  0.54310510750773D-03 -0.12689366828265D-03
  0.63037792385099D+01  0.46234061004371D+01  0.45041503945640D+01  0.43503751711826D-03  0.50866679358594D-03 -0.94332572856508D-04
  0.83744976584469D+01  0.36965660006250D+01  0.44933956305372D+01  0.69994161176653D-04  0.16940019673029D-03 -0.13757262960328D-03
  0.58989161662054D+01  0.71312270849344D+01  0.42599235622785D+01 -0.36474639182042D-03 -0.21631966148183D-04 -0.30817772060470D-03
  0.81575872258039D+01  0.82481730543931D+01  0.44933972337366D+01 -0.14814216982039D-03 -0.41725576102803D-03  0.15584602139255D-04
 -0.62953639420972D+01 -0.89282546763066D+01  0.10238288604149D+02 -0.80591748216046D-04 -0.62890991947137D-04 -0.40649546534403D-04
 -0.21629880878833D+01 -0.96638920963162D+01  0.11328569745270D+02  0.92646039974072D-04 -0.20126791133160D-03 -0.49561703762558D-05
 -0.34339608735460D+01 -0.10736563378321D+02  0.13440510573353D+02  0.18556378729230D-03 -0.17995536080324D-03  0.67892397473871D-03
 -0.71304685586747D+01  0.25568728063084D+00  0.49058622779724D+01  0.13232701579638D-03  0.17563173137155D-03  0.10117956787161D-03
 -0.85485522277727D+01 -0.53645621683586D+01  0.39176971127195D+00 -0.25272063651426D-03  0.15304143274464D-03  0.15266290597608D-03
 -0.53543539044019D+01 -0.11368740354628D+02  0.13066065454563D+02  0.27885146915229D-03 -0.59039209505280D-03  0.59533007116319D-03
 -0.35343658448209D+01 -0.92844436386564D+01  0.14831922067768D+02 -0.11488771204036D-02  0.45081738752229D-04  0.14216149025283D-03
 -0.23127896437405D+01 -0.12304507418762D+02  0.13865261126388D+02 -0.48116440445150D-03  0.94703243633681D-04 -0.21097253865049D-03
  0.81957447402469D+01  0.10168370774413D+02  0.38512631724850D+01 -0.14473934512598D-03  0.35881840776451D-03 -0.55958641813953D-04
  0.95453931434995D+01  0.73144649385093D+01  0.33214975484014D+01 -0.40222372967312D-03 -0.51344104118333D-03  0.51536504204726D-03
  0.87721320995278D+01  0.83638990169951D+01  0.64416948221196D+01 -0.83175731592308D-03 -0.27958357836382D-04 -0.26308221006128D-03
 -0.93058132564946D+01 -0.73268229640034D+01 -0.14192347529355D+00 -0.11082335328794D-04 -0.17860631876445D-03 -0.19738516082528D-03
 -0.98053995613241D+01 -0.35755459869183D+01  0.18545614338011D+00  0.68264851029421D-03 -0.63806357852833D-03 -0.19454676193711D-03
 -0.84405368981942D+01 -0.54689368134746D+01  0.24910479706117D+01  0.87587168128198D-03  0.22936433586633D-03 -0.11615097723117D-02
 -0.87730563637089D+01  0.15056995137256D+01  0.47325270701472D+01  0.19081773737018D-03  0.17777415584377D-03  0.70014930313599D-03
 -0.55798885436964D+01  0.11022253509814D+01  0.35154232606421D+01  0.29585432003947D-04  0.15688618712350D-03 -0.51302662556067D-03
 -0.63842106012572D+01  0.56330583378262D+00  0.68930870010305D+01  0.15968419803538D-03  0.39617406697171D-03  0.40401336847415D-03
 -0.71775493717041D+01  0.33116148534446D+01 -0.11578450547430D+02  0.78373245430829D-03 -0.96211054485584D-03 -0.85006079243482D-03
 -0.41396403913424D+01  0.39439720032084D+01 -0.10744663020796D+02 -0.13695450037367D-02 -0.40113522425718D-03 -0.49899328817050D-03
 -0.62715222425839D+01  0.61670324366479D+01 -0.11344239171861D+02  0.91469988317601D-06 -0.28364259387060D-03 -0.14491412124650D-03
 -0.93519727369767D+00  0.82005973238788D+01  0.73124822706303D+01 -0.24257442899557D-03  0.52662655463022D-03 -0.45087588765377D-03
 -0.20597784366768D+01  0.58863619846064D+01  0.80128220939581D+01  0.36516036408798D-03  0.79813646544846D-04  0.53062464416974D-03
 -0.89962567110191D+00  0.42415791835615D+01  0.97133911271457D+01 -0.78465699750464D-03  0.34992073748947D-03 -0.25764178281820D-04
  0.17325810963561D+01  0.47898030788456D+01  0.10318975504483D+02  0.34650360135753D-03  0.13979867605552D-03  0.93341013627637D-04
  0.26557081673677D+01  0.72923486904869D+01  0.96506368544311D+01  0.28489159204120D-03 -0.11596453144423D-03 -0.27411602648196D-03
  0.11550130387043D+01  0.90628559929370D+01  0.85008386058200D+01 -0.42538635883689D-04 -0.19177461839819D-03  0.23350344098067D-03
 -0.17282519219293D+01  0.19089141640521D+01  0.10404563095599D+02  0.23412439907300D-03  0.11569191084357D-03 -0.66532367264988D-03
 -0.12817254854930D+00  0.80064967333066D-03  0.11215618763565D+02 -0.71906882007271D-03  0.58983860751199D-03  0.12178133543941D-03
  0.23998608213357D+01  0.74634533021275D+00  0.11629788175792D+02 -0.40909467629696D-04 -0.49377737299746D-04 -0.16311949904495D-03
  0.33029002670128D+01  0.31597980404132D+01  0.11301255734831D+02  0.60896579072164D-04 -0.52793657438827D-04 -0.13157016343408D-03
 -0.45151070828082D+01  0.11487602819530D+01  0.10417494029859D+02  0.16097196853684D-04 -0.30625903032169D-03 -0.38673168616720D-04
 -0.51573984679754D+01 -0.14297233557321D+01  0.10996819310259D+02  0.63193896049691D-04  0.28403810308323D-04 -0.12587132343370D-03
 -0.33915350726426D+01 -0.32378796209154D+01  0.11380434705504D+02  0.98452089021682D-04 -0.30111063140827D-03  0.36557768700664D-04
 -0.89063176837727D+00 -0.26087054818012D+01  0.11851831336613D+02  0.92804376225608D-04  0.19307448774568D-03 -0.14288250716611D-03
  0.87333824324231D+00 -0.43163273134145D+01  0.12632426517871D+02  0.32192612287562D-03 -0.27604410256439D-03 -0.28925349813689D-04
  0.33414813095503D+01 -0.37305099449296D+01  0.12866667286983D+02  0.14522409258883D-03 -0.72273534365533D-04  0.19050433024416D-03
  0.41659859727750D+01 -0.11654414118453D+01  0.12225471726673D+02 -0.26473478035404D-03  0.37196375961304D-03 -0.24899779154013D-03
 -0.66937787008473D+01  0.29398243119944D+01  0.10573248303569D+02 -0.16601073514681D-03 -0.16205218464213D-03  0.97646731292384D-04
 -0.91941882283707D+01  0.21673290396645D+01  0.10609298216383D+02  0.25495146303657D-03 -0.90898460817203D-04  0.87036884596537D-04
 -0.95040158876205D+01 -0.43142779223630D+00  0.11013491368446D+02  0.15198905087683D-03 -0.19524630148700D-03  0.60244336218423D-03
 -0.77013983278384D+01 -0.23121617758905D+01  0.11021930830584D+02 -0.16415239249080D-03 -0.29813388030673D-03 -0.17145819832208D-03
 -0.61679228475491D+01  0.54105877164722D+01  0.11058894375891D+02  0.22909753480082D-03  0.14486228678198D-03  0.12924150330461D-03
 -0.40209317345858D+01  0.50478975305511D+01  0.64002909532377D+01 -0.29419106594369D-03  0.34185488851983D-03 -0.12711648212908D-03
  0.20608482285230D+01  0.11565286416718D+02  0.79997237193974D+01 -0.30012591777622D-04 -0.35896137940022D-04 -0.95204616570006D-04
 -0.12080695066412D+02 -0.14641098439305D+01  0.10625104695409D+02  0.16364508969568D-03 -0.23590545164429D-03 -0.27819676242824D-03
  0.45995859036236D+01  0.75336131599625D+01  0.10218840718876D+02 -0.24951821840365D-03 -0.61519838462771D-03  0.15952719869514D-02
 -0.19520070866025D+01  0.92330177594973D+01  0.59204499699845D+01 -0.17155841208901D-03 -0.58984027758953D-03 -0.44864124090228D-03
  0.61840185189408D+01 -0.57892676803430D+00  0.12505262903577D+02 -0.12730858756831D-03  0.21862604222235D-03 -0.43315897499138D-04
  0.20440487596299D+00 -0.62739235683769D+01  0.12930905712890D+02 -0.12051256766098D-02  0.21030662414426D-03  0.14835214681502D-04
 -0.78314186837263D+01 -0.41554419591480D+01  0.11491533466286D+02 -0.18528922678075D-03  0.92590722813368D-04 -0.29646223272772D-03
 -0.10987058302633D+02  0.32249852316655D+01  0.10272086794626D+02 -0.23049833178985D-03 -0.56150981629126D-03  0.67140133408436D-03
  0.17578364396131D+01  0.13143926759749D+02  0.62768225393355D+01 -0.16001259650779D-03  0.62904816823709D-03  0.29201969840010D-03
  0.36772363933949D+01  0.12321717795309D+02  0.99620548332836D+01  0.45269316975905D-05 -0.15097454331434D-03  0.43288491030390D-03
  0.53020602309474D+01  0.14583726490174D+02  0.10127519768977D+02  0.41390296609177D-03 -0.28614588243982D-04 -0.30885807694171D-03
  0.50989219766185D+01 -0.59924208879121D+01  0.12957282986769D+02  0.28578430279420D-03 -0.44166068248476D-04 -0.23131579928029D-04
  0.69100206532439D+01 -0.61498791580751D+01  0.11471026105574D+02 -0.12083265705590D-03 -0.27821018020556D-03 -0.37472633924442D-03
  0.42623172004656D+01 -0.76838631291165D+01  0.14563197526911D+02 -0.95155859536974D-04  0.39705592375088D-03 -0.22807278050329D-04
  0.59444681774509D+01 -0.98307873316004D+01  0.14228144263336D+02 -0.11577125427194D-03 -0.50291693126001D-04  0.88260969703882D-04
 -0.13836990257659D+02 -0.19055156608310D+00  0.98956839322835D+01  0.10990986363141D-03 -0.35435813804425D-03 -0.96048427424809D-04
 -0.12098155103300D+02 -0.40844001494844D+01  0.10888044037578D+02 -0.32871521559002D-04  0.35712188849903D-04 -0.31888473920032D-03
 -0.14567631443051D+02 -0.51175942231505D+01  0.11120217154452D+02  0.20260585766713D-03  0.17502827589255D-03 -0.11707553528905D-04
 -0.82418217853805D+01  0.71093427679868D+01  0.11392470707080D+02  0.50595347726082D-03 -0.34784977539209D-03  0.21715460100961D-03
 -0.50503215252976D+01  0.66640917491867D+01  0.45212308095741D+01 -0.26490591014212D-04 -0.23933594799730D-03 -0.11804354070884D-03
 -0.14645545084219D+02 -0.71754166204518D+01  0.11036487769942D+02 -0.11738185321011D-03 -0.22469630758486D-03  0.59241937489053D-03
 -0.15641660718941D+02 -0.44034434157079D+01  0.95287799784492D+01 -0.28415444996875D-04 -0.28852255937221D-03 -0.26078246032630D-03
 -0.15529090238049D+02 -0.45825526961523D+01  0.12670693980919D+02  0.42750237601267D-03 -0.66511607741727D-03  0.23737392442982D-03
  0.46777638240082D+01 -0.11362391898552D+02  0.14728132185164D+02 -0.92191621594047D-03  0.40886431534052D-03  0.25209730138652D-03
  0.76000803142015D+01 -0.99056684079292D+01  0.15699626160370D+02  0.20964755175966D-03 -0.15179168911543D-03  0.43928380058478D-03
  0.67525031236953D+01 -0.98781293901619D+01  0.12236678215922D+02 -0.81433605300015D-04  0.49680491406096D-03 -0.37512667375579D-03
 -0.58480726936554D+01  0.83483154053679D+01  0.54968870219502D+01  0.15159776349563D-03 -0.20358317057339D-03  0.51937104070606D-03
 -0.64295184245082D+01  0.55500292097683D+01  0.37446141375057D+01 -0.80024772526852D-04 -0.55983848140523D-03  0.47712508335825D-03
 -0.36390299584023D+01  0.74757979876746D+01  0.32771938688583D+01 -0.11605654832352D-03 -0.46376065175542D-03  0.10279376192803D-02
 -0.91145300839021D+01  0.73291239082396D+01  0.94179998473589D+01  0.32784074256061D-03  0.10243929587028D-02 -0.18820914989348D-03
 -0.74240140344103D+01  0.90670126698557D+01  0.11638650050766D+02  0.98389496880133D-04  0.23672970595321D-03 -0.47801017159379D-03
 -0.94531299326003D+01  0.61570424125604D+01  0.13060270869898D+02 -0.14673030607362D-03 -0.32879969353518D-03  0.80519464552332D-03
  0.49858830564311D+01  0.15252429125865D+02  0.12177881758470D+02 -0.42323163507742D-03 -0.56318180345356D-03 -0.74036650231252D-03
  0.52103169350091D+01  0.16114427962764D+02  0.86821370406319D+01  0.12970844916886D-03 -0.49763240091467D-03 -0.49304061439323D-03
  0.72093385610780D+01  0.13903753613008D+02  0.10586065569481D+02  0.76710237624438D-04  0.25712406050466D-04 -0.50477993463049D-03
