 -1.0
 -0.54818825808740D+01 -0.10773828626640D+01 -0.50741650769953D+01  0.27404684331873D-03 -0.24263035737977D-03 -0.62708600784628D-04
 -0.52401875608574D+01 -0.22596437301927D+01 -0.26795516379964D+01  0.19917897729479D-03  0.33352096960658D-03  0.55660530118950D-03
 -0.32748730607763D+01 -0.69900182971003D+00 -0.12460279618567D+01  0.16290402083999D-03  0.12655271216383D-03 -0.14064354301833D-03
 -0.19476227748146D+01  0.13393550947800D+01 -0.23376087657761D+01 -0.23684708895105D-03 -0.11577581631779D-03 -0.65293338567190D-03
 -0.26071333107204D+01  0.21687623356455D+01 -0.45279487610253D+01 -0.28392357728174D-03  0.41774222999908D-03  0.56616638437411D-03
 -0.42827846335113D+01  0.10052623613371D+01 -0.59761895879874D+01 -0.62152166346514D-03  0.18676105532166D-03  0.55349635221065D-03
 -0.26775237314193D+01 -0.13472357630717D+01  0.13377946135392D+01  0.42289663152430D-03  0.31964192702286D-03  0.30356666006763D-03
 -0.23519037448987D+00 -0.68382406227591D+00  0.22447574485724D+01 -0.96572450389341D-04  0.21225178335385D-03 -0.33549711216800D-04
  0.12930194477658D+01  0.76624198081726D+00  0.52900524139559D+00 -0.56373620396056D-03  0.17825012899584D-04  0.33384149345861D-03
  0.27463684467707D+00  0.20878995968326D+01 -0.13882267131534D+01 -0.30357398855932D-03  0.49911737416274D-03 -0.16306080142489D-04
 -0.42884007761167D+01 -0.27115952562618D+01  0.31756191894402D+01 -0.15133998057561D-03 -0.85097993877867D-03 -0.30728869265750D-04
 -0.29332621373278D+01 -0.36926824151952D+01  0.53052961575722D+01  0.43163885350772D-03 -0.36771004235857D-03 -0.45627000320479D-03
 -0.55700829542140D+00 -0.34751081195623D+01  0.59574185359994D+01 -0.60217835644092D-03  0.29042375978404D-05  0.59593574626821D-03
  0.75266730013219D+00 -0.15624097098306D+01  0.46662442288430D+01  0.13536196804069D-03 -0.20142112179184D-03 -0.27770523754064D-03
  0.31359575845591D+01 -0.73089129222460D+00  0.55513143574037D+01 -0.96309004497752D-04 -0.39528660886777D-03  0.10592096294972D-03
  0.44550860408025D+01  0.90522972260160D+00  0.40050008121620D+01  0.11800535061105D-03  0.16369296441025D-03 -0.37717238515556D-04
  0.36623886607609D+01  0.16588140261402D+01  0.14436605492946D+01 -0.61625749984945D-03  0.55015177545396D-03 -0.11900746925557D-03
 -0.70152346595943D+01 -0.29980099144072D+01  0.31184048415607D+01 -0.18020914368437D-03 -0.44293511861959D-05  0.21719104209538D-03
 -0.80418026879970D+01 -0.51553660614287D+01  0.44751572350851D+01  0.32415331231375D-04  0.62555792907751D-04 -0.21875382159713D-03
 -0.66106555070762D+01 -0.67005269309213D+01  0.59463616141375D+01 -0.21186140369145D-03  0.19602184318426D-03 -0.43316438033067D-03
 -0.42034751686827D+01 -0.58476107144523D+01  0.63711201202010D+01 -0.22947048180165D-03  0.73752388134952D-03 -0.26148842342557D-03
 -0.82834051236104D+01 -0.15944111325577D+01  0.11267425638378D+01 -0.12113956659046D-03  0.93870270091543D-04 -0.11796906303925D-03
 -0.58282588078348D+01 -0.46863641801951D+01 -0.22604083035099D+01 -0.21242632429939D-03 -0.10484134513735D-03 -0.20931080719055D-03
 -0.53471486256006D+01  0.27059084594083D+01 -0.82540216507825D+01  0.17751227034641D-03  0.17430666103441D-03 -0.10836452392872D-03
 -0.75629522765049D+01 -0.92081672867237D+01  0.67481708442962D+01  0.55982091448767D-04 -0.55311841089459D-04 -0.10772236826144D-03
 -0.17320268148624D+01  0.36674775928402D+01 -0.51195982645793D+01 -0.54178863573667D-04 -0.15113624115318D-04  0.69388712256301D-04
 -0.67771464332757D+01 -0.20520204636623D+01 -0.64778443200944D+01 -0.27663551586260D-03 -0.55908575483957D-03 -0.91534600355543D-03
  0.51431884118031D+01  0.25426939630272D+01  0.14509821742488D+00  0.87534201181276D-03  0.22883985108428D-03 -0.69111474956249D-03
  0.41477855549278D+01 -0.13256103279172D+01  0.71542021034314D+01  0.72390237820903D-03  0.38079739334349D-03  0.15498353262071D-03
 -0.27128621012696D+01 -0.71322337395409D+01  0.69028515804840D+01 -0.39113011555133D-03  0.21429272208119D-03  0.59364853767373D-04
 -0.98063272346097D+01 -0.58498017005732D+01  0.36226359973672D+01  0.21408368324220D-03  0.66754775938279D-04 -0.15455221410018D-03
 -0.45749714559351D+01  0.48661893609904D+01 -0.83421293292737D+01 -0.13227532585377D-03 -0.14971035203998D-03 -0.31932744213899D-03
 -0.75916511372424D+01  0.19616778397469D+01 -0.93422273381238D+01  0.25778292992413D-03  0.28292499149763D-03  0.23327340233867D-03
 -0.86999763297635D+01  0.35991925196196D+01 -0.11102140300746D+02  0.33000806657744D-03 -0.25473880072041D-04  0.65934833847774D-04
  0.69920992833381D+01  0.22481213728276D+01  0.49422148940648D+01 -0.20099876889030D-03 -0.68670037094295D-03  0.52873901859397D-04
  0.82147072364053D+01  0.34745996942597D+01  0.33349151141335D+01  0.64887832991426D-03 -0.58451365459690D-04  0.29915905110475D-03
  0.74734817499747D+01  0.14716399539319D+01  0.72650848323682D+01 -0.81420366060295D-03  0.12418989050219D-03 -0.71323479016244D-04
  0.10080505011754D+02  0.16657589945103D+01  0.77227460225465D+01  0.61598147469463D-03  0.47381171804155D-03  0.33275205209453D-03
 -0.64123426253426D+01 -0.10294406051108D+02  0.82796490025374D+01 -0.52144204347510D-03 -0.28097036277590D-03 -0.10989915453505D-03
 -0.95326166910743D+01 -0.10450639325714D+02  0.56847254367461D+01 -0.28015889151448D-03 -0.23537283212755D-04 -0.54704136934421D-03
 -0.97359967432003D+01 -0.12856894013780D+02  0.68365779207509D+01  0.53782982469599D-03  0.18904684759808D-03  0.40024577541452D-03
 -0.11062593690469D+02 -0.82291255458333D+00  0.14363640314772D+01 -0.99701368217566D-04  0.40800131761350D-04 -0.36799266424772D-04
 -0.75064487500613D+01 -0.59234498498414D+01 -0.37619387901712D+01  0.13788574969393D-03 -0.13504986712273D-03 -0.51730855725949D-04
 -0.80674339535891D+01 -0.13318642413439D+02  0.77558464632928D+01  0.10789865171040D-02  0.50591486640541D-04 -0.97558781778942D-03
 -0.10404023968329D+02 -0.14222983005222D+02  0.52923925848645D+01 -0.92072414232738D-03 -0.11608187740126D-02 -0.91414410831063D-04
 -0.11340210780585D+02 -0.12689206488180D+02  0.81233134640015D+01  0.10301730367531D-02 -0.16640375416706D-03  0.79382406889581D-03
  0.11260202209370D+02  0.20105200607616D+01  0.61671601884713D+01 -0.90964729575903D-03  0.63403239429818D-03  0.10182310154936D-02
  0.10644400007842D+02 -0.18398936871731D+00  0.84818195712287D+01  0.60392740391918D-04 -0.11422876940521D-02 -0.10182548151798D-02
  0.10143891932306D+02  0.34205445589151D+01  0.89777343296044D+01 -0.24520731219725D-03  0.30591171695031D-05  0.42371077574737D-03
 -0.84026112725334D+01 -0.49884827432108D+01 -0.53482223164393D+01 -0.42939096312011D-03 -0.69677298548841D-03 -0.82863984393586D-03
 -0.91590034989436D+01 -0.66900213507283D+01 -0.25771784681983D+01 -0.72481450495371D-03 -0.64266155820264D-04 -0.18182358904860D-03
 -0.64509158017094D+01 -0.76698414144941D+01 -0.48437008114567D+01  0.11604243751555D-02 -0.62049606280625D-03 -0.27495379199508D-03
 -0.12512768104201D+02 -0.22046734706022D+01  0.18912778964418D+01 -0.10202513682237D-03  0.30829387540177D-03  0.52028135175252D-04
 -0.11457366606782D+02  0.15270275539927D+00 -0.39779906755033D+00 -0.39773560875274D-03 -0.72718320503134D-03 -0.11171684647373D-02
 -0.10994890094098D+02  0.79565888280366D+00  0.26666829686764D+01 -0.35186722342260D-03 -0.16064201302230D-02  0.27392502044985D-03
 -0.96764245062402D+01  0.25519206035014D+01 -0.12787980054652D+02 -0.20046235625169D-03 -0.14454266716487D-02 -0.31295564176155D-05
 -0.71788885294131D+01  0.44510994678086D+01 -0.12185068476555D+02 -0.10489518043222D-02 -0.60691069876218D-03 -0.17842721888472D-03
 -0.97102866093813D+01  0.51009765446007D+01 -0.99742709850511D+01  0.30975374781335D-03  0.38832168294828D-03  0.23707495190376D-03
 -0.18838707906379D+01  0.84129550891132D+01  0.77737663268392D+01  0.33125011796059D-03 -0.42637780669228D-03  0.34787505219616D-03
 -0.21393299216481D+01  0.59612311645458D+01  0.87409970567250D+01  0.33063037709159D-03 -0.35910745211454D-03  0.85770044734241D-05
 -0.29216691013083D+00  0.47324848247927D+01  0.10394210097159D+02 -0.35390360375139D-03  0.31801946736909D-03  0.19861832271331D-03
  0.18020940148337D+01  0.62739483377710D+01  0.10962409745066D+02 -0.41099245597283D-04 -0.31640198796689D-03  0.22551082743704D-03
  0.21159873512985D+01  0.87597416459345D+01  0.99943657921775D+01 -0.13800641589747D-03 -0.19233257927187D-03 -0.70061091876778D-03
  0.35833388928135D+00  0.99116120039352D+01  0.84352660082304D+01  0.20312795938865D-03  0.95672653105818D-04  0.57381453007719D-03
 -0.84687170944964D+00  0.26478035223374D+01  0.11943537585660D+02  0.12309682852243D-03 -0.30782066097879D-03  0.17476897760782D-03
  0.11276821122088D+01  0.14032690459658D+01  0.13142857205207D+02  0.47534401334956D-03  0.40118137759614D-03  0.68350808659641D-03
  0.32862993935523D+01  0.27853436958267D+01  0.13224261362212D+02  0.32054041100678D-03 -0.45112145154690D-03  0.16032279936888D-03
  0.33985130972563D+01  0.53012318082379D+01  0.12698158628771D+02 -0.31495639122292D-03 -0.59940531726447D-04  0.23114008459043D-03
 -0.33755523463860D+01  0.14404723545546D+01  0.12111890810199D+02 -0.10339769006541D-04  0.28695557976029D-03  0.21599759646855D-03
 -0.34989244595966D+01 -0.13307781290622D+01  0.12513757210622D+02 -0.42664918252258D-03 -0.72065465463310D-03  0.13644932589850D-03
 -0.12370753239367D+01 -0.23240716515198D+01  0.13436196543521D+02 -0.50157354203790D-03  0.43194428005304D-03 -0.23828251824772D-03
  0.10451903309048D+01 -0.11203065930568D+01  0.14028991362177D+02  0.34880936922280D-03 -0.37972916424142D-03  0.24198936746367D-03
  0.30400564725209D+01 -0.23312953296249D+01  0.15056208060130D+02  0.13034191331803D-03  0.22593325049882D-03 -0.43899318917870D-03
  0.51955384144779D+01 -0.93266934688180D+00  0.15333364493084D+02  0.96731697052817D-04  0.34668878948364D-04 -0.22027952596867D-04
  0.51226312013312D+01  0.16801268230976D+01  0.14780580274316D+02 -0.14735712032004D-04 -0.43575720681261D-03  0.43673013265055D-03
 -0.57951220802385D+01  0.25398213175306D+01  0.12306488872056D+02  0.62828773403764D-03  0.21218487964937D-03 -0.28576385645432D-03
 -0.78768149893416D+01  0.96010367237557D+00  0.11990543819479D+02  0.11818808369924D-03 -0.21544571722183D-03 -0.46218132523421D-03
 -0.79687459848936D+01 -0.17154408877947D+01  0.11725761275589D+02 -0.16358544923742D-03  0.47237490722759D-03  0.29847461479774D-03
 -0.55931431570916D+01 -0.28679134103934D+01  0.11705528682728D+02  0.23893245315118D-03  0.11404208087578D-03 -0.16218498933970D-03
 -0.61420472936563D+01  0.50155675558904D+01  0.13118283350621D+02 -0.26257997850811D-03 -0.67653040062754D-03  0.24966893881289D-03
 -0.43017831806230D+01  0.45274413845967D+01  0.78058059094471D+01  0.91179679954518D-04  0.53665072753853D-04  0.15247884535411D-03
  0.72523715290439D+00  0.12555241384046D+02  0.80123527353652D+01 -0.17698350656157D-04 -0.45953229950072D-03  0.21367423258203D-03
 -0.10216326792837D+02 -0.29920616427087D+01  0.10704983530658D+02  0.43883325116381D-03  0.35161611302801D-03 -0.37322039519539D-03
  0.36175798359984D+01  0.10241133474943D+02  0.10663862741428D+02 -0.52273364797983D-03  0.91538826068474D-03 -0.53851893127379D-03
 -0.32632445886354D+01  0.90269026144383D+01  0.62345646574870D+01  0.68693451456208D-04 -0.59220635023588D-04 -0.33994714057927D-03
  0.67802261334246D+01  0.28488983606511D+01  0.14844676388753D+02 -0.34812589665884D-03  0.59451705430971D-04  0.81664172619200D-04
  0.30382804168669D+01 -0.42545672617551D+01  0.15771144480805D+02  0.11169949397741D-02  0.24483372211989D-03 -0.42721525636696D-04
 -0.53696202353022D+01 -0.47353200786291D+01  0.11820309730669D+02 -0.35879585362783D-03  0.73125403203668D-03 -0.24545542701163D-03
 -0.97390010809340D+01  0.17473402529284D+01  0.11948861444555D+02  0.11699710642401D-03 -0.17260712612068D-04  0.10383705874304D-02
 -0.10596803135994D+01  0.13860861481504D+02  0.88565046880170D+01 -0.68316292108689D-04  0.11237931998583D-03 -0.12488397457000D-03
  0.29233829757021D+01  0.13521632930076D+02  0.70052832854838D+01 -0.27505668649678D-03  0.58099824439543D-03 -0.51553846886585D-03
  0.28981273024365D+01  0.16019620032250D+02  0.69811104066114D+01  0.54581505632197D-03 -0.38632340800407D-03 -0.23911153610896D-04
  0.74310676155031D+01 -0.20712838054548D+01  0.16744615588200D+02 -0.12672420643772D-04 -0.12634093212274D-03  0.12227218737016D-03
  0.91335645253116D+01 -0.30740804988961D+01  0.15529027163130D+02 -0.65473628952243D-05  0.30559728983737D-03  0.19336975274929D-03
  0.71466347044443D+01 -0.20513583285706D+01  0.19322686684374D+02  0.18319860338694D-04  0.71452860458171D-04 -0.40683914055915D-03
  0.94076220480890D+01 -0.33877989863486D+01  0.20555105571742D+02  0.42537427111088D-03 -0.37369853853274D-03  0.28838097648071D-03
 -0.12344335129550D+02 -0.20246738607508D+01  0.10787734191200D+02  0.51416875350688D-03  0.86237597688612D-04 -0.34407878793456D-03
 -0.10231827793569D+02 -0.57498393108350D+01  0.10476575978461D+02 -0.95375338034168D-04 -0.41165155360582D-03  0.13000861997772D-03
 -0.12381111994519D+02 -0.69919362252516D+01  0.99792801766951D+01  0.30446454387844D-03  0.17354582398104D-03  0.95285239005725D-04
 -0.74921020608447D+01  0.67616049608789D+01  0.11923804928499D+02 -0.84105022879967D-04  0.52353088118582D-03  0.10144375588026D-03
 -0.33557058570668D+01  0.24380733686172D+01  0.64578243810290D+01  0.23167541159718D-03  0.64610987570800D-04 -0.13359134214703D-03
 -0.11792775021541D+02 -0.89951447578417D+01  0.10133918984218D+02  0.38357648652965D-03  0.58604215770910D-03 -0.25570052545986D-05
 -0.13591660840283D+02 -0.63805417563344D+01  0.86472844421333D+01 -0.12995118001549D-02  0.33731535055136D-03  0.53691348002159D-03
 -0.13621041665539D+02 -0.66002461589014D+01  0.11719801822860D+02  0.34396629656898D-03  0.97048043534632D-03 -0.22373324781445D-04
  0.11154551231985D+02 -0.30321949345686D+01  0.19252039298960D+02  0.47293422735808D-03 -0.19961789404190D-03  0.74883386927127D-03
  0.93865325587192D+01 -0.54453865872637D+01  0.20427827683671D+02  0.46766511030921D-04  0.46684037890098D-04  0.46376517850317D-03
  0.99936392661244D+01 -0.27571445458450D+01  0.22304463392580D+02 -0.53638069329310D-03  0.82782462796764D-03 -0.11104448660500D-02
 -0.24572001016782D+01  0.36455817552647D+01  0.49300415528709D+01  0.20483035899999D-03  0.11055252794401D-02 -0.29295732552643D-03
 -0.49972438267557D+01  0.10408168625649D+01  0.65118452441771D+01 -0.45354678710522D-03 -0.50342319111902D-03  0.58643017208614D-03
 -0.18577731458321D+01  0.16887247186210D+01  0.77620508173627D+01  0.32102377978873D-03  0.25028189657890D-03  0.59189354192659D-03
 -0.84804589755656D+01  0.61102450442392D+01  0.10255834601874D+02  0.24711689775281D-03  0.69452665926496D-03  0.15193048881635D-03
 -0.65413693529541D+01  0.83743634124509D+01  0.11090726893025D+02 -0.27035661113643D-03  0.11765107259598D-02 -0.35908046428870D-03
 -0.89368210024772D+01  0.74642106401829D+01  0.13541466510596D+02 -0.10992864578064D-03  0.25471320519697D-03  0.43615580908351D-05
  0.10718095350424D+01  0.16535655010521D+02  0.61769616946562D+01 -0.41434966950002D-03 -0.79874518104128D-03 -0.10084508189810D-02
  0.38717662637020D+01  0.16129153245131D+02  0.53549335704996D+01  0.27068541710714D-03 -0.13136839207539D-02  0.62929652518754D-03
  0.35473091062638D+01  0.16772792247771D+02  0.87254763216469D+01  0.16174165533678D-03  0.41091019049538D-03 -0.64288224587309D-03
