 -1.0
 -0.61991600954688D+01 -0.69840610076427D+00 -0.25040655407279D+01  0.13992171147317D-03 -0.25534232473258D-03 -0.46044110712405D-03
 -0.41474463746699D+01 -0.22039154325939D+01 -0.14959092993238D+01 -0.52157433971333D-03  0.14192563170573D-03  0.21631972607019D-04
 -0.23784282900644D+01 -0.72689855967198D+00 -0.50624961032382D-01 -0.87380281529298D-04  0.38784174404123D-03 -0.48134216838445D-06
 -0.20616855340737D+01  0.16925332695179D+01 -0.64105434930312D+00  0.51737742222273D-04  0.19728358989747D-03  0.46312607609430D-03
 -0.37519820643141D+01  0.31700924620457D+01 -0.19803977333261D+01  0.15262071332830D-04  0.49256945825192D-04 -0.60283238814371D-03
 -0.59077224876541D+01  0.19200181335714D+01 -0.28371944028461D+01  0.39259580894510D-03 -0.84398865466716D-04 -0.51563069569993D-03
 -0.83001748417826D+00 -0.21130491643570D+01  0.18284495912015D+01 -0.26333955463112D-04 -0.11917720810794D-03 -0.42983455258255D-03
  0.14273131416978D+01 -0.81860432637641D+00  0.24257778176587D+01  0.25779621453998D-03 -0.11492390554764D-03  0.14918265758568D-03
  0.19002266849403D+01  0.16527976876448D+01  0.13422077273337D+01  0.87564942476877D-04  0.17263371706748D-03 -0.48519079231037D-04
 -0.64464597206836D-01  0.28978577360143D+01  0.33678549559092D+00  0.27859298054048D-03 -0.64852855413827D-03 -0.11037306849909D-03
 -0.15485162188083D+01 -0.42663719584963D+01  0.32941494774935D+01  0.31468678650254D-03 -0.67124928025015D-03  0.14492363794753D-03
  0.29948007862581D+00 -0.52876242312224D+01  0.47689764121103D+01 -0.52067263455171D-03  0.50815803837882D-03 -0.10675784008741D-03
  0.26808771710912D+01 -0.43250852700100D+01  0.49271725043149D+01 -0.40395623770606D-03 -0.44722868361135D-03 -0.29832314569593D-03
  0.31860068902178D+01 -0.19921803351779D+01  0.41955674537900D+01 -0.21240519552553D-03 -0.20327511169903D-03  0.59919358522498D-03
  0.51348340577783D+01 -0.49985079015867D+00  0.49769879238653D+01 -0.61318868227461D-03  0.83387772318383D-04  0.29657858572195D-03
  0.54076862162269D+01  0.18739605341919D+01  0.41107086207861D+01 -0.39830311826874D-03  0.40256367089855D-03 -0.22188792136108D-03
  0.39246766140126D+01  0.29681085400530D+01  0.22058926704228D+01  0.24418256728170D-03 -0.44846067959138D-03 -0.64274514491478D-04
 -0.41104651593349D+01 -0.46828674913594D+01  0.37334145687201D+01 -0.38633188646451D-03 -0.20445922156859D-04 -0.28998081851649D-03
 -0.46729285121258D+01 -0.64410496016758D+01  0.55610745576970D+01 -0.46166598914915D-04  0.16370318695928D-03 -0.26988170122491D-04
 -0.27809201245516D+01 -0.76354550950100D+01  0.72681237695340D+01 -0.10153646046534D-04  0.36585835377813D-03 -0.12107334717717D-04
 -0.32352385171225D+00 -0.70917795519466D+01  0.68643509443672D+01  0.18741005457715D-03 -0.37705707629479D-03  0.51040712017739D-03
 -0.59643628905745D+01 -0.33191036262355D+01  0.28406475877950D+01  0.68165073688833D-03  0.53908485637057D-04  0.92211313636161D-04
 -0.41516746140223D+01 -0.47467658214454D+01 -0.18390651871067D+01 -0.14399965909078D-03  0.28110515786642D-03 -0.73163186953250D-04
 -0.77118203575869D+01  0.35069064748340D+01 -0.42093560185175D+01 -0.24286910958393D-04 -0.22132145277041D-03  0.21789073214609D-04
 -0.37685876365067D+01 -0.87456726715977D+01  0.97227718205398D+01  0.24756718012790D-03 -0.54000659710162D-03 -0.27578132892697D-03
 -0.33361417880664D+01  0.53315441802913D+01 -0.21686387188897D+01  0.40201245825457D-03  0.93285471347581D-03 -0.15303845301408D-03
 -0.78546093346508D+01 -0.15829973425272D+01 -0.34544358304788D+01 -0.40746050227331D-03  0.40318402681915D-03  0.33264114202559D-03
  0.40322348248677D+01  0.50246953555065D+01  0.20988524953256D+01  0.14384368973822D-03  0.30768809998726D-04 -0.61315706874946D-03
  0.64119292508896D+01 -0.12343493772672D+01  0.66242776364622D+01 -0.28693596965054D-03 -0.32751210796721D-03 -0.23611523574135D-03
  0.10977992130304D+01 -0.75489100053910D+01  0.79766318012959D+01 -0.51768752392373D-03 -0.68589065025592D-03  0.32332257838428D-03
 -0.64864539676508D+01 -0.64127518442817D+01  0.62741472416052D+01  0.86355757666681D-04 -0.34816056211378D-03  0.20974801324569D-03
 -0.88415121458785D+01  0.22810718270002D+01 -0.58319066465519D+01  0.12697249481683D-04  0.15630809843774D-03 -0.40569870162015D-03
 -0.83788334470366D+01  0.60875345259727D+01 -0.34341176604362D+01 -0.12130700498102D-03 -0.51107429878705D-03 -0.32912711965793D-03
 -0.10336579106459D+02  0.69546898235179D+01 -0.50923546221877D+01 -0.20502590856171D-03 -0.64805214331302D-03  0.60688970558582D-03
  0.72750689234581D+01  0.35574943825516D+01  0.54174973944665D+01  0.21643961489197D-04  0.54217019392863D-03  0.96108543585312D-04
  0.80225287661124D+01  0.26436526870765D+01  0.73713315066548D+01  0.13536570601895D-03 -0.24453791136768D-04 -0.11251629253441D-03
  0.82006301754085D+01  0.56147464465377D+01  0.45569082158057D+01 -0.20496492113127D-03  0.19976581902889D-03 -0.28182678957400D-03
  0.10461485705956D+02  0.62968817223755D+01  0.58416034688030D+01  0.95216466788577D-03 -0.24257468584040D-03  0.46291279391226D-03
 -0.60556357658107D+01 -0.92877093872579D+01  0.99588751885451D+01  0.91891911127651D-04  0.34143960306901D-03 -0.14445860456419D-03
 -0.17770119407291D+01 -0.90797685242454D+01  0.11330894238821D+02 -0.10313694017078D-03 -0.14703062742288D-03 -0.45969255783063D-03
 -0.27537608689001D+01 -0.99029570702712D+01  0.13404422571398D+02 -0.55619170584414D-04  0.33981664948766D-03  0.77850252857703D-04
 -0.84646067742533D+01 -0.42873466978319D+01  0.28606712621714D+01  0.21331561668833D-03  0.94077097979870D-03  0.26434809625161D-03
 -0.17354600769567D+01 -0.57630990873113D+01 -0.24128231764255D+01 -0.27418925838836D-03  0.46647151751278D-03  0.13395097256691D-03
 -0.13157006179389D+01 -0.11156486562827D+02  0.14270104824992D+02 -0.27693348807924D-03  0.14590913127151D-02  0.82252111054743D-03
 -0.42710506919292D+01 -0.11199984944355D+02  0.12946375610106D+02  0.22758071582943D-03  0.99416313245495D-04  0.37743847656563D-03
 -0.33188570922699D+01 -0.83895777100864D+01  0.14529343661815D+02 -0.71445938188390D-03 -0.51085635128696D-03 -0.77397889653101D-04
  0.11579155616316D+02  0.46982392594868D+01  0.61559607671278D+01  0.30167888687198D-03  0.51414356486365D-03  0.86885832264835D-03
  0.95763972756907D+01  0.66995078064424D+01  0.76785671997002D+01  0.13133454545339D-02  0.39799819779100D-04  0.23540823951887D-03
  0.11231825308810D+02  0.80996495722625D+01  0.49722269955553D+01  0.70589309642756D-04 -0.58742255163264D-03 -0.44649538029358D-03
 -0.12265450872679D+01 -0.53634343053988D+01 -0.45272572029562D+01  0.86224762186088D-04  0.49409317530917D-03  0.15513982469060D-03
 -0.19267986330771D+01 -0.79219381441107D+01 -0.26057302987848D+01  0.10568073097803D-03 -0.21105118894153D-03  0.24781292610083D-03
 -0.65645635223273D+00 -0.55896405338471D+01 -0.73113376303834D+00 -0.10025256867272D-03 -0.13673225720939D-02  0.79417968530028D-03
 -0.92434242214909D+01 -0.36132693697581D+01  0.10702655792819D+01  0.10289434249035D-03 -0.69048651735556D-04 -0.66977705605091D-03
 -0.10031827926931D+02 -0.38436209261451D+01  0.42771159901483D+01 -0.27131288363671D-03  0.65199763239383D-03  0.54058957381607D-03
 -0.86985152226651D+01 -0.63132922801869D+01  0.29029004124163D+01 -0.50799257555554D-03  0.16523544074074D-03  0.13551611569752D-03
 -0.11683877207518D+02  0.52136939234361D+01 -0.56238190875424D+01 -0.12424368210824D-02 -0.42042193340936D-03 -0.45623947375946D-04
 -0.98318364692217D+01  0.79585638099410D+01 -0.69412269342640D+01 -0.34236107611220D-04  0.59990737065573D-03 -0.79437674537731D-04
 -0.11360172705474D+02  0.83446647478813D+01 -0.41157584618800D+01 -0.18303751192770D-03 -0.74209887444355D-03 -0.55946728859679D-03
 -0.25025253678406D+01  0.76285154436682D+01  0.60668652669638D+01  0.74024791956376D-03 -0.23021740109842D-03 -0.28225696131056D-03
 -0.33222200150082D+01  0.50502005707157D+01  0.67436581330323D+01  0.60300856446295D-04 -0.21730003423058D-03  0.22971673462435D-03
 -0.19046529869692D+01  0.40298866038054D+01  0.87616448531580D+01 -0.27803822295924D-03  0.12806152695535D-03  0.19545763329730D-03
  0.12139988513105D+00  0.54182858230101D+01  0.98088137712620D+01 -0.42323864390998D-03  0.11620337246374D-03  0.22483710115494D-03
  0.87699223837195D+00  0.77746585379270D+01  0.86563205347861D+01 -0.62462003213294D-03  0.41282801971142D-04  0.56700507774130D-03
 -0.65499941540789D+00  0.90307739376851D+01  0.69995703942255D+01 -0.22848057938578D-03  0.55973140733586D-04  0.84087308904915D-04
 -0.25316433261365D+01  0.16386960377813D+01  0.99515704642827D+01  0.43928396880955D-03 -0.10366520995137D-04 -0.41639969015382D-04
 -0.56029732566797D+00  0.38423516830495D+00  0.11144364337271D+02 -0.45495951348644D-03  0.34474403077003D-04 -0.72607584068230D-04
  0.17558634038650D+01  0.17505191645224D+01  0.11692142824989D+02 -0.34204438062327D-04 -0.14163099058867D-03 -0.59012548480031D-03
  0.17818650906029D+01  0.43937141117598D+01  0.11508923844322D+02  0.18613377531308D-03 -0.24107465247157D-03 -0.37666184983803D-03
 -0.50470058127245D+01  0.70874955267662D+00  0.10085085836566D+02 -0.69356689362006D-04  0.60451864609697D-04 -0.13623864905999D-04
 -0.53476956371539D+01 -0.19223859330001D+01  0.10912252438016D+02  0.53636433840175D-03 -0.33023149201962D-03 -0.62057956822126D-03
 -0.32666935860584D+01 -0.32709521895919D+01  0.11446860559249D+02  0.11971584610240D-03  0.38439311744641D-03  0.97358958331769D-04
 -0.95537792329471D+00 -0.21313078251614D+01  0.11776163973104D+02 -0.11147677260911D-03 -0.16016422651457D-03  0.57571065132613D-05
  0.92707958686501D+00 -0.33990663646878D+01  0.12947847091352D+02 -0.65797346277691D-04  0.27381291954724D-03  0.53317911226112D-03
  0.31572615978317D+01 -0.21794463993025D+01  0.13379201637120D+02 -0.72385267086486D-04  0.91619075305760D-04 -0.52494391432325D-03
  0.36668702312647D+01  0.41110933779903D+00  0.12857032994499D+02  0.12959126294595D-03 -0.36490260593840D-03 -0.24908664449491D-03
 -0.72620769708141D+01  0.23652822874727D+01  0.98789480931445D+01 -0.70854242330983D-03 -0.33334542850329D-03  0.55137366000516D-04
 -0.94949261811681D+01  0.87165168611508D+00  0.99762004897686D+01 -0.20365556441433D-04  0.26116845079707D-03 -0.61869804236822D-03
 -0.98060437638339D+01 -0.16930659268338D+01  0.10656264287995D+02  0.53782305215548D-03 -0.55936809619048D-03  0.35516003776283D-03
 -0.77207437552881D+01 -0.30644656762367D+01  0.11084285635029D+02  0.43926250942137D-03 -0.45254568001737D-03 -0.33932479610004D-04
 -0.70697227492011D+01  0.50234754865323D+01  0.10170521574215D+02 -0.67837208304057D-04 -0.38846737702665D-03  0.38591068605673D-03
 -0.49431701592009D+01  0.37942719196989D+01  0.51245643162931D+01 -0.30042457105560D-03  0.28997234287367D-03  0.30843751745281D-03
 -0.33134321446457D-01  0.11368477364866D+02  0.56439241897083D+01  0.32591009867334D-03  0.63533375993940D-04  0.13585177070325D-03
 -0.12395799185776D+02 -0.28565166683824D+01  0.10353403298323D+02  0.10772608712252D-03  0.29758823825746D-03  0.57305977980761D-03
  0.25615380786226D+01  0.86426506929824D+01  0.93179980081396D+01 -0.30222372206587D-03  0.22495184464287D-03  0.11497368567568D-03
 -0.35806317813157D+01  0.82008887345522D+01  0.44536466961953D+01 -0.11027661796219D-03  0.19954803234079D-03  0.65273553763662D-03
  0.54031495281173D+01  0.12223374145401D+01  0.13693904259670D+02  0.74326523592233D-03 -0.28718776771039D-03 -0.10032312930230D-02
  0.39580364934261D+00 -0.50857345092945D+01  0.13909727566715D+02 -0.10147177812239D-02  0.64166144336333D-03 -0.21877040043291D-03
 -0.77416433846021D+01 -0.50066203923039D+01  0.11605434324349D+02  0.85666528925786D-03 -0.43724780986533D-03 -0.46321483862860D-03
 -0.10963933698091D+02  0.20170513646658D+01  0.93123160415349D+01 -0.57870033457985D-05  0.23266894603929D-03  0.29335336732943D-04
 -0.15406740518687D+01  0.12089334537816D+02  0.40748210052306D+01  0.23931072517042D-03  0.17771444114075D-03 -0.77910176718383D-04
  0.21241866090507D+01  0.12435177740624D+02  0.60747217231120D+01 -0.18134121167962D-04  0.18249287591143D-04  0.27630008672304D-03
  0.26208572791092D+01  0.14315747302849D+02  0.43823357180058D+01  0.27360917871045D-03 -0.16216374078696D-03  0.32947081277641D-03
  0.51947402515002D+01 -0.36625799790168D+01  0.14638037675135D+02 -0.17601141675688D-03  0.95746927051270D-04 -0.43857735490685D-04
  0.47472582215302D+01 -0.59612224854474D+01  0.14621840237974D+02  0.13439592246391D-03 -0.32825822571221D-03  0.25626805027729D-03
  0.72715501637293D+01 -0.24272845981737D+01  0.15630989911901D+02  0.17963376837440D-03  0.25670556530660D-03  0.23135306480345D-03
  0.96099974686697D+01 -0.38643136979596D+01  0.15439025793288D+02 -0.22335039426402D-03  0.74697781643805D-04 -0.13453731593327D-04
 -0.12292091007485D+02 -0.44007358436020D+01  0.86941983212466D+01  0.45132516050334D-03 -0.15514608675482D-03 -0.31589372544195D-03
 -0.14310071930158D+02 -0.20713908222130D+01  0.11642125235993D+02 -0.23675041969131D-03  0.80648759195961D-04 -0.22622226826742D-04
 -0.16470884327175D+02 -0.28064041135274D+01  0.10384005083969D+02 -0.21161359360353D-03 -0.24542804924372D-03  0.52480531788922D-03
 -0.70948010026606D+01  0.55114561477398D+01  0.12837840230903D+02 -0.32786792586726D-03  0.35717792849704D-03 -0.14216711556130D-03
 -0.73510367864535D+01  0.47920704868225D+01  0.44448434739271D+01  0.11472838630915D-03 -0.15006134295373D-03 -0.60287967751659D-03
 -0.17902024348414D+02 -0.22637301484597D+01  0.11791360826417D+02 -0.22946005635209D-03  0.77524028259521D-04  0.48570856354686D-03
 -0.16198509828823D+02 -0.48921307369705D+01  0.10136039950580D+02 -0.90791213766031D-03 -0.19756155997463D-03 -0.28856109733631D-03
 -0.16341656732776D+02 -0.17250970501111D+01  0.87703978314192D+01 -0.11756280671512D-03 -0.15995416606394D-03  0.11370553661079D-02
  0.10332099821099D+02 -0.40274702108261D+01  0.13719508655279D+02  0.25008380794668D-03  0.12869411851945D-02  0.85656427433490D-04
  0.90776521372002D+01 -0.56619932910829D+01  0.16022667860628D+02  0.17110463658082D-03  0.28751938716113D-03 -0.62881559112747D-03
  0.11026214009190D+02 -0.35984653400009D+01  0.16954383775363D+02 -0.27814083835832D-03  0.39584956194209D-03 -0.56180138408827D-03
 -0.85830285339777D+01  0.44303048136073D+01  0.60990770231434D+01  0.61745261780955D-03  0.64734270390073D-03  0.95708067481944D-03
 -0.77459103295498D+01  0.40342909083961D+01  0.27555334751564D+01  0.43220945185467D-03  0.70594728485341D-03  0.74826327514753D-03
 -0.74137201744900D+01  0.67655049775767D+01  0.44435669672158D+01  0.18699505258122D-03 -0.12745326593577D-03 -0.63092857066460D-03
 -0.86920168222308D+01  0.47528985062621D+01  0.13968755683732D+02 -0.94075003585357D-03 -0.50400455968339D-03 -0.21650836166361D-03
 -0.69413211563799D+01  0.74769822431659D+01  0.13277275147287D+02 -0.36445258527892D-03  0.10365451203772D-02 -0.31361312419746D-03
 -0.52933023806918D+01  0.45872451552050D+01  0.13437464991230D+02  0.78572512542620D-03  0.27961489322076D-03 -0.10439941176626D-02
  0.44624558760925D+01  0.15443783033543D+02  0.48809634980704D+01  0.25381351433704D-03  0.34228862564022D-03  0.80695994270943D-03
  0.13075286502732D+01  0.15739744988049D+02  0.49143331976680D+01 -0.28165045700197D-03 -0.68004928999983D-03  0.29263406827307D-04
  0.23399637565047D+01  0.13653708250550D+02  0.26366702004601D+01  0.15268732276468D-03 -0.18330759805816D-03  0.98532798427247D-03
