 -1.0
 -0.50385566014520D+01  0.48224333998355D+00 -0.40780159301945D+01 -0.66738140537069D-04  0.48053096275967D-04  0.22930131467510D-03
 -0.46293897898852D+01 -0.20329907001832D+01 -0.31721841438432D+01  0.39774750773809D-04  0.38793348470441D-03 -0.59279308975517D-03
 -0.31290275143278D+01 -0.21971654831606D+01 -0.99492711592187D+00 -0.56429211350371D-04  0.20488711278103D-03 -0.16875268463471D-03
 -0.13371537033547D+01 -0.32826384330117D+00 -0.17832572847228D+00  0.65302744214203D-04  0.15429647118994D-04 -0.23499787961613D-03
 -0.14779619198170D+01  0.19829444280115D+01 -0.15460643107961D+01  0.43323138799854D-03  0.20834406928473D-03 -0.53023585662255D-03
 -0.33764758423785D+01  0.24023841224681D+01 -0.34658457372919D+01 -0.34856627803101D-03 -0.40730072713366D-03 -0.12218854472071D-03
 -0.33962047145768D+01 -0.42394980930401D+01  0.76596235723501D+00  0.54957861002384D-03  0.12780673198184D-03 -0.72820194579052D-04
 -0.11884900709316D+01 -0.48655111390621D+01  0.19047103864813D+01 -0.38468600211489D-03  0.10057983040259D-03  0.59712747669159D-03
  0.94695581229749D+00 -0.30893297245065D+01  0.21860514442389D+01  0.17667596392138D-03 -0.56607936620398D-03 -0.15582370113661D-04
  0.66602143038313D+00 -0.77931881941452D+00  0.13356854499179D+01  0.24595656743564D-03 -0.57741656172640D-03  0.14976626245363D-03
 -0.56334772192106D+01 -0.56098202751634D+01  0.20038194625816D+01 -0.76989699458094D-04  0.68492333708748D-04  0.90151410719646D-04
 -0.51920698606548D+01 -0.76406726747536D+01  0.34783159858938D+01  0.35856148605445D-03 -0.46312516442903D-03 -0.28423601898356D-03
 -0.30166085064675D+01 -0.83107134756136D+01  0.42869309626571D+01  0.18582743196467D-04 -0.11520569215077D-03 -0.11471468594584D-03
 -0.98561125812252D+00 -0.70032938539402D+01  0.35253278005879D+01 -0.12437482819803D-03 -0.41251896792100D-03  0.15323039770426D-03
  0.12041067054430D+01 -0.78368821181691D+01  0.47271128097383D+01  0.75473081189651D-03  0.30821638140961D-03  0.36240769742179D-03
  0.31560510087693D+01 -0.62766489956915D+01  0.47261269284437D+01 -0.31622325845123D-03  0.85175281749928D-04  0.38798621330466D-03
  0.28685347430526D+01 -0.38546676436570D+01  0.37575948676246D+01 -0.67316793936962D-05  0.59548768529077D-04 -0.69915550530461D-04
 -0.81338424647891D+01 -0.45921952203760D+01  0.23282208892428D+01  0.32422127791689D-03  0.18357134781604D-04  0.11703319638661D-03
 -0.99832164803477D+01 -0.57207935359241D+01  0.41143277525833D+01 -0.38637168789837D-03 -0.34105204072945D-03  0.42930732225046D-03
 -0.93244245233839D+01 -0.77927603211976D+01  0.53653363679575D+01  0.17289481726806D-03  0.33393352233281D-03  0.32711351835657D-05
 -0.70667833294761D+01 -0.88951763530396D+01  0.50137261848335D+01  0.14823571964797D-03  0.13817653726899D-03 -0.34502874688622D-03
 -0.80630524445825D+01 -0.19061308568614D+01  0.18046352282126D+01  0.11259298277921D-03  0.24907476182418D-03  0.36543891840911D-03
 -0.56740615080880D+01 -0.43363277226332D+01 -0.40370073798956D+01 -0.24651330259381D-03  0.27773390139487D-03  0.18461509149576D-03
 -0.29572926588047D+01  0.46949509975032D+01 -0.48522584168990D+01  0.35808285414156D-03  0.22166191872792D-03 -0.91980434649426D-03
 -0.11129530328786D+02 -0.96106221114183D+01  0.66070351827263D+01 -0.99589682115494D-04 -0.10035707237753D-02  0.11277662597934D-02
 -0.53385336856070D+00  0.37711879696142D+01 -0.11708956901538D+01 -0.11170531887265D-02  0.37586856714738D-03 -0.67362222100952D-04
 -0.62575712508334D+01  0.10621504698570D+01 -0.57132852126245D+01 -0.16682185127336D-03  0.63785370060629D-03  0.42535633596106D-03
  0.44798900339829D+01 -0.25923964036427D+01  0.39117096327783D+01  0.30412205659513D-03  0.27015700625962D-03  0.71242936987084D-04
  0.15409493655622D+01 -0.96000805286625D+01  0.52798189543310D+01  0.99848887859292D-04 -0.74588891218699D-03 -0.67104160618100D-03
 -0.64034238409452D+01 -0.10304082308926D+02  0.63223007260746D+01  0.41470348887076D-03  0.50343617806922D-03  0.63354408359490D-03
 -0.11106261794551D+02 -0.44470495946074D+01  0.51882260399493D+01  0.21087499156435D-03 -0.55343272241112D-03 -0.23138546549163D-03
 -0.25077601453330D+01  0.67835732210777D+01 -0.40900232577451D+01 -0.22961117801976D-04 -0.41478580363618D-03 -0.20270792194987D-03
 -0.29552927712805D+01  0.46571117811943D+01 -0.73704345158611D+01  0.79521910530239D-04  0.24136356259971D-03 -0.10333870260089D-03
 -0.27440440674312D+01  0.67896195131266D+01 -0.88594386049044D+01 -0.41304508004493D-03  0.15176441810033D-03  0.10302231384343D-03
  0.54571703201600D+01 -0.64651641475108D+01  0.65037240473984D+01 -0.41986186062210D-03 -0.41929724681514D-03  0.12552358508812D-03
  0.51076536646185D+01 -0.66721092424360D+01  0.88360498847171D+01  0.10370090124723D-03  0.18341122056472D-03  0.35025128604759D-03
  0.80170414982252D+01 -0.68585717848003D+01  0.56676203664331D+01 -0.32499270291364D-03  0.39015789884679D-03 -0.21520734165285D-03
  0.97186188231207D+01 -0.71987460037295D+01  0.77248614394548D+01  0.37435675834214D-04 -0.42884336250149D-03 -0.30857161055425D-03
 -0.13291955183234D+02 -0.95064268744113D+01  0.58066123346059D+01 -0.28062105698128D-03 -0.27239281288248D-04  0.25786480247602D-03
 -0.10461194568062D+02 -0.11315890636619D+02  0.84100524179925D+01 -0.13990990558194D-03 -0.32727467216196D-04 -0.45571753224324D-04
 -0.12572393499313D+02 -0.13022474258708D+02  0.88167690462011D+01 -0.13087898528028D-03  0.82419664773564D-03  0.20666359437556D-03
 -0.98461224128866D+01 -0.60975560560102D+00  0.34092571002343D+01 -0.35057881651112D-03 -0.26568573261454D-03  0.66620210209570D-04
 -0.41774516602361D+01 -0.58352940993617D+01 -0.55268990711215D+01 -0.30612338734213D-03  0.98408311971317D-04  0.36218894174595D-03
 -0.12713702308257D+02 -0.14297289450489D+02  0.10695146803383D+02  0.70809725584315D-03 -0.86091083290805D-04 -0.26550470682788D-03
 -0.12450774076171D+02 -0.14603476228387D+02  0.74901493758250D+01  0.13527843727785D-02  0.31877589769015D-05 -0.34976176710577D-04
 -0.14181027187149D+02 -0.11642323140566D+02  0.86697107648159D+01 -0.38194937782268D-03  0.65641464146515D-04 -0.95294722874339D-03
  0.10517772211625D+02 -0.53068396098713D+01  0.79412685951451D+01 -0.96443118843471D-03 -0.88285810583147D-04 -0.35395190909346D-03
  0.11053482745643D+02 -0.86468490224929D+01  0.73102964632377D+01  0.23925612544792D-04 -0.11518926292411D-02  0.42625139306880D-03
  0.85878247159715D+01 -0.79563667295961D+01  0.92822231990562D+01 -0.65712356112521D-03  0.95865650763691D-03 -0.27562518924810D-03
 -0.24203494334601D+01 -0.56410369690300D+01 -0.45204589538376D+01 -0.46790752297482D-03  0.64302886725986D-03  0.36113891805506D-03
 -0.42986488550270D+01 -0.52339521522296D+01 -0.74644970200036D+01 -0.77592973636469D-03  0.50962069733796D-03 -0.35684832948272D-03
 -0.49385284856142D+01 -0.76617192613853D+01 -0.50444832415129D+01  0.73797742378736D-03 -0.79851673173352D-03 -0.30140943556573D-03
 -0.11690762980446D+02 -0.16340796536019D+01  0.32026184336503D+01  0.76921618932723D-03 -0.17198499501070D-03  0.11029926399698D-02
 -0.99400460590646D+01  0.13446144308272D+01  0.26407034126032D+01 -0.10675208121117D-03 -0.41636610685078D-03 -0.76971209766839D-03
 -0.91012196722908D+01 -0.85923157152535D+00  0.53283527086453D+01 -0.28711522014462D-03  0.73620734241228D-03 -0.29196586504972D-03
 -0.17070847244185D+01  0.68045983409249D+01 -0.10548230207644D+02  0.39648465595113D-03  0.80362610545903D-03  0.29406684091376D-03
 -0.23051567164915D+01  0.86908255719396D+01 -0.79083105051120D+01  0.75941491214487D-03  0.16405119050092D-02  0.18368622464359D-03
 -0.45429363107389D+01  0.69120212658260D+01 -0.98946512177164D+01 -0.25198574694248D-03  0.57159211956057D-03 -0.79297191344577D-03
 -0.64750864308535D+01  0.77007061143358D+01  0.77211991682241D+01 -0.88923184030778D-04 -0.60204067797957D-03 -0.24004916751326D-03
 -0.43787858281925D+01  0.60827543463909D+01  0.75697023606441D+01 -0.17030872553150D-03 -0.15630352651368D-04 -0.37655700612295D-03
 -0.20261200235089D+01  0.68842847576241D+01  0.88746777722450D+01 -0.20589753960180D-03  0.34706454448618D-03 -0.25325723576890D-03
 -0.17507634351600D+01  0.95028269627324D+01  0.95664231041128D+01 -0.42564367277472D-03 -0.57423822741282D-05  0.50002607225617D-03
 -0.39161848765921D+01  0.10797583916059D+02  0.99970345547146D+01 -0.33969756791807D-03  0.12336775856840D-03 -0.47435986528325D-03
 -0.63232508547350D+01  0.10216846969122D+02  0.91325229508422D+01 -0.79918852668117D-04 -0.31441104757607D-03  0.26958516436331D-03
 -0.33124836919703D+00  0.51187923311704D+01  0.10090876723711D+02  0.59052352940062D-03 -0.13840277533039D-03  0.43268630810989D-03
  0.20700374219430D+01  0.59382512475852D+01  0.10739949433403D+02  0.40810333218836D-04 -0.39869394290917D-03  0.34120099368471D-03
  0.21818288595587D+01  0.86121744791693D+01  0.11319963307441D+02 -0.63154751516979D-04 -0.47055349132002D-03  0.45347832056849D-03
  0.39738763355924D+00  0.10373618800462D+02  0.10228045307484D+02 -0.17373969242386D-03  0.21800053792776D-03  0.24414842935169D-03
 -0.96030281897322D+00  0.25194060229077D+01  0.10847151922455D+02 -0.15025425088754D-03 -0.54991321551592D-03  0.41255984799119D-03
  0.12414836990517D+01  0.90637374153033D+00  0.10850876605322D+02 -0.28627896303652D-03 -0.82376712150651D-04  0.97577488945957D-04
  0.36572393611312D+01  0.17524935938468D+01  0.10711687658976D+02  0.35502765642353D-03  0.20845265577227D-03 -0.11167040327497D-03
  0.39710046876488D+01  0.43250849772733D+01  0.11108183450574D+02 -0.32679198914415D-03  0.82504785249074D-03 -0.67555738906981D-03
  0.62132302628533D+01  0.52319135139348D+01  0.12142912856765D+02  0.22335938999782D-03 -0.22854133995095D-03  0.29569621113985D-03
  0.65452931123683D+01  0.77888593822392D+01  0.12627026036842D+02  0.27601233210017D-04 -0.91741886024989D-05 -0.16478045384900D-03
  0.45178990612443D+01  0.96499620340441D+01  0.12205033120507D+02  0.25684911004971D-03 -0.17291881863114D-03  0.14712469996254D-03
 -0.35151680833180D+01  0.16905846225574D+01  0.11672349753924D+02  0.40906163983405D-03  0.77987113030165D-03 -0.71348413027768D-03
 -0.34675350723618D+01 -0.87092097175215D+00  0.12354239139570D+02 -0.52602694599354D-03  0.15402552710409D-03 -0.92130102414588D-04
 -0.14202669687665D+01 -0.27204638160090D+01  0.11757300370672D+02 -0.57298988442705D-04  0.23619403047600D-03 -0.20326129968904D-03
  0.10198734860232D+01 -0.18699496123724D+01  0.10959730378561D+02  0.55437174286559D-04 -0.54846343837855D-04 -0.51471620482804D-03
 -0.54432165712515D+01  0.35091829202784D+01  0.12142253407485D+02 -0.29333063302861D-03  0.78192082123897D-03 -0.27554567355476D-03
 -0.46911068756415D+01  0.35785060422935D+01  0.66326764583424D+01 -0.22730516333389D-03 -0.60811094694085D-04  0.21386366640387D-06
 -0.82880892964678D+01  0.12195156712540D+02  0.93851560481787D+01  0.14867317231974D-03 -0.64442578928278D-04 -0.27913575294528D-03
 -0.17598187618478D+01 -0.53531561218857D+01  0.12184228194727D+02 -0.69794512255838D-03 -0.36120234305708D-03 -0.52213762665002D-03
 -0.40099962142933D+01  0.12454483166427D+02  0.11212020963924D+02 -0.38889962255634D-03 -0.68870076482883D-03  0.34265809534192D-03
 -0.81898111778145D+01  0.69288497134965D+01  0.68305204407669D+01  0.22240152226717D-03  0.14986065594145D-03 -0.30856436255117D-03
  0.49585051482414D+01  0.11553885707844D+02  0.12331141694504D+02  0.52522115096433D-03  0.31400194560337D-03 -0.63287840676086D-03
  0.76360211956961D+01  0.38717753155575D+01  0.13081284337509D+02  0.99431900923679D-03 -0.64307394714214D-03 -0.22012314273359D-04
  0.26314733627121D+01 -0.28387226289343D+01  0.11654539886165D+02  0.90116357591770D-03  0.31008877055571D-03  0.23915816410715D-03
 -0.50830106188865D+01 -0.17628903974229D+01  0.13009357677844D+02  0.71903770944303D-03  0.38073678736892D-03  0.16426254677189D-04
 -0.75715927259177D+01  0.14339719744330D+02  0.97644745374632D+01  0.57510854906081D-03  0.10293273584158D-03  0.39155999690071D-03
 -0.10770351647369D+02  0.11323685826643D+02  0.90761260446904D+01 -0.11283266227373D-03 -0.69175728686706D-03 -0.19869723728417D-03
 -0.12465857636215D+02  0.12988084834678D+02  0.80148188723308D+01  0.39368340667685D-03  0.22375046962090D-03 -0.60676871828433D-05
  0.86911112996864D+01  0.89702543383619D+01  0.13937304366522D+02 -0.71717041429383D-04 -0.24258419392171D-03 -0.38340882065864D-04
  0.86888269715003D+01  0.11205223595571D+02  0.14318132259449D+02 -0.74146221062733D-03  0.13975204107055D-03  0.46438468613394D-03
  0.10229288989459D+02  0.73683625695438D+01  0.14957172619389D+02  0.54569374574168D-03  0.98452842223572D-04  0.41963977225097D-04
  0.12242396982360D+02  0.89045460197491D+01  0.15589135814409D+02  0.98108279217974D-04  0.15685216598302D-03 -0.14434631673983D-03
 -0.15189924105272D+01 -0.58965007891030D+01  0.14489451225978D+02  0.23719157459257D-03 -0.36325375258175D-03  0.10215452002853D-03
 -0.26432138328319D+01 -0.67077713694387D+01  0.10276256378774D+02 -0.91726660484893D-04 -0.24878953173220D-03  0.58167877388355D-03
 -0.28480509835443D+01 -0.93392286281847D+01  0.11193542495785D+02  0.45400088349639D-03  0.26266236933910D-03 -0.71215640149717D-03
 -0.71511512825009D+01  0.27947904814639D+01  0.14162992635040D+02  0.31704368830097D-03  0.81930389671653D-04  0.63297935749112D-03
 -0.23666579321759D+01  0.26104419798063D+01  0.58974038562803D+01  0.33396369068302D-04 -0.39753666108460D-04  0.10936956892482D-03
 -0.47741394227659D+01 -0.96629863239336D+01  0.10418298636612D+02  0.34545757699313D-03  0.12269677924621D-03 -0.18563126224185D-03
 -0.20608135083695D+01 -0.94821917746056D+01  0.13171879323185D+02 -0.10268706503668D-02  0.44451371279201D-03  0.74312604460852D-03
 -0.15915047006059D+01 -0.10142583647904D+02  0.96207437960796D+01 -0.83505275556390D-04 -0.10373536280447D-02  0.35827243595703D-03
  0.13020295010027D+02  0.89503552911412D+01  0.17485988591109D+02  0.35265365270174D-03 -0.26346194108099D-03  0.48003994293697D-03
  0.12603046049670D+02  0.10226864335537D+02  0.13894074991749D+02  0.72920651026260D-04  0.50273171874003D-03 -0.23347954473700D-03
  0.13654674161069D+02  0.73858528703750D+01  0.14866769843586D+02 -0.65492952390349D-03  0.41488639351096D-03  0.21069937705769D-03
 -0.29739388851563D+01  0.16147234337061D+01  0.40560675114288D+01  0.94610476360501D-03 -0.30747253629245D-03  0.14176316234531D-03
 -0.14685648176858D+01  0.11825462137196D+01  0.72302412377909D+01  0.33717753215157D-03  0.68880557216876D-03 -0.33341815804562D-03
 -0.10348041154135D+01  0.41234637679540D+01  0.52874981878556D+01 -0.15477530129196D-03  0.23492757194281D-04  0.33782769926452D-03
 -0.72747054614712D+01  0.76144154729591D+00  0.14707021922870D+02 -0.79164413627364D-03  0.11093067503979D-03 -0.13807633554232D-02
 -0.92237797711971D+01  0.35220095429063D+01  0.13915873730489D+02  0.63155313005780D-03 -0.57938750547576D-03 -0.54485885029003D-04
 -0.68588832478906D+01  0.39017652796926D+01  0.15856918307222D+02 -0.89977908151853D-03  0.34097781025335D-04 -0.77266367936557D-04
 -0.13933066524425D+02  0.12221141470196D+02  0.68041454066451D+01  0.94334525257185D-03  0.33376017901393D-03 -0.35290464848499D-03
 -0.11340228638759D+02  0.13909746340573D+02  0.65835723188951D+01 -0.17863946642477D-03 -0.68354321406960D-03 -0.11044874627583D-02
 -0.13093547756450D+02  0.14275063904995D+02  0.95568354474730D+01 -0.13189170556441D-03 -0.49930376823226D-03 -0.63238807224856D-03
