 -1.0
 -0.46481851734970D+01  0.11723240425229D+01 -0.13361600623845D+01 -0.85604782268528D-04 -0.10844129480908D-03  0.26262446476889D-04
 -0.27320461926260D+01 -0.26694683541616D+00 -0.14476816350264D+00  0.31567936385028D-03  0.60958033555819D-04 -0.39210157585768D-03
 -0.11568127533686D+01  0.57312559585943D+00  0.17975868735398D+01  0.77784310230750D-04  0.29807527570622D-04 -0.50878900106329D-03
 -0.13919444691807D+01  0.32994753025847D+01  0.22951820105239D+01 -0.29497038837011D-03 -0.11453243042812D-03 -0.18147883078812D-03
 -0.28897243675188D+01  0.48433207133943D+01  0.83127099384098D+00 -0.32630155865917D-04  0.37836791199298D-03 -0.38889103908369D-03
 -0.47459733288028D+01  0.37572785930686D+01 -0.68551532812689D+00 -0.43878566289144D-03  0.15509748264163D-03 -0.66061734432026D-05
  0.78342988666784D+00 -0.11219829958110D+01  0.29812243991125D+01  0.20867124551868D-03  0.49885327153924D-03  0.41150317516988D-03
  0.29857719142629D+01  0.26377998886716D+00  0.33557918644196D+01  0.15982155940475D-03 -0.23160165781244D-03  0.70762118872775D-03
  0.31295424175532D+01  0.27943935456626D+01  0.34451758312771D+01  0.55393794253846D-04  0.40031030672848D-04 -0.33242890445098D-03
  0.91208436136652D+00  0.42808358572015D+01  0.28946033928362D+01 -0.44008578618770D-03 -0.42593012133146D-03 -0.23416252750678D-03
  0.41231023822578D+00 -0.36950165915890D+01  0.37694660021835D+01  0.44764585322737D-03  0.56457597411701D-03  0.59701290302650D-03
  0.25424448933735D+01 -0.48065820891845D+01  0.46309500966925D+01  0.37087056733807D-03  0.51784353929429D-03 -0.44588380833958D-03
  0.48615121833821D+01 -0.37111241348257D+01  0.47555912527907D+01 -0.19559380456670D-03 -0.24547334982041D-04  0.50512422953999D-03
  0.51719589906540D+01 -0.10821607121629D+01  0.40627022897824D+01  0.41453175256851D-03  0.15854612766708D-03 -0.10977124172967D-03
  0.74280904851508D+01  0.98287697986438D-01  0.49045310818112D+01 -0.13252482638015D-03  0.66050459427701D-04 -0.99138844719378D-04
  0.75662648715994D+01  0.28242946920505D+01  0.47202905518627D+01 -0.15720340046997D-03  0.17661974717449D-03 -0.88785702971100D-04
  0.52544142064730D+01  0.40729469399697D+01  0.41563563971802D+01  0.49228564753320D-05  0.78899846950044D-03 -0.57404126539758D-04
 -0.21889148983088D+01 -0.48928064380611D+01  0.40394796500042D+01 -0.42695989970355D-04  0.35139786313086D-03  0.39198357850161D-03
 -0.21489814074533D+01 -0.73954996670107D+01  0.47637162594283D+01  0.58359528707236D-04 -0.22263654539237D-04 -0.66505884977650D-04
  0.98228248406623D-01 -0.86976610514763D+01  0.52936985757264D+01  0.35777738760498D-03 -0.67187972147523D-03  0.24113525941850D-03
  0.24086215068640D+01 -0.72431360560380D+01  0.53437735781915D+01 -0.39379409152646D-03  0.38473307808150D-03  0.26204288485041D-03
 -0.43390445312758D+01 -0.36299348961066D+01  0.35338008240949D+01  0.40301888345874D-03 -0.96330809304500D-04  0.36080751850222D-03
 -0.21056107840744D+01 -0.25698464217532D+01 -0.10408819920338D+01  0.59476693991708D-03  0.28607665509550D-03 -0.66313568807009D-03
 -0.66070649366748D+01  0.54587391346082D+01 -0.19969708184045D+01  0.12887005442839D-03 -0.18342027999582D-03 -0.30439557574430D-03
 -0.50978323362402D-01 -0.11450872025841D+02  0.62084628184055D+01 -0.73253109731116D-05  0.71169036715543D-05 -0.37438627287541D-03
 -0.29813442999009D+01  0.68116974051572D+01  0.10334098187936D+01 -0.65161901468460D-03 -0.60303689492307D-03  0.26188588173412D-03
 -0.58860216714376D+01  0.45776989259642D+00 -0.29216688093047D+01 -0.31160573808577D-03 -0.17161376904230D-03  0.19832238310026D-03
  0.50577013032965D+01  0.60310101937746D+01  0.41593324518750D+01 -0.21986186695432D-03 -0.43387471080097D-03 -0.51792900932526D-03
  0.90840908379229D+01 -0.11684072807291D+01  0.54393324964429D+01  0.54511727266601D-03 -0.32998758988251D-03  0.57771416321989D-03
  0.45987470236403D+01 -0.80548005818391D+01  0.58174022461889D+01  0.51857018680659D-04 -0.16321090221853D-03 -0.23446226242529D-03
 -0.35781208038335D+01 -0.87166777338259D+01  0.44666182885415D+01 -0.41386545166469D-05 -0.64562896683407D-04 -0.89920483864204D-03
 -0.72035507171048D+01  0.52794437616431D+01 -0.41291918836742D+01  0.12787331132710D-03 -0.10485967097248D-03  0.57961852367680D-03
 -0.75100021598161D+01  0.75921435542240D+01 -0.50364313985154D+00  0.19402556324877D-03 -0.45753696076305D-03  0.22590222822526D-03
 -0.85631460176115D+01  0.92777644059279D+01 -0.19404873873720D+01 -0.55505187596198D-03  0.17902939517536D-03  0.10350044309284D-03
  0.98007280897186D+01  0.41081234597678D+01  0.56346760804536D+01  0.14016807452495D-03 -0.38355686496931D-03  0.37225723023862D-05
  0.10755924966422D+02  0.57312326909856D+01  0.45478991504979D+01  0.17489340153206D-03 -0.27397884720113D-03 -0.36943164600709D-03
  0.10277461629710D+02  0.31612687949732D+01  0.80514344062853D+01 -0.95876199323416D-05 -0.40039641254736D-04  0.60933475863316D-03
  0.12595579000100D+02  0.37506304487256D+01  0.91570864751239D+01  0.13958952596223D-03 -0.23226370225867D-03 -0.67008455342192D-03
  0.20437132384483D+01 -0.12316584869189D+02  0.63169391955125D+01 -0.11899314787177D-03 -0.58545581691559D-04  0.47914069791468D-03
 -0.23670569843355D+01 -0.12530295543387D+02  0.61400068168759D+01 -0.11948166111549D-03  0.37613303175405D-05 -0.28881492744405D-03
 -0.20323172783318D+01 -0.15059488292792D+02  0.71370199059451D+01 -0.52988928979159D-04 -0.27289777164635D-03  0.61002330661323D-04
 -0.64465694403390D+01 -0.40728563980807D+01  0.53584765389910D+01  0.54470104756143D-04  0.32127512920994D-03  0.27800609953172D-03
 -0.39068612961292D+01 -0.35074377286000D+01 -0.27424459640443D+01 -0.49095215624076D-03  0.43402187426309D-05 -0.29832179109844D-03
 -0.33454181964226D+01 -0.16036479789909D+02  0.61154983540641D+01 -0.33618536657527D-03  0.31529980476535D-03 -0.16078424571298D-03
 -0.28393915983802D+01 -0.15227789646441D+02  0.90235080207618D+01 -0.51662379365822D-03  0.28833177553219D-03  0.65208115560740D-03
 -0.42564473718709D-01 -0.15629992558708D+02  0.69395926344358D+01 -0.26346848059711D-03 -0.28524413376531D-03  0.30693362828435D-03
  0.12177286301620D+02  0.54911450839666D+01  0.10659889654564D+02 -0.11412952434154D-02  0.23428979409366D-03 -0.26457482501509D-03
  0.13794499219264D+02  0.41156026688482D+01  0.75114757658583D+01 -0.83096029814762D-03  0.25511248256771D-03  0.66205421519110D-04
  0.12890652338861D+02  0.22260837371276D+01  0.10500410717851D+02  0.33683693338874D-03  0.84262092662895D-03 -0.10123480731869D-03
 -0.58628245684875D+01 -0.37960805394310D+01 -0.21072210806656D+01 -0.25902411891894D-03 -0.20187703208758D-03  0.80856256064386D-03
 -0.33669390059725D+01 -0.55546906435494D+01 -0.31194726518664D+01  0.25398028323405D-03 -0.42012749264609D-04 -0.12712382909138D-04
 -0.43519705359387D+01 -0.25503291872750D+01 -0.43978006616644D+01 -0.54973003208409D-03  0.13375804414784D-04 -0.45612773423176D-03
 -0.73951029905510D+01 -0.23275600660651D+01  0.55063605649383D+01  0.48449570305061D-03 -0.45309085178307D-03 -0.14084914591131D-03
 -0.54228127002705D+01 -0.48490697894555D+01  0.67516566124864D+01  0.96412936410171D-03  0.14812331308890D-02 -0.17036428447803D-02
 -0.78481222922545D+01 -0.53062963291772D+01  0.46304719577129D+01 -0.50207807573334D-03 -0.32876289374995D-03 -0.84381530935766D-03
 -0.10689135517662D+02  0.89710297066808D+01 -0.20684487679033D+01  0.46909852710309D-03  0.93176445199262D-04  0.60968057428671D-03
 -0.72803594304203D+01  0.98284133901002D+01 -0.34856922629349D+01  0.54262048384601D-03  0.38554264522247D-04  0.93003770467032D-03
 -0.88120400781865D+01  0.10934910678431D+02 -0.69203516918017D+00 -0.84482864264651D-03 -0.16316594545878D-03  0.33927629074246D-03
 -0.41082748189299D+01  0.82475836352998D+01  0.60273116226711D+01 -0.37110082724560D-03 -0.41580711631599D-04 -0.35888004478146D-03
 -0.53308657131605D+01  0.61425770863490D+01  0.72513617593006D+01  0.34348640417660D-04  0.26908658396468D-03 -0.36162266849047D-03
 -0.35448185349281D+01  0.44158863625974D+01  0.87292200901589D+01  0.15467850354309D-03 -0.21597684744936D-03  0.24143498823461D-03
 -0.96654587061692D+00  0.49763591655097D+01  0.86155220910683D+01  0.16664414403714D-03 -0.47088405200125D-04 -0.55259233771233D-03
 -0.12524642181149D+00  0.72008615210922D+01  0.74225984325998D+01 -0.28247408724404D-03  0.50612789097098D-03  0.50052706669618D-04
 -0.15498562086664D+01  0.87819202542008D+01  0.61563514350559D+01  0.12667791800286D-03 -0.36593773794965D-03  0.32247157973647D-03
 -0.44579704329113D+01  0.19126271158615D+01  0.94538857841708D+01  0.68889702340448D-04 -0.21928952148670D-03 -0.17237911797646D-03
 -0.24958298883524D+01  0.15629568410095D+00  0.99012422874268D+01  0.88152462014280D-04  0.11955592392621D-03  0.55573870211977D-04
  0.46080136631530D-01  0.64327099335914D+00  0.94733018127256D+01 -0.61254128684241D-03  0.45478735599870D-04 -0.98438583908431D-04
  0.81598674130042D+00  0.31470244733972D+01  0.90565231239386D+01  0.11124426776519D-03 -0.84053851413586D-04 -0.28175366220285D-03
 -0.70134900962091D+01  0.12252995473847D+01  0.10043358115594D+02  0.27880826552927D-03  0.60917853863150D-03  0.29185396449201D-06
 -0.74874721666450D+01 -0.15051714571555D+01  0.10508398173456D+02  0.19452586339003D-03 -0.58961911866279D-03  0.17593979023879D-03
 -0.54062892134923D+01 -0.31473256617665D+01  0.10110451475351D+02 -0.33630129492856D-03 -0.29441917906626D-03 -0.61275307453850D-04
 -0.32002389734221D+01 -0.22875333545715D+01  0.10369834632993D+02 -0.20414590063000D-03  0.14233949362268D-03 -0.33983179326515D-03
 -0.11866313949571D+01 -0.41069541002174D+01  0.10488901445018D+02  0.10604231849756D-04  0.23056269578212D-03 -0.10367207025522D-03
  0.13320443291167D+01 -0.35745593530086D+01  0.10891929801644D+02  0.41307524156552D-03  0.40317974948705D-03  0.10880795036453D-02
  0.20020823758775D+01 -0.10325846798844D+01  0.10372509122185D+02 -0.43766955540497D-04  0.38255532187157D-03 -0.24787844546946D-03
 -0.92568253406639D+01  0.29460653062366D+01  0.10806865137798D+02  0.15032308066588D-03 -0.54342410243195D-03  0.79344629654508D-05
 -0.11490571324373D+02  0.17614322543297D+01  0.11405990156134D+02  0.64854275871447D-04  0.28394256795921D-03  0.92821316789446D-03
 -0.11807070584453D+02 -0.76563539624029D+00  0.11446980071143D+02  0.24085553269777D-03 -0.30897056823618D-04 -0.66412498437071D-04
 -0.98885756883626D+01 -0.23384545746334D+01  0.10888059176598D+02 -0.45524544856932D-03  0.38495745108501D-03  0.85110641342681D-03
 -0.89672419030884D+01  0.55324619748687D+01  0.10996240834132D+02  0.13741671463991D-03 -0.49728020152391D-03 -0.53765787708557D-03
 -0.76210589105722D+01  0.54265036923074D+01  0.67469523969098D+01  0.12744542535217D-03  0.16665120805229D-03  0.45263381038914D-03
 -0.32532480652659D+00  0.10866539882875D+02  0.45724765500506D+01  0.66569577116084D-03  0.84446316334272D-04 -0.94559589338372D-04
 -0.13939887555032D+02 -0.18975883422711D+01  0.13181262016747D+02  0.13264843678802D-03 -0.42965536446859D-03  0.23916729004456D-04
  0.19451342133881D+01  0.73433254310320D+01  0.75455712314414D+01  0.10840785011947D-02 -0.13358485399568D-02 -0.67512334765342D-04
 -0.51775515285546D+01  0.98207039952196D+01  0.51061915336452D+01  0.41730479775202D-03  0.75542704534179D-03 -0.83484708635907D-03
  0.37252406262121D+01 -0.49144853179166D+00  0.10958877969440D+02 -0.13663519555988D-02  0.28573446238777D-03 -0.41052595956886D-03
 -0.21332722220969D+01 -0.59350677521407D+01  0.10799091487148D+02 -0.10128167274357D-02 -0.16265390031905D-03  0.73855744728003D-03
 -0.10223307012364D+02 -0.42769537842472D+01  0.10942123208946D+02  0.76413059557497D-04 -0.14630256788267D-03  0.95306122930153D-04
 -0.13096141837874D+02  0.28616494440591D+01  0.11787841328682D+02 -0.64900648203781D-03 -0.12314997840393D-02  0.74621927732380D-03
 -0.16872779063584D+01  0.11756750377696D+02  0.30314967846920D+01  0.10560608612485D-03 -0.20030286311559D-03 -0.22963828473962D-03
  0.21653221477521D+01  0.11796080438870D+02  0.51941064399090D+01 -0.16209765068973D-05 -0.25652088745017D-03  0.46276063865913D-04
  0.26460586915356D+01  0.14040960134352D+02  0.37183811365118D+01  0.61839132889833D-04  0.29705282154728D-04  0.53452970597609D-03
  0.29218611210443D+01 -0.56996291964491D+01  0.11697510022417D+02 -0.69984488665142D-03  0.88975738368661D-04  0.22651845302596D-03
  0.40439824071691D+01 -0.52762126791877D+01  0.13627497066834D+02 -0.43887974301454D-03 -0.23996667791607D-03 -0.19997959927708D-03
  0.25229408651322D+01 -0.78075175804793D+01  0.10293087557431D+02 -0.16672942454481D-03 -0.43037042800082D-04 -0.24403182170267D-03
  0.43993467836355D+01 -0.95750805449640D+01  0.11195457915474D+02 -0.31286734399492D-03 -0.40688487962867D-03  0.28667616451818D-03
 -0.15749526200732D+02 -0.73169401439495D+00  0.14040940533946D+02 -0.71448108105705D-03 -0.46699770934926D-03 -0.73820038871948D-03
 -0.13744531561893D+02 -0.44020323872791D+01  0.13643223251591D+02  0.28804045624131D-03 -0.38511186143152D-03  0.15117750402110D-03
 -0.15041159901703D+02 -0.49296630802579D+01  0.16067008089466D+02  0.56143714874991D-03 -0.27179425941735D-05 -0.85501062469383D-04
 -0.11215951004697D+02  0.69594940613082D+01  0.11467844257379D+02 -0.21149235707851D-03  0.23120586414315D-03  0.49822172027480D-03
 -0.89815709305432D+01  0.69791300174089D+01  0.51541700797465D+01  0.93356932570560D-03  0.54102973880465D-03 -0.30946222816858D-04
 -0.16367821961306D+02 -0.64975650595975D+01  0.15513104173126D+02 -0.33510170816614D-03 -0.41194013804999D-03 -0.51640513312599D-03
 -0.16306576367676D+02 -0.29879175984966D+01  0.16457809837703D+02  0.85341671203589D-03  0.88683480855813D-03  0.26640635586926D-03
 -0.13558448782088D+02 -0.54236897361839D+01  0.17503404448180D+02  0.55415226860935D-03  0.33990026154512D-03 -0.43360809289182D-03
  0.61298495223842D+01 -0.95077671382742D+01  0.99285819991115D+01 -0.14215893374718D-03  0.54065773237554D-03 -0.41370447040418D-03
  0.32915250495261D+01 -0.11255525953920D+02  0.10973625348602D+02 -0.36426508018708D-03  0.33346971193585D-04 -0.29786295673528D-03
  0.50020040832144D+01 -0.89739973173647D+01  0.13136657483492D+02  0.54897189934836D-03  0.10101315278794D-02  0.19160382158732D-03
 -0.80915769784437D+01  0.74231042120378D+01  0.34611314228350D+01 -0.10538036921684D-02  0.76624849806589D-03  0.11060681030533D-04
 -0.91488471625927D+01  0.89151054190907D+01  0.60660263788403D+01  0.31202500576986D-03 -0.88982977954277D-03 -0.59127353671661D-03
 -0.10761045581285D+02  0.61411024788972D+01  0.47699343397348D+01  0.24310483362346D-03  0.13082362691413D-03  0.22433583997627D-03
 -0.11537871766541D+02  0.72522578567660D+01  0.13602130341358D+02  0.13185253822395D-04  0.28192698922921D-03  0.91478070404522D-05
 -0.12841836753613D+02  0.66241483619554D+01  0.10161134443686D+02  0.47311142019369D-03 -0.74684640931361D-03 -0.18280714135504D-03
 -0.10667339124652D+02  0.89421967864389D+01  0.10837742153282D+02 -0.72461958962205D-03  0.81420278857549D-03  0.59004479610914D-04
  0.20032952727363D+01  0.13921678646242D+02  0.15155766927973D+01 -0.14420075489336D-02 -0.66897207709845D-04 -0.61754860795976D-03
  0.47080661878171D+01  0.14621797332497D+02  0.40248134368633D+01  0.78417751058762D-03 -0.54247420352154D-03  0.43181347663129D-03
  0.19340697952447D+01  0.15676593439231D+02  0.46081717384175D+01  0.97802929786314D-03  0.11492519106383D-02 -0.72174821470890D-03
