 -1.0
 -0.55159002300542D+01 -0.27725383370668D+01  0.35449215881970D+00  0.42275878613828D-03 -0.55860924532031D-03 -0.23066753143641D-03
 -0.28890320910010D+01 -0.30476760774065D+01  0.31664387531085D+00  0.41064653589291D-04  0.11687769516140D-03 -0.46627290105195D-03
 -0.13009483787054D+01 -0.89654634383141D+00  0.11481741339884D+01  0.88959031701454D-04  0.94325598632106D-04 -0.33670637958706D-03
 -0.25211501393239D+01  0.14493556688616D+01  0.17688538759748D+01  0.17651311923734D-03 -0.53007928123421D-03  0.45001377635532D-04
 -0.52077249164591D+01  0.14767302551873D+01  0.17890168916575D+01  0.39329270107469D-03 -0.71039896287242D-03  0.68573491751539D-03
 -0.66207154233028D+01 -0.49265671559537D+00  0.95966488075550D+00 -0.69761174648361D-04  0.75010708174643D-04 -0.63648322408761D-04
  0.10990315293487D+01 -0.17943834304557D+01  0.23499227669052D+01  0.81271370392730D-04 -0.32768353148569D-03  0.46393150579714D-03
  0.24701566934520D+01  0.39788852514824D+00  0.29978464570265D+01 -0.12607987881531D-03 -0.62574299605230D-04 -0.13185213169708D-03
  0.14129582091240D+01  0.31500568890598D+01  0.31367534257173D+01 -0.22887172757072D-03  0.12383673415512D-03 -0.16497182205319D-03
 -0.11712369433814D+01  0.32819495272081D+01  0.28701959050456D+01 -0.26843451122215D-03 -0.44842280527742D-03 -0.31046870832084D-03
  0.19529070928609D+01 -0.42064556886232D+01  0.29289549319966D+01 -0.81421949860827D-04 -0.91043223632214D-04  0.71595360585998D-03
  0.48017542820903D+01 -0.44707051990796D+01  0.33530048298118D+01 -0.99182768818251D-03 -0.14567991294142D-03  0.24037860621497D-03
  0.60003223050179D+01 -0.21638655838804D+01  0.37560031260782D+01  0.14843294863418D-03  0.18371505888683D-03 -0.13470719343449D-03
  0.49868394509453D+01  0.16864518621669D+00  0.32275546685434D+01 -0.26680983450958D-03  0.19284976979431D-03 -0.39725484269886D-03
  0.63250197047400D+01  0.24934079586660D+01  0.33818543584927D+01 -0.83646101722906D-04 -0.94950209756386D-04  0.52912187356148D-03
  0.55605944466836D+01  0.48289589701134D+01  0.35214451103236D+01  0.39432791027026D-04  0.20595378205509D-03  0.59681954696004D-03
  0.29626311064956D+01  0.52497085941136D+01  0.35243320220652D+01 -0.36207332037878D-03  0.77369584327519D-03  0.39859391048868D-03
  0.31469443066277D+00 -0.60700653778870D+01  0.40751222099176D+01  0.57874732807496D-03  0.46579494766903D-03  0.52735932889340D-03
  0.10386869132579D+01 -0.84772633097800D+01  0.46118805550097D+01 -0.49275851037329D-03  0.79658215519056D-03 -0.32941498380329D-03
  0.38733761293937D+01 -0.87582523627559D+01  0.43011592029878D+01  0.34041885088993D-03 -0.10780059180474D-03 -0.59299527200575D-03
  0.56190261693323D+01 -0.68350696455551D+01  0.41824550664796D+01 -0.70963569819606D-04 -0.31018673045870D-03 -0.26936163542659D-03
 -0.19724948407372D+01 -0.51546085348163D+01  0.50539134950715D+01  0.57705023694264D-03 -0.27560126243978D-03  0.60883544807182D-03
 -0.22545347496459D+01 -0.53547131360380D+01 -0.46594219900876D+00  0.78147590369493D-04  0.25992160859669D-03 -0.22699299797351D-03
 -0.95097369473765D+01 -0.64957708581819D+00  0.90393670242692D+00  0.13063489520801D-03 -0.12028677390362D-03 -0.68730426234527D-03
  0.47418269222649D+01 -0.11408232140373D+02  0.52877034213150D+01  0.55575502149322D-03 -0.31621011962344D-03 -0.96096733324158D-04
 -0.61006285292914D+01  0.30268571452199D+01  0.28870220134409D+01  0.12427400607335D-02 -0.75848601935504D-03 -0.47487797161481D-03
 -0.66630886941032D+01 -0.39191125136749D+01 -0.90667262488131D+00 -0.13023618851559D-02 -0.44053532334385D-04 -0.36578307860663D-03
  0.22224999843867D+01  0.71117069131104D+01  0.37650133835288D+01  0.15145494286563D-02  0.12120718555765D-02  0.41515313472167D-03
  0.80413003395565D+01  0.14980121848450D+01  0.41298812214930D+01  0.20835495319325D-03  0.83905235730962D-03  0.42207728933241D-03
  0.77306782516356D+01 -0.72487534345190D+01  0.43705511881939D+01 -0.20066727963531D-03  0.11441149791580D-02  0.10694271822181D-03
  0.37349024661093D+00 -0.98135165938309D+01  0.60298824714201D+01 -0.36680402884088D-03 -0.20338822332280D-03  0.33468027861057D-03
 -0.10937884639049D+02  0.12705619123163D+01  0.64996642862683D+00  0.83740897311970D-04  0.13323273037402D-03  0.10921061809037D-03
 -0.10746942709543D+02 -0.26813221735733D+01  0.13885581388957D+01 -0.62325724516924D-03 -0.69361488675051D-04 -0.75889385176771D-04
 -0.13405983266722D+02 -0.23607607446475D+01  0.16560704139739D+01  0.82750381273076D-03  0.24062729463507D-03  0.51040614189428D-03
  0.74361741210229D+01  0.69068988907604D+01  0.39227251796475D+01  0.18036784094033D-04 -0.32626731668643D-03 -0.41336703308578D-03
  0.91188366448044D+01  0.65637933600064D+01  0.55376183632820D+01  0.44427134655224D-03  0.38893743327047D-03 -0.93055844205059D-03
  0.66959788041167D+01  0.88944955704340D+01  0.30028802439575D+01  0.38813472027955D-03  0.19610839380114D-03  0.18584150557338D-03
  0.80808529880531D+01  0.10883246871298D+02  0.42894536263890D+01  0.20694719715678D-03 -0.84944924844330D-03 -0.35634001305038D-03
  0.67763049068978D+01 -0.11247803468684D+02  0.65570132692560D+01 -0.46077976060878D-03 -0.20072545294986D-03  0.42431827471369D-03
  0.32422580913351D+01 -0.13520474304634D+02  0.53269536056531D+01 -0.48827515313747D-04 -0.11865061031669D-03 -0.25974541754064D-03
  0.51158111076862D+01 -0.15446560180637D+02  0.52000526584438D+01 -0.90470650141946D-04 -0.24528860068223D-03  0.29759702811409D-04
 -0.43264632378728D+01 -0.65832642000147D+01  0.50907412872088D+01  0.38342841070509D-03 -0.29835993673185D-03  0.35163144524174D-03
 -0.48191467666128D+00 -0.53367462167263D+01 -0.25907625671322D+01  0.82444068637750D-03  0.62451238621794D-03  0.75712923962543D-04
  0.66760493267065D+01 -0.15294562489815D+02  0.65699060261143D+01  0.38473925622233D-03  0.26911939386658D-03 -0.26542977600188D-03
  0.60459418941782D+01 -0.16370159087472D+02  0.33370648320879D+01  0.33864947140013D-03  0.24619696234590D-03 -0.36599216963517D-03
  0.37623334387705D+01 -0.16825671901286D+02  0.57451139921171D+01  0.81901892991909D-03  0.82447438723635D-03 -0.60232310582326D-03
  0.10119512971845D+02  0.10034748460566D+02  0.49387706017653D+01  0.83837650358937D-03  0.90392545890027D-04  0.42615664457607D-03
  0.73876135264629D+01  0.11002020136466D+02  0.62169361386479D+01  0.11312888392396D-03  0.45109448632660D-03 -0.53669454743705D-03
  0.77399884714794D+01  0.12593951821868D+02  0.29794277395458D+01  0.45278674426071D-03 -0.15065798206006D-03 -0.48972849651388D-03
  0.11739373517378D+01 -0.46879833527672D+01 -0.18442609522059D+01 -0.12882479012978D-02  0.27680781823403D-03  0.34048570820715D-03
 -0.10185165882261D+01 -0.41199370045716D+01 -0.40232276534098D+01  0.74439687431163D-03  0.44110547707140D-03 -0.12104765348466D-03
 -0.43087936008493D-01 -0.73492536553099D+01 -0.28801162089194D+01 -0.43420165806243D-03 -0.25103747414689D-03  0.27398102683364D-03
 -0.46779272974811D+01 -0.70816108821551D+01  0.69884580572512D+01 -0.16805804539242D-03  0.38335951442187D-03 -0.26933408245699D-03
 -0.42402862886749D+01 -0.84131901595987D+01  0.41228502664693D+01  0.20166170308690D-03 -0.25962517646079D-03 -0.31773080847632D-03
 -0.58081485132098D+01 -0.52619771019207D+01  0.39691885046617D+01 -0.96794422661405D-03 -0.50667993037947D-04 -0.12820179500501D-03
 -0.14394741590096D+02 -0.26368769415703D+01 -0.18087116424633D+00  0.29436774787187D-04 -0.56032536747167D-04 -0.20396827332833D-05
 -0.13512781514349D+02 -0.37381116178564D+00  0.20381093236826D+01 -0.50425029709719D-03 -0.14712906116188D-03 -0.17143970218531D-03
 -0.14384113919320D+02 -0.35647588973494D+01  0.30697541490812D+01 -0.12528222511111D-02 -0.45029469029813D-04  0.70550448881681D-03
 -0.25155777162124D+01  0.90525370879835D+01  0.79241679302895D+01 -0.36932536958287D-03 -0.76806905415993D-03  0.31175073592610D-03
 -0.39516796704506D+01  0.69462077648805D+01  0.80170102047349D+01 -0.46883307510784D-03  0.35483156605361D-03 -0.85927835494664D-04
 -0.32214446753470D+01  0.44222596767914D+01  0.89988010410333D+01 -0.24224644157693D-03  0.45600299234877D-03 -0.16516809681772D-03
 -0.48900226195739D+00  0.41028754816596D+01  0.89401351478010D+01  0.23900588591840D-04 -0.20502734018821D-04  0.15571223879397D-03
  0.10833168212752D+01  0.63324606890464D+01  0.87659699851091D+01  0.29469045415534D-03 -0.21686762751511D-03 -0.78860852756730D-04
  0.90662759315193D-01  0.87630130186424D+01  0.86003573751946D+01 -0.11686033415948D-03  0.42756228482982D-03 -0.52200613768790D-03
 -0.45318300251734D+01  0.24457098780670D+01  0.10255183341090D+02  0.19126900845205D-03 -0.40796061957201D-03  0.21745760829953D-03
 -0.32223455761532D+01  0.18722408829905D+00  0.10083627346518D+02  0.47652336713010D-04  0.12604745479022D-03 -0.53655173317114D-03
 -0.52091634584431D+00  0.19360758663063D-01  0.97449675810952D+01  0.27661585688080D-03 -0.26124700518605D-03  0.92649855164099D-03
  0.10758815361121D+01  0.20157647414213D+01  0.93160740903627D+01 -0.42609093431291D-03 -0.19643791300937D-03  0.14243538439361D-03
 -0.71028576213739D+01  0.25186618560753D+01  0.10920463782413D+02 -0.58051752210611D-04 -0.50160368574069D-03  0.96803050228325D-03
 -0.83751128479973D+01  0.21063678701770D+00  0.10748771025360D+02 -0.24699877329818D-04  0.46746142994904D-03  0.24927737966579D-03
 -0.73246846817289D+01 -0.20319798573621D+01  0.10803225963927D+02 -0.33717421716452D-03 -0.15827758984775D-04 -0.77708946481843D-05
 -0.48551710729048D+01 -0.19551826999117D+01  0.10813927323724D+02 -0.32014959041760D-03 -0.95516230550496D-04 -0.14746903402671D-03
 -0.35074465420244D+01 -0.41075321548724D+01  0.11829962627458D+02 -0.15662348928189D-04  0.22309479689755D-04 -0.34054758700020D-04
 -0.86791472783697D+00 -0.41748293658807D+01  0.11412218328482D+02  0.36783538460192D-03 -0.14838619058495D-03 -0.24218994465381D-03
  0.55158538638293D+00 -0.23219942596666D+01  0.10357659303739D+02  0.18327977246164D-03 -0.26000550484856D-03 -0.34512635544672D-03
 -0.85274130136423D+01  0.48118305189201D+01  0.11134107859392D+02  0.55553719749828D-03  0.12582914385682D-03 -0.16791875292040D-03
 -0.11314849510323D+02  0.48087351333817D+01  0.10772286577735D+02  0.63912598689851D-03 -0.16906757148035D-04 -0.58469059479526D-04
 -0.12487571682952D+02  0.25323197903365D+01  0.10159881493116D+02 -0.31886775343063D-03  0.39147870601338D-03  0.48562438025804D-04
 -0.10995914892837D+02  0.39137329625862D+00  0.10396764131956D+02 -0.62496519335601D-03  0.28500291851125D-04  0.29205350789821D-03
 -0.76919187645347D+01  0.71806382906117D+01  0.12160517586093D+02 -0.11092384454156D-03  0.21415890137763D-03 -0.92097756759320D-04
 -0.65065283175536D+01  0.67657172979549D+01  0.68534904392310D+01 -0.24101531994306D-04 -0.59838936662242D-03  0.30516742013841D-03
  0.20377259068242D+01  0.10931356054711D+02  0.92527673967536D+01  0.23812012948431D-03  0.40559166841127D-03  0.23790618515344D-04
 -0.14954706044853D+02  0.26234175612234D+01  0.90125711150305D+01  0.33762059237445D-03  0.74103154771440D-03 -0.13124066974206D-03
  0.28511236345969D+01  0.59928849540104D+01  0.90130563070949D+01  0.74063123349622D-03 -0.12756969967058D-02  0.39357725328431D-03
 -0.31590014812264D+01  0.10936635974129D+02  0.70675860479644D+01 -0.44026930441771D-03  0.44153543431988D-03  0.47482187389598D-03
  0.25060970231916D+01 -0.28685728934540D+01  0.99460933029524D+01  0.58228770879671D-03 -0.38226832767713D-03 -0.25135842848953D-03
 -0.43933676470181D+01 -0.55796078645147D+01  0.12654431857030D+02  0.82597467528677D-03  0.14712142401655D-02  0.10233236888085D-03
 -0.12127427053592D+02 -0.12198620271388D+01  0.10005661068430D+02 -0.26898965555917D-03  0.12493004785030D-02 -0.58024546723317D-03
 -0.12178489597640D+02  0.65481384471364D+01  0.11725683939294D+02  0.43249476302968D-03 -0.10419471293622D-02  0.22847048204324D-03
  0.35118032370100D+01  0.11631444295885D+02  0.78361541066461D+01 -0.89196650474389D-04 -0.34783002531586D-03  0.14495181699380D-04
  0.12622878834581D+01  0.12405300828194D+02  0.11325672537073D+02  0.38599274287654D-03  0.26571825949660D-03  0.39767578085015D-04
  0.22604142345929D+01  0.14686510784787D+02  0.11348716344686D+02  0.56771693599006D-03  0.32669822535104D-03 -0.55132404834985D-04
 -0.33637284908336D-01 -0.66616345022888D+01  0.10977712939045D+02  0.11940685754574D-03  0.27946772392493D-03 -0.19810381165399D-03
 -0.10412575516969D+01 -0.83480616338104D+01  0.98847031356536D+01 -0.50785191788433D-04 -0.26768798883482D-03 -0.10880375948652D-03
  0.26115602605989D+01 -0.68474689604930D+01  0.11156816116693D+02 -0.40799720912866D-03  0.27504007409578D-03  0.45727754998151D-03
  0.31497977996948D+01 -0.95590109301744D+01  0.10925707004601D+02 -0.64734414454349D-03  0.85139450875509D-04  0.13352810472692D-03
 -0.16199968168555D+02  0.46022262469909D+01  0.89110975843108D+01 -0.10999787460225D-02 -0.38825131391245D-03 -0.20264377132580D-03
 -0.15879317965463D+02  0.58238521651679D+00  0.77834879995216D+01 -0.54941728457148D-04  0.26956082053600D-04 -0.64522327948715D-03
 -0.17305401807758D+02  0.14245420081546D+01  0.57439797982710D+01 -0.21875090786760D-03  0.23315671846308D-03 -0.41928424438022D-04
 -0.91133900237206D+01  0.82187534232079D+01  0.14033927756564D+02 -0.24557038233021D-03 -0.36325255792031D-03  0.36273074699807D-04
 -0.67844074092355D+01  0.83214213080113D+01  0.48057764564718D+01 -0.11499546876547D-03 -0.12437651190345D-03 -0.72621851042033D-04
 -0.18233619786922D+02 -0.30197225305527D+00  0.52185054795276D+01 -0.29646220442442D-05  0.17167654757463D-03  0.11331629814364D-02
 -0.15746671847110D+02  0.21868434871730D+01  0.44026116091886D+01 -0.70132345282508D-04 -0.10998323292359D-03  0.50684862091598D-03
 -0.18705532149625D+02  0.28908007379287D+01  0.60063987298554D+01 -0.24689079282430D-03 -0.68169567980060D-04  0.12914933900658D-03
  0.32881730963240D+01 -0.99359819996564D+01  0.13005447757131D+02  0.59769461443586D-03  0.37040820939405D-04 -0.30061277434339D-03
  0.48673969052082D+01 -0.99324336618469D+01  0.95433630002408D+01 -0.56410298599599D-03  0.22766606884693D-03 -0.67976759444612D-04
  0.14593151359475D+01 -0.10576750662260D+02  0.10144337602317D+02  0.11057019250942D-03  0.26442309419926D-03 -0.60227654615008D-03
 -0.61390665454965D+01  0.76582934174384D+01  0.29339586932340D+01  0.22889949390821D-03  0.15118455739315D-02  0.75963217746529D-03
 -0.51701403171980D+01  0.99340192348117D+01  0.47367490002135D+01  0.10506712902948D-03 -0.52688581106265D-03 -0.16508669564358D-04
 -0.87120751358590D+01  0.90242004108628D+01  0.44617860526417D+01 -0.86434779763680D-03 -0.26329419783694D-03 -0.72142018502978D-03
 -0.75491553818480D+01  0.84326052426604D+01  0.15717871387241D+02  0.14989536862843D-02 -0.22866673837169D-03  0.45221708029176D-03
 -0.10604038465940D+02  0.72606157296065D+01  0.15330591695979D+02 -0.31999087100984D-03 -0.62290007758676D-03  0.77096269648246D-04
 -0.99050682752356D+01  0.10007339884763D+02  0.13888650393518D+02  0.49506298614476D-04 -0.11626390963093D-02 -0.52238396073122D-03
  0.39038483810804D+01  0.15119811261408D+02  0.99992395135871D+01 -0.95531258088159D-04  0.60324493732615D-03  0.59841524601097D-03
  0.31129107523075D+01  0.14557825879643D+02  0.13162338937373D+02 -0.11567571675902D-02  0.64622137182638D-04 -0.78509877543509D-03
  0.49435566483766D+00  0.15850928941137D+02  0.11140389592785D+02 -0.13070987729236D-02 -0.58054876242876D-03 -0.59272335986892D-03
