$coord
       -8.15868133147973       -7.51612016058689        0.01957879780224      C
       -5.98624065165807       -6.04035009598887        0.13583217064510      C
       -5.91897854367641       -3.68972302606257       -1.24602748914575      C
       -7.59533989947293       -3.12598444241099       -3.28519521745137      C
      -10.02959702796441       -4.23883974702595       -2.86636042197608      C
      -10.05453198119091       -6.71278536074099       -1.65961410630830      C
       -3.95593632582908       -1.85261967030710       -1.14035211552658      C
       -3.15040829032006       -0.59787620138820       -3.31198417341949      C
       -4.99010819881389        0.05085540187407       -5.03385232583621      C
       -7.41070503027002       -0.75572365650138       -4.76033736738456      N
       -2.33396417740013       -1.91135865526407        1.01831240592848      C
        0.14702726205036       -1.32454022762012        0.50676136234704      C
        1.07510680580272       -0.18211200781963       -1.48390013079230      N
       -0.66338496607141        0.32216124851273       -3.43206391753978      C
       -0.00960362460677        2.54835111463853       -5.04179880390643      C
       -1.80767737359199        3.27466429007984       -6.72779871323809      C
       -4.15602828498109        1.91834911340499       -6.89447528901877      C
       -3.37282138663441       -2.14898614854297        3.53511877276902      C
       -1.43907988518570       -2.46228543806337        5.29007049394197      C
        1.09178369471060       -2.58676105228915        4.68539945406484      C
        1.94805166513519       -1.83930083767003        2.31188719302417      C
       -5.84228785526340       -1.92268724106711        4.31164753588708      O
       -3.77869117822948       -7.02879169118711        1.10541762043167      O
      -12.38995788127211       -8.30212204722461       -1.85513883197647      C
        3.08791359554908       -3.33755541364093        6.26819235978199      C
      -11.61088555837721       -3.58249030810237       -4.17092183940249      H
       -7.95895249006910       -9.48057936105084        0.36913623738614      H
       -5.46966054699135        2.73174903569866       -8.11747142422340      H
        1.51466264563124        3.72637752759103       -4.80170809063279      H
        3.62621595431175       -0.88238429680930        2.39064562788264      H
       -1.59049148892362       -3.47095425363208        7.07671713043445      H
      -13.21908027539849       -9.45700014722642       -0.17690971432007      O
      -13.39874360974780       -8.03444858346992       -4.21244458634061      O
      -15.17680274400182      -10.14861307637042       -4.44802479476354      C
       -1.54081356184671        5.53464399982015       -8.69534305756350      C
        0.12501641841080        7.04087116331338       -8.94337853685565      O
       -3.87078507749426        5.87656576041414      -10.13566858587476      O
       -3.81267597136433        7.76958877712797      -11.90290309018825      C
        2.34567158122307       -4.96304745137953        7.77379418497583      O
        5.40979170904758       -2.62227879204384        5.63263354831536      O
        7.35279890217218       -4.13291084870550        6.91043017423041      C
       -6.49071305787323       -2.07763069070527        6.84528782989162      C
       -4.40423262676762       -9.16591527773178        2.54859866721974      C
        8.28459161405562       -5.70175946876263        5.99347677585456      H
        6.11505967667812       -4.93009705014218        8.34540134484128      H
        8.41276814805381       -2.75016684529571        7.98730557389185      H
       -2.40425871517922        7.42611077072192      -13.26117850416021      H
       -2.97268632453214        9.38371162809107      -10.91897127323201      H
       -5.53165513503248        7.81728356857775      -12.93522595849939      H
       -4.49783353402071      -10.96912570357158        1.29812664748640      H
       -5.74658113226791       -8.44302981611542        3.88050736876833      H
       -2.56723765036668       -9.50039804050603        3.60832651407035      H
       -5.71855096728335       -3.86571560813431        7.49020933076192      H
       -8.58042029809930       -1.77173236766837        7.02130849159798      H
       -5.71274823850693       -0.79951236481004        8.10129839480321      H
      -14.20094804571172      -11.89478600620520       -4.95152906425744      H
      -16.58111019876706       -9.79607327025783       -5.75249214758636      H
      -16.30994062156694      -10.43099561637663       -2.80216905157442      H
        5.78226259337911        2.19728588870973       17.28363464770173      C
        4.10300281209371        2.19121965010534       15.18250213435504      C
        1.43938788869473        2.88925721243575       15.57031002891052      C
        0.56857440159259        2.97359236618982       18.14846120822483      C
        2.38031161707660        2.89335049994074       19.99992996388947      C
        4.89878243859750        2.84118007437188       19.66209292534230      C
       -0.42062159340981        3.19830427175038       13.50685096275432      C
       -2.91420507331860        2.84797840655436       14.26465744756183      C
       -3.52570280677070        2.40502529082076       16.83848639623162      C
       -1.99696080547562        2.89846512130472       18.75958156767646      N
       -0.09620189672959        4.38770511011198       11.08888822039440      C
       -2.03764294104324        3.93628949626866        9.25230794076117      C
       -4.33157440866505        2.76322487975734        9.77034489384937      N
       -4.79279395015202        2.31512980085864       12.32423998578361      C
       -7.02556930843916        1.24995254900822       13.09602113926039      C
       -7.58865948459465        0.66234651339711       15.59338032946094      C
       -5.78174662454792        1.14678310071309       17.48695206592628      C
        2.04683479859735        5.81649020611403       10.44297237681454      C
        2.59897202350094        6.04340478628904        8.03618251573587      C
        0.77103586084088        5.74013300729872        6.05052929686286      C
       -1.52844198880058        4.43150311330767        6.76209677711613      C
        3.26259039889282        7.38981613503984       12.27608294774063      O
        4.85964326712039        0.76391757397108       13.08350914319409      O
        6.71676451776786        3.13861394066019       21.92185814675005      C
        0.98473965480184        6.06839441733099        3.33317422207088      C
        1.60160639663195        2.96066603553720       21.83077422215356      H
        7.84589733588168        1.86846664935210       17.16409519637079      H
       -6.20102559812019        1.13841222133260       19.57104835651380      H
       -8.26952989075477        0.63696782805531       11.60624853186939      H
       -3.16122784236644        3.91740238100819        5.51632984991411      H
        4.12079143876247        7.33759251100917        7.57254843632170      H
        9.10383142388723        3.42074467790703       21.46270715961921      O
        5.30228661384164        2.88386890044677       24.14241721085119      O
        6.76513183571040        3.44938689330548       26.17576697390219      C
      -10.51825039207451       -0.17336124142033       16.08616897243096      C
      -11.12905789138005       -1.36129991730356       17.97363253774124      O
      -11.83300422333158        0.43607656490084       14.04340625601095      O
      -14.28774616248799       -0.19138833236324       14.52882460307551      C
       -0.84950364845617        5.65346217642241        2.07420473716899      O
        3.24354504016050        6.54592709203075        2.34353025343146      O
        3.09883974306669        7.36725680496646       -0.21825527361993      C
        1.57312896048074        8.37864703087662       14.03495092852590      C
        3.05797050975620       -0.85670487118081       12.01633801989329      C
        1.69339025587304        8.92601429329492       -0.16895053743153      H
        1.95306917535838        6.18435855881554       -1.67636313755759      H
        4.98339288076066        7.66997847286963       -1.12652813409147      H
      -14.66244524972580       -2.02497252294039       15.56889525710866      H
      -15.13955092480583       -0.03021764970108       12.62543962819998      H
      -15.25864415653331        1.49141796944734       15.57070172284800      H
        4.36239775001858       -2.16331092036688       10.68490879518818      H
        1.80930141370541        0.23264782315656       10.83862231802227      H
        2.44817935593449       -2.15823385895432       13.54870047426651      H
        2.11435573612327       10.33406285746475       14.06520512353100      H
        1.71172454596800        7.56506459775207       15.97240047386447      H
       -0.34510539425714        7.96833003573780       13.58519318817715      H
        6.03245465151120        2.47882539014002       27.85016109641280      H
        6.68727426739906        5.47878747588819       26.36341617910912      H
        8.65241295496943        2.86869104347045       25.75458183143579      H
$end
