$coord
       -9.29677870341132       -7.09435547739419        3.18520847939188      C
       -6.74728426268909       -6.65414559681933        2.58271514140040      C
       -6.23729389212747       -4.08560503440814        1.90919384862035      C
       -8.28271912293181       -2.28211956567801        1.21677559935159      C
      -10.92219495334692       -3.17939832574263        1.18054961243931      C
      -11.33185017166609       -5.42555141334660        2.41448771987708      C
       -3.72900914699267       -2.93082469020370        2.02118105530414      C
       -3.42644795502077       -0.60715290460739        0.78184778420715      C
       -5.50915496973913        0.92720956712077        0.02728085199758      C
       -7.89175883164969       -0.00016373767646       -0.16265212638635      N
       -1.88558883108495       -3.29857236881771        3.90550766289457      C
        0.50635990462077       -2.31280479827631        3.57620583399826      C
        0.99349996230936       -0.38402426728040        1.66714260955443      N
       -0.89751918009253        0.71538426165587        0.56178645767307      C
       -0.30107682744273        2.65371949896106       -1.16539274425308      C
       -2.54788250137772        3.52942064938501       -2.36163579203543      C
       -4.97319157469118        3.19763930611091       -1.40799977943639      C
       -2.21984955876929       -4.77529670625750        6.23190479787945      C
       -0.43820379598682       -4.66965705360486        8.03769999001907      C
        1.90367553266534       -3.48014505498350        7.62649923936708      C
        2.43388217211239       -2.48190392047734        5.39615815185503      C
       -4.79433334442140       -5.56115639978155        6.52187757158681      O
       -5.06180001448366       -8.47826799020596        3.03910603557765      O
      -13.88548222974002       -6.54069370525348        2.67524143025409      C
        4.17493286752580       -3.95314074920320        9.02649016726312      C
      -12.26441700765430       -1.99113990060550        0.16444990599320      H
       -9.77360947574225       -8.69332939809384        3.95596881530562      H
       -6.30294531820592        4.38369929187344       -2.20559867874081      H
        1.67095559707653        3.36016291601618       -1.08218627144282      H
        4.25214767422978       -1.66870574344916        5.05007932431389      H
       -0.90921407077818       -5.10267379870174        9.92658870519366      H
      -14.04126711928933       -7.74382309494569        4.53731650270260      O
      -15.83306660204187       -6.33415384808733        0.92339971594818      O
      -18.26783889171177       -6.81697556359951        1.81895236437891      C
       -2.25584595364732        5.12613355107917       -4.61447141099616      C
       -0.46274614187315        4.68628661373226       -6.04020076685039      O
       -4.36698028994942        6.63137284317371       -4.95161056962013      O
       -5.16123172104755        6.94844501736157       -7.51492478321774      C
        6.29046922461470       -3.11053702992799        8.60773486375257      O
        3.65069999980384       -5.19737522928341       11.26787544300001      O
        5.63335327725608       -5.18849668447829       12.86529533968564      C
       -5.57647680794892       -6.35768683346385        8.82524892771492      C
       -5.96819734672041      -11.00279530601869        2.80559160772299      C
        5.42760378969645       -6.28082860546931       14.48188265086212      H
        6.18936512758666       -3.33887691665122       13.62359714089913      H
        7.06517014338718       -6.03351799226901       11.65921347136941      H
       -4.18753207041069        5.36659938271400       -8.47761460840263      H
       -4.45694820334033        8.65878140059369       -8.38324056346981      H
       -7.07242261843243        6.55173946090711       -7.87279341044758      H
       -4.19074251605062      -12.01489306619143        2.41748291864956      H
       -7.39862169749107      -11.30159750716130        1.30302851467486      H
       -6.89030156886184      -11.66318933733050        4.59219332715946      H
       -5.48028866154321       -8.47269093177492        9.01500903247603      H
       -7.49327430252486       -5.72425562572840        8.94044466473545      H
       -4.95781829155878       -4.94956270227587       10.44164870579153      H
      -19.78569134630386       -6.93301163184586        0.30083687072824      H
      -18.78101901698340       -5.34498623989693        3.06228963209762      H
      -18.25929738454989       -8.50436770260514        3.15536782313448      H
        5.76037471877625        2.69821168095221       13.53695865375403      C
        4.17436209599232        3.48940218907513       11.70545400453439      C
        1.63477243659671        2.86573887887333       11.94322309519640      C
        0.72048224726671        0.91134641902794       13.76357148339749      C
        2.40077806121516       -0.16503262842966       15.40860491346001      C
        4.79795257801134        0.82196567875577       15.31131472641670      C
       -0.34852928414924        3.88508229164424       10.10229070239498      C
       -2.31346232877968        2.18909790268784        9.95135193918190      C
       -2.88654758746112        0.46516607621326       11.98729231071056      C
       -1.52470447312356        0.04542527026485       14.02109352297352      N
       -0.36521354152059        5.93512807771641        8.17974649981294      C
       -2.03896525566938        5.75654408572313        6.10118756172226      C
       -3.78154151005408        3.96550707900782        6.06355058327632      N
       -4.15503245155948        2.50635484547749        8.04934124241666      C
       -6.49288867805870        1.47243093561282        8.42448899527250      C
       -6.98200269195506       -0.34679368962073       10.04707399717064      C
       -5.25009411762079       -0.82960554954590       11.74926332191233      C
        0.79348732552361        8.27668924712977        8.46488130340301      C
        0.76048312287312       10.24809109371523        6.63431604172055      C
       -0.17388160577038        9.61759238883396        4.21255592398502      C
       -1.77921607719032        7.50949867921002        4.10615087671378      C
        2.11615407593860        8.92624560836636       10.76414132720833      O
        4.87685749547134        4.98276616332684        9.77610266394407      O
        6.62283998980760       -0.63964224314864       16.73272852776492      C
        0.25852866161270       10.73622849983046        1.79224839047123      C
        1.73029608163786       -2.07734581539438       16.37066802018925      H
        7.80415590427778        3.22906689523685       13.67118562082713      H
       -5.52225070999788       -2.27287846900999       13.31690508844052      H
       -7.94617450412200        1.59635317261932        7.05556970708384      H
       -2.81505558207983        7.26938132521815        2.31918931305708      H
        1.25418646667176       12.09088096910336        7.00519426082711      H
        8.81749528946983       -0.82837461595864       15.97790258551471      O
        6.13175722588677       -1.61475539625790       19.04587928006676      O
        8.42650864085563       -2.45349714165386       20.20802543565373      C
       -9.39646508976137       -1.67367781362326       10.29572136627686      C
      -11.31525481468346       -1.04612349365629        9.14799216808359      O
       -9.38921886990596       -3.71262432419923       11.75136554428490      O
      -11.69746456282773       -4.88024588338772       11.39039570620172      C
       -0.47382542815802        9.24938790451688        0.11280429461390      O
        1.66646156930523       12.86226952097580        1.46226842167394      O
        1.86411798598202       13.33028809890491       -1.00742766514154      C
        4.08222154176924       10.65115423114216       10.54420528712671      C
        7.66428918131926        5.31390024414287        9.61910546714359      C
        3.58307320617490       12.36003548443740       -1.88439351818039      H
        1.58684398968807       15.41351372953998       -1.43839793893986      H
        0.30481713985943       12.12859097988747       -1.71848531532347      H
      -12.42093121588631       -4.29797322952771        9.51045362460505      H
      -12.89750820998990       -3.75425534319230       12.56721716359490      H
      -11.90309863251062       -6.75039421204415       11.93355006486112      H
        8.32271606822566        7.02028955157482       10.84811637102746      H
        8.22257173409669        5.34560203497012        7.56795843798452      H
        8.49679331662848        3.41261214466672        9.98853710973119      H
        3.17387204154762       12.25180734030525        9.41937149686621      H
        5.44464914158385        9.74090104362552        9.48991699570807      H
        4.68864986806974       11.62533592349787       12.32898547829380      H
       10.06485754812712       -2.19357518356486       19.14315005948773      H
        8.26819485769072       -4.41592307006479       21.07703404368700      H
        8.46698281683949       -1.34460962096619       22.03690048495983      H
$end
