 -1.0
 -0.68128881005849D+01  0.60951322810641D+01  0.31559442510433D+01 -0.49399412174976D-03 -0.96987633895578D-05  0.35516090427523D-03
 -0.41272965722376D+01  0.59606844771072D+01  0.25478854705356D+01 -0.33531380979673D-04 -0.20700320295003D-03  0.69904834959129D-04
 -0.22248117080016D+01  0.57517567668166D+01  0.43504544262077D+01 -0.35399645388172D-03 -0.16703817668815D-03 -0.38069257359533D-03
 -0.30066637630621D+01  0.61746440693240D+01  0.68163736612933D+01 -0.24005101678553D-03  0.17053342384834D-03  0.32618324912241D-03
 -0.56411485459910D+01  0.65694234781023D+01  0.75677425203700D+01  0.18198586720891D-03  0.73735127326754D-04 -0.33843252650471D-03
 -0.75067819251756D+01  0.63738478593428D+01  0.57317400388009D+01  0.10879082207310D-03 -0.19996002131032D-03  0.13744939563381D-03
  0.28657598097886D+00  0.50054550619241D+01  0.37601556744548D+01  0.37498135443556D-03 -0.41992215802622D-04  0.27541983032642D-04
  0.20306215221164D+01  0.58093124404694D+01  0.54896114026522D+01  0.13042376843559D-03  0.13168188725443D-03  0.42425518395022D-04
  0.12127648210029D+01  0.66592273443549D+01  0.80712805961568D+01  0.19886145252776D-03  0.10901911158289D-03 -0.28276588062551D-03
 -0.12954214128103D+01  0.67609854347411D+01  0.86353054506182D+01 -0.15272094409346D-03  0.66287109672472D-04  0.32772442081187D-03
  0.11951899927871D+01  0.33220253468840D+01  0.20100046478577D+01 -0.18172570486844D-03  0.12813345265673D-03 -0.26142844084033D-03
  0.38367750637180D+01  0.32345642653862D+01  0.17953939332099D+01 -0.25293553592111D-03 -0.20871130163600D-03 -0.23434854830871D-03
  0.57133026478836D+01  0.44710220630863D+01  0.31958858213160D+01 -0.52774625686827D-03 -0.88935736318271D-04  0.90807961806152D-03
  0.48067167143162D+01  0.53272045547247D+01  0.53175138352083D+01  0.42537419597254D-03 -0.47707617749608D-03 -0.59518541282617D-03
  0.65896540639684D+01  0.57268396986200D+01  0.72820575963234D+01 -0.31864749207724D-03  0.17315746331567D-03  0.41239182999523D-03
  0.56873536515506D+01  0.69319726915959D+01  0.95970071096868D+01 -0.16828168733046D-03  0.13829198224743D-03 -0.24149023339387D-04
  0.31950768631103D+01  0.73366882376384D+01  0.97959798785580D+01 -0.10205218965520D-03 -0.14036216062459D-03 -0.25302764814000D-03
 -0.37950798145149D+00  0.11369609020408D+01  0.12915314052618D+01  0.31106616879523D-03  0.16002359905113D-03  0.18014930477148D-03
  0.85530325549383D+00 -0.59098957317846D+00 -0.40138650299923D+00  0.53213714432056D-04  0.31082231628619D-03 -0.77776005727337D-04
  0.34948968228802D+01 -0.55071256348190D+00 -0.77789023237681D+00 -0.34597414102791D-03  0.61926707551802D-03  0.21873839802517D-03
  0.48638826602116D+01  0.13388538591679D+01  0.39746657580311D+00 -0.14266477539386D-03  0.25161805488561D-03  0.17894619256900D-03
 -0.30592631831219D+01  0.11403633238585D+01  0.15922531174684D+01 -0.32473458439900D-03 -0.42067619696264D-03  0.77079033107702D-04
 -0.33810387044563D+01  0.59108163983546D+01  0.73259766553427D-01 -0.28515754891650D-04  0.17652363002459D-03  0.35942722456568D-03
 -0.10032880475240D+02  0.68941070590160D+01  0.66778712741071D+01  0.25342706907587D-03 -0.10089494114337D-03  0.56854290281919D-03
  0.46493325589428D+01 -0.19363312697295D+01 -0.28794358824642D+01  0.23458343058128D-03  0.21323178641897D-04  0.12952001330672D-03
 -0.56546798316617D+01  0.77510625421387D+01  0.93355810561608D+01  0.59307972832253D-03  0.54034890946368D-03 -0.17000446708420D-03
 -0.78724331923795D+01  0.52232762884694D+01  0.16240284318569D+01  0.91558534860054D-03  0.67647547478895D-03 -0.42691667006676D-03
  0.23608963496120D+01  0.79174434241088D+01  0.11578425884181D+02 -0.67559884793906D-03  0.48219738169513D-03 -0.29362725687006D-03
  0.86102961577683D+01  0.51318726129138D+01  0.71056669272016D+01  0.79988551545313D-03 -0.28924085374956D-03  0.46891799689222D-03
  0.70173531044860D+01  0.11023209680179D+01  0.34982803000338D+00  0.54962148875618D-03 -0.26426148210990D-03 -0.99140503440456D-04
 -0.25084188462679D+00 -0.19172961918678D+01 -0.14041637889880D+01 -0.37156145516834D-03  0.57368929065681D-03 -0.32874306107780D-03
 -0.11963496840817D+02  0.64562139281045D+01  0.54000060357789D+01  0.67368501895528D-04  0.14278685819505D-03 -0.10491003356160D-03
 -0.98178613603921D+01  0.81023704432723D+01  0.89414463170275D+01 -0.89816643325666D-04  0.24771322703804D-05 -0.36951331448592D-04
 -0.12085730908999D+02  0.78449621465871D+01  0.10226987772936D+02  0.64224887037705D-03 -0.21016309017980D-03 -0.84948098384261D-03
  0.73527323696524D+01  0.70184076957611D+01  0.12024569687707D+02 -0.24473476393258D-03 -0.61228130427162D-03 -0.43444454507693D-03
  0.65010949231953D+01  0.81173111131482D+01  0.13821901962840D+02  0.48350320768469D-03 -0.71127249822933D-06 -0.42934621483739D-03
  0.96135560096181D+01  0.60026220481014D+01  0.11991746523967D+02  0.29348651150838D-03 -0.33999463377697D-03  0.34930919951539D-03
  0.10819162413699D+02  0.63289494742194D+01  0.14369819582315D+02 -0.23176999516478D-03 -0.37379580335225D-04 -0.31821066282873D-03
  0.34484870546346D+01 -0.26697983334266D+01 -0.46732834637124D+01 -0.32712307257903D-03 -0.10220735231307D-03 -0.14090569451062D-03
  0.73015655151112D+01 -0.21183531417200D+01 -0.27215776265384D+01 -0.61220765764205D-03 -0.33694461548650D-03  0.27275296255811D-03
  0.82632543261010D+01 -0.20494265374783D+01 -0.53882298680349D+01  0.14331892841622D-03 -0.22419502818532D-03 -0.93765121517236D-04
 -0.41951188786296D+01 -0.11999334593692D+01  0.19855534705744D+01  0.21782876160604D-03  0.77937211204016D-04  0.28703587856977D-03
 -0.52489794904197D+01  0.68166696584232D+01 -0.15112878573204D+01 -0.31718653516164D-03  0.54579911487365D-03 -0.26128336682498D-04
  0.10140767225854D+02 -0.27693541071611D+01 -0.53663670034453D+01 -0.42413191291032D-03 -0.10104908282729D-03 -0.24444559699856D-03
  0.86074396713669D+01 -0.40395589252759D-01 -0.61157759309040D+01  0.13573347704793D-03  0.28635931871164D-03  0.54866085394075D-03
  0.68948331648528D+01 -0.29212118410148D+01 -0.65957914446691D+01 -0.55761141705397D-04 -0.77469892246186D-03  0.93106520291353D-03
  0.12793341250005D+02  0.68188242440130D+01  0.14131501201278D+02  0.79168414413725D-04 -0.61396819801906D-03  0.77642336815813D-03
  0.11505200825005D+02  0.46113479599518D+01  0.15243661186824D+02  0.61598830423637D-03  0.73648103085705D-03 -0.86416501241250D-03
  0.96372259232133D+01  0.74324204052401D+01  0.15729054236705D+02 -0.61787972975959D-03  0.68328270235977D-03 -0.65949609644742D-03
 -0.67860677753222D+01  0.53490688830936D+01 -0.19349737780192D+01  0.26740535426096D-03 -0.92522224417800D-03  0.53245579759286D-03
 -0.44703989708059D+01  0.73188872688970D+01 -0.33566420188667D+01  0.97115933584305D-03 -0.45822981793771D-03  0.66012972833447D-03
 -0.59770389524361D+01  0.85977059094690D+01 -0.81785436095702D+00  0.61288077320817D-03  0.25757207237617D-03  0.78670035843515D-03
 -0.27218776110001D+01 -0.25095650179401D+01  0.26962763884332D+01  0.48561635490032D-03  0.58151264434676D-03 -0.64391640858507D-03
 -0.51216415956045D+01 -0.16920159309030D+01  0.19877002233953D+00 -0.69029836909559D-03  0.71511583865953D-03  0.60667472326647D-03
 -0.55677511348045D+01 -0.10897517254078D+01  0.36148783934925D+01  0.14523824393695D-03 -0.64468330147768D-03 -0.80714106756451D-03
 -0.11454438218306D+02  0.73020034352599D+01  0.12139765313913D+02  0.60675793147060D-03  0.85096548234384D-04 -0.55495361800073D-03
 -0.13268691340053D+02  0.67039608830209D+01  0.90001803835237D+01 -0.44421991749138D-03  0.46426692179687D-03  0.12946777492840D-02
 -0.13176485313759D+02  0.97615257031503D+01  0.10647677816024D+02 -0.97286792485539D-03 -0.31924302015176D-03 -0.11015983203945D-03
 -0.85173279235649D+01  0.14451336880264D+01  0.10998744451852D+02  0.12929790004209D-03  0.17198560479837D-03  0.36694129593324D-04
 -0.77974998335024D+01 -0.11241219205621D+00  0.88955288045296D+01  0.35239379369622D-03  0.11061170660288D-03 -0.43902838809595D-03
 -0.53643577322177D+01 -0.10962988827630D+01  0.91501400336658D+01 -0.16607834146916D-03  0.12576874006134D-03  0.56717945025650D-03
 -0.35631668130513D+01 -0.88073720773300D-01  0.10930545718693D+02  0.20747253395517D-03  0.25713982991951D-03 -0.58571538240737D-04
 -0.43957700415123D+01  0.15442916539510D+01  0.12857383273213D+02  0.16988047242884D-03 -0.11278404183217D-03 -0.29787506458555D-03
 -0.69609179839862D+01  0.20378567938841D+01  0.13056406950190D+02 -0.14124198962025D-03 -0.11445829347705D-03 -0.32288950090551D-03
 -0.41640418571586D+01 -0.31185480580621D+01  0.74864309848646D+01  0.13868227186946D-03 -0.17679567940686D-04 -0.10481592320339D-03
 -0.14623224299761D+01 -0.30402185801205D+01  0.71758317252021D+01 -0.35406951469893D-03 -0.42841000871340D-03  0.70758107662990D-03
 -0.33633948970266D-01 -0.19558940705771D+01  0.91175697342486D+01 -0.24520627518534D-03 -0.16060046575875D-03  0.98340201448258D-04
 -0.12036921704659D+01 -0.68001544913171D+00  0.11060130612860D+02 -0.98219504881120D-04  0.13761675108277D-03  0.99899702601293D-04
 -0.53273600143692D+01 -0.53336769837716D+01  0.64873916953020D+01  0.63263490767514D-04 -0.11413250303237D-03 -0.29205309657971D-03
 -0.40577995886789D+01 -0.63937499358195D+01  0.44294761199916D+01  0.11410532231190D-03  0.16978433622372D-03 -0.81056068563996D-04
 -0.15165999213833D+01 -0.63461437483349D+01  0.39268033110317D+01  0.42698211607520D-03  0.37981473218561D-03  0.31701994934397D-04
 -0.13074103096196D+00 -0.46792604625772D+01  0.55002781733781D+01 -0.11308015921156D-03  0.56614887508624D-03 -0.37678223501109D-03
  0.24286087788479D+01 -0.51677192999755D+01  0.57005145674944D+01 -0.63055505343614D-04  0.13657283771108D-03  0.63821029063410D-04
  0.39929866346764D+01 -0.38174029110238D+01  0.74085506479769D+01  0.47666501261346D-04 -0.47773967831745D-03 -0.13745180150081D-03
  0.28088493849562D+01 -0.21749949130639D+01  0.90830192307150D+01  0.63112258049676D-04  0.60436266779628D-03 -0.27000214391666D-03
 -0.74355508387491D+01 -0.64458711943252D+01  0.77887140212401D+01 -0.20990691716008D-03  0.32434946385486D-03 -0.46154468053051D-03
 -0.89455162629188D+01 -0.80988428340622D+01  0.63951285964906D+01  0.28468499848246D-03 -0.13471523543931D-03  0.24732725253544D-04
 -0.78965910551144D+01 -0.91921661457686D+01  0.42022077673429D+01  0.65577892307473D-03 -0.39531056405500D-03 -0.81016832251015D-04
 -0.53568614922501D+01 -0.85467914269703D+01  0.34686361899360D+01  0.13425367353560D-03 -0.54485564718132D-03  0.59949178852864D-03
 -0.77468190574933D+01 -0.60717830119070D+01  0.10323886686670D+02 -0.12737309020382D-03 -0.20675796371056D-04  0.22045156185034D-03
 -0.93035657690617D+01 -0.44606977063559D+00  0.67869784527024D+01  0.85810094993665D-04 -0.24858246719912D-04 -0.20137849736390D-03
 -0.82926739193022D+01  0.26584103640540D+01  0.15453830381074D+02  0.19456773550699D-04 -0.21393210058586D-03 -0.45107296794587D-03
 -0.95638501414311D+01 -0.10770636931015D+02  0.24531923585367D+01 -0.37637078617368D-03  0.22573001961856D-03 -0.55281668211971D-05
 -0.32292114383918D+01  0.19017922546262D+01  0.14265565846802D+02 -0.46473889540016D-03  0.23611547145956D-05 -0.69538039529095D-04
 -0.10469990789110D+02  0.21562653317565D+01  0.10857920628208D+02  0.18711750481366D-03 -0.38088984771686D-03 -0.54207859856938D-03
  0.40079028091453D+01 -0.76890117261509D+00  0.10126247010295D+02  0.65289185220317D-03  0.86711377289228D-03  0.17932913459020D-03
  0.30258857573792D+01 -0.69496438664718D+01  0.47770782142745D+01 -0.33052676957303D-03  0.36651977081397D-03  0.51185644867808D-03
 -0.47186177877127D+01 -0.93691352532655D+01  0.16854031497974D+01 -0.68021717197198D-03 -0.10236593192341D-03 -0.23289950663174D-03
 -0.11019354790627D+02 -0.82714311340235D+01  0.71123028719615D+01 -0.12233021441941D-02 -0.37922465623255D-03  0.10804509317529D-02
 -0.85640801191909D+01  0.13932835304553D+01  0.17300646219236D+02  0.10538984775045D-03 -0.33069093896995D-03 -0.32912006932774D-03
 -0.92402857178636D+01  0.51662316087376D+01  0.15548235642507D+02  0.27822184545502D-03  0.26563858518589D-03  0.35189404387873D-03
 -0.10244556533190D+02  0.58521574371835D+01  0.17779463990875D+02 -0.10628973040905D-03  0.95984855727568D-04  0.47340841870200D-04
  0.68990577423599D+01 -0.35201559564240D+01  0.72547083090956D+01  0.48134181232408D-03  0.36035469149887D-03 -0.19324548820662D-03
  0.78892854690212D+01 -0.40584969565406D+01  0.51346039619205D+01  0.27758702018655D-04 -0.23201848311188D-03 -0.23355833972012D-03
  0.82911797437423D+01 -0.27040026115131D+01  0.92673352669318D+01  0.45123203719114D-04  0.11003176513485D-03  0.41026540149307D-03
  0.10876175109076D+02 -0.25442326001162D+01  0.88149504979432D+01  0.12871029557362D-03  0.61933899236385D-03  0.53648179071543D-04
 -0.87252037032845D+01 -0.12846258828650D+02  0.17336434828091D+01 -0.13083008946705D-04 -0.40757748050647D-03  0.19613170604099D-03
 -0.11565075690248D+02 -0.95507222043339D+01  0.13394947554691D+01  0.48463878209818D-04 -0.33431438879203D-04 -0.29131838045707D-03
 -0.12983937311337D+02 -0.10914429770782D+02 -0.45400598041526D+00 -0.90143918155678D-04  0.16301401769364D-03 -0.40130158678918D-04
 -0.10335580570921D+02 -0.67404144665263D+01  0.11423503656934D+02 -0.48607864899950D-03  0.28921408315977D-03  0.11778869312616D-04
 -0.11527016755094D+02  0.85737911146066D+00  0.67187463603608D+01 -0.62638265135132D-05  0.55375060678355D-04  0.24689268473273D-03
 -0.14671237134102D+02 -0.97886506980793D+01 -0.93635818969550D+00  0.23545678672010D-04 -0.49650217090495D-03 -0.54893509811311D-03
 -0.13551468088564D+02 -0.12834037351457D+02  0.46472939120173D+00  0.11627600374278D-03  0.44517969217819D-03  0.28075860589303D-03
 -0.11958142222662D+02 -0.11654842782884D+02 -0.22004357643899D+01  0.28488105749006D-03 -0.41488539825414D-03 -0.40768121651107D-03
  0.11842652585043D+02 -0.42903016587280D+01  0.92738927531306D+01  0.86504830487295D-03 -0.84665904896886D-04  0.21251364079531D-03
  0.11465024721877D+02 -0.10351509388980D+01  0.99474587345859D+01  0.10467897784108D-03 -0.89000868615891D-03  0.35621058796748D-04
  0.10930681555132D+02 -0.22617237141714D+01  0.69342410027488D+01 -0.12880383255101D-02  0.60436160965424D-03 -0.48629571129224D-03
 -0.11148521381856D+02  0.28035673030484D+01  0.68469731575027D+01 -0.40554109973661D-04  0.42532934048232D-03  0.56105394942264D-03
 -0.12779165419297D+02 -0.16851971906582D+00  0.80934938960212D+01  0.74672527518973D-03 -0.11637373990057D-02 -0.75361893104454D-03
 -0.12776615806125D+02  0.49887456410092D+00  0.49671855706236D+01  0.82888664826063D-03 -0.20730977508066D-03 -0.90964413234948D-04
 -0.10639084611246D+02 -0.87423049541565D+01  0.11378592158257D+02 -0.27153647737030D-03  0.42463063644960D-03 -0.90877715532911D-04
 -0.11663895588145D+02 -0.55469156287249D+01  0.10557615070280D+02  0.12722121187239D-04 -0.97577871893981D-04 -0.66762826542083D-03
 -0.10076114376981D+02 -0.65317697546885D+01  0.13489026594125D+02 -0.82485751127397D-03  0.30857700811940D-03  0.31149310063011D-04
 -0.87462135034256D+01  0.53030886382047D+01  0.19213470733067D+02  0.23995873389408D-03 -0.52965867762036D-03 -0.71691871551888D-03
 -0.11789355513631D+02  0.47007398759204D+01  0.18779426769436D+02 -0.24938458767643D-03 -0.84080969919010D-03  0.10769076820135D-02
 -0.11172273500956D+02  0.76140026715557D+01  0.17634205801429D+02 -0.10768353692320D-02 -0.58376545373217D-03 -0.25198907855882D-03
