$coord
       -7.38024764256288        5.63986099378429        2.16247437175786      C
       -4.73648097709190        5.37254359361296        2.16355263127055      C
       -3.40263819245394        5.27092321804150        4.49839292351213      C
       -4.83559201780294        5.93881483831355        6.68346806001910      C
       -7.41646215444190        5.69624256263501        6.54279370217358      C
       -8.64545894518712        5.53487898297442        4.28464476195737      C
       -0.69926674210527        4.72908628757602        4.79585326571450      C
        0.45959442042148        5.92745409773663        6.83952359498418      C
       -1.16166195710848        6.41666229824386        8.83756611636002      C
       -3.73517199628954        6.14566348619761        8.92376485577824      N
        1.00497898829903        3.51869182513099        2.95383811134221      C
        3.64688918256360        4.67332367746523        2.76927209199895      C
        4.87240942158320        5.69191816087284        4.73957235038095      N
        3.19774597503954        5.94065384036605        6.65250668091152      C
        4.23986210752284        6.98607195805704        8.85592195318822      C
        2.90519515318047        7.11848440278087       11.06620735941027      C
        0.23730224694557        7.13187740258526       11.00419012915394      C
        0.33745770200144        1.36445080064839        1.49508051664165      C
        1.87270819883791        0.84013090632311       -0.52171281613380      C
        4.20495427313549        2.11902438180198       -1.04692297093240      C
        5.06569403021713        4.09223878520664        0.31813257370423      C
       -1.72091935832430       -0.31476888208529        2.50020152719203      O
       -3.01436407455223        5.15435800225613        0.16600131195573      O
      -11.36543497086531        5.03193736991113        4.21188615348802      C
        5.63086691669222        1.37566438617409       -3.26830365746767      C
       -8.62674437530541        6.62143395791078        7.93124199877731      H
       -8.23865387779891        6.63143677070187        0.53413489928931      H
       -0.71908517021215        6.81175150402202       12.86867890003982      H
        6.26262445803689        6.79611727706737        8.92115073755364      H
        6.80784529884522        5.14244906283885       -0.27568617275458      H
        1.53587307256871       -0.71008093743442       -1.69485795190472      H
      -12.12181254932078        3.62041933282430        2.37541213794342      O
      -12.90085437849882        5.80247626172028        6.08540555414571      O
      -15.58861526010124        6.35831866005103        5.54490870652981      C
        4.56522573980808        6.80057111424422       13.37196801817205      C
        3.90765385291157        8.02440629317256       15.19561645523190      O
        6.62802242770366        5.14203265003839       13.45661340605790      O
        7.16867695161930        4.49324228385610       16.00714641604618      C
        7.32347896701670        2.75322092795508       -3.77961358187467      O
        4.47027597508000       -0.55360610750429       -4.56702471705511      O
        5.74697708166102       -1.19368301449442       -6.63155379494947      C
       -3.06508141870417       -1.62721611267609        0.68747613350684      C
       -4.18903581634573        5.62256159790108       -2.18135906811294      C
        6.40959133156250        0.59459965819751       -7.76998936713694      H
        4.42842324614377       -2.13780398152695       -7.84754104845642      H
        7.23693088565457       -2.50631931469725       -6.04890000554860      H
        5.73387054274399        3.33277398235729       16.72179724645137      H
        6.93644181416856        6.17142066714671       16.95485818186318      H
        8.87571694992911        3.60179463768165       16.34142781078772      H
       -4.59838256092486        3.76287553276102       -3.36537655182816      H
       -2.67055681798698        6.79854217808040       -3.11557823792020      H
       -5.85727066849133        6.74117559008705       -2.21804896748788      H
       -4.77332211358461       -0.52575625941738        0.37793557234392      H
       -3.28137163721042       -3.54847815641939        1.63477026537784      H
       -1.79313382536288       -1.98295842161601       -0.97589137365962      H
      -15.62628109792111        5.83709302083427        3.56570342843093      H
      -16.03064372007567        8.27901140390606        6.34550532280760      H
      -16.77834543246118        4.91724739863084        6.59135805422979      H
       -6.29016951875295        0.10996185668455       13.05381652375389      C
       -5.92251531755714       -1.39474824271665       10.81931066066051      C
       -3.20598492120561       -2.22595647982001       10.43135083995989      C
       -1.12916548440709       -1.16385880857281       11.72168259515423      C
       -1.78571878435343        0.48160410899859       13.43007352027099      C
       -4.17083729222830        1.13852791753228       14.12545695800106      C
       -2.60759226590522       -4.28952409974614        8.72283935593856      C
       -0.19214752260397       -4.12086938883481        7.72153470921143      C
        1.76166673247751       -2.25301185558892        8.45971931831578      C
        1.30705337232666       -1.10591632847774       10.71718117123221      N
       -4.28862469173138       -6.31760875988036        7.85396305654407      C
       -3.90290021980359       -7.31857945687166        5.40006345860515      C
       -1.71087089363063       -6.98364621666860        4.15177186055537      N
       -0.05583211001770       -5.25814174691845        5.22219737215413      C
        2.04988273806071       -4.66002256806654        3.66876294579039      C
        4.19188251780615       -3.23987493828207        4.61469195523832      C
        3.95909623742124       -2.05357272152238        6.92878190193508      C
       -6.75982662205174       -6.71504636556068        8.98024803225136      C
       -8.64383464340490       -7.97011578566380        7.59125446213467      C
       -8.25596900382314       -8.71814598734015        5.17680657366646      C
       -5.90639617877697       -8.31891949483273        3.99974832801377      C
       -7.33226958474437       -6.35907985494516       11.44018946129897      O
       -7.84197423628164       -1.64670616772781        9.08599747562658      O
       -4.21703336561401        2.93630462870741       16.22629854046342      C
      -10.59558028896624       -9.37257683607426        3.75151477328041      C
       -0.26638054223889        1.24706938015076       14.70239394494642      H
       -8.06179367802145        1.01029023207949       13.50767269204037      H
        5.58431004080344       -1.19059120838894        7.67017015346538      H
        2.74422867610978       -5.84697070930812        2.03914813721568      H
       -6.07662601906569       -9.04437088556048        2.20071059467459      H
      -10.47248996894130       -8.25217889487623        8.50333056104030      H
       -4.66176098636589        5.11934944783691       16.03092283127168      O
       -4.04871590156584        1.82046274701654       18.71324149184296      O
       -4.59570491929620        3.62085387223592       20.77377984356982      C
        6.70253109500664       -2.85174695232988        3.26674496617553      C
        7.28933630536756       -4.51558028384589        1.88547832212174      O
        8.17162741182755       -0.70741194236591        3.57267159602703      O
       10.46642096341499       -1.13745529485475        2.16856879126887      C
      -10.44595046785778      -10.15005021690748        1.72484531303329      O
      -12.62396376934054       -9.36148216477975        5.23184454509070      O
      -14.74952313479552       -9.78047470271716        3.50309661352976      C
       -9.78909218062949       -5.58202431954618       11.98345589911414      C
       -9.01660032165998        0.91902872534104        8.55464785723836      C
      -14.36677011265224      -11.44645751832487        2.34797099011598      H
      -14.98511392680135       -8.12544446382664        2.05891443591291      H
      -16.31084616272215       -9.95951769694740        4.76421991969076      H
        9.92735098617417       -0.93293200920238        0.17823153580740      H
       10.97248387562544       -3.27570671610155        2.43265138685391      H
       12.10372164036756        0.26609698367867        2.09188635033991      H
       -7.56681535982745        2.45568383391218        9.12302820819510      H
      -10.73995981934118        1.44097821989089        9.54100889530622      H
       -9.57488294180395        1.10531890792453        6.57499445785241      H
       -9.29890023411441       -5.32437001485595       13.97541202394648      H
      -11.09746638026689       -7.27243691790083       11.90112020512016      H
      -10.36113832745282       -4.03714251087120       10.70752511713684      H
       -3.99643277948666        2.58976306938814       22.57031588612863      H
       -6.64405427905827        4.04965844585840       20.95350565149993      H
       -3.82731941760632        5.36530554703050       20.60204927520166      H
$end
