$coord
       -6.18698978659921        4.42430107308930        2.61366660334697      C
       -3.65403812424291        3.69140408831484        2.65648161280087      C
       -2.26456677188900        3.70368786291659        4.91875699119357      C
       -3.54429497067234        4.64178141473829        7.35745778243652      C
       -5.99579890025227        5.55996908493438        7.03133569374014      C
       -7.18132950977643        5.38836104903075        4.80579959633035      C
        0.42131930247345        3.39962805743047        4.78746349724613      C
        1.86627262106346        4.22538751308292        6.79168337826284      C
        0.54721476896649        4.67713404891702        9.02917665979786      C
       -1.94814554225693        5.17298206872027        9.30936459653710      N
        2.19054182605785        2.52462990907336        2.66347322143349      C
        4.81536815377096        3.50225385272397        2.46908491652544      C
        5.89561646069810        4.88264847109355        4.39924691766872      N
        4.52321643043977        4.80968160535385        6.55332963588403      C
        5.86003664807373        5.22483675314000        8.72824375636070      C
        4.86998803611319        5.35647180200627       11.11960571916025      C
        2.18282604274943        5.19128003260040       11.19494654894979      C
        1.73411096456150        0.54368176278706        0.80986004303473      C
        3.02236347854424        0.36353049982195       -1.44834576785318      C
        4.96583393103036        2.01223611971190       -1.84641509973985      C
        6.03127319982848        3.30811000365180        0.03534146504937      C
       -0.28084636004958       -1.00329252470896        1.57282515831797      O
       -2.84083778341522        2.77386929933077        0.10949669028414      O
       -9.95878040171646        6.00817018188983        4.90623207259345      C
        5.97176393721163        1.36429420377121       -4.54292953931495      C
       -6.26284127800873        6.69062177992586        8.80854313755331      H
       -7.16088568218977        4.49513671915001        0.82233009229032      H
        1.23740335227512        5.76017759544341       12.80958509214297      H
        7.85717007479800        5.67608826066294        8.50567063947195      H
        7.87206446088186        4.26504224526298       -0.53852470467768      H
        2.69592190983652       -1.20559460452241       -2.67875763787100      H
      -11.13092758210477        5.83366727758613        2.90707471249203      O
      -11.11849145857263        6.53081167921707        7.24534168905481      O
      -13.56111894102444        7.32762783986321        6.72459643331977      C
        6.51319949261808        5.87663876323436       13.36303887722814      C
        5.16889691853269        5.75352267003767       15.24638490953755      O
        8.93765553955288        6.14929055684032       12.86286558652106      O
       10.39533246834124        6.55291366990343       14.95666520520489      C
        4.64558517205740        0.49060534402686       -6.17133596329439      O
        8.56056374646824        2.15281430799348       -4.65436759565616      O
        9.64863615478392        1.44219853331200       -6.99008570410657      C
       -1.01373553090558       -3.05858964441872       -0.45232772695724      C
       -1.82546016307272        4.52712343455923       -1.66910748532708      C
        8.34829249611900       -0.27221487122457       -7.51848394953490      H
       11.57254012521639        0.94743438050744       -6.34183063847021      H
        9.63815892497483        2.90827976656857       -8.50735774994274      H
       11.19242993737347        8.48314437171686       14.68384013308230      H
       11.85720395128744        5.24533956164712       15.44455354233555      H
        9.25093447224708        6.68859943640716       16.64644200229070      H
       -3.09294206178963        6.16585461254707       -1.79115805714153      H
       -1.83599908917376        3.76689080708305       -3.51669654140787      H
        0.04239539760413        5.05072319676471       -1.25959123007520      H
        0.43430278618387       -4.42926506258930       -0.74099072199150      H
       -1.50713572259936       -2.36224973597552       -2.28283707359995      H
       -2.58093285916307       -4.07933659503223        0.46588606891812      H
      -14.98790861280382        5.91517692158406        6.23638639744896      H
      -13.45378090638248        8.81770230099285        5.41900322983602      H
      -13.73672517396667        7.77420559399119        8.82374253150829      H
       -8.37092058310119        2.09808721274510       12.09940720567336      C
       -7.82467103909854        0.15769276564603       10.37607816041775      C
       -5.49126201344538       -1.14858752153857       10.25099455590363      C
       -3.62852238046168        0.03294495668311       11.94801243482265      C
       -4.40205800634331        1.84624802527179       13.89948210501135      C
       -6.73093226948600        2.83735204651022       13.93986296852620      C
       -4.75478596935378       -3.35627742487660        8.84307007895107      C
       -2.09734697193295       -3.64848828575926        8.56060383979798      C
       -0.34419584100128       -1.62164442359104        9.62912701399695      C
       -1.07735725695522       -0.09936825916464       11.58780460095882      N
       -6.27302898605702       -5.38135872854280        7.68639310093532      C
       -5.41909648719298       -6.84114142033462        5.58725767041103      C
       -2.89594775472915       -6.60578996029613        5.07496807443981      N
       -1.24163776626578       -5.24649753300327        6.59095149151133      C
        1.18447636994342       -4.94711921177453        5.67943675188004      C
        3.03363544152225       -3.41605724084551        6.82189266332485      C
        2.27462085152338       -1.89434412901709        8.75042067685552      C
       -8.90822540337956       -6.00455180838937        8.74967011602834      C
      -10.50347133577993       -7.69710131339595        7.35780507151341      C
       -9.63015770831980       -9.01913630113420        5.28142745053064      C
       -7.11777362341600       -8.44734205639240        4.48840307727367      C
       -9.71668552379519       -5.34169755656752       11.15588092436313      O
       -9.32671846824915       -0.47863234975520        8.35861947834945      O
       -7.26188984492329        4.90644190233773       15.65704713663506      C
      -11.42784620438752      -10.50149708564440        3.98536042167447      C
       -2.99673691713659        2.37165824519600       15.20456645441803      H
      -10.32839874383799        2.71732652506306       12.01570577576447      H
        3.52691927636621       -0.42348535689145        9.42083580022567      H
        1.59580096919397       -6.13400688792243        4.02332493557751      H
       -6.36318364854968       -9.27509486374580        2.57949044398605      H
      -12.25933167157274       -8.34251226287667        8.29919461320941      H
       -5.80952011393660        5.57677648594678       17.15712844174492      O
       -9.55213974909320        6.10463984221798       15.27094646091874      O
       -9.73000207331031        8.33034608795059       16.87160948429217      C
        5.56780754825209       -3.61140544561207        5.55137563734018      C
        5.82408165929341       -5.56286214040763        4.21555775021735      O
        7.51639488757218       -1.91996453078181        6.16516577545366      O
        9.53617719862966       -2.04484876839767        4.49396903321718      C
      -12.13923537709089      -12.60761480658253        4.77694952240323      O
      -12.22083846724389       -9.74768848119345        1.66851442464929      O
      -13.42408133572331      -11.56227375857337       -0.00294605823755      C
       -8.15412036057272       -6.21899472966974       13.02140740869311      C
      -11.13287302257850        1.10280565958592        7.54771170588507      C
      -14.10208040381027      -10.54363373497139       -1.71744709266762      H
      -14.72530974213795      -12.78332407407243        0.88606761070430      H
      -11.90664555866115      -12.82720954551838       -0.34076428419469      H
       11.10504085213038       -2.97478568784100        5.64812749838392      H
        9.59721527604155       -0.37637007170657        3.33133839311301      H
        9.35798803866707       -3.71983650644525        3.15838698149823      H
      -13.01500357474435        0.49010670324316        7.07629903744183      H
      -10.82439998040562        1.87905500679811        5.64282120406135      H
      -11.49678744892973        2.77348830118480        8.66309752921928      H
       -7.30487156912495       -4.65304189117178       14.10007266967714      H
       -6.50913403721413       -7.51877744337617       12.61740638122863      H
       -9.34108932025474       -7.05731435694340       14.45150915386781      H
       -7.98987947490479        9.36764535856123       17.01221431820894      H
      -10.27379850623656        7.33861509514269       18.64128259294329      H
      -11.05575561441589        9.77363035234106       16.23540505931748      H
$end
