 -1.0
 -0.13025800685301D+01  0.18654767274991D+01 -0.89317708780317D+00 -0.13411880088690D-03 -0.71259962650472D-03 -0.24446448938170D-03
  0.40509520747915D-01  0.23118098009633D+00  0.83010232229174D+00  0.11207076070496D-03 -0.15411024331981D-03  0.24922027025507D-03
 -0.12560373765525D+01 -0.21445119687452D+01  0.11828782689342D+01  0.68089424277190D-04 -0.10970573898340D-03 -0.35679899702557D-03
 -0.41684901105212D+01 -0.23294327812909D+01  0.74422691798734D+00 -0.26462407847913D-03 -0.57812648365590D-04  0.36682537653162D-03
 -0.50039771973077D+01 -0.35031035821428D+00 -0.86854414922235D+00 -0.28350757987438D-04  0.11133810925607D-03  0.10741472808677D-03
 -0.34676241702445D+01  0.13553673942229D+01 -0.20353699188036D+01 -0.54478937605159D-04  0.97536880026147D-05  0.42659638466321D-04
 -0.20892967048658D+00 -0.41160457780789D+01  0.24372579015045D+01  0.21657346858024D-04  0.43360100105591D-03 -0.60807812294601D-03
 -0.17229929028290D+01 -0.55922728437313D+01  0.39497229659820D+01  0.78562182582669D-04  0.22045015484226D-03 -0.18221233849202D-03
 -0.45854730546015D+01 -0.54874333028607D+01  0.35791115310872D+01  0.54065209099438D-03  0.56825063954128D-03  0.10271198191187D-02
 -0.57501340434101D+01 -0.39108488044046D+01  0.19476992467660D+01  0.17662501709958D-03  0.37902450971782D-04  0.12874388704135D-03
  0.23956993755712D+01 -0.46985167034686D+01  0.22408953944580D+01 -0.35877553145435D-04  0.68093656004157D-05  0.77749617560997D-04
  0.32935070177594D+01 -0.61024471139677D+01  0.43708058310723D+01  0.70455058897253D-03 -0.53129274265973D-04  0.14783932994659D-03
  0.16871368370790D+01 -0.74020261053078D+01  0.59389150683679D+01 -0.28024221829957D-03 -0.70131040096995D-04 -0.19377724363789D-03
 -0.84768051503326D+00 -0.75244899559041D+01  0.55687846190267D+01 -0.35543880492012D-03  0.23622017805793D-03  0.26229149195759D-03
 -0.24142607436804D+01 -0.85477535993337D+01  0.74383945714363D+01  0.20057977592478D-03  0.32228739035270D-03  0.10256434899398D-02
 -0.49849506156213D+01 -0.83765662572926D+01  0.70599441370447D+01  0.44441994935089D-03 -0.78856812953992D-04 -0.58558011974668D-04
 -0.62652843557704D+01 -0.68639084891452D+01  0.52176461636750D+01 -0.48684448175485D-04  0.57828047479490D-03  0.18025971058044D-03
  0.41439077245459D+01 -0.35595881349330D+01  0.63573545798296D+00 -0.15138603399723D-03 -0.18973820300481D-03  0.58690244600562D-03
  0.65709907466834D+01 -0.46784434129915D+01  0.64888078693701D+00 -0.38728611991879D-03  0.40645745921913D-03 -0.87753357764861D-03
  0.74879706556280D+01 -0.58233082910856D+01  0.30078445371223D+01 -0.33494618477990D-04  0.15559121433099D-03 -0.18203595550168D-03
  0.57732281963203D+01 -0.67539693054135D+01  0.45969132649576D+01 -0.58509392718001D-03  0.37479827451298D-03 -0.84085073707838D-04
  0.35122235440773D+01 -0.17065439206566D+01 -0.10547207659351D+01 -0.66302444325884D-03  0.25951900091883D-03 -0.70779701407514D-04
  0.22907811804484D+01  0.13392683510360D+01  0.18966964706564D+01  0.20359123667081D-03 -0.23050483386026D-03 -0.61323726020982D-03
 -0.35881482266512D+01  0.22041485184130D+01 -0.47149017869539D+01 -0.67329532496426D-04 -0.14572401986845D-04 -0.40155850992165D-04
  0.10147663031372D+02 -0.60244285793088D+01  0.35515543733847D+01  0.21175562780570D-03 -0.35986669758552D-03  0.66557113382006D-03
 -0.68589934179096D+01 -0.75473860911446D+00 -0.17227122749251D+01 -0.80006350562846D-03  0.12932542059540D-02  0.88585647331196D-04
 -0.45071146183520D+00  0.35590448364843D+01 -0.16576479246130D+01  0.18714810988513D-03  0.31988945498009D-03  0.17451238467423D-03
 -0.81047077635149D+01 -0.69207514429406D+01  0.51535689939265D+01  0.49103828673388D-03 -0.45442211992601D-03  0.81321985788919D-04
 -0.15503695325371D+01 -0.10014248511940D+02  0.86729401564436D+01  0.58530517826277D-03 -0.10985345629349D-02  0.26705571965466D-03
  0.59225360000587D+01 -0.79908334155746D+01  0.61958243993858D+01  0.10425480811298D-03 -0.90418567932273D-04 -0.24951153723066D-03
  0.81575127798818D+01 -0.38709723875340D+01 -0.29350645334814D+00  0.21536696301716D-03 -0.14382109279052D-02  0.13730701181413D-02
 -0.57086271602551D+01  0.31011445641400D+01 -0.55466169750135D+01 -0.28690174557171D-03  0.26260608417041D-03 -0.47693084178767D-04
 -0.13542490824751D+01  0.22455821351176D+01 -0.59897556785874D+01  0.22869787043346D-03 -0.47473713750786D-04  0.25228750113314D-03
 -0.16545547340814D+01  0.29985721704058D+01 -0.85668340120567D+01  0.11747855764610D-03 -0.14342772994006D-03 -0.30244847720303D-03
 -0.62753128459336D+01 -0.96778869313417D+01  0.90331610657273D+01  0.74060729367949D-03  0.14530917531410D-03 -0.21407559119835D-03
 -0.54613914668468D+01 -0.11523703606586D+02  0.10102099256684D+02 -0.24877290138269D-03 -0.93614734899499D-04 -0.18864823277304D-04
 -0.84588418426835D+01 -0.88879058475641D+01  0.99368367592628D+01  0.10979158534448D-03 -0.11139599711633D-03  0.23727760648767D-03
 -0.94077516420777D+01 -0.10071657358564D+02  0.11870556454124D+02  0.39069430059877D-03  0.71801303980839D-04 -0.58132647114938D-03
  0.10642074430871D+02 -0.58185801356577D+01  0.58462314169325D+01  0.51258274589292D-03 -0.56744210275043D-03 -0.16247502480586D-03
  0.12120429630693D+02 -0.65458469868199D+01  0.17804586100725D+01 -0.25616364575070D-03 -0.50850022316752D-03  0.40971177212948D-03
  0.14611180414436D+02 -0.57474740391756D+01  0.25876343763526D+01 -0.24078590333689D-03 -0.41846097165467D-04 -0.28904267232293D-03
  0.54986373751104D+01 -0.44821570329113D-01 -0.18372013672856D+01  0.20159007052183D-03  0.37944256759951D-03  0.17662981746736D-04
  0.22521642242885D+01  0.37897483675649D+01  0.32855037012419D+01 -0.44613003402379D-03  0.23180947836933D-03 -0.16667674070541D-03
  0.14302522483812D+02 -0.59554979740250D+01  0.47190215691013D+01 -0.12362551573542D-02  0.33867125312613D-03  0.10901757981193D-03
  0.14890364069942D+02 -0.38625113090959D+01  0.17667683870630D+01 -0.39933772661910D-03  0.43524160574183D-03 -0.14458363006681D-02
  0.16071098809431D+02 -0.71766681044588D+01  0.16099495249804D+01  0.93380350969200D-03  0.16940884661134D-03 -0.32057297256116D-03
 -0.10535091918974D+02 -0.11675100838079D+02  0.11195972710063D+02 -0.32042611346653D-03  0.69579397172184D-03  0.17806521318593D-03
 -0.11027010562699D+02 -0.92055486649902D+01  0.12947998568667D+02 -0.30111183741525D-03  0.12723181230701D-03  0.62277457171414D-03
 -0.78792113176851D+01 -0.10589973707868D+02  0.13281814027260D+02 -0.23060431171378D-03  0.36665006952849D-05  0.31147689700915D-03
  0.30352560694619D+01  0.30706350491628D+01  0.50700705199806D+01  0.24064430036715D-03  0.63312196883355D-03  0.15745184361071D-02
  0.32944957250635D+00  0.44426455630710D+01  0.36036925613174D+01  0.57494294340287D-03  0.12326050172546D-02 -0.94287940235188D-03
  0.32463524867399D+01  0.52103921466072D+01  0.23121343468091D+01 -0.81910266325477D-03 -0.25855359692060D-03  0.12765455768814D-03
  0.65276265604578D+01  0.34411058885569D+00 -0.71608099492977D-01 -0.87619482613224D-04  0.84899738020057D-03 -0.21911660890301D-03
  0.41460537133420D+01  0.12908082544634D+01 -0.29969373705665D+01 -0.66616099358183D-04 -0.13256884066128D-03 -0.27222446834867D-03
  0.68982000970662D+01 -0.10002070476895D+01 -0.30488141488166D+01  0.84938289131460D-03 -0.28899104463064D-03 -0.29193886411941D-03
 -0.11636079270384D+00  0.38890463279637D+01 -0.95869369909020D+01  0.70208794460561D-03  0.10485615151285D-02 -0.73183463495497D-03
 -0.32876841847075D+01  0.44998833015661D+01 -0.87810921469815D+01  0.19334634830863D-03 -0.10522574242431D-03 -0.12562344170052D-02
 -0.24232909998125D+01  0.13856346648060D+01 -0.97117509359455D+01 -0.15267085721072D-03  0.78535971259969D-03 -0.11573794878934D-02
 -0.83943951774085D+01  0.50283238259794D+01  0.47606901330416D+01  0.20293886921455D-03 -0.15335068956407D-03  0.27643910664439D-03
 -0.73133368305723D+01  0.55440107161739D+01  0.71386327151437D+01 -0.32144383283908D-05  0.14689492969701D-03  0.41368629596893D-03
 -0.57723843866157D+01  0.34863688220731D+01  0.84257324469899D+01  0.16624824911318D-03  0.47402939214493D-03 -0.12780248920164D-03
 -0.64933766508723D+01  0.95721436488079D+00  0.77300030035367D+01 -0.48348171965164D-03 -0.12608542624953D-03 -0.69264457737484D-05
 -0.78509734570351D+01  0.43698920467306D+00  0.56280152011634D+01  0.50229758661549D-03 -0.57976409332136D-04 -0.49599725496950D-04
 -0.84906836370947D+01  0.25210198592215D+01  0.38502212952116D+01 -0.34360809777445D-03  0.18894261253135D-03  0.70472690673233D-04
 -0.41468999579103D+01  0.39245495956165D+01  0.10455761252125D+02 -0.66077608538757D-04 -0.16111734405333D-03 -0.48295570628272D-03
 -0.34495245960957D+01  0.18507351040426D+01  0.12066408805229D+02 -0.33382613315145D-04 -0.23701821345395D-04 -0.44772663262440D-03
 -0.43995356227008D+01 -0.72198406438383D+00  0.11282369400310D+02  0.27537182031522D-03 -0.48387823143996D-04  0.43293553406545D-03
 -0.58240650000653D+01 -0.10715779327655D+01  0.92130792335259D+01  0.19486283687799D-03 -0.68678408418806D-03  0.37889255290173D-03
 -0.31614149578064D+01  0.63508027201674D+01  0.11281104573139D+02 -0.63436404484203D-03  0.11499195887315D-03 -0.37462551098600D-03
 -0.25512782024052D+01  0.66951533425071D+01  0.13944905542991D+02  0.63062497447670D-03  0.21060170695801D-03  0.44396425062171D-03
 -0.23618027343661D+01  0.47306986140199D+01  0.15604836312683D+02 -0.47171013091929D-03 -0.50190264726632D-03  0.10290640237843D-03
 -0.26925461680857D+01  0.23828781594539D+01  0.14614578381610D+02  0.34627476997250D-03 -0.11693332432184D-03 -0.56431832639202D-03
 -0.26247269769985D+01  0.16745568542988D+00  0.16102546786696D+02 -0.82674808695782D-03 -0.92004318617667D-03 -0.80152531189025D-04
 -0.29694249420885D+01 -0.21730730165819D+01  0.15188945964390D+02 -0.47256525960400D-03 -0.25191524316987D-04  0.56020397723497D-03
 -0.40086790849547D+01 -0.27864766669961D+01  0.12894441088988D+02  0.20758620178250D-04 -0.84239229829462D-04  0.60796729205354D-04
 -0.27765408753480D+01  0.81738329490532D+01  0.93869062538137D+01  0.37598832858161D-03  0.77235471202573D-03  0.15113524374906D-03
 -0.29152097838414D+01  0.10597657151152D+02  0.10263286346150D+02  0.72930233550053D-03 -0.12010529524520D-03 -0.16633172590972D-03
 -0.28869251383992D+01  0.11159937082830D+02  0.12855339824596D+02  0.31536852792998D-03  0.73390174190422D-04 -0.38068274029668D-03
 -0.28700738014490D+01  0.92521214813023D+01  0.14888297571665D+02 -0.49225420628973D-03 -0.65328523176266D-03  0.33477916175665D-03
 -0.25597099005943D+01  0.79498842634353D+01  0.67454289399132D+01  0.50288962339295D-04  0.23568057476666D-03 -0.19628305799905D-03
 -0.73267838571645D+01  0.78999508600959D+01  0.86273953923541D+01 -0.12708531831657D-03  0.23423815214201D-03 -0.62001479044203D-03
 -0.96131900803314D+01  0.21037320051593D+01  0.15183969100747D+01  0.33990325590828D-03 -0.80239898573212D-03 -0.18865511959568D-03
 -0.27985512531600D+01  0.13970941374087D+02  0.13418714117880D+02  0.32674577467213D-04  0.32324938220041D-03 -0.23257050246472D-03
 -0.82793887350821D+01 -0.15657366081854D+01  0.50648199416224D+01 -0.35526527383204D-03  0.87933470412309D-03 -0.20151117249266D-03
 -0.93339929743599D+01  0.64808423325916D+01  0.35932517142891D+01 -0.18003020796930D-02  0.59786472106157D-03  0.61506801783014D-03
 -0.48685259473504D+01 -0.45555160917693D+01  0.12739180963249D+02 -0.49336709556795D-03 -0.56551340875186D-04 -0.85153046686760D-04
 -0.14063662425013D+01  0.71691368994033D+00  0.17667027205075D+02 -0.19726119750158D-04 -0.27361113149939D-03  0.61014361388758D-03
 -0.33966560963601D+01  0.99394771459384D+01  0.16889075989003D+02 -0.38788156047073D-03 -0.18963523239447D-03  0.63952015067415D-03
 -0.35156524787648D+01  0.12040989013271D+02  0.88936539189657D+01 -0.43441701296154D-03 -0.29785546381475D-04  0.16188243060743D-03
 -0.10827452089734D+02  0.39003515432498D+01  0.54509305625414D+00 -0.67632914987047D-04 -0.10699005485005D-03 -0.24054391186086D-03
 -0.97061769161543D+01 -0.15601506048348D+00  0.52466584430656D+00 -0.38876463193090D-03 -0.25633044712685D-03  0.67541417986935D-03
 -0.11378058663938D+02 -0.38374028958420D+00 -0.15395787185566D+01  0.16789793519667D-04 -0.43387730230049D-03  0.11565041382417D-03
 -0.24100459237220D+01 -0.45115592804492D+01  0.16981679633494D+02  0.21313435091124D-03 -0.67330771735980D-03  0.37704808630595D-03
 -0.41726645456753D+01 -0.61214382323358D+01  0.17120001533034D+02  0.12092316434914D-03 -0.33066575276066D-04  0.11960235716970D-03
 -0.22891013437541D+00 -0.41551935711504D+01  0.18414026442858D+02  0.19393040515679D-03 -0.29074293438866D-04  0.64295557627093D-04
  0.61692794237924D+00 -0.62687636697706D+01  0.19430844439280D+02  0.94449816636890D-04  0.58976876663881D-04 -0.61241137996005D-03
 -0.23288350195879D+01  0.15591680519142D+02  0.12025290918008D+02  0.80825333517425D-05 -0.25939929737324D-03  0.57133778525390D-03
 -0.37625044525950D+01  0.14094718964410D+02  0.15771251342384D+02 -0.25907363226731D-03  0.42047503424823D-03  0.13852036759501D-03
 -0.38235952724739D+01  0.16448844673459D+02  0.16633510220151D+02 -0.28087673657794D-03  0.95592060077867D-04 -0.31677714478502D-03
 -0.11641991393407D+01  0.96837894615913D+01  0.53771713759493D+01  0.31831036099005D-03 -0.29597526075489D-03  0.25678602549007D-03
 -0.90744665901850D+01  0.99005643844397D+01  0.81975430934645D+01  0.43513480990528D-03  0.14788244499056D-03 -0.37395407507361D-03
 -0.24058110947637D+01  0.17927528296608D+02  0.16090575348417D+02 -0.86606145406528D-03  0.14307655089350D-03  0.71567035458301D-03
 -0.41384715450495D+01  0.16348720899721D+02  0.18610379291437D+02 -0.73651478709767D-04 -0.15991673696981D-03 -0.57868772446938D-03
 -0.54586290958551D+01  0.17211259059659D+02  0.15901601307711D+02 -0.23328776709539D-03  0.22767834463836D-04  0.13658246067671D-02
  0.18028380195842D+01 -0.68963507807243D+01  0.17924643892179D+02 -0.67379616220495D-03  0.53793328734887D-03 -0.54070900702700D-04
 -0.10302489935148D+01 -0.74533932687385D+01  0.19176734166045D+02 -0.13045608708448D-02  0.61460435992298D-03 -0.36194552966485D-03
  0.18385802869184D+01 -0.62943491792229D+01  0.21252780659279D+02  0.14330513574035D-03  0.46232207229820D-03  0.11403471293814D-03
 -0.93234277339067D+01  0.10509161329630D+02  0.61860194984593D+01  0.56397114503611D-03  0.59096319013384D-03  0.42937234113449D-03
 -0.87788684605201D+01  0.11624877708628D+02  0.93857433626545D+01  0.20573583435543D-02 -0.49275250439534D-03 -0.55469611228131D-03
 -0.10846159103759D+02  0.96608182499943D+01  0.90873112589977D+01 -0.25724779321925D-04  0.88362471806109D-04 -0.10311734236998D-02
 -0.22784739482692D+01  0.11262336049320D+02  0.54223155842808D+01 -0.64485423859074D-03 -0.54675283073447D-03 -0.88629425764803D-03
 -0.87301050849523D+00  0.91555936120203D+01  0.34711411885011D+01 -0.45745380143093D-03  0.19378501304003D-03 -0.49348844239454D-03
  0.58839395427776D+00  0.10140889808908D+02  0.61482151537304D+01  0.65208497194275D-05 -0.78461431696036D-04 -0.14076355315008D-03
 -0.10165028437301D+02 -0.30844686728452D+00 -0.31017560001572D+01  0.25053249193816D-03  0.65855307228397D-04 -0.32466089913014D-03
 -0.12527538912158D+02  0.12882691758337D+01 -0.20384639768145D+01  0.13111740393796D-02 -0.17617621753877D-03 -0.25364837403790D-03
 -0.12559964349474D+02 -0.19256890859713D+01 -0.13447305538755D+01  0.44196689801611D-03  0.59905706635563D-03 -0.13278059560158D-03
